0.154412
-0.154412
0.308823
-0.308823
-0.154412
-0.308823
-0.463235
-0.154412
-0.463235
-0.617646
-0.308823
-0.463235
-0.308823
-0.617646
-0.617646
-0.308823
-0.154412
0.154412
-0.154412
-0.308823
0.000000
0.154412
-0.154412
0.000000
-0.463235
-0.154412
-0.463235
-0.154412
-0.463235
-0.308823
0.154412
0.000000
0.154412
-0.308823
-0.463235
-0.617646
-0.772058
-0.463235
-0.154412
-0.154412
-0.154412
0.308823
0.154412
0.000000
0.308823
0.463235
0.308823
0.154412
0.463235
0.308823
-0.617646
-0.154412
-0.154412
-0.308823
0.154412
-0.308823
0.000000
0.000000
-0.463235
-0.308823
-0.463235
-0.308823
0.308823
0.308823
0.617646
0.308823
0.308823
0.154412
0.154412
0.308823
0.308823
-0.154412
-0.308823
0.154412
0.154412
0.308823
0.308823
0.463235
0.154412
0.000000
0.154412
0.463235
0.308823
0.772058
0.772058
0.463235
0.617646
0.463235
-0.154412
-0.308823
0.463235
0.154412
0.154412
0.308823
0.772058
0.308823
0.154412
0.154412
-0.308823
-0.308823
0.000000
-0.154412
-0.154412
0.000000
0.000000
-0.154412
0.000000
-0.154412
0.000000
0.617646
0.617646
0.154412
0.308823
0.000000
0.000000
-0.463235
-0.308823
-0.154412
-0.463235
-0.463235
0.000000
-0.154412
-0.463235
-0.308823
-0.772058
-0.308823
-0.617646
-0.463235
-0.617646
-0.463235
0.000000
-0.308823
-0.463235
0.000000
0.154412
0.308823
0.154412
0.308823
0.463235
0.154412
0.154412
0.308823
0.308823
-0.463235
-0.463235
-0.926469
-0.463235
-0.463235
-0.617646
-0.463235
-0.772058
-0.772058
-0.308823
-0.463235
-0.154412
0.154412
-0.154412
-0.154412
-0.308823
-0.154412
-0.463235
0.000000
0.154412
0.154412
0.926469
0.772058
0.308823
0.308823
0.308823
0.000000
0.154412
-0.154412
0.772058
0.772058
0.617646
0.772058
0.308823
0.617646
0.463235
0.308823
-0.154412
-0.154412
-0.463235
-0.617646
-0.154412
0.000000
0.154412
0.154412
-0.154412
0.000000
0.154412
0.154412
0.000000
0.463235
0.463235
-0.154412
-0.308823
-0.154412
0.772058
0.772058
0.463235
0.772058
0.308823
0.308823
0.000000
0.617646
0.308823
0.463235
0.463235
-0.308823
-0.308823
0.308823
-0.154412
0.154412
0.000000
-0.154412
0.000000
-0.463235
-0.154412
0.154412
0.154412
-0.463235
-0.154412
-0.308823
-0.154412
-0.308823
-0.308823
-0.308823
0.000000
-0.154412
0.000000
0.000000
0.000000
0.154412
0.154412
-0.308823
-0.772058
-0.154412
-0.926469
-0.772058
-0.463235
0.000000
0.154412
-0.154412
-0.308823
-0.154412
-0.154412
-0.154412
-0.154412
0.463235
0.617646
-0.463235
0.308823
-0.154412
-0.772058
-0.154412
-0.463235
-0.154412
-0.308823
-0.154412
-0.154412
-0.154412
0.308823
0.154412
-0.308823
-0.154412
-0.463235
-0.772058
0.308823
0.308823
0.154412
0.154412
-0.617646
-0.154412
0.308823
-0.154412
-0.154412
-0.154412
-0.308823
0.308823
0.463235
0.308823
0.463235
0.926469
1.235292
0.617646
0.154412
0.463235
0.308823
0.154412
0.308823
0.926469
0.000000
-0.154412
0.000000
-0.463235
-0.154412
-0.308823
-0.308823
-0.308823
-0.154412
-0.308823
-0.154412
-0.308823
-0.154412
0.154412
-0.154412
0.308823
0.000000
-0.154412
0.154412
0.154412
-0.154412
0.308823
0.000000
-0.154412
-0.154412
0.000000
0.308823
0.617646
0.617646
1.235292
1.389704
0.772058
0.926469
0.463235
0.154412
0.308823
0.772058
0.926469
0.463235
0.772058
1.235292
0.926469
0.463235
0.617646
0.463235
0.308823
0.308823
0.463235
0.772058
0.617646
0.154412
0.000000
0.154412
-0.308823
-0.308823
-0.154412
-0.463235
-0.617646
-0.617646
-0.926469
-0.772058
-0.772058
-0.926469
-0.617646
-0.463235
-0.617646
-0.308823
0.000000
-0.617646
-0.154412
0.000000
-0.463235
-0.308823
-0.308823
-0.308823
-0.463235
-0.463235
-1.080881
-1.080881
-1.080881
-0.926469
-0.926469
-0.926469
-0.926469
-0.926469
-0.617646
-0.463235
-0.463235
0.000000
-0.154412
-0.154412
0.308823
-0.617646
-0.617646
-0.308823
-0.308823
-0.308823
-0.154412
-0.154412
-0.308823
-0.308823
-0.308823
-0.617646
-0.926469
-0.617646
-0.772058
-0.772058
-0.463235
-0.154412
0.000000
-0.154412
0.154412
-0.308823
0.000000
0.154412
0.154412
0.617646
0.154412
0.000000
0.154412
0.463235
0.463235
0.308823
0.154412
0.617646
0.154412
0.617646
0.463235
0.154412
0.308823
0.926469
0.617646
0.772058
0.617646
0.617646
0.772058
1.080881
1.389704
1.235292
2.007350
1.389704
0.617646
0.308823
0.463235
0.308823
-0.154412
0.308823
0.926469
2.316173
4.323523
6.022050
6.022050
5.558815
6.639696
9.110281
8.647046
7.411754
9.110281
10.963219
13.742627
15.286742
16.058800
16.367623
15.132331
14.823508
17.757327
19.610266
19.610266
20.382323
21.926439
23.470554
26.095550
25.786727
23.779377
22.698496
20.691146
21.772027
24.088200
22.389673
19.147031
15.749977
9.573515
4.169112
1.852938
0.617646
-3.088231
-9.727927
-16.522035
-27.022019
-37.213181
-40.764646
-41.073469
-45.242581
-54.352862
-68.249900
-77.360181
-79.676354
-82.610174
-82.764585
-85.080758
-94.654274
-100.367501
-103.455731
-110.249839
-114.418951
-117.661593
-122.139528
-118.279239
-112.411601
-107.316020
-102.066028
-100.985147
-98.051328
-87.088108
-79.213120
-75.661654
-69.021958
-61.610204
-53.271981
-40.455823
-24.242612
-8.492635
-2.470585
1.235292
12.198512
27.176431
38.757296
46.632285
57.595504
68.404312
71.338131
73.654304
83.227820
93.418981
96.352801
99.595443
105.771905
109.014547
107.624843
110.249839
118.124828
120.132178
112.566012
105.308670
104.227789
102.683674
95.889566
84.617524
70.257250
55.433743
49.566104
55.742566
54.198450
32.272012
8.029400
0.000000
-2.470585
-14.051450
-25.169081
-25.786727
-25.477904
-30.419073
-31.036719
-23.624966
-14.051450
23.007319
132.485101
290.756929
394.675895
380.778856
302.955440
254.470217
264.506967
315.308364
380.006799
412.742045
378.308272
317.161302
309.595137
349.587725
344.955379
260.646679
155.801243
86.007227
42.617585
10.808808
-8.338223
-36.286712
-91.874866
-153.021836
-191.161486
-240.109944
-337.389214
-438.065537
-475.278718
-460.609622
-455.205218
-474.969895
-497.822803
-515.580130
-524.999234
-510.484549
-489.638992
-511.719842
-571.168284
-598.499127
-557.271246
-491.955165
-441.462591
-397.764126
-351.749487
-316.543656
-290.602517
-256.940802
-228.065844
-219.109974
-201.507059
-143.911555
-75.816066
-41.227881
-18.529385
34.279362
105.463081
158.117416
197.801182
241.345236
270.220194
281.029002
315.308364
381.242091
428.800845
441.462591
468.330199
520.675711
541.212446
511.411019
482.690472
478.212538
466.631672
450.109637
455.359630
455.359630
408.264110
353.448014
340.477444
338.006860
287.514286
215.249686
172.014455
144.065966
104.227789
68.713135
52.499923
22.389673
-35.514654
-89.249870
-117.970416
-153.485070
-211.234986
-254.624629
-263.889321
-267.440786
-294.308394
-322.256883
-330.595106
-332.448044
-341.095091
-338.315683
-320.712767
-320.867179
-340.786268
-340.477444
-307.433375
-283.653998
-282.727529
-274.080482
-248.293755
-231.617309
-223.124674
-198.573240
-171.087986
-158.889474
-147.926255
-117.816005
-93.727804
-91.720454
-86.161639
-67.169020
-52.191100
-47.249931
-30.573485
23.316142
169.389459
413.977337
635.249073
677.557835
568.080054
477.749303
482.381649
544.455088
631.543196
728.513643
752.293020
692.226931
662.579916
729.903347
778.234159
697.322512
543.683030
411.661164
320.095121
259.411386
244.587878
224.359967
147.154197
44.624935
-22.698496
-94.499862
-236.095244
-402.550883
-509.249257
-546.462438
-567.771231
-585.374146
-606.065292
-648.682877
-699.329862
-699.175451
-655.785808
-665.204912
-765.572413
-873.969313
-892.344286
-830.270848
-745.498912
-669.837258
-605.293235
-557.116834
-516.815422
-463.697853
-415.521453
-403.477353
-422.624383
-414.594983
-356.690656
-279.793709
-209.690871
-140.514501
-58.367562
35.051419
136.036566
218.955563
247.212875
234.242305
254.779040
347.889198
457.984626
530.712461
576.418277
609.153523
632.006431
676.631366
761.403301
813.594401
769.123878
689.910758
667.829908
680.646066
669.837258
655.322573
655.168162
627.837319
553.874192
483.308118
423.242030
335.845098
243.815821
203.359997
188.382078
132.639512
50.338162
-6.022050
-40.301412
-92.492512
-159.661532
-226.676140
-302.492206
-387.572964
-444.705234
-448.256699
-436.212599
-448.256699
-474.506661
-481.300768
-474.969895
-478.675772
-489.947815
-493.499280
-487.322818
-477.749303
-455.514041
-425.094968
-408.418522
-402.705295
-375.683275
-320.867179
-273.154013
-250.609929
-234.396717
-203.977644
-166.918874
-132.176278
-98.823385
-79.058708
-83.691054
-97.742504
-89.249870
-65.161670
-54.044039
-60.529323
-44.007289
69.176370
329.823048
676.322543
893.270756
825.947324
593.712369
476.050776
574.410927
753.528312
873.197256
901.145744
854.513459
789.660613
818.844394
953.336844
1020.197041
867.329617
577.190334
363.639175
304.036321
323.492175
320.249533
247.984932
125.999816
23.316142
-26.558785
-108.860135
-302.028971
-538.433038
-673.697547
-691.609285
-686.204881
-711.991608
-748.587143
-783.484151
-809.270878
-781.013566
-712.609254
-728.204820
-899.292806
-1081.961657
-1089.991057
-943.300094
-802.631182
-729.440112
-670.146081
-601.432946
-536.580100
-463.852264
-392.205310
-385.411202
-446.712584
-477.131657
-405.175879
-275.933421
-167.999755
-93.573393
-17.757327
83.382231
189.154136
264.043732
312.683367
353.448014
371.050929
374.911218
440.536122
582.440327
692.690166
720.484243
753.373901
836.292898
878.601659
853.278167
836.292898
828.726732
766.807705
695.778397
709.212201
741.020978
697.322512
617.491746
582.749150
536.425688
422.624383
306.970140
241.962882
178.962974
84.308701
29.492604
22.235262
-16.058800
-113.646893
-189.308547
-221.889382
-285.506936
-396.220010
-484.543411
-514.653661
-539.205096
-571.477107
-571.168284
-537.815392
-531.638930
-558.352127
-559.278596
-526.543349
-516.661011
-542.910973
-545.690380
-503.844853
-464.778734
-454.741984
-433.742014
-382.477383
-337.852448
-314.690717
-277.014302
-223.124674
-193.168836
-186.220317
-155.029186
-103.301320
-81.374881
-88.632224
-84.308701
-67.786666
-64.544023
-56.823447
17.757327
246.286405
643.587296
1017.263222
1061.888157
761.248889
494.116926
549.241846
789.197378
961.520656
1034.711726
1033.939668
933.726579
852.197286
985.917679
1220.932042
1204.410008
854.050225
471.418430
316.234833
349.742137
403.322941
360.550945
206.757051
36.904358
-29.183781
-39.683766
-170.933574
-454.587572
-706.278381
-801.087067
-811.895874
-831.969374
-851.579640
-871.344317
-927.858940
-949.476556
-839.535540
-723.726885
-837.991425
-1133.226288
-1292.115762
-1179.240927
-985.917679
-876.903132
-807.109117
-717.396012
-646.057881
-588.153554
-476.205188
-360.550945
-382.477383
-517.124246
-566.999173
-449.646403
-279.639298
-160.588001
-69.176370
38.139650
146.536551
249.220225
349.278902
401.006768
379.697975
375.220041
472.653722
604.057942
678.638716
745.807735
842.623771
904.851621
938.667748
1023.439683
1099.873395
1029.307322
869.645790
804.947355
837.837013
828.417909
833.667901
951.020671
1002.439714
832.432609
616.719689
526.388938
465.087557
340.786268
176.029155
6.485285
-144.374789
-205.984994
-191.315897
-267.440786
-474.661072
-578.734450
-491.028695
-517.896303
-778.697393
-976.035341
-935.270694
-818.998805
-781.940036
-826.101736
-870.726671
-847.719352
-808.035586
-781.631213
-734.072458
-692.690166
-682.344593
-625.212323
-510.330138
-433.433191
-392.514133
-336.771568
-284.271644
-268.521667
-237.330536
-175.720332
-176.029155
-251.845221
-293.073102
-259.565798
-234.705540
-258.793740
-280.720179
-2.779408
994.101491
2473.981685
3250.980551
2575.738889
1527.747771
1629.350564
2380.871527
1908.372216
236.404067
-377.536214
919.211894
2072.666094
1410.549413
185.757082
141.904205
610.234404
67.786666
-937.123633
-999.969129
-530.558049
-610.852050
-913.189844
-487.786053
552.793311
1104.042507
434.205249
-764.182709
-1152.373319
-571.013873
-215.867332
-805.256178
-1412.247940
-996.572076
-174.021805
-179.889443
-788.579732
-964.145652
-962.601537
-1609.431476
-2319.415734
-1999.783847
-1161.946834
-1054.630814
-1442.049367
-1142.027746
-206.602640
214.940863
-175.257097
-667.984320
-721.410712
-397.455303
46.169050
415.521453
597.881481
664.896089
758.469482
842.006125
819.307628
747.660674
515.271307
25.786727
-285.043702
42.308762
630.307904
830.270848
759.087128
776.072397
755.072428
632.160842
672.771077
734.226870
507.396319
413.668514
914.733960
1470.615502
1394.490613
1006.608826
787.498851
549.396257
227.293786
143.139497
182.051205
-68.249900
-375.374452
-247.367286
76.896947
-1.389704
-398.072949
-617.646158
-626.138792
-621.352035
-510.947784
-310.212783
-346.499494
-535.808042
-424.014087
-172.477690
-320.867179
-687.440174
-747.969497
-613.013812
-562.675650
-488.866934
-383.095029
-478.366949
-669.219612
-605.138823
-405.947937
-401.933237
-487.477230
-397.918537
-254.779040
-174.639451
-31.654366
69.330781
-46.941108
-201.661471
-136.036566
-76.742535
-260.801090
-439.300830
-391.433252
-317.624537
-367.345052
-398.072949
-325.345114
514.344838
2759.488621
4864.581138
4164.942453
1438.034667
743.491562
2593.496216
2814.304718
-85.698404
-2094.438121
-501.374269
1773.570942
1343.689216
-571.477107
-994.101491
-273.617248
-584.910911
-1834.563500
-1960.717728
-509.249257
406.719995
-339.242152
-891.726640
634.322604
2515.363977
1783.298869
-792.285609
-1735.894526
-394.830306
418.918506
-515.425719
-1384.145039
-905.469267
-293.073102
-695.315162
-1325.314243
-1305.086331
-1121.491011
-1604.490306
-2232.482037
-1872.857562
-616.719689
124.301289
-400.852356
-1039.189660
-534.881573
542.293326
655.168162
-168.771813
-632.469666
-212.161455
418.764095
630.771139
543.528619
371.977398
221.426148
88.632224
34.588185
98.514562
161.977705
38.911708
-300.793679
-413.359691
20.999969
573.947692
567.925642
247.984932
322.256883
855.594340
1298.446635
1308.637797
1078.564603
845.403178
963.528006
1275.593727
1218.461458
781.476801
468.021376
360.705356
179.580620
17.448504
-73.499893
-355.918598
-733.918047
-722.182770
-417.374391
-173.095336
-93.264570
-154.720363
-180.043855
-27.330842
245.977582
281.029002
-47.404343
-306.815729
-222.352617
-30.573485
-81.066058
-363.021529
-636.947600
-729.131289
-680.646066
-649.146112
-742.565093
-823.322328
-745.962147
-584.293265
-427.874376
-265.124613
-149.470370
-201.970294
-286.587817
-211.698221
-3.088231
91.102808
-56.514623
-234.859951
-172.014455
-14.823508
-99.286620
-422.006737
-601.432946
-569.160934
-575.955042
-614.866750
-643.278473
-52.345512
2179.055645
4701.213730
4496.464028
1671.041680
307.742198
1971.680947
2674.562275
216.484978
-2249.776130
-1365.152420
1141.564511
1499.490459
-319.168652
-1227.262915
-333.374514
-111.330720
-1483.122836
-2072.357271
-384.947968
1047.219060
120.132178
-1048.145530
249.065813
2500.386058
2149.099806
-388.962668
-1702.232811
-673.543135
429.881726
-262.962852
-1442.667013
-1327.939239
-498.131626
-610.079992
-1374.571524
-1329.020120
-662.734327
-804.020886
-1684.321072
-1713.196030
-556.190365
368.117110
-77.823416
-972.020641
-823.013505
330.749517
942.528037
224.668790
-644.050531
-536.888923
178.808563
405.484703
93.882216
-82.918997
92.029278
234.551128
104.691024
71.646954
315.617187
445.014057
-24.088200
-576.109454
-345.881848
458.139038
781.476801
451.653753
370.896518
827.800263
1232.821731
1111.917495
795.528251
643.432885
798.770893
989.623556
871.961963
640.035831
516.969834
343.720087
-112.102778
-355.764187
-236.404067
-264.198144
-529.940403
-591.705019
-338.778918
-28.566135
176.183566
128.779224
-35.977889
-11.426454
238.565828
284.271644
40.764646
-136.808624
-183.286497
-167.690932
-233.624659
-432.661133
-720.793066
-874.278136
-800.778244
-743.182739
-712.609254
-585.528558
-440.999357
-454.896395
-422.778795
-223.124674
-39.683766
-19.147031
-119.360120
-141.749793
-58.213150
51.264631
25.786727
-237.948182
-412.742045
-417.528803
-352.830368
-408.727345
-571.322696
-650.844639
-643.124062
-199.962944
1656.063760
4308.854008
4782.588611
2297.952530
150.705662
1219.851162
2589.018282
992.248552
-1913.004562
-2273.092272
121.985116
1492.233117
273.154013
-1203.174715
-714.616605
76.124889
-794.601782
-1808.931184
-731.756285
1054.939637
775.300340
-683.579885
-338.933329
1894.166354
2649.084371
583.521208
-1574.688879
-1377.042109
98.514562
77.205770
-1248.880531
-1743.923926
-937.586867
-515.888953
-1079.182249
-1282.233423
-686.513704
-380.624445
-1068.527853
-1603.409425
-957.197133
241.345236
404.094999
-581.668269
-1066.211680
-205.212936
881.998713
669.837258
-382.168560
-868.873732
-394.521483
201.043824
136.499801
-195.021774
-187.301197
195.021774
317.161302
135.727743
188.690901
483.771353
379.080329
-255.087863
-531.484519
15.904389
759.704774
800.160597
392.514133
395.602364
928.476587
1278.681958
993.792668
542.756561
447.947876
614.403515
784.101797
965.689768
885.395767
445.631703
-13.588215
-221.889382
-328.433344
-412.124399
-388.345022
-546.153615
-624.440265
-179.889443
391.587664
390.970018
45.551404
-114.110128
-25.323492
199.962944
321.639237
82.764585
-281.646648
-289.521636
-182.977674
-367.499464
-659.646096
-835.212017
-930.638348
-906.858971
-679.874008
-477.286068
-412.587633
-368.889168
-327.043641
-273.771659
-114.418951
36.132300
-26.095550
-104.227789
-78.904297
-4.477935
-14.514685
-135.727743
-435.594953
-705.660735
-693.307812
-560.205065
-587.535908
-653.932870
-561.594769
299.712798
2792.069456
4936.536916
4090.824914
1063.895507
83.845466
1784.379750
2183.996814
-191.007074
-2487.569900
-1642.012310
686.050470
1135.233638
-488.249288
-1269.726089
-218.183505
136.654212
-1156.079196
-1663.166691
51.882277
1410.703824
487.477230
-746.579793
254.624629
2409.437661
2375.312711
-0.463235
-1747.475392
-990.241202
218.955563
-403.786176
-1705.784276
-1679.843138
-690.837227
-559.278596
-1097.093988
-1020.969099
-285.506936
-185.293847
-1057.255811
-1527.747771
-678.329893
533.028634
398.072949
-644.359354
-857.601690
151.323309
905.160444
348.352433
-652.543166
-957.660368
-426.639083
-2.470585
-120.595412
-279.021652
-9.419104
346.962729
246.131994
57.132270
210.308517
464.315499
225.132024
-335.999510
-439.609653
172.168866
838.763482
813.903224
392.205310
343.565675
783.792974
1004.601476
686.359293
366.264172
555.109484
913.653079
912.263375
690.065170
536.271276
355.918598
-21.926439
-374.293572
-478.212538
-348.970079
-193.014424
-226.830551
-294.926040
-62.227850
310.367194
292.918690
-12.661746
-79.367531
142.213028
281.955471
184.212967
-1.852938
-148.543901
-204.904113
-323.337764
-588.462377
-796.454720
-796.917955
-753.682724
-750.285670
-625.675558
-387.418552
-249.683459
-251.690809
-209.536459
-99.132208
20.691146
7.874989
-69.794016
-111.330720
-99.441031
-115.191008
-289.830460
-480.837534
-646.675527
-752.601843
-743.491562
-656.557866
-564.683000
-658.565216
58.985208
2636.885859
4922.639877
4057.626433
855.903163
-193.323247
1564.034483
2172.879183
-148.698312
-2591.643278
-1832.864973
605.138823
1167.660061
-522.837473
-1320.836308
-126.926285
377.536214
-993.792668
-1720.298961
-56.514623
1566.813891
837.373778
-652.388754
-6.948519
2210.401187
2546.863931
249.837871
-1760.291550
-1163.954184
156.418889
-290.911340
-1609.122652
-1691.269591
-661.962270
-375.528864
-919.983952
-951.329494
-136.345389
186.529140
-715.388662
-1499.799283
-822.241447
520.830123
622.432915
-384.793556
-795.682663
32.889658
791.359140
325.345114
-675.087250
-1046.292591
-551.558019
-144.529201
-224.823201
-275.624598
89.558693
467.866964
294.308394
-14.823508
43.235231
346.653906
281.646648
-210.154105
-445.786114
36.904358
756.770955
866.711971
468.947845
263.734909
540.285976
762.175359
573.175634
294.462806
338.778918
676.476954
794.601782
639.881419
511.256607
427.719964
117.507182
-358.543595
-550.631550
-385.411202
-182.823263
-184.985024
-238.720240
-66.860197
291.528986
412.124399
147.771843
-66.551373
53.889627
229.455548
166.146816
6.794108
-80.757235
-129.242459
-255.087863
-491.491930
-678.484304
-687.903408
-630.307904
-675.087250
-681.881358
-451.808164
-195.639420
-134.029216
-144.374789
-62.227850
37.213181
81.838116
55.433743
-51.264631
-175.411509
-287.514286
-452.116987
-624.749089
-671.381373
-634.785839
-619.190273
-528.396288
-506.006615
7.720577
2280.349614
4738.426911
4347.148070
1163.336538
-431.734664
1147.277738
2216.577649
390.815606
-2302.276053
-2159.136556
258.793740
1321.762778
-220.499678
-1481.733132
-456.286099
447.330230
-682.035770
-1751.644503
-414.594983
1548.284506
1317.439254
-344.800968
-377.381802
1738.982757
2712.238690
743.800385
-1710.262211
-1604.953541
-93.573393
-107.316020
-1376.578874
-1743.923926
-750.903316
-206.139405
-753.065078
-1116.395430
-422.933207
263.580498
-402.242060
-1400.667074
-1014.947049
436.675834
897.285456
-46.323462
-758.315070
-254.624629
520.984534
234.087894
-690.528404
-1078.873426
-611.778519
-184.521790
-244.587878
-187.455609
250.301105
563.138884
244.124644
-169.235047
-79.367531
306.352494
326.117171
-104.382201
-300.639267
108.860135
696.704866
754.145959
388.808256
136.499801
216.176155
372.749456
365.183291
331.058341
411.352341
655.476985
1264.630508
1749.637153
1372.718586
527.933053
-78.904297
-440.072887
-848.954644
-835.829663
-621.506446
-639.572596
-383.558264
179.271797
415.058218
300.948090
231.308486
-31.499954
-227.448198
128.470401
489.484580
294.617217
85.698404
156.418889
-25.632316
-320.712767
-534.572750
-858.219336
-1135.696873
-1042.432303
-848.954644
-704.734266
-286.278994
32.272012
-48.794046
-29.801427
247.830521
255.087863
-18.838208
-162.286528
-242.580528
-332.293633
-372.440633
-517.741892
-730.366582
-679.410774
-528.859523
-574.256515
-680.646066
-278.404006
1857.107585
4445.353809
4624.625606
1736.203349
-382.786206
919.366306
2322.040730
919.057483
-1922.886901
-2303.665757
-89.404281
1248.726119
15.132331
-1493.313998
-717.859247
454.124337
-399.925887
-1782.835634
-804.020886
1427.689094
1672.894618
-9.727927
-579.197684
1357.123020
2810.290018
1312.961320
-1375.961228
-1841.820842
-349.278902
-17.139681
-1187.733561
-1775.578292
-847.873763
-122.602762
-655.168162
-1223.248215
-679.410774
197.183536
-232.698190
-1334.270112
-1221.086454
284.889290
1135.233638
352.058310
-604.675588
-435.749364
281.492236
127.080697
-708.131320
-1168.277707
-755.226839
-224.977613
-212.315867
-177.264447
193.323247
541.212446
264.198144
-235.323186
-274.543717
132.793924
408.264110
169.852693
-83.382231
115.036597
612.704988
765.109178
424.786145
51.727866
-10.654396
185.602670
298.786329
345.573025
453.043457
850.189936
1704.703395
1850.622300
987.616206
135.727743
-98.977797
-379.389152
-918.285425
-814.829694
-606.219704
-487.477230
-24.397023
395.293541
254.933452
134.801274
183.440909
-167.999755
-260.337855
277.631948
564.065354
243.506998
182.823263
242.734940
-0.772058
-196.565890
-581.977092
-1129.983646
-1234.365846
-852.506109
-775.609163
-739.631274
-254.006982
24.397023
-39.529354
36.904358
172.632101
10.345573
-104.382201
-138.043916
-366.727406
-389.889137
-252.308455
-411.043518
-747.197439
-641.579946
-459.528741
-561.903592
-598.653538
922.763360
3795.898874
5000.000058
2750.687164
-400.080299
-42.926408
2016.614705
1685.247541
-1175.843873
-2618.974120
-704.888678
1314.196612
725.271001
-1194.373258
-1121.954246
312.837779
15.904389
-1645.563776
-1460.424340
959.513306
2027.269101
549.550669
-747.197439
637.256423
2616.349124
1875.482558
-828.263498
-2072.974917
-795.837074
59.294031
-774.682693
-1571.600648
-902.381036
-19.919089
-471.881665
-1220.005573
-925.233944
33.816127
-114.727774
-1221.086454
-1394.799436
-17.757327
1188.968854
729.285701
-324.264233
-526.080115
43.544054
44.933758
-654.550516
-1118.248369
-806.954705
-231.462898
-160.124766
-175.257097
106.235139
451.653753
238.874652
-343.411264
-495.043395
-63.771966
456.286099
404.712645
82.301351
113.955716
587.381496
848.491409
502.146326
18.066150
-116.117478
120.904235
274.543717
323.028940
774.065047
1535.931583
1645.100541
892.035463
277.477536
115.036597
-151.786543
-565.763880
-750.594493
-703.344562
-371.359752
109.168958
192.705601
27.330842
119.668943
202.742351
-68.404312
-142.367439
182.205617
353.448014
316.852479
285.043702
146.536551
7.411754
-65.161670
-412.278810
-912.572198
-971.402995
-743.645974
-676.322543
-608.227054
-419.227330
-317.624537
-197.801182
-8.801458
-39.220531
-161.977705
-97.124858
-71.801366
-252.771690
-316.852479
-299.712798
-435.131718
-643.432885
-690.219581
-647.138762
-524.381588
-235.632009
1539.483048
4234.890881
4929.897220
2236.187914
-663.506385
53.426393
1805.997365
1172.755642
-1427.225859
-2247.614368
-262.962852
1295.049581
365.492114
-1240.079073
-760.013597
278.558417
-522.528649
-1849.850242
-819.462040
1595.534437
2005.651486
316.389244
-549.087434
1073.469022
2375.775946
998.888249
-1400.975897
-1769.556242
-426.793495
-202.279117
-1091.689584
-1287.946650
-325.345114
4.169112
-891.263406
-1469.689032
-800.160597
43.852877
-424.014087
-1281.461366
-913.498667
532.719811
1144.807153
403.014118
-399.925887
-391.124429
-36.904358
-299.712798
-811.895874
-937.741279
-449.337580
15.749977
10.963219
-77.823416
-9.882339
122.602762
-78.132239
-426.947907
-516.661011
-115.036597
419.844976
503.999265
269.602548
235.940832
596.337365
710.138670
355.146541
-53.271981
45.242581
665.976970
980.822098
859.454628
775.145928
1002.594126
823.013505
197.029124
-158.889474
-235.940832
-332.139221
-437.756714
-347.117141
-232.543778
64.080789
223.587909
-52.654335
-262.654029
37.522004
308.514256
162.440939
142.058616
277.631948
364.565645
318.242183
107.470431
-283.036352
-513.418369
-494.425749
-695.932808
-880.763421
-741.947447
-477.440480
-368.117110
-278.712829
-221.117324
-184.521790
-54.970508
-50.801396
-242.271705
-289.830460
-73.654304
-117.970416
-362.558295
-506.315438
-577.035923
-573.330046
-495.352219
-408.418522
-496.896334
-182.051205
2102.004286
4653.809387
4487.816982
1152.064496
-1088.910176
342.330383
1955.313324
879.219306
-1666.100511
-1757.357730
342.948029
1172.910054
-383.867087
-1535.005114
-557.888892
114.418951
-1065.285211
-1866.989923
54.661685
2316.481915
1974.614766
-73.654304
-462.771384
1366.696536
1982.026520
208.455578
-1642.012310
-1211.512938
-137.580682
-438.683184
-1188.196796
-912.108963
-146.999786
-535.962453
-1490.997825
-1494.858113
-345.109791
188.690901
-515.425719
-1069.917557
-392.977368
733.454812
792.594432
114.727774
-420.462622
-342.948029
-213.551159
-328.433344
-438.219949
-410.580283
-154.874774
-38.911708
-41.691116
-135.727743
-151.632132
-130.323339
-206.757051
-390.506783
-402.705295
79.058708
580.587388
589.852081
130.323339
10.808808
342.948029
550.013903
339.550975
63.154320
340.940679
963.991241
1529.137475
1358.358312
698.866627
157.654182
-58.985208
-179.889443
-370.124460
-317.933360
-273.926071
-224.051144
-155.801243
-44.316112
-34.279362
-59.602854
-163.676232
-268.521667
-14.051450
399.617064
568.697700
335.227452
189.617370
152.867424
85.698404
-87.088108
-397.609714
-620.734389
-667.984320
-617.800569
-659.646096
-560.977123
-353.911248
-311.448075
-377.381802
-282.573117
-57.904327
-18.066150
-14.669096
-86.316051
-196.720301
-223.433498
-240.882002
-322.256883
-523.763942
-540.749211
-531.793342
-421.234680
-134.183628
1741.607753
4249.405565
4453.228797
1516.475729
-1039.498483
199.808532
2045.180840
1425.836155
-1000.432364
-1471.850794
313.918660
1133.380699
-282.881940
-1696.519584
-978.814748
-252.154044
-1119.020426
-1850.313477
-81.529293
2110.188098
1820.820873
-60.838147
-553.874192
1142.645392
1883.048723
524.690411
-1104.505742
-814.984105
122.293939
-186.837963
-946.079502
-934.344225
-517.741892
-1057.873457
-1846.298777
-1736.666584
-688.057820
-160.124766
-591.550608
-887.094294
-321.793648
561.749180
615.793219
164.448289
-280.874590
-312.837779
-171.242397
-45.088170
16.522035
-86.161639
-67.632254
-40.147000
-62.227850
-252.617279
-359.315652
-295.389275
-250.301105
-359.933298
-330.595106
170.161516
601.896181
480.374299
-38.911708
-58.213150
413.514103
714.307781
639.109362
582.440327
766.653293
870.417848
903.307506
682.807827
291.374575
-121.367470
-209.536459
-143.911555
-45.860227
117.970416
56.669035
-129.860105
-190.080605
-85.698404
-145.610082
-170.007105
-88.941047
-2.007350
96.043978
279.639298
330.749517
110.095428
-63.771966
-236.712890
-343.102441
-359.778887
-353.756837
-451.808164
-444.087587
-312.220133
-329.823048
-346.345083
-301.102502
-209.536459
-298.631917
-322.565706
-239.955532
-124.610112
-13.279392
-187.301197
-359.006829
-370.896518
-178.808563
-218.955563
-353.756837
-434.668484
-349.278902
-227.757021
1380.747986
4076.619053
4620.919729
1813.717942
-1247.336416
-257.095213
2110.342509
2114.357209
-288.286344
-1336.895108
249.220225
1247.954062
-92.029278
-1713.813676
-1147.740973
-258.793740
-940.829510
-1809.240008
-256.323155
1934.931001
1712.115149
-307.742198
-1165.807123
436.830245
1564.188894
754.609193
-625.366735
-543.837442
210.926163
-13.588215
-609.307935
-669.991670
-535.035984
-1140.946865
-1727.093069
-1512.306617
-668.601966
-410.580283
-882.770771
-1183.255627
-883.697240
-197.646770
82.301351
117.352770
-159.661532
-358.698006
-201.352647
224.359967
443.006707
125.073347
-56.977858
101.602793
257.558448
-43.389643
-285.970171
-144.838024
39.838177
-281.646648
-592.168254
-136.345389
491.491930
456.749334
-163.676232
-222.507028
321.948060
638.491716
708.748966
1525.431598
1836.262027
975.726518
-10.191162
-181.124736
37.367593
39.838177
263.271675
-102.529262
-395.602364
121.367470
447.330230
-216.484978
-561.131534
-334.609806
-292.918690
-30.727896
529.168346
609.153523
133.720393
123.838055
-105.771905
-410.889106
-113.492481
-8.801458
-559.433007
-810.506170
-495.815453
-471.264018
-493.499280
-384.175910
-528.550699
-585.991792
-18.838208
139.742443
-198.727651
-220.345267
-92.183689
-253.852571
-332.602456
-108.242489
-139.279209
-299.712798
-251.999632
-414.594983
-401.161179
-174.330628
763.101828
3050.245550
4331.243681
2636.885859
-696.241631
-707.513674
1938.945701
2733.701894
760.322420
-812.513521
123.065997
1290.726058
380.778856
-1580.247695
-1586.887391
-413.822926
-449.337580
-1524.041894
-683.271062
1516.938963
1631.203503
-245.977582
-1397.270020
-112.102778
1434.946436
1182.020334
-190.389428
-586.609438
79.830766
62.845497
-641.116712
-865.013444
-574.874161
-904.079563
-1362.527424
-1295.667227
-752.138609
-547.388907
-904.388386
-1248.417296
-1238.998192
-647.293173
-158.735063
8.647046
-284.734879
-680.954889
-638.337304
-63.926377
311.602487
22.080850
-162.286528
231.926132
622.278504
275.161363
-144.683612
-105.771905
145.455670
12.970569
-288.286344
3.860288
535.035984
511.411019
-130.168928
-357.925948
43.544054
502.918384
1097.248399
1750.100388
1229.887912
245.205525
20.999969
340.323033
358.698006
280.256944
373.367102
-48.330812
-150.242428
301.102502
188.536490
-373.058279
-329.514225
-174.485040
-119.977766
315.926010
618.572627
118.124828
-316.543656
-93.264570
-169.080636
-265.124613
-68.713135
-245.823171
-584.293265
-499.058095
-469.411080
-763.410651
-693.771047
-476.205188
-591.241784
-449.646403
-3.551465
-96.352801
-388.808256
-331.675987
-290.602517
-350.514195
-201.043824
-40.455823
-176.183566
-170.933574
-116.426301
-332.602456
-274.698129
170.624751
1965.967720
3766.869505
3317.377513
381.705325
-1290.417235
907.476617
3083.752854
2242.982022
-75.816066
-308.205433
892.189875
984.064741
-632.624077
-1419.350870
-483.153707
80.294001
-710.447493
-1053.241110
558.660950
1304.314274
-112.411601
-1642.321133
-981.902979
947.623618
1556.777141
655.322573
-290.911340
-177.264447
-15.441154
-315.462775
-593.403546
-395.911187
-545.844792
-1024.674976
-1104.196919
-887.403117
-825.329678
-1222.321746
-1434.483201
-1463.821394
-1090.763115
-451.653753
9.419104
-196.411478
-904.388386
-1124.579242
-457.212568
366.727406
257.712859
-235.632009
-141.749793
421.234680
369.506814
-138.043916
-171.242397
165.837993
235.014363
-59.294031
64.235200
496.124276
522.837473
-23.161731
-344.183321
-2.316173
600.352065
1438.497901
1679.688726
683.271062
-363.639175
-176.646801
562.058004
730.366582
653.932870
452.889045
12.507335
-19.455854
341.249502
76.896947
-252.926102
-6.639696
154.411539
141.904205
537.197746
722.491593
-14.205862
-577.035923
-382.940618
-87.551343
143.448320
132.639512
-454.741984
-829.189967
-553.565369
-476.668422
-802.631182
-746.425382
-430.653783
-521.447769
-494.888984
-253.852571
-248.602578
-356.073010
-374.293572
-451.190518
-381.396502
-13.279392
6.176462
-369.661225
-399.925887
-125.227758
-218.337917
-257.712859
194.558540
2038.849967
3559.340396
2549.334516
-378.308272
-1349.402443
1385.071509
3451.252318
2354.312742
231.308486
141.286559
970.939760
593.403546
-773.138578
-906.395736
140.668912
337.543625
-548.469788
-696.396043
654.241693
780.859155
-751.829786
-1653.438764
-538.896273
1110.527792
1271.115793
324.727467
-510.484549
-559.124184
-414.749395
-233.933482
-68.558724
67.323431
-316.852479
-777.925336
-817.917924
-830.270848
-978.351514
-1190.821792
-1140.174807
-1191.130615
-1052.160230
-580.741800
-335.381864
-868.719321
-1550.755091
-1262.314335
-195.330597
420.153799
-19.764677
-417.683214
-166.610051
170.470340
-100.367501
-282.727529
195.176186
568.697700
324.264233
6.022050
282.881940
636.484366
462.462561
35.977889
145.146847
668.910789
955.653018
684.815177
214.786451
89.404281
244.896702
413.514103
350.977429
275.161363
277.323125
223.279086
97.124858
159.815943
363.175941
406.102349
329.205402
291.992221
359.778887
383.558264
342.021560
111.176308
-93.727804
-16.676446
142.521851
10.036750
-341.095091
-547.543319
-531.484519
-419.999387
-479.911065
-626.447615
-666.131381
-478.984595
-386.183260
-524.072765
-570.550638
-411.352341
-285.352525
-380.161210
-419.536153
-319.168652
-186.837963
-223.896732
-382.786206
-341.095091
-155.801243
-62.227850
-112.411601
235.323186
2050.276421
3226.429117
1766.931246
-906.395736
-905.469267
2067.107278
3633.303523
2042.247021
-32.580835
19.455854
834.594371
486.396349
-466.631672
-30.419073
787.653263
245.823171
-946.233914
-750.594493
591.859431
454.433161
-866.557559
-1202.402658
71.492543
1173.990934
766.344470
-317.624537
-807.881174
-611.778519
-280.102533
94.036628
245.514348
-20.073500
-784.873855
-1091.689584
-857.447278
-685.432824
-682.653416
-713.072489
-802.167947
-1164.726242
-1207.961473
-743.028328
-493.344868
-1011.395583
-1409.468532
-860.844332
57.286681
121.985116
-561.594769
-710.447493
-268.367256
17.294092
-115.808655
42.926408
452.116987
360.396533
-133.411570
-153.948305
444.087587
813.748813
609.462346
377.845037
475.124307
588.307965
529.013934
279.948121
182.514440
403.168529
649.300523
484.543411
107.470431
77.977827
212.315867
167.382109
157.190947
354.528895
438.992007
348.815668
244.742290
189.154136
202.124705
312.374544
317.624537
101.139558
3.551465
34.897008
-73.808716
-256.940802
-287.514286
-231.617309
-184.058555
-244.587878
-470.646372
-677.866658
-559.433007
-355.609775
-424.168499
-483.308118
-425.712614
-421.080268
-492.418399
-451.499341
-384.639145
-377.690625
-346.808318
-264.198144
-226.058494
-151.014486
-136.499801
-210.462928
-52.654335
1376.733286
2767.672433
1836.879673
-604.521177
-1155.615961
1575.924171
3697.693135
2553.966862
225.132024
-82.918997
797.844424
733.763635
38.602885
484.234588
1291.189293
507.859553
-965.689768
-976.807398
476.205188
702.109270
-633.550546
-1232.976142
-258.330505
631.697608
161.360059
-634.785839
-737.932747
-381.242091
-184.676201
92.955747
287.205463
57.286681
-650.072581
-1062.969037
-748.895966
-345.727437
-247.212875
-533.337457
-1002.902949
-1511.380148
-1473.394909
-790.741493
-350.977429
-823.013505
-1335.968639
-948.550087
-292.455456
-323.183352
-778.079747
-577.190334
16.213212
111.793955
-235.168775
-189.308547
251.845221
256.168744
-71.955777
38.602885
639.263773
929.866290
640.807889
118.896885
38.294062
523.763942
928.785410
682.190181
186.374728
176.337978
290.448106
159.661532
93.110158
303.418675
353.602425
196.720301
130.786574
222.815851
373.675925
496.124276
446.866995
260.955502
301.874560
420.153799
285.506936
31.191131
-25.941139
-11.117631
-97.742504
-228.374667
-376.918568
-437.139068
-334.455394
-248.139344
-411.969987
-480.528711
-343.102441
-257.712859
-378.617095
-480.219888
-405.947937
-340.323033
-285.352525
-353.448014
-414.440572
-361.940648
-234.242305
-312.065721
-385.720026
-261.264325
-60.529323
10.345573
583.675619
1882.276666
1782.990046
15.286742
-1030.079380
919.211894
3358.914217
2857.539949
531.793342
-287.514286
628.454966
994.873549
538.124215
701.028389
1455.637582
808.498820
-793.520901
-1089.218999
360.087710
1166.270357
18.838208
-967.079471
-473.425780
266.051082
-135.573332
-775.145928
-644.204943
-225.595259
-291.065752
-448.719934
-273.462836
-263.889321
-597.881481
-872.579609
-530.558049
-123.992466
-147.771843
-497.513980
-858.836982
-1139.248338
-1143.880684
-658.101981
-285.198113
-672.771077
-1362.527424
-1275.284904
-688.675466
-481.609591
-701.182801
-639.109362
-281.801059
-290.911340
-506.933084
-286.742229
349.124491
520.058065
132.948335
-60.374912
357.771537
706.896028
626.293204
380.006799
254.933452
425.712614
631.234373
646.675527
361.631825
168.462990
151.477720
183.749732
281.646648
500.447799
486.550761
205.984994
117.816005
254.470217
436.058187
503.999265
485.778703
266.977552
67.786666
131.867455
236.249655
138.352739
-5.713227
-40.764646
-88.632224
-133.720393
-160.124766
-155.338009
-170.470340
-187.455609
-320.095121
-450.109637
-376.455333
-271.455486
-330.131871
-447.639053
-417.837626
-405.793526
-440.381710
-425.094968
-310.212783
-246.749640
-245.514348
-276.551067
-275.161363
-205.984994
-157.654182
-169.852693
441.617003
1648.960830
1474.630202
-291.065752
-1081.035188
1044.285241
3309.656936
2506.716931
266.514317
-145.610082
903.153094
1124.733653
651.153462
1041.660245
1730.644534
742.565093
-1001.976479
-977.116222
813.903224
1528.365417
109.168958
-997.035310
-505.080145
78.904297
-377.072979
-734.381282
-279.639298
-33.661716
-594.175604
-923.072183
-527.778642
-269.911371
-561.749180
-801.550301
-463.852264
-205.521759
-478.675772
-865.939913
-915.814840
-801.859124
-680.337243
-421.080268
-314.227483
-755.226839
-1325.468655
-1135.542461
-486.550761
-280.720179
-553.410957
-637.874069
-480.219888
-550.631550
-583.984442
-232.852601
191.624720
151.168897
-85.852816
-28.874958
295.698098
472.962545
384.793556
336.308333
472.653722
696.550454
629.227023
364.102410
269.911371
403.322941
466.940495
447.330230
462.771384
382.940618
168.771813
114.110128
402.705295
615.638808
491.337518
229.764371
129.242459
192.396778
229.764371
228.992313
226.521728
185.139436
2.161762
-205.830582
-226.676140
-76.279300
-41.227881
-198.573240
-280.256944
-223.124674
-212.315867
-355.764187
-419.690564
-280.411356
-145.301259
-217.257036
-363.330352
-379.234741
-318.705417
-332.448044
-388.345022
-346.190671
-268.521667
-281.337825
-382.940618
-374.447983
-218.492328
351.903898
1313.733378
1205.645300
-231.926132
-986.226502
795.065017
3020.598534
2473.209627
281.183413
-257.249625
899.910452
1325.931889
875.822252
1098.329280
1695.747526
766.807705
-855.439928
-712.918078
1089.218999
1778.975346
258.484917
-996.263252
-501.065445
226.676140
-217.102624
-708.748966
-253.080513
70.411662
-609.462346
-1196.226196
-748.587143
-241.190825
-456.594922
-836.138486
-634.477016
-341.095091
-587.381496
-1006.763237
-1026.527914
-700.565154
-457.984626
-419.999387
-593.866781
-926.469237
-1160.865953
-870.726671
-343.256852
-232.389367
-521.756592
-710.293081
-609.462346
-524.690411
-386.646495
-89.713104
97.588093
-86.161639
-273.154013
-85.389581
230.073194
320.558356
238.874652
259.565798
364.720056
451.962576
417.528803
312.683367
327.198052
499.830153
581.822681
447.021407
369.043579
438.528772
449.955226
370.433283
478.366949
664.432854
575.800631
327.198052
251.073163
347.271552
342.175971
231.771721
119.668943
42.463173
-9.727927
-46.786696
-96.198389
-146.690962
-170.624751
-238.874652
-306.198083
-283.499586
-203.051174
-225.595259
-302.646617
-323.955410
-331.058341
-353.139191
-333.065691
-276.551067
-325.345114
-373.830337
-311.756898
-230.073194
-240.573178
-268.367256
-249.065813
-227.602609
-196.720301
69.639604
891.572229
1157.160077
103.146908
-922.454537
132.793924
2415.768534
2584.385936
547.852142
-463.389030
655.322573
1508.446329
1065.130799
923.072183
1556.313906
1101.263099
-461.072857
-652.079931
987.925029
1951.761858
656.866689
-828.263498
-571.168284
245.205525
-11.426454
-619.653508
-308.514256
113.801305
-492.418399
-1272.814320
-913.189844
-180.507090
-302.646617
-836.601721
-785.645913
-445.631703
-677.712247
-1104.196919
-992.866199
-567.153584
-468.639022
-682.344593
-840.462009
-930.792760
-992.711787
-814.984105
-399.153829
-241.808471
-520.675711
-807.572351
-704.734266
-402.242060
-209.690871
-152.713013
-166.918874
-223.433498
-229.918782
-55.588154
143.139497
225.904082
253.698159
297.087802
298.323094
329.359814
441.771414
470.646372
374.602395
350.668606
459.683153
461.381680
360.087710
376.918568
459.374330
472.962545
502.763972
584.602088
542.756561
413.514103
409.036168
488.249288
452.734634
333.374514
225.286436
130.632162
71.183720
53.580804
19.610266
-76.124889
-168.462990
-229.609959
-276.859890
-288.749579
-253.852571
-258.793740
-328.742167
-355.146541
-326.271583
-337.234802
-387.727376
-362.095060
-323.492175
-364.565645
-391.742076
-325.962760
-236.867301
-219.573209
-255.551098
-289.521636
-283.190763
-42.617585
621.043212
960.285364
258.793740
-619.653508
-1.235292
1853.401708
2393.224450
885.086944
-244.896702
479.293418
1406.689124
1161.946834
853.432578
1299.064281
1166.115946
-56.823447
-454.433161
786.417970
1745.931276
835.520840
-548.933023
-498.440449
285.661348
202.742351
-419.690564
-319.168652
146.999786
-229.918782
-1064.821976
-1026.219091
-309.903960
-195.021774
-722.800416
-892.653109
-590.469727
-653.624046
-1117.476311
-1137.240988
-631.697608
-398.072949
-708.903378
-1018.498514
-1007.998529
-906.704560
-800.932655
-552.175665
-361.786237
-523.609530
-816.219397
-762.947416
-396.528833
-127.852755
-144.374789
-268.984902
-305.117202
-243.043763
-107.161608
41.691116
170.470340
217.411448
170.161516
171.860043
317.006890
493.036045
488.712522
363.947998
374.602395
487.786053
486.241938
421.852326
464.006676
543.528619
505.697792
461.690503
573.793281
651.462285
516.969834
369.197991
417.219980
504.308088
410.271460
230.073194
169.543870
206.602640
176.183566
61.919027
-6.639696
-16.830858
-59.139620
-178.345328
-260.183444
-237.793771
-229.455548
-297.551036
-378.153860
-381.705325
-374.602395
-417.219980
-449.646403
-387.727376
-317.315714
-331.058341
-378.925918
-337.852448
-246.286405
-219.882032
-266.051082
-308.051021
-289.676048
-42.463173
558.815361
786.726793
92.801335
-585.682969
250.301105
1941.416285
2066.952867
484.852234
-256.014332
764.800355
1557.394787
1062.969037
759.859186
1289.799589
1076.094018
-133.874805
-324.264233
1016.182341
1718.909257
588.616788
-585.528558
-269.756959
403.477353
89.249870
-455.050807
-174.639451
202.742351
-349.896548
-1100.799865
-881.072244
-202.896763
-222.970263
-750.131259
-844.322298
-566.227115
-712.763666
-1149.130676
-1053.549934
-498.440449
-369.506814
-832.123786
-1127.821884
-953.645668
-764.337120
-744.418032
-610.079992
-435.594953
-575.028573
-863.469329
-785.645913
-367.345052
-110.249839
-214.940863
-379.389152
-355.455364
-214.477628
-68.558724
77.977827
201.815882
225.749671
155.492420
145.918905
306.661317
477.286068
468.175788
341.249502
335.536275
439.609653
465.241968
429.881726
465.087557
537.969803
501.528680
470.337549
563.910942
638.954950
555.263896
449.337580
491.028695
529.168346
427.411141
298.323094
279.330475
276.551067
163.212997
30.110250
-9.110281
-8.801458
-62.691085
-142.521851
-178.036505
-203.823232
-278.558417
-348.198021
-331.675987
-296.624567
-317.006890
-381.242091
-412.742045
-367.036229
-340.323033
-358.234771
-372.595045
-315.926010
-258.948152
-278.867240
-310.367194
-280.411356
-250.918752
-177.573270
244.587878
676.322543
362.095060
-435.903776
-221.889382
1324.696597
2173.342418
1048.917587
-249.374636
224.051144
1385.225920
1355.115670
732.219520
961.366245
1283.005481
455.205218
-331.367164
454.124337
1645.100541
1207.961473
-197.029124
-490.411049
217.565859
304.962790
-300.176033
-365.646525
55.279331
-126.308639
-865.785502
-1045.211710
-489.021345
-176.183566
-497.205157
-813.285578
-723.572474
-648.837289
-895.586929
-1039.189660
-729.748935
-423.087618
-629.535846
-1050.152880
-1097.402811
-822.087036
-674.469604
-662.271093
-528.859523
-443.624353
-654.550516
-872.116375
-651.153462
-201.815882
-114.882185
-343.411264
-393.749426
-204.286467
-115.345420
-152.404189
-3.242642
271.455486
306.043671
159.352709
192.705601
404.403822
470.491961
372.286222
385.102379
500.911034
497.513980
393.131779
390.197960
489.638992
545.535969
539.668330
538.278626
535.344807
506.933084
495.197807
506.006615
492.881634
439.764064
382.940618
333.065691
270.837840
220.190855
188.382078
133.257159
20.227912
-68.404312
-57.441093
-30.264662
-114.418951
-279.793709
-343.411264
-271.918721
-240.573178
-340.940679
-447.175818
-458.447861
-407.955287
-373.521514
-348.352433
-318.242183
-305.734848
-325.499525
-337.852448
-286.124583
-199.036474
-186.065905
-236.249655
-44.779346
379.080329
484.852234
17.448504
-253.080513
489.947815
1535.159525
1458.571402
445.014057
69.948427
745.035678
1250.579058
965.689768
787.962086
1096.476342
954.572137
198.110005
44.470523
902.998683
1404.372951
651.462285
-243.506998
-158.426239
279.330475
133.720393
-259.102563
-236.095244
-113.801305
-468.639022
-901.454567
-755.690074
-323.337764
-325.036291
-727.123939
-909.638379
-731.910697
-655.322573
-845.403178
-934.344225
-781.322390
-664.432854
-772.984166
-899.292806
-839.844363
-734.844516
-731.601874
-702.263681
-541.830092
-438.065537
-544.455088
-664.896089
-534.727161
-316.080421
-288.595167
-342.484794
-252.771690
-112.874835
-140.977736
-188.073255
4.014700
273.926071
286.433406
149.161547
206.448228
403.168529
438.837595
334.609806
363.330352
501.374269
514.036015
422.315560
437.447891
563.447707
618.109392
572.403577
563.602119
613.168223
604.212354
524.690411
478.366949
476.359599
440.072887
372.440633
324.264233
269.756959
181.742382
115.654243
103.146908
97.433681
62.382262
25.941139
-14.360273
-96.970447
-182.977674
-193.168836
-144.529201
-159.352709
-281.801059
-394.367072
-395.756776
-344.492144
-327.198052
-343.256852
-342.330383
-334.146571
-353.293602
-356.381833
-282.727529
-188.690901
-192.705601
-282.881940
-291.837810
-146.073316
-10.345573
21.308792
66.860197
248.448167
480.528711
565.146234
495.043395
467.712553
596.646188
776.381220
830.734082
742.873916
649.763758
631.543196
659.182862
715.851897
793.829724
825.792913
706.432793
467.249318
355.918598
435.440541
478.521361
312.528956
60.683735
-97.742504
-190.543840
-263.426086
-275.315775
-252.771690
-359.470064
-571.013873
-684.815177
-634.477016
-570.859461
-632.778489
-741.484212
-804.792944
-847.564940
-884.006063
-875.513429
-833.976724
-813.439990
-813.594401
-792.285609
-745.190089
-686.050470
-615.175573
-568.388877
-595.256485
-618.109392
-543.683030
-432.352310
-393.749426
-406.102349
-342.793618
-228.220255
-160.896824
-110.095428
7.102931
138.352739
168.308578
158.580651
230.382017
342.484794
370.896518
360.705356
406.256760
449.955226
439.918476
459.683153
564.528588
643.278473
622.278504
598.344715
644.359354
676.785777
646.057881
606.837350
604.212354
579.197684
493.036045
422.315560
396.528833
354.220071
276.087833
221.271736
187.918843
125.999816
41.227881
-12.816158
-39.066119
-80.139589
-119.360120
-144.683612
-197.646770
-279.484886
-320.558356
-292.609867
-272.381956
-321.639237
-382.631795
-386.646495
-365.028879
-366.109760
-367.190641
-361.786237
-387.572964
-427.256730
-402.242060
-327.970110
-301.256913
-251.381986
-28.566135
260.492267
372.749456
328.124521
348.815668
470.028726
550.785961
625.829969
785.337090
863.932563
704.734266
527.778642
617.491746
845.712001
894.042813
770.050347
692.381343
645.285823
526.543349
438.374360
468.021376
446.403761
207.374697
-70.720485
-147.154197
-115.499831
-183.286497
-312.683367
-367.962698
-403.631764
-513.572780
-620.888800
-611.160873
-571.168284
-638.028481
-765.263589
-850.344348
-872.116375
-868.564909
-852.506109
-821.006155
-799.542951
-793.675313
-777.153278
-735.462162
-679.874008
-630.925550
-616.102042
-624.594677
-601.124123
-521.911003
-441.925826
-414.131749
-394.521483
-329.977460
-251.227575
-178.654151
-67.323431
68.558724
131.867455
118.588062
161.823293
296.315744
392.205310
385.565614
381.550914
439.764064
478.521361
485.161057
550.631550
669.991670
714.462193
665.050500
657.793158
719.403362
735.616574
678.638716
636.638777
622.432915
560.050654
463.852264
430.036137
433.742014
363.484764
239.337886
172.786513
171.087986
128.933635
39.066119
-12.661746
-31.499954
-97.433681
-195.485009
-229.301136
-216.021744
-250.455517
-319.323064
-338.624506
-323.028940
-346.499494
-385.256791
-367.190641
-334.300983
-358.543595
-401.470003
-390.661195
-344.183321
-341.712737
-383.403852
-401.778826
-369.352402
-320.403944
-259.102563
-122.448351
98.823385
284.580467
345.881848
348.043610
386.800906
471.418430
577.653569
713.998958
807.109117
745.190089
604.521177
589.388846
735.770985
869.800202
884.469298
834.439959
742.719505
579.660919
446.094937
447.021407
480.837534
369.506814
135.882155
-47.867577
-134.492451
-189.771782
-236.558478
-261.727559
-322.874529
-458.139038
-587.690319
-623.977031
-606.065292
-636.947600
-729.440112
-818.226747
-874.741371
-908.403086
-899.447217
-854.359048
-816.373809
-807.263528
-802.322359
-770.204759
-716.006308
-653.778458
-605.138823
-605.910881
-623.204973
-583.057973
-499.675742
-446.403761
-426.484672
-370.278872
-280.256944
-219.109974
-152.867424
-10.345573
133.411570
160.588001
141.132147
234.551128
395.139129
448.565522
411.352341
442.852295
541.212446
571.322696
557.734480
632.624077
748.278320
752.756255
685.741647
699.021039
760.013597
720.484243
618.109392
606.065292
643.278473
583.675619
452.580222
385.411202
372.595045
306.043671
211.389397
180.352678
176.337978
95.735154
-32.889658
-103.301320
-122.139528
-153.793893
-190.235017
-208.146755
-247.521698
-330.286283
-375.065629
-331.521575
-296.161333
-340.940679
-383.403852
-360.550945
-343.720087
-397.146479
-434.050837
-391.124429
-347.734787
-363.484764
-383.558264
-351.131841
-319.014240
-311.756898
-295.080452
-241.190825
-134.183628
52.345512
264.352556
375.683275
367.962698
352.367133
422.315560
528.241876
655.940220
788.734143
813.439990
692.072520
595.565308
702.263681
886.631059
934.035402
850.498759
763.101828
646.521116
487.631642
432.969957
497.205157
466.322849
210.462928
-60.220500
-148.852724
-140.205678
-188.073255
-267.749609
-323.492175
-425.249380
-577.344746
-680.491654
-670.146081
-649.609346
-716.932778
-828.881144
-908.403086
-930.792760
-912.572198
-872.270786
-854.667871
-861.153155
-848.645821
-795.219428
-738.550393
-700.719566
-644.977000
-591.087373
-587.844731
-595.256485
-518.668361
-398.690595
-340.786268
-332.448044
-282.264294
-188.536490
-111.793955
-11.735277
136.654212
235.786421
223.587909
231.154075
350.668606
464.006676
467.094907
456.286099
538.587450
623.050562
623.359385
620.734389
693.925458
749.359201
718.322481
687.903408
721.410712
739.940097
671.535785
588.462377
553.565369
531.484519
480.065476
426.484672
376.300922
299.249563
215.249686
169.080636
152.867424
103.146908
19.455854
-64.698435
-136.963035
-198.727651
-224.514378
-217.874682
-245.359936
-319.477475
-372.131810
-356.381833
-333.065691
-349.278902
-373.675925
-368.889168
-364.874468
-391.433252
-402.087649
-371.514164
-339.396564
-358.389183
-389.271491
-376.455333
-333.992160
-305.734848
-292.301044
-269.448136
-243.661409
-164.911524
28.102900
271.764309
391.124429
364.874468
357.308302
447.639053
562.521238
671.226962
809.579701
867.484029
744.881266
603.440296
674.624016
867.484029
927.086883
849.726702
777.462101
697.322512
542.602150
452.889045
502.609561
494.580161
261.727559
-17.911739
-124.455701
-143.139497
-216.330567
-298.323094
-322.411294
-418.455272
-623.359385
-758.778305
-723.418062
-681.881358
-770.976816
-877.984013
-901.608979
-902.998683
-936.197164
-929.403056
-874.432548
-852.351698
-869.028144
-836.910544
-753.837136
-692.535754
-657.329923
-618.881450
-598.499127
-597.727069
-530.558049
-395.756776
-300.639267
-287.514286
-247.984932
-130.940985
-20.691146
53.889627
152.558601
272.999602
325.653937
327.815698
379.389152
471.109607
512.955134
517.278657
556.653600
602.050592
594.793250
591.396196
654.704927
708.285731
681.418124
647.293173
689.447524
726.815116
664.896089
571.013873
537.969803
528.550699
458.602272
376.300922
342.639206
308.205433
220.499678
141.132147
135.727743
124.764524
31.345543
-88.014577
-141.749793
-157.963005
-196.102655
-231.926132
-236.712890
-259.565798
-330.131871
-382.168560
-371.668575
-348.198021
-356.999479
-369.352402
-365.028879
-373.521514
-393.131779
-385.102379
-350.050960
-339.087741
-356.690656
-354.992129
-317.006890
-279.484886
-268.212844
-253.852571
-220.345267
-193.786482
-163.985055
-45.396993
181.433559
380.161210
434.977307
426.330260
474.506661
560.205065
632.624077
748.278320
883.234006
863.778152
671.690197
570.705050
710.293081
878.756071
875.513429
778.079747
697.940158
579.815331
430.036137
398.536183
449.955226
375.065629
117.816005
-113.492481
-209.845282
-259.102563
-314.999540
-364.565645
-429.727314
-592.785900
-750.285670
-793.520901
-738.395982
-726.660705
-793.520901
-882.153125
-952.101552
-968.005941
-917.976602
-832.432609
-821.778213
-866.248736
-864.550209
-759.704774
-658.719627
-609.925581
-576.263865
-538.741861
-519.749242
-493.962515
-382.168560
-258.330505
-205.521759
-208.764401
-153.330659
-44.316112
54.198450
146.845374
242.580528
308.823079
324.573056
370.896518
466.631672
534.881573
528.241876
516.043365
549.550669
584.910911
591.550608
606.374115
653.932870
678.484304
653.315223
634.477016
656.557866
663.506385
602.359415
533.028634
506.933084
486.396349
417.528803
340.786268
295.543686
240.264355
162.595351
113.646893
107.470431
63.308731
-35.205831
-112.257189
-139.588032
-171.087986
-227.139375
-260.492267
-280.565767
-327.043641
-377.845037
-378.617095
-350.668606
-360.550945
-394.984718
-401.315591
-376.300922
-367.190641
-373.212691
-361.323002
-341.249502
-339.550975
-342.793618
-302.955440
-240.882002
-213.087924
-213.859982
-179.735032
-100.985147
-46.323462
-42.308762
-42.771996
-13.897039
58.213150
204.595290
410.889106
548.624200
544.300677
498.749272
523.146296
600.969711
690.528404
808.344409
857.447278
730.984228
548.006553
550.477138
709.212201
773.910636
701.337212
619.190273
550.940373
407.800876
284.734879
291.992221
302.801029
143.757143
-111.021897
-255.396686
-307.742198
-373.521514
-453.661103
-488.403699
-549.859492
-691.146051
-795.682663
-779.469451
-732.528343
-778.388570
-850.035525
-872.116375
-876.439898
-898.211925
-877.984013
-806.645882
-775.145928
-786.417970
-751.984197
-652.079931
-579.506508
-552.175665
-514.344838
-455.050807
-400.697945
-338.315683
-256.168744
-198.264417
-166.764463
-107.316020
-15.749977
57.286681
116.271889
209.227636
307.278963
353.602425
379.852387
448.256699
520.521299
522.374238
491.337518
514.344838
581.513858
606.991762
588.616788
597.727069
638.954950
650.535816
625.212323
623.668208
642.660827
614.557927
537.043334
486.087526
480.065476
447.330230
368.734756
301.565737
261.264325
204.440878
133.257159
91.102808
65.316081
4.169112
-83.691054
-146.690962
-175.874743
-212.007044
-267.286375
-312.528956
-334.609806
-350.977429
-371.514164
-376.455333
-363.330352
-360.550945
-377.999449
-382.631795
-354.837718
-322.874529
-311.139252
-306.043671
-289.984871
-268.676079
-242.889352
-203.823232
-160.124766
-127.698343
-103.918966
-72.882247
-33.198481
6.485285
37.985239
52.191100
54.352862
55.742566
73.345481
140.977736
279.793709
422.624383
472.808134
447.639053
445.477291
485.469880
513.418369
559.124184
650.999050
680.800477
562.212415
436.367010
476.977245
594.793250
618.263804
557.888892
506.006615
425.712614
280.411356
196.257067
223.124674
206.757051
27.330842
-187.455609
-283.962821
-325.962760
-399.617064
-472.653722
-499.830153
-564.528588
-690.682816
-760.168009
-733.609224
-712.609254
-770.359170
-824.403209
-826.719382
-828.109086
-840.925244
-817.454690
-759.859186
-731.138639
-721.565124
-668.910789
-574.565338
-492.727222
-440.381710
-401.161179
-363.484764
-317.933360
-248.293755
-175.411509
-127.852755
-83.382231
-17.602915
50.183750
102.066028
173.712982
274.852540
338.778918
352.984779
377.536214
447.793464
499.675742
499.058095
502.918384
529.168346
553.565369
557.734480
583.366796
623.359385
635.866719
630.925550
630.771139
633.396135
600.815300
552.793311
518.822773
488.249288
439.300830
373.675925
316.852479
262.499617
197.183536
128.161578
77.977827
39.374943
-13.124981
-83.845466
-137.117447
-165.374759
-195.330597
-234.705540
-272.845190
-297.705448
-320.712767
-324.881879
-302.337794
-284.889290
-296.778979
-322.720117
-313.146602
-272.227544
-236.249655
-222.352617
-222.507028
-213.087924
-205.830582
-196.102655
-175.257097
-137.889505
-105.771905
-100.830735
-96.970447
-67.632254
-23.007319
-6.485285
-12.352923
-1.080881
33.352893
48.485223
28.102900
11.889689
9.110281
10.654396
56.514623
195.639420
355.918598
407.800876
374.293572
370.587695
420.462622
461.999326
514.653661
601.124123
602.205004
463.389030
349.742137
415.675864
527.160996
509.558080
421.852326
371.668575
306.970140
178.345328
108.860135
123.992466
66.088139
-131.558632
-305.734848
-347.271552
-370.433283
-446.712584
-511.411019
-528.241876
-585.682969
-681.572535
-704.116620
-654.859339
-650.226993
-717.241601
-749.204789
-726.506293
-717.859247
-730.520993
-711.219551
-668.293143
-643.124062
-597.881481
-500.138976
-403.477353
-368.425933
-357.462714
-313.609837
-244.742290
-182.205617
-124.146878
-73.191070
-43.852877
-23.161731
25.014669
109.477781
197.029124
258.639329
290.293694
317.161302
363.484764
430.036137
492.881634
525.771292
528.241876
519.749242
528.241876
555.572719
582.749150
595.874131
594.638838
580.741800
557.116834
540.131565
529.631580
503.536030
449.491991
391.742076
352.058310
315.771598
269.602548
219.882032
174.639451
120.595412
65.779316
30.882308
15.749977
-9.727927
-56.823447
-97.742504
-117.661593
-131.404220
-155.955655
-183.595320
-204.440878
-222.198205
-235.014363
-233.624659
-224.977613
-228.683490
-242.580528
-246.904052
-235.786421
-226.212905
-230.690840
-235.632009
-229.455548
-218.646740
-215.095274
-211.389397
-194.712951
-168.771813
-146.999786
-126.463051
-96.198389
-65.316081
-46.169050
-35.205831
-15.286742
9.110281
24.551435
39.220531
75.970477
117.970416
112.874835
58.521973
14.514685
20.691146
67.169020
162.595351
295.080452
360.087710
294.308394
206.448228
224.051144
302.028971
347.580375
371.514164
365.646525
269.139313
146.999786
161.668882
281.029002
316.080421
238.257005
167.073286
121.676293
49.874927
13.433804
50.801396
38.294062
-99.286620
-229.764371
-243.970232
-236.712890
-289.521636
-338.315683
-340.014210
-369.970048
-447.330230
-479.447830
-448.719934
-444.705234
-495.043395
-519.440419
-492.727222
-479.756653
-505.080145
-520.366888
-503.690442
-478.212538
-440.381710
-373.521514
-301.720148
-264.970202
-255.087863
-229.918782
-170.315928
-94.963097
-38.139650
-16.367623
-9.264692
18.683796
69.330781
119.360120
160.433589
195.330597
215.867332
230.999663
275.161363
346.653906
396.220010
403.786176
404.712645
419.536153
432.043487
435.903776
442.080237
442.389060
429.264080
422.315560
434.822895
446.712584
434.514072
397.609714
357.153891
333.065691
325.499525
309.131902
262.962852
204.132055
165.065936
149.933605
132.330689
99.749854
60.220500
23.933789
-9.573515
-39.220531
-62.691085
-83.845466
-111.639543
-150.088016
-186.837963
-209.999694
-220.654090
-230.690840
-243.815821
-255.551098
-260.337855
-254.315805
-246.286405
-243.970232
-241.499648
-230.690840
-222.043794
-222.815851
-217.720271
-194.404128
-171.860043
-169.389459
-169.698282
-148.389489
-117.043947
-95.889566
-79.985177
-56.360212
-35.823477
-29.955839
-25.323492
-9.110281
8.029400
16.830858
26.095550
39.992589
48.639635
50.338162
57.749916
72.264600
76.896947
66.242550
56.360212
55.742566
54.044039
52.036689
67.941077
97.896916
113.492481
110.249839
114.110128
133.565982
149.470370
159.198297
176.955624
190.852663
179.117386
160.433589
168.308578
184.676201
172.940924
150.242428
148.543901
151.168897
129.242459
105.926316
100.676324
83.845466
37.676416
-3.088231
-19.301442
-43.389643
-91.102808
-135.573332
-160.742413
-190.389428
-237.793771
-279.484886
-303.264263
-323.183352
-350.668606
-369.197991
-369.043579
-366.727406
-375.528864
-381.859737
-369.970048
-352.521545
-339.859798
-318.242183
-275.779009
-224.823201
-184.521790
-150.551251
-116.889535
-90.330751
-72.110189
-46.941108
-7.566165
28.257312
46.014639
60.838147
90.021927
125.536582
153.485070
178.654151
209.227636
235.323186
248.911402
261.264325
281.337825
296.624567
298.477506
297.705448
303.727498
308.359844
307.896610
309.903960
311.911310
303.418675
286.587817
275.470186
268.058432
250.918752
228.220255
210.617340
192.705601
163.058586
132.485101
113.801305
95.271920
62.073439
26.095550
6.176462
-7.257342
-29.647016
-52.499923
-66.242550
-85.698404
-121.058647
-154.565951
-171.087986
-181.742382
-195.176186
-205.212936
-210.154105
-216.793801
-219.882032
-208.764401
-191.779132
-183.440909
-181.433559
-176.183566
-164.139466
-147.308609
-130.632162
-121.830705
-121.213058
-119.514532
-107.470431
-87.705754
-67.632254
-52.499923
-43.389643
-37.058769
-28.102900
-12.816158
0.617646
8.492635
16.213212
28.720546
39.683766
42.617585
47.404343
62.073439
77.823416
84.617524
88.477812
96.661624
101.911616
98.514562
95.426331
99.904266
105.154258
105.771905
102.220439
94.963097
88.014577
89.095458
98.051328
101.139558
93.727804
83.845466
76.742535
68.558724
58.521973
52.345512
45.396993
26.249962
-1.235292
-18.838208
-19.301442
-17.602915
-25.169081
-33.044069
-34.124950
-36.286712
-44.624935
-51.264631
-53.117570
-61.301381
-78.749885
-92.492512
-97.279270
-102.992497
-113.029247
-119.205708
-122.911585
-127.698343
-128.007166
-121.985116
-120.749824
-127.543932
-129.551282
-122.448351
-115.036597
-108.551312
-96.198389
-83.999877
-79.058708
-73.191070
-56.360212
-37.522004
-26.095550
-15.749977
-2.007350
8.955869
18.529385
34.897008
52.036689
59.448443
60.529323
68.249900
83.227820
94.654274
98.051328
96.352801
95.889566
97.896916
99.595443
101.293970
104.845435
104.845435
92.955747
77.514593
74.735185
84.771935
90.639574
84.154289
71.646954
58.985208
50.029339
47.249931
46.786696
41.227881
29.801427
16.830858
3.860288
-6.330873
-9.110281
-6.485285
-4.323523
-6.176462
-12.816158
-22.698496
-31.345543
-34.588185
-34.588185
-36.904358
-41.227881
-44.007289
-47.404343
-49.257281
-44.933758
-36.132300
-29.647016
-23.779377
-16.985269
-11.426454
-8.647046
-1.544115
10.963219
17.757327
17.448504
20.382323
28.720546
33.816127
35.205831
41.536704
50.183750
49.257281
40.764646
36.904358
39.220531
39.992589
38.602885
35.360243
28.720546
22.698496
17.139681
7.720577
2.933819
26.404373
66.396962
63.463143
3.242642
-47.095520
-34.433773
7.102931
18.066150
-13.433804
-52.963158
-68.558724
-56.514623
-43.544054
-55.896977
-80.602824
-79.985177
-52.499923
-38.602885
-60.066089
-88.323401
-90.485162
-80.139589
-82.146939
-96.198389
-94.036628
-66.860197
-39.529354
-43.235231
-74.117539
-95.271920
-80.448412
-47.713166
-33.970539
-39.838177
-41.227881
-30.110250
-24.397023
-27.330842
-24.705846
-10.654396
11.117631
37.367593
59.139620
58.367562
43.852877
42.154350
58.213150
70.257250
70.102839
70.411662
77.051358
86.007227
88.786635
81.529293
70.566074
73.345481
91.257220
103.610143
96.507212
86.624874
85.080758
86.624874
83.536643
71.029308
49.566104
31.345543
30.110250
35.360243
24.705846
0.772058
-14.205862
-17.448504
-21.617616
-24.397023
-20.073500
-20.227912
-35.669066
-56.977858
-70.874897
-73.808716
-73.345481
-78.749885
-95.117508
-109.477781
-106.852785
-96.043978
-94.654274
-100.676324
-97.896916
-89.558693
-82.146939
-76.433712
-71.646954
-73.345481
-70.411662
-52.345512
-33.198481
-27.794077
-25.786727
-14.669096
-1.698527
13.588215
39.838177
64.080789
63.463143
47.404343
48.176400
68.867547
82.918997
83.382231
87.088108
95.889566
94.191039
86.624874
93.573393
107.933666
107.161608
95.271920
94.345451
102.838085
98.514562
79.213120
64.080789
62.227850
67.014608
71.029308
63.617554
42.617585
23.316142
22.235262
32.117600
28.874958
6.485285
-16.058800
-23.933789
-22.698496
-29.183781
-50.029339
-71.955777
-82.301351
-83.227820
-81.374881
-79.985177
-84.771935
-102.066028
-122.139528
-120.904235
-96.661624
-79.676354
-87.705754
-103.764555
-105.154258
-93.418981
-84.617524
-84.926347
-81.838116
-66.705785
-47.404343
-37.522004
-35.360243
-30.110250
-18.838208
-9.110281
-0.926469
14.051450
32.580835
41.536704
35.669066
29.338192
37.213181
56.205800
70.566074
69.485193
60.838147
63.154320
76.588124
85.852816
80.294001
70.874897
73.808716
84.308701
86.161639
77.205770
67.323431
61.919027
57.904327
51.110220
40.919058
30.419073
23.933789
20.999969
12.507335
-2.316173
-12.044100
-13.279392
-13.124981
-15.286742
-17.448504
-23.624966
-38.448473
-50.492573
-50.801396
-47.558754
-49.102870
-48.794046
-47.404343
-55.124920
-69.639604
-76.279300
-76.279300
-78.749885
-74.117539
-56.360212
-50.646985
-69.485193
-83.227820
-67.323431
-42.617585
-35.823477
-34.279362
-20.382323
-4.477935
0.000000
-0.617646
6.176462
23.933789
44.779346
53.889627
46.169050
38.602885
48.948458
66.396962
73.499893
75.044008
80.139589
80.911647
71.801366
64.235200
63.308731
58.985208
52.654335
57.595504
66.551373
60.220500
42.926408
33.198481
30.110250
23.933789
18.992619
23.624966
29.338192
23.316142
9.110281
-1.698527
-9.882339
-18.838208
-25.786727
-29.029369
-31.654366
-40.919058
-53.735216
-63.308731
-69.485193
-74.271950
-77.977827
-78.749885
-79.213120
-82.610174
-85.235170
-79.830766
-69.330781
-63.926377
-64.544023
-60.838147
-46.786696
-31.654366
-24.397023
-22.544085
-17.448504
-7.257342
3.397054
13.124981
23.316142
30.727896
32.117600
36.286712
50.492573
64.698435
65.470493
57.904327
60.220500
72.573424
78.749885
73.963127
67.477843
62.536673
54.816096
47.558754
49.874927
58.213150
54.507273
33.816127
13.588215
5.713227
6.639696
8.492635
4.941169
-4.014700
-16.058800
-25.169081
-29.647016
-33.970539
-36.595535
-34.279362
-29.647016
-30.882308
-36.132300
-37.213181
-35.360243
-37.676416
-41.999939
-39.838177
-34.124950
-36.595535
-49.874927
-63.926377
-67.632254
-60.992558
-49.566104
-40.764646
-38.139650
-36.904358
-32.735246
-27.794077
-24.551435
-19.919089
-11.272042
-1.080881
5.867638
9.573515
11.272042
15.132331
20.999969
28.566135
38.294062
47.095520
50.492573
49.411693
49.874927
56.360212
61.919027
60.066089
55.124920
53.889627
59.294031
62.845497
60.683735
54.044039
46.323462
41.845527
42.617585
45.551404
44.161700
37.522004
29.647016
25.941139
23.933789
18.066150
8.492635
0.463235
-2.316173
-2.007350
-3.242642
-9.264692
-18.066150
-26.713196
-33.044069
-35.514654
-35.669066
-35.360243
-40.610235
-50.646985
-61.764616
-68.249900
-69.330781
-69.330781
-72.110189
-77.823416
-79.830766
-75.198420
-70.411662
-71.646954
-75.352831
-71.338131
-56.360212
-38.911708
-28.566135
-25.323492
-22.852908
-16.985269
-10.808808
-5.095581
5.249992
20.382323
31.963189
31.499954
26.249962
30.727896
42.308762
49.257281
46.632285
45.242581
49.720516
52.963158
51.573454
49.102870
47.713166
45.088170
40.610235
38.602885
41.845527
43.698466
39.683766
33.970539
31.191131
31.499954
30.727896
28.411723
26.095550
25.014669
23.933789
21.154381
16.676446
9.573515
4.169112
3.397054
4.323523
-0.308823
-8.955869
-15.904389
-15.595565
-12.970569
-16.985269
-25.323492
-32.580835
-32.117600
-27.794077
-26.558785
-29.801427
-35.823477
-39.683766
-40.610235
-38.911708
-36.441123
-34.897008
-35.823477
-38.294062
-39.220531
-35.205831
-27.330842
-20.691146
-19.455854
-21.772027
-23.007319
-17.294092
-6.022050
3.860288
8.183812
7.102931
4.632346
4.169112
7.720577
15.749977
24.088200
27.639666
27.022019
25.169081
25.169081
27.022019
28.102900
29.647016
31.808777
33.816127
34.124950
32.735246
29.801427
26.713196
23.470554
20.845558
20.845558
23.007319
23.779377
20.691146
15.286742
12.352923
11.735277
11.580865
10.345573
9.110281
8.801458
8.183812
4.014700
-3.242642
-8.492635
-9.573515
-9.110281
-10.808808
-14.823508
-20.536735
-24.860258
-27.794077
-28.874958
-29.029369
-28.874958
-27.485254
-25.169081
-23.316142
-22.235262
-23.007319
-23.316142
-21.463204
-17.757327
-14.977919
-14.360273
-14.669096
-16.830858
-19.610266
-22.698496
-24.242612
-24.397023
-23.007319
-21.617616
-21.772027
-21.772027
-21.772027
-20.073500
-16.213212
-11.426454
-7.257342
-2.161762
3.860288
10.345573
13.588215
14.514685
17.294092
22.080850
25.786727
28.102900
30.419073
33.044069
33.661716
31.191131
30.110250
31.963189
32.426423
29.647016
26.558785
27.639666
29.647016
28.874958
25.786727
23.470554
23.933789
22.389673
18.992619
16.985269
17.911739
18.066150
13.897039
8.801458
5.713227
3.551465
0.000000
-4.786758
-7.102931
-7.566165
-9.727927
-14.051450
-19.147031
-21.463204
-22.080850
-22.852908
-23.933789
-24.242612
-25.169081
-26.867608
-27.022019
-24.860258
-21.926439
-20.691146
-20.845558
-19.147031
-15.595565
-13.588215
-13.279392
-12.970569
-10.191162
-8.029400
-7.257342
-6.176462
-5.095581
-4.323523
-4.941169
-4.323523
-2.007350
0.617646
0.154412
-1.080881
0.772058
5.713227
10.191162
12.198512
13.588215
16.058800
17.911739
19.147031
21.617616
26.404373
30.573485
30.264662
27.330842
26.095550
25.786727
22.544085
17.448504
13.897039
12.661746
8.492635
0.926469
-4.632346
-6.639696
-10.499985
-16.367623
-20.073500
-19.764677
-20.073500
-23.624966
-26.404373
-24.242612
-21.463204
-21.308792
-22.235262
-18.992619
-14.360273
-13.897039
-14.823508
-12.970569
-8.492635
-6.794108
-7.720577
-6.948519
-2.933819
-1.235292
-2.779408
-4.014700
-2.624996
0.308823
0.772058
1.080881
4.169112
7.411754
8.338223
6.948519
8.647046
13.279392
16.522035
16.522035
17.139681
19.610266
21.772027
21.926439
21.463204
22.080850
23.316142
23.007319
21.463204
20.691146
20.073500
18.220562
15.132331
12.352923
11.117631
9.573515
6.022050
1.852938
-1.544115
-5.095581
-9.264692
-13.433804
-16.058800
-17.757327
-20.227912
-23.161731
-25.786727
-26.867608
-27.176431
-26.558785
-25.786727
-24.860258
-23.007319
-20.691146
-18.683796
-16.213212
-13.279392
-11.117631
-9.573515
-7.720577
-5.095581
-2.624996
-0.617646
1.544115
2.316173
2.161762
3.397054
4.786758
6.022050
6.948519
8.029400
8.183812
8.647046
9.110281
9.727927
10.499985
11.272042
12.816158
15.132331
17.448504
19.764677
21.772027
23.470554
25.323492
25.941139
27.639666
29.338192
30.110250
29.647016
27.794077
25.941139
23.161731
20.536735
16.830858
12.970569
8.801458
3.551465
-2.316173
-7.874989
-12.816158
-18.529385
-24.860258
-29.955839
-34.279362
-37.676416
-41.227881
-44.161700
-45.705816
-46.477873
-46.786696
-46.169050
-43.852877
-41.536704
-39.066119
-35.823477
-32.272012
-28.411723
-24.551435
-20.073500
-15.749977
-11.580865
-7.874989
-4.169112
-0.772058
2.779408
6.485285
10.191162
13.433804
16.830858
20.536735
23.161731
25.786727
28.411723
31.191131
33.661716
36.132300
37.985239
40.147000
40.610235
40.919058
41.382293
41.227881
40.455823
39.220531
37.676416
35.669066
33.352893
30.264662
27.022019
23.161731
19.764677
15.904389
11.272042
7.257342
2.624996
-2.161762
-6.639696
-10.808808
-15.595565
-19.610266
-23.624966
-27.176431
-29.801427
-32.272012
-34.124950
-35.360243
-36.132300
-36.749946
-37.058769
-37.058769
-36.749946
-35.051419
-33.352893
-31.654366
-29.801427
-27.330842
-24.551435
-21.926439
-18.683796
-15.595565
-12.352923
-9.110281
-5.404404
-1.852938
0.926469
3.860288
6.794108
9.419104
11.889689
13.897039
15.749977
17.294092
18.992619
20.536735
21.154381
21.772027
21.926439
22.235262
21.617616
21.772027
21.154381
20.691146
19.610266
18.066150
16.830858
15.132331
13.588215
11.580865
10.345573
8.955869
7.102931
5.095581
3.397054
2.007350
0.154412
-1.389704
-2.933819
-4.323523
-6.022050
-7.411754
-8.955869
-10.654396
-11.889689
-12.507335
-13.433804
-14.360273
-14.823508
-14.823508
-14.823508
-14.514685
-13.588215
-13.124981
-12.044100
-11.272042
-9.573515
-8.647046
-7.566165
-6.794108
-6.176462
-5.404404
-4.169112
-2.470585
-2.007350
-1.080881
-0.463235
0.926469
2.007350
2.933819
4.169112
5.713227
6.948519
8.029400
9.110281
10.036750
10.808808
11.580865
12.970569
14.051450
14.669096
14.514685
14.669096
14.669096
14.669096
14.051450
13.433804
12.970569
11.735277
10.654396
9.110281
7.411754
5.558815
3.860288
2.316173
0.772058
-0.926469
-2.933819
-4.477935
-6.639696
-8.492635
-9.882339
-11.426454
-12.507335
-13.897039
-15.132331
-16.213212
-16.522035
-16.676446
-16.367623
-15.904389
-15.595565
-15.132331
-14.823508
-14.051450
-12.970569
-11.735277
-10.191162
-8.647046
-7.411754
-5.867638
-3.860288
-1.698527
-0.617646
1.544115
3.860288
5.249992
6.639696
8.029400
9.110281
10.036750
11.117631
11.580865
12.198512
12.661746
12.044100
11.117631
10.808808
10.191162
9.419104
8.338223
7.566165
6.639696
5.249992
4.477935
4.014700
3.088231
2.470585
1.852938
1.389704
0.308823
-0.308823
-0.926469
-1.544115
-1.698527
-2.161762
-2.933819
-3.860288
-4.632346
-5.095581
-5.249992
-5.713227
-6.176462
-6.485285
-6.176462
-6.330873
-6.794108
-6.794108
-6.485285
-5.713227
-4.941169
-4.169112
-3.551465
-2.779408
-1.852938
-0.772058
0.617646
2.161762
3.397054
4.632346
5.404404
5.867638
6.948519
7.566165
8.183812
8.801458
8.801458
9.110281
8.647046
8.492635
8.338223
8.183812
7.102931
6.176462
5.249992
4.323523
3.551465
1.852938
1.389704
0.154412
-0.772058
-1.698527
-2.933819
-3.860288
-4.014700
-4.014700
-4.632346
-4.477935
-4.477935
-4.786758
-4.941169
-5.095581
-5.095581
-4.786758
-4.786758
-4.323523
-4.632346
-4.786758
-5.095581
-5.095581
-4.941169
-4.941169
-4.786758
-4.632346
-4.632346
-4.632346
-4.786758
-4.477935
-4.323523
-4.169112
-3.705877
-3.551465
-3.088231
-2.624996
-1.852938
-1.389704
-0.772058
-0.154412
0.772058
0.617646
1.080881
2.007350
2.316173
2.316173
2.624996
2.624996
3.088231
3.551465
3.705877
3.705877
3.242642
3.705877
3.860288
3.860288
3.242642
3.088231
2.933819
3.088231
2.779408
2.624996
2.316173
2.161762
2.470585
2.161762
2.316173
2.007350
1.544115
1.235292
0.617646
0.617646
0.000000
-0.308823
0.308823
-0.154412
-0.617646
-0.463235
-0.463235
-0.308823
0.154412
0.772058
0.463235
0.617646
0.308823
0.772058
0.617646
0.463235
0.617646
0.463235
0.772058
0.772058
0.926469
0.926469
0.926469
0.772058
0.926469
0.926469
0.772058
0.463235
0.308823
0.154412
0.463235
0.463235
0.000000
-0.308823
-0.308823
-0.926469
-0.926469
-0.926469
-1.389704
-1.080881
-1.544115
-1.698527
-1.852938
-1.852938
-1.698527
-2.161762
-2.161762
-2.161762
-2.007350
-2.316173
-2.316173
-2.316173
-2.007350
-1.698527
-1.544115
-1.852938
-1.852938
-1.852938
-1.698527
-1.544115
-1.389704
-1.080881
-0.926469
-0.926469
-0.308823
-0.308823
0.308823
0.617646
0.617646
0.617646
0.926469
0.926469
1.080881
1.389704
1.235292
1.544115
1.544115
1.698527
1.389704
1.544115
1.235292
1.389704
1.389704
1.235292
1.235292
1.389704
1.389704
1.080881
1.235292
0.926469
0.617646
0.617646
0.308823
0.000000
0.308823
0.154412
-0.308823
0.000000
-0.463235
-0.463235
-0.617646
-0.617646
-0.617646
-0.772058
-0.772058
-1.235292
-1.080881
-1.235292
-1.544115
-1.389704
