-0.305185
-2.288888
1.068148
2.746666
-0.762963
-2.594073
0.915555
3.051851
-1.220740
-2.746666
1.068148
2.899259
-0.305185
-1.983703
-0.152593
1.678518
1.220740
-1.525926
-1.831111
1.373333
1.983703
-0.762963
-2.594073
0.457778
3.662221
0.762963
-2.899259
-1.068148
3.204444
1.983703
-1.678518
-2.288888
0.610370
2.441481
0.000000
-3.509629
-1.678518
3.967406
2.136296
-4.425184
-3.509629
4.272592
3.967406
-3.662221
-5.035554
2.288888
4.425184
-1.373333
-5.798517
-0.152593
7.324443
0.305185
-7.477035
-0.610370
6.866665
0.305185
-5.645925
-0.457778
5.798517
2.899259
-5.493332
-3.814814
3.967406
3.509629
-3.814814
-5.035554
1.678518
3.967406
-1.678518
-5.645925
-0.457778
5.340739
0.152593
-7.019258
-1.525926
5.340739
2.594073
-3.662221
-5.188147
2.441481
6.408887
-1.220740
-6.561480
1.220740
10.223701
1.831111
-11.749627
-2.594073
13.733330
4.882962
-16.479996
-5.951110
18.311107
7.477035
-18.921477
-9.918516
20.447402
12.054812
-19.684440
-12.970367
18.463699
15.411848
-18.311107
-20.905180
18.921477
24.109624
-17.548144
-26.093327
19.684440
33.722955
-18.311107
-36.622213
17.700736
41.352582
-18.005921
-48.371840
18.311107
51.728876
-14.648885
-58.137763
12.207404
64.699243
-9.460738
-68.361465
3.357036
75.533315
0.915555
-78.737758
-7.324443
79.042943
13.580737
-85.909608
-21.362958
85.909608
26.245919
-85.604423
-32.959992
88.351089
40.131842
-88.198497
-42.725915
87.740719
43.336286
-90.945163
-47.151099
87.740719
47.151099
-83.468127
-45.167396
83.925905
48.524432
-79.805906
-47.914062
76.143685
51.576283
-77.517018
-55.085912
76.296277
56.764430
-76.906648
-60.731837
83.620720
62.257762
-85.299238
-60.426652
86.825164
57.527393
-87.588126
-59.053319
83.925905
60.426652
-81.484424
-64.241466
77.059240
69.734797
-74.159982
-77.059240
73.091834
86.519979
-72.786649
-94.454791
77.059240
101.321456
-80.874054
-105.594048
87.740719
108.188121
-94.607384
-106.204418
99.642938
102.694789
-103.305160
-95.675532
106.204418
88.198497
-108.035529
-83.468127
111.087380
77.059240
-116.428119
-72.176278
122.226636
64.241466
-132.145152
-49.897765
139.622188
33.417769
-143.589594
-14.496293
144.047372
-4.272592
-143.742187
18.311107
141.453298
-29.450363
-138.248855
37.842954
135.654781
-47.303692
-134.281448
52.644431
134.128856
-55.848875
-131.077004
63.478503
130.466634
-76.601462
-121.921451
89.114052
105.136270
-104.678493
-82.399980
120.700711
48.524432
-130.466634
-7.477035
143.131816
-38.453324
-143.894779
84.841460
136.875522
-128.025153
-120.700711
161.442923
93.844421
-183.874028
-59.816281
195.928840
27.924438
-190.435508
4.882962
176.702178
-39.826657
-158.543664
73.091834
127.414783
-100.405901
-83.925905
116.733304
31.434066
-121.463674
25.788142
113.223676
-79.805906
-92.318496
120.548118
57.527393
-153.355517
-11.902219
173.039957
-41.657767
-184.026621
102.084419
169.377736
-169.377736
-132.908115
226.752536
71.871093
-271.156970
8.545183
298.318444
-99.032568
-294.045853
184.942176
254.829566
-248.268086
-184.331806
279.854745
104.678493
-274.514006
-17.548144
247.352531
-73.244426
-195.165877
168.767365
108.340714
-247.962901
4.272592
292.214742
-130.771819
-294.656223
255.134751
260.017713
-361.186577
-189.367360
433.820633
79.348128
-451.063592
42.420730
411.847305
-142.521446
-336.924361
205.389579
257.881417
-238.807348
-177.007363
262.306602
74.465167
-253.761418
44.099248
178.075511
-131.382190
-42.115545
153.355517
-97.201457
-109.256269
192.571804
46.082952
-234.687349
6.714072
256.050307
-54.628135
-267.342156
113.223676
263.985120
-168.004403
-249.183642
226.142166
220.343649
-286.721410
-178.838474
344.859174
101.016271
-364.391021
9.002961
290.078446
-96.743680
-128.788116
102.389604
-52.491839
-23.804439
170.598476
-72.481463
-225.226611
140.842928
247.047346
-214.392539
-240.180681
313.425107
169.225143
-405.133233
-45.625174
432.905078
-81.637017
-395.825087
153.965888
317.392514
-152.287370
-252.082900
94.454791
230.872535
-21.057773
-262.306602
-52.186654
318.460662
88.351089
-354.472505
-90.945163
334.177695
98.574790
-267.799933
-133.213300
209.967355
181.737733
-223.700685
-220.038464
321.054735
212.561429
-450.300629
-151.524407
542.313939
46.540729
-554.826529
61.494800
505.691726
-146.488853
-444.196927
186.925879
416.425082
-182.653288
-431.073967
137.180707
480.208770
-117.038489
-521.408759
142.674039
540.330236
-223.853278
-542.619124
334.025102
541.245791
-456.404331
-528.275424
566.576156
464.033959
-621.509475
-346.537692
629.291696
198.828099
-603.045776
-96.743680
598.162814
49.134803
-598.773185
-67.445909
595.416148
108.493306
-554.063566
-159.154035
520.188019
163.884404
-531.785053
-104.678493
593.432445
1.220740
-669.576130
110.324417
710.165750
-194.708100
-711.844268
298.165852
658.131688
-415.814712
-559.404305
530.869498
438.703595
-569.475414
-384.075460
553.758381
394.299161
-563.219119
-399.029531
658.436873
281.075486
-793.328692
-33.417769
862.910897
-234.534757
-836.054607
436.872484
723.136117
-543.382087
-576.494672
598.773185
416.119897
-639.820582
-290.383632
690.328717
218.817723
-756.859071
-177.007363
859.706453
50.508136
-961.027909
224.616241
951.109393
-545.213198
-812.402761
775.475363
607.470960
-862.147934
-424.665080
869.777562
248.420679
-851.313863
-26.398512
807.062022
-230.109572
-687.276866
445.417667
488.601360
-555.589492
-259.102158
595.416148
37.232583
-615.253181
184.942176
636.005768
-420.239896
-616.931699
664.540576
499.435431
-880.306448
-247.657716
1016.724192
-83.468127
-1054.567145
428.937671
977.507905
-726.645745
-811.792391
973.998277
557.268010
-1169.164154
-213.324391
1262.550797
-151.066629
-1275.063387
541.398384
1136.967125
-878.627930
-831.629423
1071.199734
484.939139
-1178.472300
-122.989599
1223.334511
-255.287344
-1156.041194
598.925777
933.561250
-809.350910
-671.254648
887.478298
527.359869
-1035.035298
-351.115468
1243.324136
-6.256295
-1314.432266
475.173215
1145.054530
-877.254597
-821.405722
1125.064906
515.915427
-1322.214486
-184.636991
1434.064829
-178.838474
-1396.374468
540.788014
1139.408606
-760.521293
-786.614619
771.202771
596.484296
-835.444237
-386.516941
952.940504
-46.082952
-903.042739
583.361337
612.201329
-979.949386
-233.466609
1179.540448
-103.457752
-1239.814507
395.214717
1219.061919
-635.853175
-1173.436746
893.582000
1058.534552
-1122.165647
-816.827945
1203.192294
534.684312
-1193.578963
-239.265126
1212.042662
-207.373282
-1089.663433
700.705011
672.627981
-880.459041
-301.065110
921.048660
25.635549
-997.497530
330.210288
957.670873
-666.524279
-741.905001
777.459066
556.810232
-778.222029
-438.398410
801.721282
282.601411
-770.439809
-195.776248
879.085708
-92.928866
-873.592376
507.675429
571.611710
-730.918337
-168.462180
658.742059
39.826657
-725.730190
95.065162
848.872382
-431.226560
-656.300578
517.136168
524.002833
-565.050230
-454.878406
625.629474
468.611735
-815.759797
-406.659158
1024.964190
233.008831
-1209.906366
222.937722
1024.811597
-619.830957
-573.900598
667.134649
320.596957
-716.727229
-2.746666
590.075409
-237.128830
-502.029505
632.190954
285.348077
-1058.381959
124.362932
1216.467846
-541.093199
-981.933089
709.707972
651.265023
-673.238351
-551.927270
840.632384
333.109547
-886.104965
-169.835513
983.459015
-262.001416
-760.826478
723.136117
216.681428
-853.602751
135.197003
907.162738
-337.229546
-858.485713
433.820633
839.716828
-788.140545
-529.648757
1049.226406
196.691803
-1210.211551
151.066629
1035.493076
-214.239947
-736.564261
-75.380722
850.245715
-77.669610
-824.610166
430.768782
629.902066
-741.447223
-176.854771
643.330211
-290.536224
-213.476984
623.035401
-441.908038
-494.247285
768.150920
305.948072
-914.792365
-46.235544
910.214589
-373.546574
-437.940632
225.989573
415.509526
-167.394032
-540.025051
358.287318
393.688791
-524.002833
-34.028140
473.799882
-234.839942
-315.561403
355.540652
142.216261
-284.890300
-208.746615
373.851759
87.740719
-227.973277
-115.512564
169.072551
293.130298
-496.688766
-208.441430
821.710907
-73.397019
-1005.279750
439.924335
1031.067892
-840.784976
-646.992432
806.451652
311.746589
-771.355364
158.085887
452.131740
-302.591036
-130.314042
171.514031
92.623681
-338.450286
290.078446
245.826606
-774.254622
221.106612
851.466455
-429.090264
-792.107951
421.613229
790.124248
-531.479868
-719.779080
652.180579
676.290202
-890.530149
-273.445858
686.208718
105.899233
-410.931750
-228.736239
397.198420
96.133309
-188.909583
-19.989625
25.482957
-82.552572
255.287344
16.937774
-626.850215
299.844370
776.390918
-458.693219
-911.130144
618.305032
907.773108
-740.073890
-628.681325
524.918388
453.199887
-234.229571
-490.585063
247.199939
383.159905
-74.312574
-530.411720
56.001468
438.245817
324.716956
-668.507982
-426.038413
759.453145
513.473947
-867.183488
-495.162840
966.063464
292.672520
-898.312369
-201.879950
831.324238
194.097730
-689.565755
-327.005845
549.638382
390.636940
-215.613280
-752.586480
359.508059
700.857604
-460.219145
-531.022090
648.976135
102.084419
-467.390995
43.488878
241.554014
-68.819242
93.386643
-63.478503
-292.977705
66.072576
467.696180
-62.410355
-547.654679
132.297745
416.272489
-132.297745
-247.199939
86.062201
225.226611
-137.791077
-220.954019
113.223676
258.491788
88.045904
-531.022090
4.425184
414.899156
210.882911
-603.198369
-3.051851
457.930257
-104.068122
-278.786597
55.391097
225.684388
11.902219
-146.946630
-217.139205
125.583673
372.783611
1.678518
-601.519851
-2.288888
687.276866
-5.340739
-786.919805
226.142166
699.331678
-347.911025
-722.373154
576.494672
543.992457
-511.490243
-411.236935
249.183642
346.842877
48.219247
-338.908064
-202.185135
337.229546
216.223650
-430.616189
-70.497760
544.908013
-135.654781
-567.339118
298.623630
325.327327
-124.668117
-93.234051
-205.542171
3.051851
424.512487
-21.210365
-453.199887
140.995521
325.327327
-241.859199
-215.002910
275.429561
242.622162
-313.577700
-287.789558
300.912518
297.860667
-188.756990
-320.902143
58.442948
411.389527
-110.477010
-451.216184
334.330287
327.921400
-457.167294
-180.516992
342.875470
249.794012
-252.845863
-368.511020
202.185135
443.586556
-149.082926
-511.948021
280.159930
319.376217
-278.481412
-207.525874
307.168813
82.247387
-225.836981
-54.322949
98.574790
99.795531
19.684440
-174.413290
-127.262191
255.745122
182.195510
-341.959915
-138.554040
434.125818
-11.597034
-412.152490
-4.272592
504.623578
5.798517
-563.066527
-26.551105
561.998379
61.647392
-485.244324
-53.712579
296.029556
57.222208
-132.755523
-48.219247
70.497760
61.799985
-29.145178
-282.296226
99.642938
577.105042
-211.645873
-843.226457
371.105093
950.041245
-570.085784
-778.069436
709.555379
422.833969
-756.096108
-77.211833
689.870940
-71.260723
-528.733202
2.746666
296.029556
236.060682
-163.731811
-431.226560
156.559961
499.130246
-321.207328
-342.570285
492.110989
133.060708
-573.442821
-41.352582
514.999872
136.112559
-499.435431
-59.663689
300.607333
-32.959992
-69.887390
70.039983
-127.109598
34.028140
242.011792
-311.746589
-176.244401
537.125793
111.392565
-714.743526
-67.751094
844.752383
-89.266644
-776.543511
256.202899
632.801324
-377.208795
-563.066527
498.062099
491.195434
-561.388009
-305.795480
390.789533
205.847356
-147.862185
-173.497735
-157.933294
327.921400
272.530303
-467.543588
-297.402889
559.862083
335.703620
-665.913909
-236.365867
477.919881
397.198420
-386.974719
-646.229469
565.813193
744.041297
-874.355338
-560.167268
995.361234
284.432522
-877.254597
-144.352557
730.002782
30.365918
-485.549509
-39.674064
369.884353
-8.087405
-237.586608
-56.917023
130.161449
187.841435
-68.666650
-224.463648
59.053319
81.789609
14.801478
112.308120
-236.976237
-126.346635
428.174708
-94.454791
-316.324366
267.799933
167.394032
-360.728799
-148.472556
364.391021
145.420705
-250.556975
-100.558494
140.537743
30.823696
-104.373307
34.791102
63.173318
-35.859250
-65.614799
28.992585
-6.103702
172.734772
66.072576
-373.088796
-119.174785
374.767314
159.916997
-227.362906
-199.743654
106.662196
336.466583
-150.914037
-509.201355
408.185084
449.232481
-703.146492
-232.245868
849.177567
59.663689
-773.186475
94.759976
482.650250
-208.746615
-184.942176
220.038464
-132.450337
33.570362
185.552547
-166.478477
-83.468127
114.597009
3.814814
-121.158488
-46.998507
176.091808
133.823670
-25.940734
-354.777690
-0.915555
444.044334
-28.687400
-507.370244
43.946656
547.349494
-61.189614
-442.213223
233.161424
192.571804
-399.182123
-79.042943
441.297668
151.371814
-493.179137
-54.322949
525.223573
-273.140673
-291.756965
495.468025
-131.839967
-429.548041
295.724371
364.085835
-210.272540
-278.176227
57.832578
230.262165
-132.145152
-238.196978
440.382113
129.093301
-706.961306
191.503656
673.390944
-375.682870
-490.890248
366.374724
278.786597
-439.008780
-21.362958
567.796896
-176.244401
-435.499151
220.191056
25.482957
-113.528861
255.287344
-31.891844
-291.299187
151.982184
206.457726
-78.737758
-117.038489
-54.322949
-14.954070
-50.050358
101.016271
277.718450
30.365918
-374.309537
-134.128856
299.691777
-56.306653
-138.401447
180.211807
99.185161
-246.436976
-64.088873
457.472479
36.011843
-656.910948
-188.909583
672.322796
186.925879
-547.959864
136.570336
503.555430
-382.091757
-634.785028
452.131740
592.669482
-449.842851
-358.745096
397.351012
195.776248
-328.379178
82.705165
195.165877
-311.136219
-233.619201
273.598451
415.509526
-60.274059
-400.097678
-139.622188
377.361388
23.651846
-397.808790
253.608826
251.777715
-293.893260
-93.234051
121.463674
113.681453
76.906648
-237.891793
-336.313991
397.503605
347.911025
-433.820633
31.281474
367.442872
-435.651744
-332.499177
571.916895
261.696231
-517.288760
-80.416276
384.533238
-26.398512
-213.324391
21.668143
76.448870
-13.580737
-148.014778
-19.226662
381.023609
115.359971
-476.546548
-207.373282
400.402864
171.819217
-334.940658
-52.186654
307.321405
24.872586
-259.254750
-93.539236
273.751043
141.758483
-397.198420
-148.167371
450.910999
153.202925
-308.847331
-151.371814
96.743680
135.807374
-37.537768
-103.457752
65.004428
93.234051
-62.868133
-133.823670
135.044411
165.562922
-163.426626
-252.845863
56.001468
343.943618
7.019258
-289.162891
115.665156
159.764405
-283.364374
-140.385150
319.528810
175.328845
-321.359920
-142.368854
318.002884
142.216261
-179.754029
-199.896247
30.213326
157.780702
-67.140724
-47.303692
227.057721
96.896272
-275.276969
-195.165877
181.127362
161.137738
-39.216287
-110.019232
-7.171850
163.426626
-88.656274
-188.299212
216.376243
123.294784
-246.894753
-97.354050
169.225143
96.896272
-103.152567
-19.226662
93.386643
-87.282941
-108.798491
120.242933
121.921451
-137.028114
-145.420705
167.699218
125.736265
-155.034036
-28.839993
127.567376
-76.601462
-104.068122
78.127388
2.288888
41.657767
165.715514
-169.072551
-236.823645
190.588101
192.114026
-102.389604
-122.989599
20.142217
25.330364
-14.343700
136.875522
38.911101
-241.859199
0.762963
189.214768
-152.287370
-89.419237
364.848798
-37.079991
-507.065059
148.930333
514.236909
-199.133284
-432.447300
170.903661
251.167345
-123.142192
-79.805906
126.804413
23.346661
-170.293291
-70.039983
191.198471
112.765898
-183.568843
-83.162942
122.837007
79.195536
12.207404
-144.505149
-66.530354
203.100690
-29.602956
-220.954019
193.487359
214.545132
-309.762886
-113.528861
336.619176
-37.690361
-285.348077
52.491839
235.602904
55.848875
-285.958447
-40.437027
357.066578
-137.180707
-330.057696
248.573272
173.650327
-284.890300
-19.379254
255.592529
-28.687400
-120.700711
3.357036
-19.226662
-30.823696
10.223701
128.635524
57.069615
-140.690335
-15.869626
115.665156
39.216287
-106.814788
-144.199964
97.506642
203.253283
22.431106
-108.951084
-55.238505
143.894779
-8.697776
-331.583621
22.431106
438.398410
24.262216
-291.451779
45.777766
128.635524
-77.517018
-94.149606
-67.293317
65.462206
183.111066
45.625174
-49.134803
-43.794063
-60.274059
-75.838500
-78.127388
67.140724
201.269580
16.479996
-119.632563
57.985171
77.364425
-164.647367
-176.854771
38.453324
124.515525
89.419237
88.351089
53.559987
-87.282941
-160.832553
-50.813321
70.192575
61.647392
25.025179
27.619252
63.783688
148.167371
26.398512
-267.342156
-149.845889
151.219222
33.112584
-15.411848
233.008831
117.801452
-194.097730
-167.546625
-30.671103
40.437027
12.207404
-119.937748
3.967406
232.703646
28.077030
-245.063643
-118.411822
-23.957031
-157.628109
-102.084419
126.346635
110.019232
-118.411822
-166.936255
-42.573323
-62.868133
-169.530328
-109.561454
5.798517
13.885922
-29.297771
-40.742212
-32.349622
-83.010350
-121.311081
-76.601462
-39.979249
40.131842
117.801452
-28.077030
-124.973302
57.985171
64.241466
-106.662196
44.404433
163.274034
-58.900726
-35.859250
213.782169
93.386643
-84.688868
83.468127
168.004403
2.899259
-18.311107
166.478477
171.971809
-55.391097
-54.780727
228.278462
219.122909
-86.825164
-94.454791
148.472556
172.124402
-14.954070
-26.703697
158.391072
79.805906
-136.722929
62.257762
241.096236
-36.011843
-127.109598
84.841460
73.397019
23.804439
105.899233
4.730369
-86.367386
68.666650
69.582205
-55.238505
55.848875
103.305160
-84.078498
-70.497760
149.082926
133.365893
-78.890351
-120.090341
42.420730
104.373307
-14.801478
-17.700736
102.237012
-7.171850
-166.936255
12.512589
166.631070
-29.145178
-123.752562
20.142217
0.762963
-91.097755
-1.678518
33.112584
-78.585166
-70.802945
15.564441
-45.930359
-116.885897
-43.031100
-30.060733
-116.275527
-56.001468
68.819242
-28.382215
-196.386618
-146.031075
-31.891844
-77.211833
-124.820710
-37.385176
4.119999
-100.711086
-194.860692
-166.325885
-94.607384
-92.471088
-133.671078
-100.253308
-14.496293
-52.644431
-201.879950
-209.204392
-79.958499
-88.198497
-162.816256
-32.807399
94.302199
-72.634056
-230.262165
-119.785155
-31.128881
-62.410355
1.068148
70.497760
-5.035554
-65.309613
-41.047397
-39.216287
-17.853329
22.125920
-28.687400
-72.939241
30.213326
119.937748
32.197029
-91.555533
-80.111091
1.831111
24.719994
-13.580737
-42.573323
-20.599995
-1.220740
-32.654807
-13.428145
84.688868
33.570362
-154.576258
-109.256269
142.826631
171.971809
8.392591
-0.762963
88.198497
92.776273
84.688868
136.570336
202.185135
252.845863
285.805855
318.918439
372.325833
407.116936
442.365816
640.583545
974.913832
1228.675250
1199.835258
982.390867
906.399775
1006.958268
1011.688638
943.632358
1009.552342
1084.322694
968.047167
769.982031
600.146518
330.362881
-43.488878
-294.961408
-323.953994
-275.887339
-329.905103
-534.836904
-802.331653
-1054.414553
-1257.362651
-1389.660396
-1430.250015
-1386.150767
-1307.260416
-1264.839686
-1274.453017
-1297.341900
-1335.795224
-1349.833739
-1221.350808
-1005.890121
-887.325706
-828.119794
-667.439834
-492.110989
-457.167294
-458.235442
-344.401396
-205.542171
-126.194043
22.125920
232.703646
289.315484
179.906622
137.333299
221.411797
277.871042
274.361413
256.813270
196.081433
113.528861
88.503682
67.751094
-21.973328
-128.940709
-187.231065
-193.334767
-168.614773
-130.466634
-165.410329
-257.881417
-263.222157
-157.017739
-78.890351
-75.075537
-40.131842
48.066655
167.546625
233.924386
287.331780
354.472505
419.171748
501.419135
472.273957
452.436925
458.845812
465.865069
520.645797
541.550977
504.623578
431.379152
499.130246
505.386541
373.088796
272.072525
283.516967
264.595490
630.512436
2282.021655
3749.809439
3013.397770
750.907962
190.893286
2083.956519
3022.705916
1785.332890
970.793833
2252.266107
3282.113259
2301.248317
977.507905
691.702050
333.262139
-923.642734
-1159.093045
231.788091
1248.817468
153.813295
-1918.698783
-2535.477889
-2111.728364
-2166.051314
-2985.931110
-3280.282148
-2515.793449
-1862.086945
-1993.011357
-2468.489757
-2702.719329
-3107.089599
-3552.354673
-3293.557700
-2047.181714
-783.562768
-720.999821
-1205.938960
-1353.495960
-948.667912
-595.416148
-636.921323
-475.936178
70.497760
869.319784
1465.498895
1625.721078
1340.983371
877.864967
571.153932
571.001340
1082.644176
1714.835130
1954.100255
1502.426293
1353.038182
2073.275041
2040.315049
600.451703
-621.967253
-135.959966
637.226508
339.671027
81.789609
267.799933
-333.719917
-1481.215928
-1378.368547
-640.430952
-909.146441
-1549.424800
-991.699013
27.619252
-10.223701
-341.196952
-401.928789
-620.288735
-775.322770
-216.376243
634.479842
805.230911
575.731709
414.899156
233.924386
95.217754
316.476958
411.084342
169.835513
340.586582
913.266440
1121.097499
603.045776
147.099223
-52.186654
-222.785130
-102.542197
337.839916
569.475414
95.675532
-266.884378
-310.983626
-402.691752
-688.650199
-916.013106
-818.048686
-751.670924
-528.275424
-379.345091
-378.887313
-712.759823
-1022.827894
-1063.417514
-94.912569
2816.400782
4568.315902
2871.334102
-236.823645
206.305134
3690.908713
3991.210860
1391.338914
1038.087150
3804.590166
4868.923235
2810.449672
1246.070802
1561.632205
1136.509347
-670.033908
-466.475440
1557.207021
2390.514962
319.833995
-2319.712016
-2503.280860
-1655.324033
-1823.786214
-3256.172524
-3686.636121
-2323.221645
-1393.627802
-2190.008345
-3301.797698
-3350.322131
-3432.416925
-3891.110145
-3600.421328
-1894.283974
-479.903584
-961.638280
-1800.592145
-1778.313632
-885.189410
-259.102158
-491.042841
-414.593971
471.053216
1731.009940
2182.683902
1666.310697
1120.944907
1073.336030
1029.541966
915.707921
1509.903329
2310.861648
2340.159419
1242.713765
896.176074
2227.698706
2109.592069
-67.293317
-1383.709286
-2.746666
1130.863423
-114.444416
-849.787937
-184.331806
-822.016092
-2467.421609
-1886.959531
-471.816179
-1078.066399
-2285.989062
-1316.110784
198.980691
-423.444339
-1016.266414
-560.930231
-544.908013
-641.346507
207.068097
1190.221927
872.219043
377.819165
489.516915
437.635447
255.287344
863.673860
1087.069360
352.793986
456.556924
1261.024872
1180.303411
170.445884
-93.386643
310.373256
26.398512
-165.257737
530.716905
596.942074
-353.404357
-844.904975
-526.749499
-305.948072
-709.250194
-990.783458
-811.029428
-763.115366
-694.601309
-477.462104
-592.974668
-951.109393
-1119.724166
-420.697673
2254.402403
4403.515943
3424.024335
362.407317
-480.208770
2756.737093
4442.579637
2438.581616
1081.118250
3049.409613
5000.000239
3503.677648
1070.131586
1097.445653
1711.783278
275.276969
-524.918388
1105.227874
2667.317856
1135.288607
-2173.375756
-3011.108882
-1901.455824
-1463.057414
-2539.140110
-3433.790258
-2549.668996
-1432.996681
-1984.618766
-3485.061357
-3887.753108
-3361.919165
-3264.870300
-3467.665805
-2294.534245
-459.761367
-585.650225
-1956.846921
-2357.554970
-1284.524125
-244.300680
-265.663638
-119.785155
558.336158
1511.124069
2013.306167
1497.390739
755.638331
790.582026
1251.106356
1289.101902
1465.346303
2155.980205
2445.753467
1362.041143
133.518485
224.921426
638.142064
1066.164180
1072.115289
363.628058
-414.136193
-582.293189
-74.465167
-581.682818
-1536.607026
-1465.346303
-866.267933
-860.622008
-807.062022
-523.545055
-1103.701948
-1917.630635
-1574.755164
-228.278462
168.919958
-120.853303
182.958473
238.502163
44.557026
288.094743
789.208693
642.109470
285.348077
836.970162
1447.035196
1154.667861
594.195408
465.254699
164.799959
63.783688
513.321354
978.728646
735.038336
7.324443
-214.239947
-302.591036
-342.112508
-267.494748
-273.445858
-388.042867
-491.195434
-321.054735
-371.868056
-819.116834
-1226.233769
-1088.442693
-784.478324
-611.438367
-298.013259
-240.638459
-467.390995
-713.827971
1048.921221
3792.382762
3720.206483
894.650148
-655.537615
1965.392104
4436.628528
3234.046604
1427.503349
2620.929719
4707.785497
3838.923491
1389.507803
740.073890
1806.848440
1376.537436
-34.180732
404.675455
2067.018746
1830.195101
-1593.981826
-3781.853875
-2551.194922
-1033.814558
-1834.925470
-3401.135451
-2870.876324
-1739.860309
-2326.426089
-3925.596062
-4234.443393
-3380.993234
-2906.125204
-2990.356294
-2595.904540
-1192.968593
-693.685754
-1761.528451
-2734.763765
-1977.752101
-97.659235
488.296175
178.075511
392.315458
1337.321149
1738.334383
1098.208616
638.752434
969.115315
1667.836623
1794.335851
1694.998097
1896.267677
2157.353538
1489.608519
91.555533
-175.786623
622.425031
1009.857527
234.076979
202.795505
1238.441174
517.441353
-1595.355159
-2172.307609
-569.933192
-242.316977
-1432.233718
-1033.814558
319.071032
-422.528784
-2107.760958
-1565.447019
-482.955436
-892.971630
-1095.156765
496.993951
1366.924105
150.303666
-346.385099
240.333274
348.521395
238.959941
972.472351
1640.827741
1222.418956
915.555328
896.023481
293.588075
-238.502163
358.287318
691.854643
274.666598
529.496165
990.783458
177.770326
-1232.490064
-986.663459
-39.674064
-413.831008
-734.122781
-5.798517
162.511071
-883.358299
-1470.381857
-912.808662
-704.367232
-1170.842672
-938.596804
-96.743680
-49.439988
-537.888755
-744.651667
319.833995
2756.737093
3856.471635
2211.523895
-209.967355
643.177618
3845.027193
4080.324912
1858.577316
1892.300271
4376.201876
4604.480338
1850.947688
484.328769
1789.605481
2082.125409
491.653211
297.402889
1713.309204
1979.888397
-554.216159
-3185.064394
-2946.409638
-1417.432241
-1104.159726
-2538.987517
-3270.516225
-2277.291286
-2014.526907
-3596.148736
-4684.591429
-3633.991690
-2431.104581
-2702.871921
-3051.851094
-1856.746205
-932.035324
-1830.347693
-2798.852638
-2246.467590
-552.079863
434.278411
316.324366
183.263658
653.401319
1309.854489
1193.884148
594.195408
805.536096
1868.038054
2173.070571
1665.852920
1595.965529
2051.454305
1718.192166
433.210263
9.155553
751.670924
1317.789302
829.035350
-24.414809
-308.542146
84.994053
147.099223
-830.408683
-1571.703313
-1009.857527
91.097755
-191.198471
-1007.110861
-833.918311
-744.804259
-1467.024821
-1585.741828
-199.743654
486.159879
-295.114001
-544.450235
276.802894
355.845838
-325.174734
46.845914
851.008677
957.976058
833.918311
1256.904873
1281.777459
436.109521
167.546625
477.919881
586.108003
520.035426
683.767238
510.116910
-45.625174
-178.991067
-96.285902
-354.930282
-697.958345
-314.645848
-159.611812
-563.219119
-594.500593
-468.459143
-689.413162
-1189.764149
-977.965683
-490.890248
-620.288735
-877.254597
-638.142064
-343.943618
-599.230962
-754.112405
-129.245894
2023.224683
3801.080537
2943.052602
424.054709
-418.866563
2152.012799
4018.372335
2908.719277
1938.535815
3440.504331
4711.295126
2796.411157
382.702127
741.294631
2219.153523
1655.324033
650.654653
1357.615959
2148.350577
515.152465
-2634.510457
-3326.822877
-1664.021809
-589.159854
-1421.552239
-2637.257123
-2422.711991
-2118.900214
-3179.418469
-4489.425551
-4019.745668
-2462.538648
-1973.174325
-2606.586019
-2474.593459
-1512.192217
-1798.608442
-2875.454101
-2719.046732
-974.303462
450.605814
322.122883
-56.001468
153.813295
632.190954
699.636863
453.962850
737.937594
1654.408478
2284.310544
1901.150639
1341.593741
1420.636684
1522.415918
834.070904
283.364374
915.402736
1653.340330
1319.925598
239.265126
-334.177695
-295.266593
-139.622188
150.151074
123.294784
-267.036971
-765.709439
-996.887160
-997.039752
-1037.934557
-959.349391
-879.390893
-826.746461
-591.753927
-249.031049
-410.779157
-822.321277
-756.096108
-211.340688
312.967330
546.433938
849.787937
837.733125
433.668040
349.131765
681.478349
897.549407
727.103523
653.096134
757.622034
640.888730
361.339170
266.731786
246.894753
139.622188
84.383683
95.065162
-10.986664
-229.651795
-401.013234
-460.524330
-412.610268
-355.082875
-375.530277
-634.785028
-849.482752
-825.373128
-680.257609
-642.414655
-644.093173
-453.810258
-456.556924
-662.251687
-504.470986
1231.269324
3288.216961
2946.104453
552.537641
-651.722801
1412.854464
3480.788765
2998.291107
2044.892825
2961.058524
4056.367881
2614.215647
475.173215
585.955410
2207.709081
2259.895735
1140.781939
1125.370091
1717.124018
674.916869
-2003.540243
-2879.879285
-1306.955231
-9.308146
-782.189435
-2247.840923
-2438.429024
-2373.577188
-3176.824396
-3999.145673
-3384.502863
-2045.350603
-1764.427710
-2571.031954
-2992.034812
-2413.403845
-2149.266133
-2514.114931
-2419.660140
-1186.559705
3.662221
-139.774780
-697.653160
-591.296149
113.834046
475.936178
464.339144
814.691649
1505.935922
1894.436566
1466.567043
982.848645
1118.808611
1555.681095
1424.756683
954.924207
1147.190826
1644.642554
1587.725532
689.718347
73.549611
182.500695
437.788039
458.998405
191.351064
68.971835
-247.962901
-767.540550
-1111.636761
-890.835334
-548.265049
-705.740565
-845.820531
-620.136142
-413.220638
-820.642759
-1009.247157
-533.768756
-102.084419
-1.068148
174.718475
601.062073
442.823594
-3.357036
76.754055
529.953942
705.893158
617.236884
708.639824
677.510943
389.721385
146.488853
196.386618
271.309562
357.676948
415.967304
249.488827
15.259255
-184.179214
-213.324391
-372.020648
-364.696206
-129.093301
-175.939216
-457.625072
-691.091680
-661.793910
-700.399826
-766.472402
-659.505021
-370.952500
-403.607307
-672.933166
-728.934634
87.893312
2095.858739
2972.045188
1592.150716
-486.465064
-168.462180
2282.326840
3106.631821
2253.181663
2255.623143
3476.668766
3077.486643
847.499049
87.282941
1735.435124
2822.046706
1878.261756
1173.894523
1437.269273
1185.338965
-726.035375
-2139.195024
-1241.035247
175.328845
278.481412
-1137.272310
-2159.032056
-2259.895735
-2538.224555
-3115.634782
-3066.347386
-1952.116552
-1275.826350
-2060.762451
-3193.609577
-3053.682204
-2295.449800
-2185.888346
-2330.851273
-1777.703262
-764.030921
-628.833918
-1157.872305
-1266.365611
-677.205758
-16.327403
165.868107
197.149581
624.408734
1207.312293
1160.924156
670.796870
609.149478
1218.909327
1519.669252
1138.950828
938.901989
1432.844089
1657.612922
998.718270
332.499177
814.081279
1994.995060
1474.196671
-25.635549
-392.010273
311.746589
140.537743
-897.091629
-228.431054
767.082772
-339.671027
-1842.402505
-1078.371584
16.479996
-852.076825
-1447.950751
-56.459245
677.358350
-723.136117
-1018.250117
182.805881
292.062150
-521.103574
-124.362932
971.404203
482.039880
-292.977705
129.398486
470.595439
78.890351
77.517018
583.666522
489.059138
178.228104
419.782118
524.155425
47.151099
20.752587
381.481387
156.102183
-156.254776
193.182174
427.869523
-233.466609
-621.967253
-148.472556
-105.136270
-673.848722
-630.359843
-44.404433
-152.897740
-782.799806
-736.106484
-388.805829
-100.100716
1104.464911
2447.584577
1772.209930
-437.482854
-703.146492
1372.875215
2310.861648
1591.082568
1901.455824
3163.548844
2502.670489
297.250297
-155.339221
1446.577418
2320.017201
1814.783253
1432.844089
1337.778927
724.204265
-444.349519
-1104.770096
-662.404280
346.079914
679.952424
-416.119897
-1673.635140
-1860.561019
-1748.863269
-2192.602418
-2257.606847
-1324.808560
-874.965709
-1864.681018
-2890.255578
-2723.319324
-2148.503170
-1973.937287
-1894.131381
-1599.780343
-1332.743373
-1319.925598
-1453.749269
-1507.767033
-1117.435278
-419.019155
-160.222182
-376.140647
-221.716982
411.999898
569.628007
174.413290
215.613280
818.811648
1090.121211
810.266465
777.611659
1200.140443
1512.039624
1438.337420
1236.304878
1279.030793
1415.295945
1229.743398
747.856111
536.973200
688.192422
557.420602
101.016271
72.634056
335.398435
-79.042943
-797.753876
-702.841307
-175.786623
-357.219171
-737.479817
-334.482880
8.697776
-525.070981
-883.510892
-315.866588
40.131842
-386.516941
-482.345065
4.730369
6.561480
-453.352480
-339.213249
124.210340
59.511096
-150.456259
122.226636
369.579167
153.050332
101.321456
428.479894
485.854694
272.682895
307.016220
486.312472
353.099172
204.474023
335.093250
297.708074
40.284434
5.188147
163.426626
-19.531847
-254.524381
-125.125895
-68.819242
-348.521395
-514.542094
-319.681402
-324.106586
51.118506
1268.196722
1899.319528
699.942048
-833.765719
-308.694738
1119.418981
1470.076672
1303.903380
1935.941741
2302.316465
1033.356780
-275.124376
107.882936
1434.370014
1897.488418
1595.812937
1286.050051
894.802741
202.795505
-476.699141
-428.632486
207.220689
858.790898
652.485764
-376.445832
-1212.653032
-1367.992253
-1207.159700
-1221.350808
-1028.626411
-713.675378
-947.752357
-1793.878073
-2364.269042
-2121.341695
-1629.841077
-1444.593715
-1559.190724
-1579.180348
-1540.574432
-1565.904796
-1643.116629
-1526.841102
-1064.180476
-719.321303
-750.297591
-938.139026
-731.681300
-272.225118
-116.580712
-204.321431
-101.474049
242.164384
340.739175
272.072525
444.807297
959.959762
1310.922637
1274.758202
1075.167140
864.131637
878.322745
1026.490115
1271.248573
1328.165596
1119.266389
755.790923
366.985094
280.159930
401.013234
451.979147
307.931775
219.580686
127.262191
-162.053293
-372.478426
-168.614773
41.199990
-199.743654
-358.745096
-190.893286
-182.958473
-554.063566
-610.065034
-226.294759
-223.548093
-532.700608
-464.796922
-110.324417
-143.131816
-342.265100
-145.725890
102.084419
-25.177772
-78.432573
245.368828
464.796922
404.065085
385.601386
511.795428
419.782118
263.832527
398.724345
556.962825
520.340611
419.782118
439.008780
333.109547
83.468127
34.028140
156.407369
119.479970
-53.407394
-80.721461
-104.831085
-302.438443
-444.349519
62.410355
878.170152
1042.970111
313.425107
-524.155425
-396.435457
308.236960
802.484245
945.005691
1115.756760
1168.248599
516.068020
-274.361413
-184.026621
754.570183
1381.572990
1226.386362
798.364246
487.228027
91.402940
-266.884378
-102.694789
418.256192
767.998328
500.198394
-101.168864
-657.979096
-870.693117
-674.611684
-499.130246
-496.078395
-601.825036
-750.907962
-1150.395270
-1598.559603
-1530.350731
-1047.853073
-901.364221
-1254.158207
-1494.033703
-1417.127055
-1323.435227
-1360.515218
-1166.570081
-886.257558
-888.088668
-1092.104914
-1178.624892
-916.928661
-590.380594
-327.921400
-267.494748
-342.722878
-325.327327
-191.808841
-52.797024
91.860718
446.943593
699.789456
580.614671
432.905078
952.635319
1512.039624
1259.346354
723.746487
691.091680
921.659030
649.891690
729.545004
1383.861878
1425.367053
467.543588
-87.893312
364.085835
460.524330
88.198497
340.739175
870.082747
298.013259
-559.709491
-311.899182
250.556975
-104.525900
-467.085810
7.477035
33.417769
-686.971681
-808.740540
-112.613305
-64.546651
-585.039855
-357.676948
138.248855
-126.957006
-431.684337
114.291823
497.146543
60.426652
-103.762937
427.411746
572.069488
236.823645
416.730267
805.841281
494.552470
36.011843
312.051774
612.353922
286.111040
148.319963
508.285800
453.505073
-99.795531
-155.796998
216.376243
85.451831
-290.841409
-169.072551
45.777766
-257.881417
-557.115417
-354.777690
-50.660728
117.648860
268.257711
160.069590
-396.130272
-602.587998
-75.075537
370.799908
300.454740
338.297694
616.016143
332.346584
-301.370296
-253.303641
411.389527
710.318342
581.530226
551.011715
441.908038
54.475542
-94.759976
219.885871
416.882859
337.992509
313.119922
197.149581
-242.316977
-482.497658
-179.448844
5.951110
-275.582154
-447.859148
-343.791026
-539.414681
-935.697545
-833.155349
-434.583596
-508.133207
-913.876810
-1001.617529
-859.553861
-878.780522
-900.753850
-735.496114
-654.927245
-779.442769
-862.910897
-830.713868
-775.780548
-606.555405
-346.995469
-306.253257
-468.916921
-444.502112
-227.210314
-155.034036
-130.924412
121.158488
336.924361
218.054761
165.868107
475.783586
661.793910
441.297668
304.574739
506.454689
600.146518
522.934685
660.420577
831.629423
594.348001
286.263633
410.473972
590.990964
456.709516
424.054709
639.820582
526.596906
115.512564
117.038489
422.986562
323.343623
41.199990
184.179214
345.774729
28.077030
-192.876989
124.668117
305.032517
3.814814
-111.392565
157.780702
196.081433
-13.428145
87.282941
320.139180
172.582179
-58.595541
76.906648
243.232532
132.755523
93.844421
239.112533
158.391072
-106.662196
-88.198497
104.678493
51.728876
-73.397019
46.082952
113.681453
-106.814788
-222.174760
-41.199990
25.635549
-148.777741
-183.568843
-49.592580
-92.928866
-243.537717
-191.351064
-86.367386
-190.435508
-300.149555
-211.035503
-154.881443
-264.290305
-268.562896
-84.994053
-1.983703
-105.746640
-188.909583
-194.708100
-200.506617
-128.025153
52.186654
146.488853
79.653314
16.479996
13.580737
-12.207404
15.717033
189.519953
332.346584
281.838449
180.516992
166.173292
154.118480
120.700711
178.533289
277.565857
247.505124
122.989599
45.777766
9.002961
-30.976289
-29.145178
-8.545183
-63.936280
-150.914037
-175.176253
-199.591062
-277.718450
-298.318444
-240.943644
-268.562896
-385.601386
-400.555456
-309.457701
-300.759925
-370.036945
-360.576207
-305.337702
-333.262139
-385.753978
-345.622136
-268.257711
-235.755497
-220.801427
-208.899207
-228.431054
-235.450312
-179.754029
-116.122934
-92.165903
-68.361465
-35.706658
-36.011843
-34.180732
28.839993
98.269605
102.542197
91.708125
125.278487
161.290330
171.971809
202.032542
251.930308
263.527342
241.096236
236.365867
254.371789
277.565857
309.915479
329.752511
304.727332
271.309562
276.802894
296.182149
294.656223
306.253257
334.635472
311.593997
237.586608
203.711061
235.602904
255.592529
238.196978
227.973277
216.834020
159.764405
88.503682
78.737758
119.632563
133.976263
101.474049
66.225169
45.930359
17.395551
-17.242959
-23.957031
-1.983703
5.340739
-21.057773
-50.050358
-62.868133
-76.448870
-94.607384
-96.591087
-82.094794
-78.737758
-98.422198
-123.752562
-137.180707
-132.602930
-119.022193
-114.597009
-121.768859
-128.330338
-134.586633
-151.219222
-166.631070
-158.391072
-140.079965
-142.826631
-161.290330
-163.274034
-146.183667
-138.096262
-151.066629
-165.257737
-160.985145
-136.570336
-109.714047
-97.201457
-93.997014
-87.740719
-82.705165
-83.162942
-68.666650
-30.365918
-0.762963
-1.831111
-4.577777
19.989625
44.557026
39.674064
38.758509
76.143685
118.717008
118.717008
99.032568
105.594048
127.719968
130.771819
127.719968
148.625148
172.276994
155.644406
104.983678
70.345168
74.159982
89.419237
82.399980
57.069615
30.976289
1.525926
-37.232583
-70.955538
-81.942202
-77.059240
-79.805906
-101.168864
-131.839967
-155.796998
-168.919958
-179.448844
-186.620694
-177.007363
-155.949591
-152.439962
-170.293291
-177.770326
-162.053293
-148.014778
-140.079965
-112.765898
-71.565908
-50.965913
-52.339246
-42.878508
-18.005921
0.305185
12.207404
36.164435
69.887390
89.571830
91.097755
87.893312
89.114052
93.081458
96.743680
104.983678
119.937748
132.602930
124.668117
98.422198
82.094794
89.419237
99.948123
98.422198
99.490346
109.866639
105.899233
80.263684
65.767391
80.263684
97.964420
99.032568
95.370347
97.048865
93.234051
85.604423
90.945163
105.746640
110.782195
103.915530
94.302199
86.977756
87.893312
100.100716
113.376268
110.782195
93.844421
70.497760
46.235544
34.791102
44.099248
54.170357
45.930359
25.788142
-1.678518
-40.742212
-75.533315
-76.143685
-56.764430
-53.254802
-69.277020
-88.656274
-116.428119
-151.829592
-166.173292
-145.725890
-120.090341
-116.733304
-127.719968
-142.216261
-157.628109
-162.205886
-146.488853
-124.973302
-112.613305
-105.288863
-98.574790
-97.659235
-94.454791
-72.786649
-45.319989
-38.300731
-44.251841
-33.265177
-3.814814
17.242959
23.346661
28.229623
32.959992
24.872586
13.122960
21.820735
52.491839
75.533315
66.530354
33.875547
4.272592
-4.119999
3.662221
15.259255
27.771845
36.927398
20.142217
-25.940734
-58.137763
-41.505175
-7.171850
-1.220740
-9.155553
-2.594073
-1.831111
-26.703697
-39.063694
-9.765924
25.025179
29.908141
24.414809
28.992585
34.485917
37.690361
47.456285
55.391097
54.628135
58.137763
64.546651
56.917023
43.488878
52.034061
60.884429
36.622213
7.934813
14.496293
23.041476
-2.594073
-25.788142
-16.174811
-14.954070
-45.014804
-59.663689
-42.725915
-41.962953
-67.445909
-75.228129
-59.358504
-53.102209
-58.748134
-52.949616
-38.758509
-35.706658
-40.437027
-41.657767
-30.365918
-2.136296
22.736291
24.872586
21.057773
35.859250
48.829618
40.589620
45.625174
86.367386
115.817749
97.964420
75.991092
88.045904
102.237012
93.691829
89.266644
101.016271
100.253308
77.517018
57.374801
55.238505
59.205911
53.254802
31.739251
3.357036
-12.970367
-14.801478
-20.294810
-34.180732
-38.758509
-39.063694
-60.579244
-92.623681
-95.980717
-74.922944
-66.377761
-72.328871
-69.734797
-63.020725
-69.277020
-74.617759
-60.426652
-39.216287
-24.414809
-14.038515
-8.850368
-9.002961
-1.373333
17.853329
27.466660
21.973328
21.210365
31.128881
34.485917
30.976289
36.927398
44.557026
32.197029
9.155553
-0.915555
2.441481
4.272592
2.288888
0.152593
-8.545183
-25.788142
-40.742212
-45.319989
-43.336286
-35.706658
-29.145178
-29.755548
-34.638510
-37.232583
-36.164435
-36.011843
-32.197029
-16.174811
0.000000
3.051851
2.899259
13.122960
22.431106
19.074069
14.954070
27.466660
44.404433
45.777766
41.047397
46.235544
52.339246
41.047397
21.973328
21.057773
34.028140
35.096288
23.804439
16.479996
11.444442
-2.594073
-19.074069
-21.057773
-13.275552
-11.749627
-21.057773
-32.502214
-39.979249
-45.472581
-48.982210
-45.777766
-38.605916
-35.706658
-40.284434
-49.134803
-48.982210
-38.605916
-31.128881
-29.145178
-22.736291
-15.106663
-15.411848
-16.937774
-8.392591
4.882962
10.986664
12.207404
16.632588
22.431106
24.567401
24.567401
27.771845
34.791102
39.368879
36.622213
34.791102
36.774806
37.690361
34.333325
29.145178
30.213326
32.959992
27.924438
20.294810
18.005921
16.174811
10.376294
5.035554
4.425184
3.509629
-2.746666
-9.155553
-11.291849
-12.665182
-15.717033
-18.463699
-18.311107
-17.242959
-17.090366
-17.700736
-19.074069
-18.158514
-14.343700
-10.528886
-7.629628
-3.357036
0.762963
1.068148
-0.305185
3.509629
8.850368
10.071109
10.986664
16.785181
19.074069
14.648885
12.359997
15.259255
16.022218
13.428145
13.275552
15.869626
13.275552
5.340739
2.746666
3.051851
0.152593
-2.288888
-1.831111
-3.051851
-9.155553
-13.122960
-12.970367
-13.122960
-13.580737
-12.207404
-10.986664
-11.597034
-12.512589
-12.054812
-12.359997
-11.749627
-7.477035
-3.357036
-3.051851
-3.051851
-0.457778
0.610370
-1.220740
0.152593
5.035554
7.782220
5.188147
3.662221
7.019258
6.561480
3.357036
4.272592
7.019258
5.951110
2.288888
0.915555
-0.457778
-2.594073
-4.577777
-4.882962
-3.509629
-6.103702
-10.223701
-13.428145
-14.343700
-14.038515
-14.496293
-14.191108
-13.885922
-13.733330
-14.496293
-14.343700
-12.207404
-9.308146
-7.019258
-6.103702
-4.730369
-1.983703
1.068148
3.814814
6.103702
7.324443
9.613331
11.291849
12.970367
14.038515
16.174811
17.700736
16.327403
14.496293
14.496293
15.564441
14.496293
13.428145
13.275552
10.834071
6.714072
4.577777
4.425184
3.204444
0.610370
-2.441481
-3.357036
-4.730369
-6.866665
-7.477035
-6.561480
-7.171850
-9.613331
-10.376294
-8.850368
-7.629628
-6.561480
-5.035554
-4.425184
-4.577777
-4.425184
-3.051851
0.152593
2.288888
3.662221
4.882962
5.493332
5.951110
6.561480
7.171850
7.934813
9.613331
10.681479
10.376294
9.308146
8.087405
7.629628
7.019258
6.408887
7.171850
7.171850
5.035554
2.441481
0.762963
-0.457778
-1.525926
-2.136296
-1.831111
-2.288888
-3.051851
-5.340739
-5.951110
-6.256295
-6.256295
-5.645925
-5.340739
-5.340739
-5.340739
-5.645925
-5.340739
-4.730369
-4.425184
-3.967406
-2.288888
-2.136296
-3.357036
-3.204444
-2.899259
-1.525926
-1.678518
-1.678518
-1.373333
-1.525926
-0.762963
-1.678518
-2.136296
-1.983703
-1.831111
-1.983703
-1.983703
-2.746666
-2.899259
-3.204444
-3.967406
-3.814814
-3.967406
-3.509629
-3.357036
-3.814814
-3.357036
-2.441481
-2.136296
-1.373333
-0.762963
0.000000
2.441481
3.509629
3.509629
4.119999
4.882962
6.408887
7.324443
8.087405
9.155553
9.155553
9.155553
9.002961
9.460738
9.765924
9.308146
7.629628
6.714072
6.256295
5.798517
4.882962
3.509629
2.441481
1.220740
0.000000
-1.678518
-2.899259
-3.967406
-5.188147
-6.256295
-7.324443
-8.392591
-9.613331
-10.376294
-9.613331
-8.850368
-8.545183
-8.392591
-8.239998
-7.782220
-7.477035
-6.256295
-5.035554
-4.119999
-2.899259
-1.220740
-0.762963
-0.152593
0.915555
1.678518
3.357036
4.577777
5.340739
5.951110
6.256295
6.714072
7.324443
6.866665
7.324443
8.087405
7.934813
7.477035
7.019258
6.256295
6.866665
6.256295
4.577777
4.272592
4.882962
4.577777
3.509629
2.594073
1.068148
-0.305185
-1.068148
-0.457778
0.610370
0.305185
-0.762963
-1.220740
-1.831111
-1.525926
-1.678518
-1.983703
-1.983703
-0.915555
-0.457778
-0.610370
-0.762963
-1.068148
-1.983703
-2.288888
-2.594073
-1.525926
-1.525926
-2.594073
-3.662221
-3.814814
-3.814814
-4.882962
-6.103702
-6.256295
-6.256295
-7.019258
-7.934813
-8.392591
-9.155553
-9.308146
-9.155553
-9.613331
-9.308146
-9.002961
-8.697776
-7.934813
-7.934813
-6.256295
-4.425184
-3.967406
-3.357036
-1.831111
0.305185
1.831111
3.509629
4.882962
6.561480
7.629628
8.545183
9.460738
11.139256
11.902219
12.512589
12.970367
13.275552
13.733330
12.665182
11.444442
10.986664
11.291849
10.986664
9.460738
7.477035
5.798517
4.577777
3.204444
2.136296
0.305185
-1.068148
-2.594073
-3.967406
-4.577777
-5.035554
-5.951110
-7.324443
-8.392591
-8.087405
-7.629628
-7.934813
-7.324443
-6.408887
-6.866665
-6.561480
-5.951110
-5.645925
-4.425184
-3.357036
-1.678518
-0.762963
-0.152593
-0.305185
0.305185
1.220740
1.831111
2.441481
3.357036
4.119999
3.814814
3.357036
4.425184
4.730369
3.967406
2.746666
1.983703
2.746666
2.136296
1.678518
1.525926
1.220740
1.068148
0.762963
0.152593
0.000000
0.457778
0.000000
-0.305185
-0.305185
-0.152593
-0.610370
-1.068148
-1.068148
-0.152593
1.525926
1.373333
0.457778
1.068148
1.678518
1.373333
0.915555
2.288888
3.051851
3.051851
1.525926
1.068148
2.594073
2.441481
-0.915555
-1.831111
0.305185
1.220740
-8.239998
-7.019258
3.509629
-8.850368
-16.022218
-2.441481
-3.509629
-15.259255
-8.545183
-1.373333
-19.684440
-23.499253
1.068148
-1.983703
-21.973328
-10.071109
5.951110
-4.882962
-9.765924
0.305185
1.068148
-6.408887
-2.594073
4.882962
0.610370
-1.220740
7.934813
11.291849
8.545183
10.071109
11.902219
10.223701
9.765924
10.986664
11.139256
10.681479
10.528886
10.986664
10.834071
10.834071
11.139256
10.223701
8.545183
6.714072
5.951110
5.645925
4.882962
2.746666
1.983703
2.288888
0.762963
-0.457778
-1.373333
-1.831111
-2.899259
-3.662221
-3.509629
-4.425184
-5.340739
-5.188147
-4.119999
-3.814814
-4.730369
-4.425184
-4.577777
-5.035554
-4.730369
-3.662221
-3.357036
-2.746666
-1.831111
-1.983703
-1.831111
-1.373333
-0.305185
-0.610370
-0.457778
0.457778
0.305185
-0.457778
-0.152593
0.152593
-0.152593
0.152593
0.457778
-0.152593
0.000000
-0.457778
-0.915555
-1.373333
-1.373333
-0.915555
-1.831111
-1.678518
-1.525926
-0.915555
-0.762963
-1.525926
-1.373333
-1.068148
-1.678518
-1.678518
-0.915555
-0.305185
-0.457778
-0.610370
0.000000
0.152593
0.305185
0.152593
0.610370
1.068148
1.373333
1.525926
1.068148
0.915555
1.525926
2.136296
1.831111
1.373333
1.373333
1.220740
1.678518
0.915555
1.068148
0.457778
0.152593
0.457778
-0.152593
-0.152593
-0.457778
-0.915555
-1.220740
-1.525926
-1.068148
-1.525926
-2.288888
-2.899259
-3.051851
-2.288888
-2.441481
-2.441481
-2.136296
-1.678518
-1.373333
-1.068148
-0.152593
0.610370
-1.525926
-0.305185
0.915555
1.525926
1.678518
3.357036
3.967406
3.662221
3.814814
3.509629
2.136296
0.915555
2.441481
3.204444
2.746666
2.594073
1.831111
1.831111
2.594073
1.831111
1.525926
1.678518
1.525926
0.762963
0.152593
0.152593
0.457778
-0.610370
-0.305185
-0.457778
0.000000
-1.068148
-1.373333
-1.220740
0.000000
0.305185
2.136296
1.373333
3.051851
1.678518
-1.220740
11.902219
7.324443
2.746666
-0.762963
-0.610370
-3.509629
-4.882962
-5.493332
-6.103702
-3.967406
-3.814814
-0.915555
-2.441481
-2.441481
-4.577777
-4.119999
-5.645925
-6.408887
-5.798517
-3.814814
-2.746666
-2.136296
-0.305185
-1.220740
1.068148
0.762963
-0.152593
-0.457778
-0.915555
-0.610370
-0.610370
-0.457778
-0.610370
1.068148
2.746666
2.594073
2.136296
2.288888
1.678518
0.305185
-0.457778
0.152593
0.610370
1.068148
2.136296
2.594073
1.525926
0.762963
2.441481
1.068148
-0.152593
1.068148
1.220740
-0.457778
1.373333
1.983703
0.915555
2.288888
1.983703
1.525926
1.068148
-0.152593
0.000000
1.373333
-0.152593
-0.305185
1.678518
0.457778
-0.152593
1.220740
0.610370
-0.915555
-0.762963
1.220740
1.220740
-0.915555
1.220740
3.814814
1.831111
0.305185
4.730369
6.714072
3.814814
3.662221
7.019258
9.460738
2.594073
2.136296
10.223701
9.460738
1.068148
8.087405
11.749627
-0.457778
-0.762963
5.493332
1.525926
-1.983703
1.983703
2.441481
-0.305185
-3.204444
-1.678518
-1.983703
-8.392591
-8.392591
-3.967406
-5.188147
-9.308146
-11.902219
-2.899259
4.730369
-14.648885
-16.479996
16.785181
3.509629
-27.466660
4.882962
18.921477
-10.071109
-1.678518
6.256295
10.071109
21.973328
-11.444442
-2.136296
67.751094
-8.697776
-44.557026
92.318496
15.869626
-94.607384
68.971835
66.072576
-125.125895
-3.967406
128.330338
-81.484424
-103.762937
122.226636
9.460738
-166.478477
42.725915
79.042943
-154.423665
-24.719994
101.321456
-125.736265
-62.868133
125.583673
-125.431080
-83.315535
154.728850
-128.788116
-108.798491
200.964395
-93.081458
-191.808841
217.444390
30.060733
-255.287344
133.671078
155.186628
-237.128830
72.328871
175.176253
-224.616241
-1.678518
252.388085
-92.623681
-128.177746
135.197003
93.997014
-64.088873
-79.805906
78.279981
130.619227
-68.361465
-128.940709
156.102183
5.340739
-91.708125
183.721436
4.425184
-214.850317
157.017739
135.349596
-220.496242
5.188147
213.019206
7.324443
-221.716982
71.108130
194.402915
-34.791102
-194.402915
107.425159
220.801427
-217.139205
-184.179214
372.936204
87.435534
-427.716931
213.019206
242.011792
-264.900675
-84.688868
260.322898
-52.034061
-74.465167
26.245919
39.979249
-115.665156
83.620720
214.392539
-243.079940
-106.357011
195.318470
4.272592
-55.085912
-10.681479
1.831111
35.706658
-126.651820
113.376268
-0.457778
-103.457752
168.309588
65.767391
-254.524381
-142.368854
241.706607
-49.287395
-18.921477
107.577751
20.599995
-243.385125
98.422198
120.090341
-392.010273
150.456259
306.863627
-143.437001
-134.586633
51.728876
-52.034061
36.469621
-76.601462
37.537768
1.983703
-29.450363
100.711086
-23.041476
-145.268112
55.238505
-72.939241
-49.592580
311.441404
-154.728850
-281.685856
278.786597
158.391072
-305.948072
-152.287370
142.063668
230.872535
-63.631095
-209.356985
222.174760
-132.755523
-203.405875
364.696206
-207.678467
-149.845889
418.256192
-74.922944
-265.816230
168.614773
-102.694789
-172.124402
349.284358
9.918516
-144.810334
4.882962
43.031100
67.445909
-188.909583
-84.994053
205.542171
224.311055
-135.654781
-209.662170
137.791077
46.388137
-122.379229
-25.330364
119.327378
-28.687400
87.588126
296.639926
-402.996937
-252.235493
332.956954
41.962953
-258.034010
378.124351
-55.543690
-83.315535
146.488853
-141.605891
-296.182149
179.906622
171.056254
46.235544
-32.959992
-9.155553
34.638510
13.733330
-82.857757
-314.798440
167.699218
278.939190
249.794012
-394.451754
-122.837007
182.958473
135.502189
-283.211782
-139.927373
369.273982
0.152593
-255.897714
426.648783
-91.555533
-576.647264
399.945086
152.745147
-285.653262
37.385176
80.721461
196.691803
13.428145
-527.207276
371.410278
310.220664
-753.349442
298.623630
362.254725
-440.229520
202.948098
204.779208
-328.226585
-144.047372
479.750992
-197.912543
-292.672520
230.872535
-46.540729
21.973328
192.419211
-251.014752
61.189614
124.057747
-342.570285
274.819191
-103.915530
-321.207328
547.502086
-51.423691
-294.198445
226.294759
-27.008882
-149.693296
23.194068
-310.373256
458.845812
57.222208
-310.831034
336.313991
-165.562922
9.460738
-102.542197
-232.245868
294.351038
176.854771
-419.629525
383.312497
159.001442
-521.561352
205.847356
200.048839
-452.131740
-139.011817
873.287190
-224.463648
-841.547939
659.199836
660.267984
-1024.811597
-197.759951
763.878329
-126.499228
-288.094743
204.931801
-108.798491
88.503682
291.756965
-664.540576
189.214768
684.225015
-743.430926
-207.068097
924.863474
-314.340663
-631.580584
469.527291
298.928815
-358.134726
-157.170331
251.472530
205.236986
-217.596983
-318.155477
312.967330
236.671052
-324.106586
-169.835513
485.854694
-12.512589
-427.716931
61.799985
294.656223
-40.589620
-358.745096
345.011766
71.413316
-208.288837
30.518511
7.629628
-46.998507
90.487385
-61.342207
17.242959
141.758483
-150.456259
60.426652
-213.171799
116.428119
181.737733
-146.183667
-52.644431
34.485917
206.610319
-106.357011
-329.599918
219.275501
237.739200
-393.688791
261.238454
-1.525926
-146.488853
214.850317
-176.396993
-116.428119
448.316926
-505.386541
12.665182
603.808739
-367.900649
-379.497684
492.263581
101.474049
-353.556949
-203.405875
506.912467
48.524432
-528.733202
329.752511
130.466634
-321.817698
216.681428
-111.697750
-39.368879
285.042892
-403.454715
281.228078
12.512589
-233.008831
126.499228
135.502189
-201.879950
27.619252
102.237012
-64.088873
-102.847382
304.727332
-308.084368
-2.899259
294.045853
-177.922919
-204.168838
274.361413
-10.376294
-116.428119
-32.654807
68.056279
253.303641
-452.436925
46.998507
479.750992
-329.447326
-346.385099
567.033933
-36.469621
-399.792493
246.742161
98.269605
-250.709567
320.749550
-319.681402
31.281474
355.235467
-451.826554
171.056254
243.385125
-361.949540
82.552572
212.256244
-137.333299
-65.614799
-9.613331
31.739251
89.877015
27.771845
-131.992560
70.650353
-0.762963
-138.401447
337.534731
-297.097704
-253.151048
743.736112
-290.078446
-564.897637
736.259076
-41.962953
-681.020572
566.118378
65.157021
-374.462129
210.119948
61.342207
-69.429612
42.878508
-21.820735
-137.638484
-8.239998
301.675481
-213.171799
-71.260723
350.962876
-377.513980
-4.730369
308.999923
-246.894753
-39.979249
174.413290
-142.368854
402.233974
-614.642810
46.388137
596.026519
-392.773236
-243.079940
459.608775
-96.438495
-434.888781
400.555456
266.884378
-534.226534
-50.050358
558.030972
-368.358427
-99.948123
379.497684
-297.860667
-89.114052
404.828048
-252.235493
-82.399980
57.832578
90.182200
184.942176
-341.044360
-113.681453
383.770275
2.288888
-325.174734
193.487359
59.968874
-222.022167
370.952500
-334.940658
-149.693296
551.622085
-239.417718
-274.666598
314.951033
59.053319
-304.422147
29.755548
323.343623
-235.908090
-22.431106
106.662196
-261.848824
353.556949
-13.122960
-257.576232
75.991092
37.537768
-49.592580
275.734746
-342.570285
-183.263658
672.170203
-343.638433
-179.448844
142.674039
90.945163
-225.531796
85.909608
243.690310
-126.651820
-272.377710
108.188121
378.887313
-281.075486
-324.411771
400.555456
141.605891
-408.032491
181.585140
22.125920
-2.899259
-36.469621
-123.142192
246.742161
-60.731837
-265.358453
267.342156
51.271098
-86.519979
-119.174785
-52.034061
255.134751
-38.758509
-107.882936
25.330364
14.038515
2.136296
-16.327403
131.229597
-157.322924
-165.868107
461.745070
-157.170331
-177.159956
228.583647
-216.528835
11.749627
193.639952
34.638510
-146.031075
-164.342181
217.291798
308.694738
-456.862109
-138.859225
465.559884
-102.694789
-249.946605
243.079940
-19.684440
-194.860692
254.524381
-77.669610
-287.026595
446.333222
-194.250322
-261.391046
494.094692
-175.939216
-305.642887
235.755497
231.177720
-396.130272
-72.786649
628.223548
-442.365816
-378.124351
710.470935
-72.786649
-558.030972
264.290305
243.690310
-194.250322
-78.585166
112.155528
-20.294810
-17.548144
-22.278513
73.854796
-100.863679
12.359997
135.502189
-171.056254
48.829618
82.705165
-87.435534
-100.253308
239.875496
2.288888
-419.171748
328.379178
173.650327
-242.011792
-98.269605
36.927398
255.592529
16.022218
-384.838423
54.475542
368.511020
-209.814763
-36.011843
-73.244426
115.665156
232.703646
-370.952500
-62.257762
441.297668
-176.244401
-352.336209
417.035452
-6.256295
-270.699192
216.071057
-20.294810
-41.352582
-134.891818
171.208846
124.362932
-281.991041
172.582179
12.665182
-160.069590
62.257762
189.977731
-158.543664
-133.823670
205.542171
-45.472581
69.429612
-20.905180
-338.755471
288.094743
238.349570
-378.734721
0.915555
268.410304
-79.195536
-152.897740
67.903687
8.850368
69.277020
-140.842928
46.235544
185.705139
-152.745147
-94.607384
109.866639
28.839993
-72.481463
-73.854796
162.511071
55.238505
-299.539185
184.942176
267.799933
-441.602853
-12.207404
263.069564
-40.437027
33.570362
-118.259230
5.951110
-16.479996
136.722929
-10.834071
-182.653288
29.908141
90.792570
113.528861
-201.422172
135.807374
-60.884429
-194.860692
302.896221
70.650353
-430.921374
169.835513
347.605840
-256.660677
-155.034036
43.336286
334.025102
-199.591062
-351.420653
527.970239
-6.866665
-458.235442
212.561429
300.759925
-249.031049
-197.759951
229.041425
118.411822
-261.543639
133.671078
122.989599
-196.386618
-31.281474
65.767391
182.500695
-228.888832
48.829618
46.998507
-114.749601
186.620694
-59.053319
-153.355517
118.869600
36.317028
-151.829592
191.198471
-21.668143
-223.090315
149.693296
135.502189
-234.534757
106.204418
92.165903
-236.518460
58.900726
428.327301
-489.364323
-201.879950
673.085759
-249.336234
-243.079940
108.035529
177.312549
-140.079965
-28.534808
16.327403
74.465167
-37.537768
-133.365893
242.011792
-30.671103
-189.367360
1.831111
142.368854
118.869600
-262.764379
-27.008882
275.582154
-48.524432
-229.194017
161.290330
-38.148139
-85.757016
365.459168
-407.269528
-34.485917
530.411720
-434.278411
-180.211807
488.448768
-161.137738
-378.276943
446.791000
60.426652
-323.648808
28.839993
224.921426
-142.063668
-11.902219
-20.294810
7.629628
135.197003
-31.434066
-123.142192
-52.034061
233.619201
-66.225169
-201.879950
73.091834
159.001442
39.826657
-169.225143
-50.660728
106.662196
58.595541
-158.085887
-31.281474
306.558442
-201.574765
-225.989573
426.801375
-9.308146
-474.562845
316.934736
35.096288
-215.765872
255.439937
150.761444
-458.388034
14.496293
445.265075
-216.528835
-76.906648
-52.339246
7.629628
180.669585
99.795531
-149.388111
-314.035478
209.509578
347.605840
-278.328820
-153.508110
81.331832
155.949591
106.051826
-298.471037
77.517018
-44.404433
12.054812
240.485866
-177.922919
-145.725890
179.143659
55.085912
-57.985171
-37.690361
-180.669585
144.810334
262.459194
-202.795505
-193.182174
265.358453
-2.441481
-174.718475
197.759951
-296.487334
150.151074
266.274008
-389.873977
157.780702
180.211807
-293.588075
-47.608877
422.071006
-315.866588
-222.174760
538.499125
-264.290305
-111.392565
218.817723
-145.725890
6.714072
24.719994
12.817775
-34.943695
56.764430
36.469621
-52.797024
-169.530328
206.305134
69.124427
-180.059215
-50.202950
253.914011
-167.699218
-44.709619
195.471063
-241.096236
141.758483
42.725915
-37.079991
-133.823670
-0.305185
314.340663
-62.868133
-459.150997
312.051774
256.202899
-349.894728
128.025153
-29.755548
-75.685907
131.077004
18.158514
-167.241440
162.663663
-64.394058
-129.703671
233.314016
24.567401
-256.355492
-4.425184
267.647341
-193.487359
42.725915
127.262191
-246.742161
118.564415
81.637017
-227.973277
228.736239
31.739251
-289.925854
111.850343
290.231039
-314.798440
-128.635524
591.906520
-462.660626
-289.773261
603.656146
-39.216287
-358.287318
178.228104
123.142192
-301.065110
133.976263
180.669585
-33.112584
-316.324366
202.032542
270.394007
-470.137661
86.977756
464.491736
-404.675455
-156.865146
428.022116
-304.116961
-25.940734
476.699141
-362.712502
-253.608826
223.090315
223.853278
-107.730344
-231.177720
195.318470
9.155553
-142.216261
193.792544
-139.317002
45.777766
88.808867
-313.730292
254.676974
207.678467
-483.718398
202.337728
387.432496
-605.487257
52.797024
547.807271
-395.519902
-128.025153
328.226585
-141.453298
-142.826631
265.816230
-129.703671
-153.355517
264.290305
-53.712579
-206.305134
117.038489
154.576258
-104.373307
-72.634056
-77.974795
140.385150
112.155528
-113.681453
-77.822203
-38.300731
200.201432
-15.106663
-234.839942
171.056254
54.780727
-84.078498
-138.401447
273.903636
23.499253
-323.648808
39.826657
255.287344
-20.905180
-197.607358
156.254776
-152.439962
86.672571
160.985145
-195.165877
-136.875522
223.242908
50.965913
-130.771819
86.825164
-45.777766
-93.691829
84.231090
125.583673
-265.663638
45.625174
327.005845
-173.497735
-259.102158
284.890300
-65.919984
-82.247387
145.725890
-192.571804
194.402915
-3.357036
-289.773261
449.690259
-157.322924
-485.091731
568.865044
14.038515
-357.676948
158.543664
267.799933
-298.928815
-133.213300
232.398461
93.844421
-147.099223
-148.472556
271.919932
36.164435
-277.413264
108.645899
209.814763
-340.891767
26.703697
326.090289
-208.899207
-49.897765
151.829592
-94.454791
-42.725915
-45.777766
138.859225
8.545183
-175.481438
234.076979
-166.325885
-21.362958
263.222157
-314.951033
-41.505175
426.038413
-338.145101
-181.585140
604.724294
-320.749550
-310.525849
408.490269
-18.616292
-260.933269
170.903661
40.284434
-84.994053
108.493306
-163.579219
10.986664
239.112533
-251.777715
-6.866665
164.494774
-70.802945
-8.392591
12.665182
-40.894805
92.471088
-82.399980
-68.971835
125.736265
3.967406
72.939241
-239.875496
32.044436
231.025128
-40.284434
-273.140673
174.413290
176.091808
-263.832527
16.479996
240.333274
-113.528861
-243.385125
258.644380
56.001468
-236.365867
70.497760
208.441430
-102.542197
-227.668092
87.740719
183.111066
49.439988
-209.814763
-132.145152
221.716982
106.357011
-117.954045
-88.808867
26.245919
61.494800
-15.564441
-89.724422
208.136245
-41.199990
-287.484373
247.199939
62.562947
-217.902168
121.921451
18.616292
26.551105
-106.967381
-45.014804
207.373282
-74.007389
-153.050332
201.574765
-118.869600
-98.727383
308.847331
-198.980691
-38.758509
87.893312
-83.468127
82.247387
10.986664
-84.383683
75.380722
-7.019258
-78.585166
143.131816
-62.562947
-186.925879
303.811776
0.457778
-362.865095
245.368828
107.730344
-142.368854
9.002961
23.041476
-94.759976
61.494800
177.007363
-157.170331
-130.771819
112.155528
93.997014
11.902219
-196.996988
-21.515550
355.082875
-273.598451
-103.457752
329.905103
-208.136245
-80.568869
225.989573
-105.899233
-105.899233
82.857757
109.256269
-67.293317
-157.170331
168.919958
33.417769
-185.552547
180.669585
-17.090366
-200.659209
215.308095
65.309613
-317.850291
195.165877
202.948098
-365.764354
81.331832
213.629577
-164.036996
30.823696
-46.845914
8.239998
133.060708
-127.872561
-32.502214
72.023686
35.554065
-55.696282
-53.102209
114.444416
-49.287395
-25.635549
26.398512
16.327403
-13.428145
-51.118506
82.094794
-9.613331
-52.034061
-25.482957
130.161449
-77.059240
-88.808867
137.791077
0.152593
-121.005896
24.719994
151.982184
-101.626641
-165.410329
254.829566
-0.762963
-222.632537
87.893312
93.386643
5.340739
-97.354050
-54.170357
92.623681
111.545157
-86.214793
-230.109572
271.919932
100.711086
-347.758432
182.042918
68.361465
-168.156995
127.109598
18.158514
-112.155528
10.376294
84.536275
19.226662
-78.585166
-38.758509
65.004428
90.945163
-127.872561
-98.117013
216.681428
61.494800
-323.343623
65.004428
351.573246
-226.905129
-263.679935
304.422147
173.345142
-375.530277
10.528886
300.912518
-162.358478
-118.106637
202.337728
-60.274059
-127.109598
133.213300
68.666650
-192.419211
72.939241
143.742187
-236.518460
74.159982
204.168838
-241.706607
-37.690361
258.796973
-129.703671
-119.785155
155.186628
25.940734
-138.096262
23.499253
120.548118
-68.971835
-41.505175
-5.188147
71.718501
40.284434
-157.017739
78.127388
81.179239
-107.119973
-5.798517
136.722929
-141.911076
-75.380722
283.516967
-132.755523
-241.859199
285.805855
101.931827
-355.540652
104.068122
252.845863
-201.879950
-116.885897
232.245868
-23.957031
-209.356985
174.565883
106.357011
-246.436976
30.671103
220.343649
-121.311081
-160.222182
184.026621
77.974795
-199.438469
-7.019258
199.133284
-69.124427
-155.186628
154.728850
-8.087405
-127.872561
164.799959
-13.428145
-216.528835
151.066629
94.454791
-140.385150
69.582205
-133.518485
63.936280
220.648834
-254.371789
-73.244426
241.096236
-97.964420
-95.522939
183.416251
-112.308120
-130.008857
229.041425
4.272592
-238.807348
148.777741
121.463674
-246.284383
66.377761
251.777715
-268.715489
-79.805906
270.088822
-71.565908
-103.915530
28.229623
55.848875
16.174811
-107.425159
77.364425
102.847382
-176.396993
-28.839993
197.607358
-3.814814
-204.779208
76.448870
107.119973
-72.328871
41.505175
-55.238505
-16.632588
69.124427
2.288888
-38.758509
-23.804439
113.071083
-140.690335
-7.782220
263.374749
-183.416251
-202.948098
265.205860
95.217754
-201.879950
-98.117013
221.259204
77.059240
-316.019181
102.237012
257.881417
-204.931801
-168.767365
228.736239
133.213300
-272.072525
-53.407394
283.364374
-96.743680
-141.911076
130.314042
-41.962953
-19.379254
100.405901
-104.068122
-77.059240
176.549586
27.619252
-243.385125
41.962953
291.299187
-173.650327
-240.791051
237.739200
181.737733
-292.977705
-102.237012
326.700660
-43.794063
-231.788091
115.512564
103.305160
-116.580712
13.885922
77.974795
-85.299238
-58.595541
158.696257
33.570362
-245.521420
91.402940
212.714021
-234.534757
-19.684440
241.096236
-203.863653
-77.059240
271.767340
-112.918490
-164.952552
162.358478
25.330364
-95.980717
21.973328
22.888883
-28.534808
-16.022218
107.425159
-64.241466
-156.407369
196.539210
52.491839
-192.876989
49.287395
63.936280
-29.755548
-1.373333
0.762963
-1.678518
-29.450363
-0.305185
82.705165
13.885922
-173.955512
30.823696
189.977731
-70.650353
-82.857757
-64.241466
104.373307
190.435508
-277.108079
-12.665182
216.986613
-166.173292
48.829618
106.814788
-166.478477
10.071109
89.114052
49.745173
-47.761470
-148.014778
70.802945
217.902168
-108.493306
-259.865121
200.811802
223.853278
-307.626590
-33.722955
270.394007
-135.502189
-110.629602
177.770326
-19.837032
-146.488853
128.940709
41.505175
-141.148113
91.250348
36.927398
-126.041450
79.195536
68.819242
-112.460713
-20.599995
136.875522
-99.948123
-63.173318
202.490320
-124.973302
-160.527368
278.023635
-10.376294
-273.445858
150.303666
157.780702
-204.016246
-25.330364
161.137738
-45.777766
-104.831085
56.764430
50.813321
-28.992585
-18.158514
-71.413316
70.497760
156.102183
-242.927347
-77.974795
370.647315
-160.222182
-275.276969
354.167319
-5.645925
-316.629551
231.635498
127.567376
-265.968823
4.272592
241.706607
-94.912569
-186.620694
174.565883
69.277020
-201.727357
121.005896
52.339246
-176.091808
130.924412
41.962953
-151.219222
86.062201
61.952577
-95.522939
-29.908141
100.405901
25.025179
-131.382190
1.678518
129.245894
-43.641471
-55.543690
31.281474
-39.368879
75.685907
1.983703
-96.591087
58.900726
10.986664
-45.167396
63.478503
-25.940734
-34.485917
35.248880
-30.976289
37.842954
52.339246
-153.050332
26.093327
175.634030
-103.915530
-122.379229
133.365893
52.339246
-151.524407
48.066655
143.437001
-173.039957
-43.946656
214.392539
-92.928866
-74.465167
65.157021
-54.017764
109.866639
16.632588
-191.198471
44.709619
204.626616
-45.777766
-248.725864
99.032568
228.888832
-137.333299
-139.927373
105.746640
78.890351
-66.682946
-19.989625
16.937774
-15.717033
56.611838
-41.810360
-20.294810
87.588126
-82.857757
-39.674064
113.681453
29.908141
-127.414783
-56.459245
211.035503
-49.745173
-149.998481
157.322924
-36.317028
-103.305160
153.202925
18.463699
-183.111066
28.077030
211.493281
-98.727383
-158.085887
172.734772
7.782220
-119.327378
141.758483
-32.654807
-139.469595
171.056254
-6.408887
-152.897740
158.085887
5.798517
-223.548093
168.004403
156.712554
-276.192524
-19.837032
226.447351
-116.580712
-71.413316
123.599969
-106.357011
-70.039983
188.909583
-61.952577
-184.636991
164.647367
3.967406
-180.822177
180.669585
3.357036
-240.333274
155.796998
61.189614
-143.742187
99.795531
-83.468127
-72.328871
219.580686
-98.117013
-133.060708
151.524407
-27.466660
-51.423691
67.293317
-28.229623
-5.493332
3.662221
3.814814
76.296277
-38.148139
-61.342207
99.032568
33.417769
-81.484424
41.810360
53.865172
-44.557026
14.038515
26.398512
40.437027
-3.814814
-90.792570
98.574790
107.577751
-160.985145
-4.882962
171.056254
-98.422198
-37.842954
107.119973
-34.333325
-47.914062
17.090366
56.306653
19.837032
-116.580712
-1.831111
164.952552
-91.097755
-130.008857
162.053293
22.278513
-225.684388
150.608851
152.287370
-316.934736
20.294810
323.801401
-242.927347
-206.610319
357.982133
-42.268138
-305.948072
186.620694
156.865146
-228.125869
-19.837032
105.746640
43.336286
-41.962953
-191.198471
195.013285
199.896247
-375.988055
-9.918516
453.505073
-262.306602
-241.554014
379.802869
17.395551
-287.636966
135.197003
169.682921
-128.635524
-36.774806
65.309613
35.859250
-28.229623
11.139256
-5.645925
-17.853329
45.777766
25.788142
-107.272566
48.371840
79.805906
-143.742187
43.794063
93.997014
-139.011817
-15.106663
83.010350
-53.407394
13.428145
-81.942202
3.814814
63.936280
-102.237012
28.229623
18.158514
-167.851810
100.100716
87.740719
-223.548093
59.205911
39.368879
-99.490346
67.598502
-22.125920
-116.122934
74.465167
18.311107
-104.220715
77.364425
-2.288888
-144.505149
97.354050
110.324417
-193.487359
26.856290
146.641445
-184.942176
65.767391
178.380696
-256.355492
23.651846
264.748082
-209.967355
-57.374801
265.358453
-133.365893
-146.641445
260.017713
29.450363
-216.986613
73.397019
185.705139
-67.293317
-108.798491
92.013310
151.371814
-111.697750
-105.746640
241.859199
51.881469
-246.589568
111.392565
215.002910
-143.437001
-69.277020
182.805881
-6.866665
-77.211833
95.828124
-0.457778
-7.629628
74.007389
-41.047397
-30.060733
126.499228
1.831111
-135.807374
93.844421
124.362932
-133.518485
-58.748134
167.394032
49.745173
-244.300680
76.754055
239.265126
-196.844396
-146.946630
253.608826
-12.665182
-221.564389
143.589594
67.751094
-200.659209
111.697750
30.213326
-137.638484
83.925905
3.967406
-135.654781
131.992560
-28.382215
-165.868107
157.780702
0.305185
-193.487359
121.921451
38.605916
-140.995521
26.856290
77.669610
-112.308120
-23.194068
94.149606
-52.339246
-92.165903
64.241466
36.927398
-86.672571
-16.785181
39.674064
4.882962
-62.410355
-37.385176
118.411822
-41.810360
-163.579219
127.872561
114.139231
-205.999949
-64.546651
265.358453
-77.517018
-270.546599
226.447351
150.303666
-321.512513
34.943695
268.562896
-180.364400
-111.697750
188.604398
-44.404433
-81.026647
79.195536
21.668143
-92.471088
2.899259
164.189589
-82.857757
-177.770326
205.389579
91.402940
-210.730318
19.531847
107.882936
3.967406
-10.681479
-93.234051
58.137763
124.820710
-124.820710
-3.662221
93.997014
-60.731837
19.226662
23.957031
3.357036
3.051851
-72.939241
108.493306
56.611838
-153.965888
53.559987
96.896272
-60.426652
15.564441
-15.869626
-4.577777
96.133309
-61.952577
-59.053319
97.201457
9.613331
-37.995546
-9.460738
11.139256
46.388137
-29.297771
-22.736291
46.082952
-29.450363
-40.284434
89.266644
1.983703
-122.684414
32.959992
94.454791
-41.657767
-64.546651
-21.057773
69.429612
28.839993
-119.632563
-1.373333
100.253308
-62.257762
-59.968874
60.731837
-24.567401
-24.262216
32.197029
-43.336286
-10.986664
18.463699
-23.957031
20.905180
2.288888
-67.140724
-5.951110
104.525900
-8.850368
-142.216261
38.605916
113.223676
-48.524432
-48.677025
16.327403
8.545183
23.957031
-4.730369
-7.324443
13.428145
-46.693322
22.278513
88.503682
-57.985171
-53.254802
63.478503
13.885922
-12.817775
7.019258
-9.308146
36.317028
-8.392591
-77.211833
95.675532
92.013310
-151.982184
-34.638510
148.777741
-19.837032
-70.650353
52.339246
14.038515
-32.044436
-12.665182
19.226662
55.696282
0.152593
-81.484424
-24.109624
83.620720
52.644431
-63.631095
-45.167396
18.311107
7.171850
39.368879
4.425184
-62.562947
20.752587
10.071109
-48.524432
64.851836
39.979249
-114.291823
-18.311107
102.694789
-22.736291
-66.530354
43.794063
13.580737
-46.388137
0.152593
12.970367
5.645925
4.577777
-22.736291
-0.152593
-5.951110
-33.112584
57.069615
42.268138
-95.828124
-59.205911
74.312574
81.484424
-50.202950
-107.882936
48.524432
95.675532
-71.565908
-44.099248
90.029607
-25.177772
-80.568869
68.361465
41.657767
-66.072576
-2.136296
32.044436
5.645925
-17.242959
-26.703697
43.031100
37.232583
-53.102209
-34.333325
40.284434
47.151099
-30.060733
-40.284434
59.053319
-16.174811
-60.121467
99.948123
21.973328
-123.905154
27.314067
102.389604
-46.845914
-57.679986
44.709619
41.657767
-10.681479
-57.374801
-11.597034
83.315535
5.035554
-64.851836
10.223701
-2.899259
3.509629
61.952577
-37.079991
-51.118506
42.420730
-16.022218
10.986664
54.628135
-71.565908
-33.417769
76.754055
-0.762963
-34.028140
-8.239998
-16.479996
55.085912
21.210365
-99.032568
-4.730369
95.980717
20.752587
-97.964420
-66.682946
128.940709
64.394058
-158.848849
4.425184
127.872561
-89.724422
-33.417769
119.937748
-67.445909
-86.519979
110.477010
23.957031
-88.656274
27.466660
28.992585
-63.936280
45.319989
56.917023
-111.697750
-4.577777
127.567376
-74.159982
-90.182200
135.502189
10.223701
-154.576258
63.631095
137.791077
-101.168864
-105.441455
123.294784
76.448870
-144.199964
-18.463699
135.959966
-42.878508
-77.364425
61.494800
16.785181
-29.602956
1.983703
-9.918516
21.210365
19.226662
-33.875547
-18.158514
17.242959
39.368879
12.817775
-73.244426
-22.888883
97.048865
10.834071
-93.539236
7.171850
72.023686
-39.521472
-34.485917
77.364425
-36.164435
-96.438495
129.093301
58.137763
-186.620694
26.551105
159.611812
-84.994053
-91.097755
92.165903
52.339246
-99.795531
-52.644431
168.309588
19.837032
-251.319938
88.656274
235.908090
-185.857732
-106.967381
171.056254
-28.687400
-56.154060
78.279981
-39.521472
-57.374801
45.319989
61.494800
-9.002961
-130.619227
26.093327
184.331806
-90.334792
-157.017739
123.294784
93.691829
-110.934787
-47.151099
95.370347
1.373333
-85.451831
56.001468
47.303692
-89.571830
16.174811
73.854796
-64.088873
-23.957031
64.851836
-19.684440
-39.063694
33.722955
22.583698
-35.248880
-33.265177
42.268138
40.894805
-66.682946
-24.414809
71.108130
-7.477035
-48.219247
16.174811
37.842954
-22.888883
-49.134803
54.933320
38.148139
-86.367386
-1.373333
81.179239
-24.872586
-46.082952
24.567401
30.060733
-21.973328
-33.112584
44.404433
19.837032
-65.462206
15.411848
61.952577
-48.982210
-29.602956
58.748134
-9.155553
-34.943695
28.229623
7.629628
-21.973328
-0.915555
15.717033
3.967406
-14.801478
-0.762963
6.866665
-0.305185
5.645925
-4.272592
-4.272592
1.983703
-4.577777
14.191108
10.834071
-20.599995
-11.902219
17.395551
27.771845
-23.957031
-39.674064
41.047397
22.125920
-43.031100
4.119999
23.346661
-11.139256
-17.548144
7.629628
31.891844
-27.924438
-36.774806
52.491839
12.054812
-45.625174
3.509629
18.463699
6.714072
-18.158514
-21.057773
36.774806
9.765924
-47.456285
10.681479
35.248880
-19.837032
-22.736291
19.379254
7.629628
-21.973328
19.074069
11.902219
-45.014804
19.684440
40.894805
-52.797024
-6.408887
59.205911
-33.417769
-44.557026
54.322949
31.434066
-57.527393
-22.125920
52.644431
14.648885
-39.521472
-11.597034
16.785181
16.785181
1.220740
-26.245919
-1.831111
28.534808
-5.645925
-15.564441
10.834071
3.509629
-4.577777
4.272592
7.171850
-7.934813
-13.885922
20.294810
16.632588
-31.586659
-6.256295
27.924438
-3.662221
-12.207404
-1.525926
5.645925
11.139256
-17.090366
-5.798517
32.044436
-13.122960
-29.755548
29.297771
10.986664
-30.823696
-0.457778
26.245919
-4.119999
-23.651846
9.918516
21.362958
-21.820735
-14.038515
34.333325
-3.967406
-35.706658
16.785181
24.109624
-20.599995
-15.106663
14.648885
8.850368
-5.798517
-5.035554
-0.610370
3.357036
1.831111
-2.441481
-3.814814
2.136296
3.967406
-4.425184
0.000000
5.188147
-4.730369
-5.798517
5.645925
8.087405
-7.324443
-13.428145
9.613331
12.359997
-14.038515
-7.934813
12.054812
4.425184
-6.561480
-3.051851
1.831111
3.204444
0.610370
-4.272592
-0.457778
5.493332
1.373333
-3.662221
1.983703
4.425184
-2.594073
-0.610370
8.239998
1.220740
-8.087405
2.746666
10.376294
-6.103702
-8.239998
10.376294
0.305185
-6.866665
10.528886
-4.119999
-12.817775
15.564441
6.408887
-22.736291
0.305185
24.719994
-7.934813
-20.599995
17.548144
9.918516
-22.888883
5.188147
16.632588
-16.174811
-5.340739
13.885922
-8.392591
-7.477035
12.817775
-2.899259
-11.597034
8.239998
9.155553
-13.428145
-6.866665
15.259255
-1.220740
-16.174811
6.408887
10.071109
-9.155553
-5.340739
5.340739
5.645925
-7.019258
-8.545183
11.291849
5.188147
-16.937774
2.441481
15.717033
-12.817775
-12.970367
16.479996
7.171850
-18.768884
-1.220740
19.379254
-2.594073
-18.311107
10.376294
13.733330
-17.853329
-5.798517
21.515550
-0.457778
-19.226662
6.103702
18.463699
-9.765924
-13.275552
16.022218
8.392591
-18.005921
-1.831111
18.616292
-3.051851
-15.106663
10.071109
12.665182
-11.139256
-5.645925
12.359997
-0.152593
-12.817775
3.967406
8.545183
-6.408887
-2.136296
4.119999
0.762963
0.610370
-2.441481
-1.068148
6.714072
-1.678518
-9.155553
7.324443
6.561480
-10.834071
-0.457778
11.902219
-5.340739
-12.054812
8.392591
8.239998
-9.002961
-3.509629
7.019258
0.000000
-5.951110
-1.525926
5.493332
2.441481
-6.561480
-3.051851
7.782220
3.509629
-10.834071
-3.814814
10.681479
0.915555
-10.986664
-0.610370
8.087405
-1.068148
-6.866665
2.136296
2.746666
-3.814814
-2.746666
1.068148
3.357036
-0.457778
-3.967406
2.441481
4.882962
-4.119999
-3.357036
4.730369
1.068148
-3.967406
0.915555
0.305185
-2.594073
0.305185
0.915555
-2.288888
0.762963
4.882962
-1.831111
-2.594073
4.425184
0.762963
-3.662221
0.915555
1.831111
-1.068148
-0.762963
0.610370
0.457778
2.746666
1.373333
-2.594073
-0.915555
2.136296
-1.220740
-3.051851
1.220740
2.441481
-1.068148
-1.525926
0.457778
0.000000
-0.305185
1.220740
0.305185
-0.305185
0.762963
0.762963
-0.152593
-0.152593
0.610370
-0.610370
-0.762963
0.000000
0.000000
0.305185
0.305185
-0.305185
-0.610370
2.288888
1.678518
-0.762963
-0.305185
0.000000
0.762963
0.457778
0.305185
0.915555
0.915555
0.457778
0.000000
1.068148
0.610370
-1.678518
-1.068148
0.152593
-1.068148
-0.457778
0.457778
-0.152593
-0.762963
0.152593
0.152593
-1.525926
-1.678518
-0.305185
-0.457778
-0.915555
0.152593
-0.915555
-1.373333
0.152593
1.220740
-0.305185
-1.525926
-1.373333
0.000000
-0.457778
-1.373333
0.152593
0.762963
0.457778
1.068148
0.762963
-0.457778
-0.152593
0.305185
0.152593
-0.762963
-0.152593
0.610370
0.610370
0.152593
-0.610370
0.457778
0.915555
-0.457778
-0.305185
0.457778
-0.457778
0.000000
0.457778
-0.305185
-0.152593
0.915555
0.610370
0.152593
0.762963
0.915555
-0.152593
-0.457778
0.000000
0.915555
-0.305185
-0.915555
0.762963
1.525926
0.457778
-0.762963
-0.152593
0.457778
-0.457778
0.000000
0.762963
-0.457778
0.000000
0.305185
0.457778
0.000000
-0.762963
-0.152593
1.068148
0.610370
-0.762963
-0.457778
-0.610370
-0.457778
0.152593
-0.305185
-0.457778
-0.152593
-0.152593
-1.068148
0.305185
0.305185
-1.068148
-0.305185
0.610370
0.457778
-0.152593
-0.152593
-0.457778
0.305185
0.457778
0.610370
0.152593
-0.610370
-0.457778
0.152593
0.152593
0.000000
0.000000
0.152593
0.152593
0.152593
-0.152593
0.000000
-0.152593
-0.915555
-0.610370
0.152593
0.000000
-0.610370
-0.457778
-0.305185
0.305185
-0.610370
-0.457778
0.457778
-0.610370
-0.457778
-0.305185
0.000000
-0.152593
-0.305185
0.152593
0.152593
-0.457778
0.152593
0.915555
0.000000
-0.457778
0.457778
0.762963
-0.305185
0.610370
0.762963
0.457778
0.305185
0.000000
0.000000
-0.152593
0.305185
0.457778
0.152593
-0.305185
-0.152593
0.305185
0.305185
0.762963
0.305185
0.457778
-0.457778
-0.457778
-0.152593
-0.457778
-1.068148
-0.915555
0.152593
-0.610370
-0.915555
-0.457778
-0.305185
-0.305185
-0.152593
0.000000
-0.457778
-0.152593
0.152593
-0.457778
-0.305185
0.305185
0.000000
-0.305185
0.762963
0.610370
0.305185
0.305185
0.457778
0.152593
0.000000
0.305185
0.000000
-0.152593
0.610370
0.610370
0.305185
0.762963
0.762963
0.457778
0.610370
0.457778
0.762963
0.610370
0.305185
0.915555
0.305185
0.305185
0.457778
-0.305185
-0.305185
0.152593
0.000000
0.152593
0.000000
0.305185
0.000000
-0.457778
0.457778
-0.610370
-0.305185
-0.152593
-0.610370
-0.610370
-0.457778
-0.457778
-0.915555
-0.305185
0.000000
-0.762963
-0.915555
-0.305185
-0.610370
-0.762963
0.000000
0.000000
-0.152593
-0.610370
-0.305185
-0.305185
-0.762963
-0.305185
-0.457778
-0.152593
0.000000
-0.305185
-0.152593
0.610370
0.152593
-0.152593
0.152593
0.457778
0.305185
0.457778
0.610370
0.305185
0.457778
0.915555
0.305185
0.000000
0.610370
0.000000
-0.152593
0.457778
0.305185
-0.305185
0.000000
0.000000
0.152593
0.152593
-0.305185
-0.152593
-0.305185
-0.152593
-0.152593
0.152593
-0.457778
-0.610370
0.152593
0.000000
0.000000
0.457778
0.457778
0.305185
0.152593
-0.457778
0.000000
-0.152593
0.305185
0.457778
-0.152593
0.457778
0.305185
0.000000
0.305185
0.610370
0.457778
0.000000
0.457778
0.152593
-0.457778
0.000000
-0.305185
-0.305185
-0.305185
-0.305185
0.152593
0.457778
-0.305185
-0.305185
-0.152593
-0.152593
0.457778
0.000000
-0.610370
-0.457778
-0.305185
0.000000
0.152593
0.000000
-0.305185
-0.152593
0.152593
-0.610370
-0.915555
-0.152593
0.305185
0.457778
0.305185
0.305185
0.152593
0.610370
0.305185
-0.152593
0.000000
0.152593
0.762963
0.152593
0.152593
0.305185
0.000000
0.000000
