-341.136608
-248.729400
-79.316186
156.322193
336.516247
508.239641
619.898350
638.379792
740.027720
820.884027
840.135528
707.685197
375.789310
71.615586
-127.829970
-248.729400
-311.874325
-321.885106
-291.082704
-333.436007
-464.346218
-582.165407
-643.770212
-736.947480
-917.141534
-982.596640
-974.896039
-1093.485289
-1167.411055
-1018.019403
-733.097179
-549.052824
-428.923455
-211.766517
-132.450331
-126.289850
-72.385646
6.930541
49.283844
-13.091021
-23.871862
19.251502
107.808409
286.462343
472.046818
575.234867
526.721083
396.580932
271.831202
224.087478
190.204835
20.021562
-135.530571
-170.183274
-203.295856
-182.504235
-70.075466
49.283844
247.959340
305.713845
194.055136
115.509009
34.652703
25.411982
72.385646
208.686277
438.164176
678.422915
889.419372
1080.394268
1344.524869
1520.868623
1556.291386
1560.141686
1521.638683
1490.066221
1547.820725
1735.715381
1982.904661
2267.056824
2236.254421
1729.554900
1239.026640
851.686429
740.797780
341.136608
-258.740181
-544.432464
-496.688740
-780.840903
-1447.712917
-2022.177724
-2133.836433
-2051.440006
-2283.228085
-2664.407816
-2894.655775
-2906.206676
-2591.252110
-2267.056824
-1986.754961
-1491.606341
-1081.164328
-729.246879
-516.710302
-366.548590
94.717388
597.566608
898.660093
920.991835
832.434927
993.377481
1209.764358
1376.867392
1595.564449
1851.994450
1959.032799
1817.341747
1539.350065
1361.466190
1361.466190
1229.785920
1023.409823
696.134296
315.724626
19.251502
-249.499460
-293.392884
-397.350992
-600.646849
-852.456489
-1054.982285
-1235.946400
-1517.788383
-1737.255501
-1720.314179
-1622.516551
-1748.806402
-1895.887874
-1772.678264
-1410.750034
-1088.094868
-795.472044
-328.045587
41.583243
50.823964
56.984445
194.825196
486.677959
569.844446
530.571383
555.983365
565.224086
690.743876
847.066069
983.366700
879.408591
388.110271
-62.374865
-408.901893
-669.182194
-890.189432
-916.371474
-683.813335
-588.325888
-600.646849
-526.721083
-350.377328
-217.926998
-90.097027
-144.001232
-231.018019
-219.467118
-146.311412
-11.550901
214.076697
484.367779
810.873246
1096.565529
1332.203908
1674.880636
1999.075922
2159.248415
2269.367004
2317.110728
2210.072379
2226.243640
2294.008926
2626.674873
2887.725234
3121.823493
2620.514392
1860.465111
1305.251806
999.537961
716.925918
-251.809640
-883.258892
-952.564297
-967.195438
-1798.860306
-2704.450939
-2948.559979
-2610.503612
-2674.418597
-3340.520551
-3942.707520
-4013.553045
-3647.774516
-3335.130130
-3129.524094
-2647.466495
-1933.620817
-1316.032647
-1054.982285
-969.505619
-405.821653
437.394115
859.387030
661.481594
438.934236
706.915137
1150.469733
1235.946400
1308.332046
1741.875861
2322.501148
2461.882020
2151.547814
1966.733399
2096.103490
2141.537034
1752.656702
1148.159553
732.327119
596.796548
408.901893
164.022793
-17.711381
-78.546126
-193.285076
-586.015707
-1032.650544
-1265.208683
-1425.381176
-1667.180035
-1922.069916
-2155.398115
-2176.189736
-1965.193279
-1724.164480
-1462.344059
-1249.037421
-873.248111
-471.276758
-387.340211
-385.030031
-118.589250
378.099491
811.643306
880.948711
947.943937
1131.218232
1219.775139
1317.572767
1265.208683
1193.593097
924.072075
533.651623
341.906668
210.226397
56.984445
-162.482673
-435.083935
-706.915137
-935.622976
-974.125979
-772.370243
-485.907899
-316.494686
-361.158169
-395.040812
-398.121052
-222.547358
101.647928
408.901893
665.331894
868.627750
1089.634988
1373.017091
1628.677032
1961.342979
2375.635293
2746.034183
2922.377937
2951.640219
2960.880940
3081.780370
3227.321722
3351.301392
2839.981510
1979.824420
1519.328503
1185.892496
1066.533186
85.476667
-572.924686
-738.487600
-852.456489
-1715.693819
-2852.302471
-3258.894184
-3002.464183
-2980.902502
-3876.482354
-4494.840584
-4666.563978
-4310.796229
-4125.211754
-3971.969802
-3361.312172
-2520.406584
-1843.523789
-1651.008774
-1469.274599
-763.899582
190.974895
509.009701
319.574926
147.851532
512.089942
934.082856
1034.960724
1136.608652
1647.158473
2125.365772
2109.194511
1930.540576
1980.594481
2441.090398
2580.471269
2317.110728
1892.037573
1509.317722
1228.245800
870.937931
563.683966
472.046818
448.174956
242.568920
-82.396427
-401.201293
-530.571383
-706.145077
-1045.741565
-1513.168023
-1851.994450
-2057.600487
-2154.628055
-2263.206523
-2265.516704
-1988.295081
-1694.902197
-1418.450635
-1150.469733
-857.076849
-572.924686
-257.200061
-3.080240
315.724626
465.886338
478.977359
525.180963
647.620512
774.680423
767.749882
603.727089
453.565377
400.431232
340.366548
207.146157
41.583243
-33.112583
-11.550901
-24.641922
-74.695826
-23.871862
127.829970
270.291082
224.857538
151.701832
154.012012
234.868319
473.586938
674.572615
817.033726
992.607420
1289.850605
1568.612347
1821.192048
2019.097484
2270.907124
2548.898807
2767.595864
2875.404273
2992.453403
3211.920520
3475.281062
3260.434304
2509.625743
2119.975352
1776.528564
1614.045891
540.582164
-304.173725
-532.111503
-592.946248
-1301.401505
-2566.610188
-3058.678568
-3010.164784
-2985.522862
-3916.525477
-4562.605870
-4621.130435
-4311.566289
-4290.774668
-4450.177101
-3909.594937
-3008.624664
-2263.976583
-2187.740637
-1983.674721
-1289.850605
-369.628830
-71.615586
-245.649160
-136.300631
297.243184
690.743876
612.967810
745.418140
1373.787151
2002.156162
2103.034030
1937.471117
2132.296313
2588.171870
2701.370699
2310.950247
1999.075922
1953.642378
1795.010005
1339.904509
928.692435
767.749882
659.941473
350.377328
-105.498229
-294.933004
-476.667179
-657.631293
-999.537961
-1307.561986
-1419.990755
-1597.104569
-1729.554900
-1949.792078
-1860.465111
-1716.463879
-1560.911747
-1446.942857
-1143.539193
-683.813335
-367.318650
-221.777298
-106.268289
318.034806
609.887569
719.236098
715.385798
889.419372
1084.244568
991.067300
730.016939
545.972584
568.304326
367.318650
35.422763
-344.216848
-389.650392
-188.664715
-129.370090
-86.246727
-48.513784
13.091021
21.561682
-81.626367
-75.465886
63.914985
120.129370
160.942553
205.606037
348.067148
688.433696
1081.164328
1534.729704
1988.295081
2285.538265
2572.000608
2821.500069
3032.496526
3362.082232
3669.336197
3847.220072
3755.582924
2929.308477
2568.920368
2200.831658
2008.316643
1343.754809
300.323424
-41.583243
-417.372554
-911.751114
-2109.194511
-2673.648537
-2840.751570
-2961.651000
-3902.664396
-4915.293378
-4999.999985
-4849.068213
-4548.744789
-4852.148453
-4548.744789
-3940.397339
-3406.745716
-3091.021091
-2777.606645
-1778.068684
-880.178651
-489.758200
-599.106729
-468.196518
69.305406
526.721083
693.824116
788.541504
1207.454178
1585.553668
1778.068684
1922.069916
2367.164632
3059.448628
3219.621121
2863.853372
2454.181419
2384.105953
2392.576614
2074.541808
1623.286612
1296.011085
1100.415829
601.416909
131.680271
-157.092253
-190.974895
-276.451562
-777.760663
-1283.690124
-1627.906972
-1727.244720
-1802.710606
-2000.616042
-2271.677184
-2322.501148
-2274.757424
-2106.884331
-1937.471117
-1630.987212
-1091.945168
-684.583395
-387.340211
-94.717388
294.933004
758.509161
1101.955949
1349.915289
1496.996761
1373.787151
1113.506850
868.627750
696.904356
560.603725
372.709070
156.322193
-100.877868
-321.115046
-305.713845
-75.465886
229.477899
288.002463
244.879100
207.916217
188.664715
133.990451
30.802402
94.717388
170.953334
247.189280
213.306637
432.773755
961.034958
1591.714149
2052.210066
2295.549046
2622.054513
3021.715685
3394.424755
3693.978119
3887.263195
4054.366229
3460.649920
2920.837817
2404.127515
2123.055592
1777.298624
741.567840
375.019250
-99.337748
-496.688740
-1586.323729
-2338.672410
-2467.272440
-2598.952711
-3204.989980
-4228.399803
-4475.589083
-4634.991516
-4581.857371
-4767.441846
-4491.760344
-3906.514697
-3696.288300
-3432.157698
-3164.176796
-2341.752650
-1701.062678
-1245.957181
-933.312796
-642.230092
-248.729400
-26.952102
394.270752
695.364236
1026.490063
1185.122436
1277.529644
1523.178803
1825.042348
2298.629286
2620.514392
2760.665324
2717.541960
2578.931149
2369.474812
2060.680727
1838.903429
1658.709374
1335.284148
874.018171
344.216848
232.558139
54.674264
-271.061142
-655.321113
-926.382255
-958.724778
-1338.364388
-1748.806402
-1934.390877
-1829.662708
-1923.610036
-2251.655622
-2384.876013
-2058.370547
-1653.318954
-1574.772828
-1344.524869
-831.664867
-119.359310
323.425226
534.421683
996.457721
1515.478203
1849.684270
1754.196822
1527.029104
1451.563218
1339.904509
1031.110424
517.480362
230.247959
120.129370
23.871862
-223.317418
-302.633605
-31.572463
210.226397
146.311412
-102.417988
-56.984445
160.172493
204.065917
-62.374865
-215.616817
41.583243
254.889881
284.152163
251.039580
639.149852
1324.503307
1780.378864
2017.557364
2328.661629
2893.115654
3529.185266
3613.891873
3584.629591
3046.357607
3007.854604
2705.991059
2224.703520
1553.981206
615.277990
569.074386
8.470661
-532.111503
-1654.089014
-1969.813640
-2053.750186
-2414.138296
-3208.840280
-3850.300312
-3610.811633
-3768.673945
-3854.920672
-4246.881244
-3774.834426
-3313.568449
-3415.986437
-3362.082232
-3169.567217
-2231.634061
-1799.630366
-1717.233939
-1509.317722
-1081.934388
-356.537809
-75.465886
174.803634
463.576158
863.237330
1053.442165
1022.639763
1123.517631
1486.215920
2042.969346
2153.857995
2102.263970
1975.204060
2210.072379
2387.956254
2287.848445
2033.728625
1901.278294
1844.293849
1399.969193
861.697210
410.442013
515.170182
224.857538
-263.360541
-830.124747
-900.200213
-837.055288
-1152.009853
-1358.385950
-1484.675800
-1290.620665
-1588.633909
-1784.229165
-1713.383639
-1381.487752
-1195.903277
-1299.091325
-1092.715229
-689.203756
-190.974895
103.188048
478.977359
965.655318
1354.535650
1445.402737
1297.551205
1275.989523
1304.481746
1172.801475
747.728321
241.028800
-14.631141
-135.530571
-313.414445
-461.265977
-272.601262
115.509009
291.082704
100.877868
-3.850300
267.980902
522.870782
439.704296
131.680271
76.235946
219.467118
277.221622
249.499460
420.452794
894.809793
1416.910515
1706.453098
1959.802859
2474.202981
3127.983974
3579.239170
3549.206828
2913.907276
2813.029408
2417.218536
2075.311868
1182.042196
319.574926
375.019250
-125.519790
-652.240873
-1805.020786
-1917.449555
-1867.395651
-2090.713069
-2838.441390
-3254.273824
-2963.191120
-3094.101331
-3172.647457
-3529.955326
-2989.373162
-2703.680879
-2838.441390
-2840.751570
-2718.312020
-1956.722619
-1734.945321
-1618.666251
-1529.339284
-1190.512856
-699.984597
-485.137839
-175.573694
51.594024
456.645617
588.325888
679.192975
837.055288
1182.812256
1588.633909
1701.062678
1685.661477
1551.671026
1738.025561
1853.534570
1902.818414
1749.576462
1578.623128
1684.891417
1418.450635
1129.678112
811.643306
740.797780
710.765438
157.862313
-331.125827
-565.224086
-610.657629
-793.931924
-1111.966730
-1208.224238
-1168.181115
-1324.503307
-1594.794389
-1553.981206
-1372.247031
-1272.139223
-1363.006310
-1295.241025
-900.970273
-549.052824
-201.755736
101.647928
490.528260
776.990603
823.194207
903.280453
894.809793
994.917601
916.371474
689.973816
474.356998
277.221622
281.841983
180.194055
50.053904
90.097027
287.232403
495.918680
489.758200
550.592945
817.033726
1004.158321
881.718771
626.058831
581.395347
700.754657
716.155858
533.651623
505.159401
713.075618
990.297240
1312.182346
1496.226701
2124.595712
2513.476044
2869.243793
2495.764662
2099.183730
2241.644842
1878.946552
1607.885410
307.253965
-8.470661
-255.659941
-702.294777
-1594.794389
-2353.303551
-2046.049586
-2095.333430
-2434.159857
-3263.514544
-2937.779138
-2695.210218
-2637.455714
-2831.510849
-2725.242561
-1895.117814
-2012.166943
-2087.632829
-2220.083160
-1782.689044
-1272.909283
-1428.461416
-1343.754809
-1315.262587
-933.312796
-683.813335
-512.089942
-164.022793
187.124595
559.063605
714.615738
822.424147
965.655318
1336.824268
1518.558443
1575.542888
1407.669794
1357.615890
1547.050665
1534.729704
1612.505771
1523.178803
1604.035110
1513.168023
1259.048202
1162.790694
1161.250574
1146.619433
712.305558
286.462343
26.952102
-140.150931
-447.404896
-803.942705
-849.376249
-997.997841
-1282.920064
-1680.271056
-1704.142918
-1518.558443
-1570.152467
-1590.174029
-1554.751266
-1259.048202
-1132.758352
-904.820573
-498.998920
13.091021
334.206067
440.474356
609.117509
617.588170
738.487600
791.621744
859.387030
728.476819
417.372554
314.954566
332.665947
309.564145
240.258739
367.318650
615.277990
783.151083
688.433696
798.552285
1075.003847
1292.930845
1196.673337
913.291234
871.707991
835.515168
874.788231
639.919912
652.240873
800.862465
1037.270904
1213.614658
1299.861385
1818.111807
2228.553821
2619.744332
2056.830427
1895.117814
1736.485441
1573.232708
1040.351144
-197.905436
-218.697058
-629.139071
-921.761895
-2064.531027
-2525.797005
-2272.447244
-2361.774211
-2787.617426
-3345.910971
-2806.868927
-2607.423371
-2497.304782
-2721.392261
-2215.462800
-1549.360846
-1713.383639
-1821.962108
-1949.022018
-1339.134449
-1109.656550
-1223.625439
-1218.235019
-1107.346370
-731.557059
-634.529491
-414.292314
-107.808409
401.971353
638.379792
709.225317
778.530723
1038.040964
1503.157242
1600.184810
1637.917753
1487.756041
1566.302167
1648.698594
1540.890185
1530.879404
1531.649464
1617.896191
1427.691356
1114.276910
1056.522406
1111.966730
1095.025409
659.941473
276.451562
123.979670
-104.728168
-376.559371
-844.755888
-820.884027
-981.826580
-1247.497301
-1640.997993
-1766.517783
-1575.542888
-1662.559675
-1646.388413
-1630.217152
-1296.011085
-1131.988292
-890.189432
-564.454026
-78.546126
283.382103
381.949791
525.951023
509.779761
706.915137
666.101954
633.759431
493.608500
277.221622
324.965346
311.874325
361.158169
351.147388
519.790542
769.290002
897.890033
910.981054
1098.105649
1325.273367
1456.183578
1270.599103
1046.511625
994.147541
900.970273
770.060062
504.389341
535.961803
699.984597
954.104417
1048.051745
1341.444629
1802.710606
2247.805322
2329.431689
1849.684270
2006.006463
1784.999225
1717.233939
651.470813
-93.177268
-187.124595
-656.091173
-1354.535650
-2547.358686
-2577.391029
-2536.577846
-2692.129978
-3384.413974
-3280.455866
-2733.713222
-2484.983821
-2497.304782
-2594.332350
-1786.539345
-1516.248263
-1523.178803
-1651.008774
-1609.425530
-1148.929613
-1265.208683
-1286.770364
-1360.696130
-1212.074538
-984.136760
-813.953486
-539.042044
-220.237178
224.087478
532.881563
829.354687
932.542736
1326.043427
1674.880636
1918.989676
1889.727393
1714.153699
1900.508234
1915.909435
1950.562138
1803.480666
1784.999225
1893.577693
1657.939314
1494.686581
1352.995530
1416.910515
1289.850605
933.312796
565.224086
385.030031
53.134144
-255.659941
-563.683966
-780.840903
-946.403817
-1453.103338
-1650.238714
-1842.753729
-1854.304630
-2007.546583
-2046.819646
-1902.048354
-1727.244720
-1553.981206
-1349.915289
-886.339132
-476.667179
-128.600030
46.203604
251.039580
446.634836
523.640842
573.694746
495.918680
397.350992
241.028800
184.814415
177.883874
190.204835
279.531803
415.062374
669.952254
749.268441
911.751114
1197.443397
1440.012317
1585.553668
1375.327271
1263.668562
1133.528412
998.767901
781.610963
532.111503
525.180963
479.747419
679.963035
750.808561
1121.977511
1550.130906
1908.978895
2227.783761
1860.465111
2049.899886
1828.892648
1738.795621
1030.340364
133.990451
-60.064685
-633.759431
-1139.688892
-2254.735863
-2446.480818
-2544.278446
-2588.941930
-3092.561211
-3180.348058
-2634.375473
-2494.994602
-2183.890337
-2293.238866
-1579.393188
-1256.738022
-1344.524869
-1334.514088
-1470.814719
-1052.672105
-1191.282917
-1251.347601
-1279.839824
-1250.577541
-1069.613427
-1037.270904
-762.359462
-505.929461
-48.513784
197.905436
558.293545
740.797780
1080.394268
1487.756041
1609.425530
1795.780066
1620.976431
1821.962108
1805.790846
1735.715381
1761.897423
1724.934540
1909.748955
1697.982438
1543.200365
1527.799164
1626.366852
1473.894959
1188.972736
730.016939
685.353456
478.207299
30.032342
-181.734175
-601.416909
-510.549821
-1034.960724
-1419.220695
-1613.275831
-1600.184810
-1637.147693
-1979.824420
-2077.622048
-1773.448324
-1429.231476
-1463.114119
-1231.326040
-827.044507
-225.627598
-157.862313
-257.200061
100.107808
366.548590
507.469581
227.937778
111.658709
245.649160
144.771292
31.572463
-124.749730
53.134144
247.189280
432.003695
495.918680
739.257660
1068.073307
1376.867392
1502.387182
1364.546431
1457.723698
1362.236250
1329.123668
952.564297
787.001384
733.097179
677.652855
706.915137
699.214537
1004.158321
1358.385950
1640.997993
1848.914210
1772.678264
1738.795621
1838.903429
1546.280605
1225.165559
330.355767
66.995225
-363.468349
-873.248111
-1801.170486
-2387.186193
-2471.122740
-2639.765894
-2911.597096
-3322.039109
-2851.532411
-2647.466495
-2280.917905
-2285.538265
-1867.395651
-1297.551205
-1307.561986
-1242.876941
-1343.754809
-1030.340364
-931.772676
-1074.233787
-1063.452946
-1090.405048
-900.200213
-880.948711
-669.182194
-445.864776
-146.311412
91.637147
334.206067
599.876789
833.975048
1257.508082
1476.975200
1705.683038
1630.987212
1687.971657
1854.304630
1832.742949
1815.031567
1721.084239
1744.956101
1751.886642
1590.944089
1590.174029
1639.457873
1510.857842
1438.472197
1080.394268
924.842135
582.165407
405.051593
221.777298
-92.407207
-403.511473
-771.600183
-869.397810
-1222.855379
-1321.423067
-1605.575230
-1571.692587
-1827.352528
-1855.074690
-1630.217152
-1409.209914
-1162.790694
-1138.918832
-565.994146
-316.494686
-192.515016
-158.632373
63.914985
423.533034
154.012012
-16.171261
-69.305406
16.171261
-164.022793
-401.201293
-332.665947
-150.931772
-50.053904
-109.348529
189.434775
473.586938
837.825348
967.965498
1075.773907
1262.898502
1262.898502
1338.364388
1152.779913
1069.613427
939.473276
837.825348
803.942705
713.075618
912.521174
1090.405048
1454.643458
1597.104569
1895.887874
1780.378864
1856.614810
1774.988444
1556.291386
1384.567992
522.870782
337.286307
-344.986908
-745.418140
-1677.960876
-2250.115502
-2470.352680
-2643.616194
-2960.880940
-3383.643914
-3076.389949
-2863.853372
-2401.047275
-2422.608956
-2013.707063
-1565.532107
-1450.793158
-1338.364388
-1353.765590
-985.676880
-867.857690
-931.002615
-948.713997
-897.890033
-722.316339
-674.572615
-472.046818
-303.403665
-32.342523
115.509009
428.153395
712.305558
978.746339
1377.637452
1563.991987
1864.315411
1807.330966
1947.481898
2126.905892
2076.851988
2061.450787
1843.523789
1891.267513
1807.330966
1600.954870
1530.109344
1418.450635
1290.620665
1021.099643
791.621744
688.433696
594.486368
244.109040
97.797628
-155.552133
-294.162944
-653.780993
-1035.730784
-1079.624207
-1342.984749
-1572.462647
-1935.930997
-1946.711838
-1763.437543
-1710.303399
-1604.805170
-1312.952406
-857.076849
-527.491143
-345.756968
-34.652703
382.719851
551.363005
461.265977
389.650392
373.479130
312.644385
-26.182042
-264.130601
-309.564145
-338.826427
-374.249190
-449.715076
-235.638379
62.374865
309.564145
448.945016
587.555828
831.664867
1064.993066
1064.223006
982.596640
878.638531
857.076849
709.995378
481.287539
383.489911
500.539041
609.887569
680.733095
743.107960
1116.587090
1474.665020
1728.784840
1592.484209
1617.896191
1720.314179
1677.960876
1322.963187
556.753425
396.580932
-68.535346
-424.303094
-1470.814719
-1880.486672
-2055.290307
-2223.933460
-2634.375473
-3060.218688
-2682.889257
-2505.005383
-2263.976583
-2426.459257
-2094.563370
-1646.388413
-1443.862617
-1336.054208
-1360.696130
-1044.201445
-895.579853
-850.916369
-884.028952
-840.135528
-595.256428
-538.271984
-395.810872
-411.982133
-81.626367
180.964115
478.977359
694.594176
921.761895
1391.498533
1629.447092
1879.716612
1927.460336
2227.783761
2359.464031
2348.683190
2173.109496
2093.023250
2129.986133
1888.187273
1630.987212
1350.685349
1342.984749
1105.806250
804.712765
616.818110
553.673185
577.545047
161.712613
-23.101802
-175.573694
-232.558139
-544.432464
-976.436159
-1132.758352
-1329.123668
-1531.649464
-1952.872318
-1937.471117
-1820.421988
-1623.286612
-1511.627903
-1324.503307
-771.600183
-455.875557
-115.509009
100.877868
385.030031
587.555828
455.875557
390.420452
238.718619
53.904204
-187.124595
-365.008470
-411.212073
-606.037269
-741.567840
-681.503155
-391.190512
-252.579700
-150.931772
12.320961
361.928229
592.176188
583.705527
655.321113
713.075618
838.595408
681.503155
472.046818
371.939010
400.431232
491.298320
467.426458
572.154626
795.472044
1197.443397
1446.942857
1625.596792
1833.513009
1836.593249
2044.509466
1657.169254
1628.677032
1124.287691
766.209762
423.533034
-113.198829
-455.105497
-1244.417061
-1507.007542
-1932.850757
-2022.947784
-2537.347906
-2638.225774
-2644.386254
-2596.642530
-2524.256885
-2616.664092
-2090.713069
-1912.829195
-1691.051897
-1672.570456
-1433.081776
-992.607420
-916.371474
-774.680423
-746.188200
-482.827659
-407.361773
-344.986908
-170.953334
27.722162
320.344986
441.244416
812.413366
1021.869703
1366.856611
1591.714149
1925.920216
2193.901118
2216.232860
2376.405353
2374.865232
2488.834122
2286.308325
2133.066373
2024.487904
1808.871087
1560.911747
1255.197902
1146.619433
987.217000
801.632525
444.324656
311.104265
113.968889
-85.476667
-313.414445
-641.460032
-753.118741
-1131.988292
-1276.759583
-1533.959644
-1654.089014
-1806.560906
-1926.690276
-1779.608804
-1609.425530
-1354.535650
-1163.560754
-782.381023
-323.425226
7.700601
174.033574
295.703064
461.265977
500.539041
251.809640
-1.540120
-112.428769
-200.985676
-407.361773
-729.246879
-872.478051
-793.931924
-785.461264
-751.578621
-703.064837
-469.736638
-172.493454
-45.433544
120.899430
298.013244
520.560602
554.443245
445.094716
368.088710
365.008470
350.377328
296.473124
254.119821
368.858770
507.469581
655.321113
854.766669
1182.042196
1597.104569
1864.315411
2057.600487
1956.722619
2031.418445
1967.503459
1861.235171
1584.783608
998.767901
837.055288
411.982133
70.845526
-728.476819
-1180.502076
-1445.402737
-1728.014780
-2246.265202
-2747.574303
-2682.119197
-2705.991059
-2612.043732
-2807.638988
-2537.347906
-2194.671178
-1963.653159
-1801.940546
-1628.677032
-1215.154778
-956.414598
-823.964267
-762.359462
-576.004927
-351.917449
-242.568920
-80.086246
23.871862
331.125827
588.325888
913.291234
1214.384718
1399.199133
1763.437543
1982.134601
2317.110728
2371.014932
2458.031719
2562.759888
2556.599407
2462.652080
2183.120277
2077.622048
1954.412438
1741.875861
1413.830275
1111.966730
944.863697
697.674417
394.270752
84.706607
-57.754505
-265.670722
-516.710302
-920.991835
-1064.993066
-1179.732016
-1342.214689
-1496.226701
-1691.821957
-1541.660245
-1619.436311
-1482.365620
-1330.663788
-1002.618201
-729.246879
-597.566608
-365.008470
-139.380871
23.871862
3.850300
0.000000
-61.604805
-127.829970
-300.323424
-420.452794
-525.180963
-692.283996
-745.418140
-817.803786
-800.862465
-818.573846
-735.407360
-511.319881
-468.966578
-375.789310
-285.692283
-29.262282
126.289850
96.257508
157.092253
253.349761
338.826427
231.018019
247.189280
291.082704
478.207299
518.250422
610.657629
850.146309
1086.554748
1400.739254
1647.158473
1915.139375
2142.307094
2250.115502
2090.713069
2190.820878
2010.626823
2018.327424
1499.306942
1115.817030
879.408591
476.667179
14.631141
-823.964267
-1139.688892
-1531.649464
-1844.293849
-2494.224542
-2689.049738
-2711.381480
-2729.862921
-2846.141991
-2937.779138
-2499.614963
-2220.083160
-2005.236403
-1860.465111
-1517.018323
-1085.784688
-924.072075
-757.739101
-563.683966
-276.451562
-191.744956
-127.059910
43.893424
319.574926
535.191743
643.770212
907.130754
1092.715229
1411.520094
1567.072227
1885.107033
2115.354991
2217.002920
2363.314332
2378.715533
2480.363461
2369.474812
2274.757424
2153.857995
1912.829195
1603.265050
1301.401505
1081.164328
761.589402
417.372554
46.973664
-154.782073
-376.559371
-756.198981
-874.788231
-1091.945168
-1079.624207
-1299.091325
-1400.739254
-1272.139223
-1319.112887
-1212.074538
-1317.572767
-1048.051745
-937.163096
-921.761895
-921.761895
-802.402585
-576.004927
-643.000152
-634.529491
-661.481594
-522.870782
-569.074386
-678.422915
-607.577389
-582.165407
-545.202524
-669.182194
-631.449251
-577.545047
-542.892344
-525.180963
-514.400122
-435.083935
-473.586938
-356.537809
-210.996457
-12.320961
70.845526
167.103034
389.650392
506.699521
603.727089
631.449251
800.092405
956.414598
972.585859
971.815799
1040.351144
1254.427842
1403.049434
1528.569224
1690.281837
1902.048354
2156.938235
2138.456793
2064.531027
2184.660397
2116.125051
2126.905892
1510.857842
1207.454178
931.002615
538.271984
-72.385646
-917.141534
-1259.818262
-1721.854300
-2111.504691
-2844.601871
-2977.052201
-3075.619889
-3018.635445
-3077.930069
-2992.453403
-2478.053281
-2190.820878
-1815.031567
-1634.067452
-1196.673337
-808.563066
-574.464807
-381.179731
-313.414445
-124.749730
-60.834745
66.225165
122.439550
184.814415
350.377328
562.143846
787.001384
887.879252
1218.235019
1539.350065
1976.744180
2100.723850
2220.853220
2438.010158
2573.540729
2584.321569
2338.672410
2233.944241
2051.440006
1779.608804
1345.294929
1018.019403
760.049282
461.265977
76.235946
-160.942553
-327.275527
-495.918680
-582.935467
-767.749882
-781.610963
-847.066069
-864.007390
-845.525949
-1033.420604
-1143.539193
-1164.330814
-1204.373938
-1246.727241
-1476.975200
-1440.782377
-1401.509314
-1388.418293
-1363.776371
-1237.486520
-981.826580
-912.521174
-879.408591
-715.385798
-502.849221
-430.463575
-454.335437
-509.779761
-481.287539
-603.727089
-682.273215
-705.375017
-741.567840
-749.268441
-798.552285
-670.722314
-482.827659
-255.659941
31.572463
261.050361
533.651623
722.316339
935.622976
1038.811024
1198.983517
1230.555980
1259.818262
1186.662556
1078.084087
1158.170334
1178.961956
1299.861385
1355.305710
1500.077002
1758.817183
1973.663940
2237.794541
2331.741869
2404.127515
2547.358686
2320.961028
2193.901118
1504.697362
1311.412286
810.103186
218.697058
-701.524717
-1496.226701
-1845.833970
-2349.453250
-2777.606645
-3384.413974
-3200.369619
-3246.573223
-3044.817487
-3048.667787
-2601.262891
-1931.310637
-1657.169254
-1376.867392
-1244.417061
-764.669642
-465.116278
-455.875557
-448.945016
-449.715076
-327.275527
-377.329431
-363.468349
-248.729400
61.604805
294.933004
532.111503
881.718771
1205.914058
1788.849525
2080.702289
2460.341899
2535.807786
2649.006615
2793.007846
2709.071300
2533.497605
2164.638835
1948.251958
1650.238714
1209.764358
766.979822
555.983365
404.281533
170.953334
-155.552133
-247.189280
-204.835977
-231.018019
-470.506698
-509.779761
-523.640842
-629.139071
-920.221775
-1218.235019
-1179.732016
-1432.311716
-1589.403969
-1967.503459
-1874.326192
-1869.705832
-1859.695051
-1778.068684
-1601.724930
-1219.775139
-1123.517631
-914.061294
-720.776218
-433.543815
-339.596488
-363.468349
-401.971353
-436.624055
-544.432464
-671.492374
-743.107960
-805.482825
-868.627750
-867.087630
-761.589402
-560.603725
-348.837208
-77.776066
206.376097
468.196518
688.433696
919.451715
1136.608652
1216.694899
1292.160785
1257.508082
1246.727241
1155.860154
1091.945168
1132.758352
1131.988292
1217.464959
1326.043427
1537.809945
1751.116582
1969.043580
2275.527484
2513.476044
2699.060519
2549.668867
2535.807786
2367.164632
2069.151388
1604.805170
859.387030
513.630062
-166.332973
-733.097179
-1580.163248
-2032.188505
-2344.832890
-2602.032951
-2928.538417
-3139.534874
-2987.062982
-2910.827036
-2637.455714
-2572.000608
-2187.740637
-1900.508234
-1652.548894
-1473.124899
-1314.492527
-1079.624207
-905.590633
-795.472044
-718.466038
-636.069612
-456.645617
-230.247959
-2.310180
265.670722
541.352224
895.579853
1230.555980
1490.066221
1791.929765
2092.253190
2276.297544
2389.496374
2357.153851
2387.186193
2331.741869
2144.617274
1960.572919
1738.795621
1532.419524
1247.497301
916.371474
728.476819
530.571383
300.323424
49.283844
-130.910211
-244.879100
-445.094716
-606.037269
-751.578621
-859.387030
-1092.715229
-1255.197902
-1418.450635
-1448.482977
-1636.377633
-1751.116582
-1795.780066
-1875.096252
-1751.886642
-1752.656702
-1524.718924
-1519.328503
-1344.524869
-1150.469733
-949.484057
-860.157090
-820.884027
-605.267209
-541.352224
-571.384566
-656.861233
-500.539041
-414.292314
-508.239641
-541.352224
-432.003695
-241.798860
-285.692283
-234.098259
3.080240
247.189280
361.928229
417.372554
722.316339
947.943937
1098.105649
1108.886490
1308.332046
1443.092557
1527.799164
1470.814719
1483.135680
1543.200365
1575.542888
1605.575230
1557.061446
1701.832738
1779.608804
1897.427994
1823.502228
1948.251958
2108.424451
2159.248415
2001.386102
1651.778834
1710.303399
1440.012317
1185.122436
522.100722
177.113814
-38.503003
-548.282764
-1075.003847
-1767.287843
-1826.582468
-2174.649616
-2394.116734
-2906.976736
-2922.377937
-2860.003072
-2857.692892
-2774.526405
-2754.504843
-2263.976583
-2119.975352
-1841.213609
-1662.559675
-1299.091325
-856.306789
-647.620512
-361.158169
-209.456337
63.144925
301.093484
533.651623
693.824116
860.927150
1024.949943
1224.395499
1358.385950
1410.750034
1666.409975
1795.010005
1955.182498
1869.705832
1911.289075
2023.717844
1988.295081
1846.604030
1626.366852
1520.098563
1295.241025
1000.308021
620.668410
419.682734
191.744956
-91.637147
-408.131833
-641.460032
-702.294777
-841.675648
-951.794237
-1129.678112
-1091.945168
-1124.287691
-1233.636220
-1311.412286
-1347.605109
-1231.326040
-1392.268593
-1547.050665
-1620.976431
-1513.168023
-1525.488984
-1608.655470
-1607.885410
-1401.509314
-1256.738022
-1252.117661
-1131.218232
-891.729552
-608.347449
-536.731863
-469.736638
-321.885106
-197.135376
-144.001232
-125.519790
-53.134144
36.192823
25.411982
134.760511
177.883874
349.607268
465.116278
678.422915
975.666099
1111.196670
1328.353608
1473.124899
1711.073459
1868.165711
1935.160937
1923.610036
1910.519015
1814.261507
1684.121356
1534.729704
1338.364388
1265.978743
1124.287691
1039.581084
971.045739
951.024177
997.997841
1074.233787
1163.560754
1291.390725
1157.400274
1142.769133
1058.062526
967.965498
716.155858
179.423995
-26.182042
-415.832434
-763.129522
-1513.938083
-1926.690276
-2193.131058
-2367.934692
-2762.205444
-3091.791151
-2976.282141
-2897.736015
-2673.648537
-2682.889257
-2206.992139
-1741.105801
-1388.418293
-1120.437391
-858.616970
-343.446788
-56.984445
145.541352
227.167718
335.746187
418.912674
477.437239
563.683966
627.598951
711.535498
765.439702
952.564297
1061.142766
1205.143998
1378.407512
1599.414750
1795.010005
1735.715381
1724.934540
1734.175261
1754.966882
1552.441086
1266.748803
1047.281685
825.504387
528.261203
146.311412
-23.101802
-154.012012
-237.178499
-453.565377
-535.191743
-521.330662
-499.768981
-462.036037
-603.727089
-629.139071
-742.337900
-853.226549
-1040.351144
-1255.197902
-1416.140455
-1594.794389
-1784.999225
-1939.781297
-1965.193279
-2009.086703
-1915.909435
-1819.651927
-1542.430305
-1368.396731
-1222.085319
-931.772676
-626.058831
-337.286307
-281.841983
-107.808409
118.589250
216.386878
237.948559
257.200061
469.736638
548.282764
536.731863
639.919912
826.274447
1054.982285
1152.779913
1358.385950
1640.227933
1888.187273
1958.262739
2052.210066
2149.237634
2178.499917
2054.520247
1813.491447
1626.366852
1356.845830
1046.511625
675.342675
435.083935
247.189280
60.834745
-79.316186
-133.990451
16.941321
142.461112
312.644385
495.918680
803.172645
948.713997
865.547510
957.184658
880.948711
964.885258
338.826427
-66.995225
-362.698289
-666.872014
-1126.597871
-1898.968114
-2063.760967
-2232.404121
-2324.811328
-2732.943161
-2630.525173
-2354.073611
-2024.487904
-1905.898654
-1704.912978
-1158.940394
-831.664867
-532.111503
-435.853995
-135.530571
47.743724
66.225165
95.487448
93.177268
176.343754
130.140151
180.194055
210.996457
293.392884
373.479130
575.234867
823.964267
858.616970
1024.949943
1116.587090
1428.461416
1416.140455
1358.385950
1413.060215
1409.209914
1324.503307
978.746339
850.916369
787.771444
602.957029
231.788079
47.743724
26.952102
1.540120
-186.354535
-318.804866
-184.814415
-199.445556
-231.788079
-453.565377
-417.372554
-523.640842
-722.316339
-961.805018
-1215.924839
-1284.460184
-1642.538113
-1809.641147
-2089.943009
-1996.765742
-2107.654391
-2068.381328
-2026.798084
-1740.335741
-1363.006310
-1190.512856
-800.862465
-531.341443
13.091021
194.055136
427.383335
636.069612
828.584627
984.906820
943.323576
1011.858922
1028.800243
1061.912826
1033.420604
1064.993066
1139.688892
1216.694899
1352.995530
1446.172797
1610.965651
1633.297392
1761.897423
1807.330966
1768.057903
1629.447092
1363.776371
1202.833817
837.055288
463.576158
60.064685
-253.349761
-522.100722
-807.793005
-992.607420
-980.286459
-868.627750
-638.379792
-397.350992
-131.680271
258.740181
622.208530
1011.858922
1225.165559
1150.469733
1303.711686
1139.688892
1067.303246
557.523485
80.086246
-92.407207
-502.079161
-861.697210
-1538.580005
-1597.104569
-1669.490215
-1616.356071
-1917.449555
-1763.437543
-1453.103338
-1225.935619
-1075.003847
-1063.452946
-594.486368
-472.816878
-408.901893
-525.180963
-466.656398
-371.939010
-461.265977
-540.582164
-636.839672
-545.972584
-515.170182
-422.762974
-302.633605
-116.279069
180.964115
390.420452
673.802555
780.070843
1041.891264
1233.636220
1379.177572
1370.706911
1243.647001
1265.208683
1130.448172
1000.308021
716.925918
574.464807
468.966578
308.794085
130.910211
73.925766
154.012012
165.562913
131.680271
65.455105
201.755736
206.376097
83.936547
-109.348529
-234.868319
-406.591713
-699.984597
-1099.645769
-1331.433848
-1551.671026
-1781.148924
-1975.974120
-2073.771748
-1881.256732
-1831.972888
-1593.254269
-1386.878172
-931.002615
-512.860002
-187.894655
137.840751
425.073154
725.396579
817.803786
941.783456
941.013396
991.067300
900.200213
781.610963
755.428921
722.316339
778.530723
726.936699
820.884027
916.371474
1041.121204
1118.897271
1209.764358
1362.236250
1373.787151
1329.123668
1175.881715
1055.752346
838.595408
529.801323
163.252733
-170.183274
-460.495917
-797.012165
-1052.672105
-1212.844598
-1198.983517
-1126.597871
-1004.928381
-785.461264
-452.795317
-24.641922
358.847989
707.685197
983.366700
1277.529644
1463.884179
1609.425530
1404.589554
1272.909283
1128.137991
924.072075
636.069612
-55.444324
-146.311412
-374.249190
-415.832434
-950.254117
-1137.378712
-1051.902045
-927.922375
-1041.121204
-1349.145229
-1082.704448
-1075.003847
-999.537961
-1368.396731
-1282.920064
-1133.528412
-1167.411055
-1299.861385
-1410.750034
-1163.560754
-1051.131985
-941.783456
-819.343906
-585.245647
-321.885106
-118.589250
123.209610
377.329431
580.625287
732.327119
893.269672
926.382255
965.655318
983.366700
1015.709222
1034.960724
820.113966
776.220543
785.461264
803.942705
726.936699
611.427690
683.043275
750.808561
679.192975
601.416909
633.759431
688.433696
619.898350
341.906668
251.809640
155.552133
-23.871862
-288.002463
-601.416909
-659.941473
-908.670874
-1107.346370
-1292.930845
-1318.342827
-1260.588322
-1270.599103
-1259.048202
-1087.324808
-912.521174
-732.327119
-576.774987
-439.704296
-127.059910
-80.856307
-4.620360
-0.770060
129.370090
252.579700
210.996457
195.595256
247.959340
346.527028
388.880332
447.404896
567.534266
679.192975
709.995378
753.888801
826.274447
887.879252
838.595408
813.953486
811.643306
728.476819
550.592945
431.233635
340.366548
241.028800
-3.080240
-174.803634
-245.649160
-338.826427
-454.335437
-501.309101
-458.185737
-324.965346
-293.392884
-214.846757
-36.192823
169.413214
408.131833
505.929461
688.433696
857.846910
987.217000
1022.639763
1024.179883
1111.196670
1028.030183
801.632525
690.743876
513.630062
529.801323
44.663484
-73.925766
-184.814415
-173.263514
-479.747419
-853.996609
-815.493606
-868.627750
-953.334357
-1497.766821
-1440.782377
-1581.703368
-1559.371626
-1868.935771
-1902.818414
-1672.570456
-1642.538113
-1526.259044
-1457.723698
-1108.116430
-824.734327
-552.133065
-297.243184
-53.134144
139.380871
327.275527
571.384566
697.674417
693.824116
686.123516
775.450483
850.916369
693.824116
655.321113
727.706759
887.109192
800.092405
715.385798
849.376249
1089.634988
1145.849373
1031.880484
1083.474508
1182.812256
1192.052977
953.334357
827.044507
782.381023
649.160633
358.847989
75.465886
-57.754505
-157.092253
-336.516247
-550.592945
-646.080392
-733.097179
-747.728321
-839.365468
-891.729552
-927.152315
-1004.158321
-985.676880
-1085.014628
-1066.533186
-1145.079313
-1107.346370
-1091.945168
-1040.351144
-963.345138
-878.638531
-679.192975
-505.929461
-252.579700
-99.337748
166.332973
399.661172
639.149852
787.001384
907.130754
1059.602646
1115.817030
1096.565529
1015.709222
1016.479282
987.217000
829.354687
663.021714
625.288771
603.727089
502.849221
363.468349
342.676728
411.212073
311.874325
226.397658
164.792853
175.573694
116.279069
-16.941321
-75.465886
-160.942553
-234.868319
-336.516247
-373.479130
-401.971353
-425.843215
-415.062374
-349.607268
-248.729400
-107.038349
64.685045
206.376097
380.409671
559.063605
788.541504
886.339132
807.022945
919.451715
862.467270
894.809793
485.907899
281.071923
170.183274
-40.043123
-378.099491
-904.820573
-974.896039
-1170.491295
-1291.390725
-1710.303399
-1670.260275
-1610.965651
-1557.831506
-1562.451867
-1512.397963
-1103.496069
-971.045739
-779.300783
-659.941473
-419.682734
-183.274295
-99.337748
33.882643
100.107808
170.183274
200.215616
253.349761
281.071923
267.980902
329.585707
439.704296
556.753425
539.812104
668.412134
855.536729
1085.014628
1110.426610
1143.539193
1292.160785
1352.225470
1347.605109
1175.111655
1114.276910
1045.741565
812.413366
567.534266
369.628830
246.419220
104.728168
-138.610811
-257.970121
-310.334205
-407.361773
-466.656398
-536.731863
-539.812104
-643.770212
-834.745108
-882.488832
-982.596640
-1073.463727
-1314.492527
-1386.108112
-1396.118893
-1370.706911
-1412.290154
-1318.342827
-1053.442165
-798.552285
-525.180963
-301.863544
119.359310
470.506698
803.172645
1006.468502
1216.694899
1408.439854
1482.365620
1500.077002
1401.509314
1320.653007
1210.534418
1071.153547
860.157090
664.561834
519.790542
431.233635
318.034806
184.044355
163.252733
132.450331
140.920991
65.455105
7.700601
-33.882643
-133.990451
-223.317418
-415.062374
-569.844446
-732.327119
-861.697210
-984.906820
-1139.688892
-1181.272136
-1142.769133
-1076.543967
-1018.789463
-894.039732
-649.930693
-351.147388
-145.541352
74.695826
334.976127
621.438470
817.033726
925.612195
1076.543967
1208.224238
1170.491295
1111.196670
1037.270904
1032.650544
880.948711
591.406128
478.207299
365.778530
224.857538
-140.920991
-324.965346
-413.522254
-518.250422
-810.873246
-1011.858922
-1018.019403
-1083.474508
-1179.732016
-1296.011085
-1169.721235
-1089.634988
-1073.463727
-1009.548742
-833.204988
-606.037269
-501.309101
-366.548590
-210.996457
-18.481441
65.455105
141.691051
274.141382
326.505466
387.340211
396.580932
468.966578
508.239641
531.341443
572.924686
676.112735
743.107960
770.830122
822.424147
859.387030
934.852916
887.109192
818.573846
766.979822
659.171413
552.903125
348.837208
220.237178
73.155706
-117.049129
-295.703064
-414.292314
-426.613275
-541.352224
-639.149852
-673.032495
-567.534266
-588.325888
-606.037269
-576.774987
-436.624055
-401.201293
-455.875557
-385.800091
-211.766517
-100.877868
-128.600030
-29.262282
207.916217
399.661172
418.142614
534.421683
770.060062
968.735559
934.082856
924.842135
1051.902045
1049.591865
898.660093
699.214537
631.449251
514.400122
208.686277
-43.123363
-164.792853
-293.392884
-506.699521
-671.492374
-669.182194
-656.091173
-733.097179
-769.290002
-683.043275
-584.475587
-632.989371
-679.192975
-706.915137
-710.765438
-807.022945
-938.703216
-1021.099643
-1087.324808
-1135.838592
-1172.031415
-1148.159553
-1050.361925
-850.916369
-654.551053
-377.329431
-112.428769
262.590481
631.449251
934.852916
1248.267361
1497.766821
1742.645921
1851.224390
1940.551357
1985.214841
1922.839976
1762.667483
1587.093789
1465.424299
1232.866160
937.933156
662.251654
519.020482
338.826427
12.320961
-255.659941
-411.982133
-519.790542
-770.060062
-1038.811024
-1148.929613
-1249.037421
-1413.060215
-1573.232708
-1588.633909
-1513.168023
-1546.280605
-1533.959644
-1396.118893
-1219.005079
-1041.121204
-909.440934
-643.770212
-426.613275
-293.392884
-131.680271
24.641922
211.766517
239.488679
285.692283
372.709070
417.372554
396.580932
392.730632
465.116278
537.501924
546.742644
537.501924
665.331894
734.637300
790.081624
797.782225
849.376249
916.371474
866.317570
864.777450
807.793005
796.242105
734.637300
653.010933
641.460032
583.705527
561.373785
505.929461
512.089942
518.250422
472.816878
445.094716
382.719851
388.880332
289.542583
174.033574
30.032342
-36.962883
-93.177268
-258.740181
-373.479130
-482.057599
-413.522254
-500.539041
-562.913906
-552.133065
-458.185737
-395.810872
-489.758200
-450.485137
-367.318650
-318.804866
-448.174956
-533.651623
-499.768981
-551.363005
-699.214537
-806.252885
-800.092405
-813.183426
-933.312796
-978.746339
-867.087630
-815.493606
-809.333126
-760.049282
-615.277990
-501.309101
-486.677959
-411.212073
-282.612043
-247.189280
-255.659941
-254.119821
-174.803634
-142.461112
-162.482673
-126.289850
-36.192823
55.444324
156.322193
260.280301
418.912674
601.416909
727.706759
895.579853
1011.088862
1173.571535
1272.139223
1339.904509
1407.669794
1437.702137
1445.402737
1399.969193
1368.396731
1368.396731
1216.694899
1122.747571
953.334357
945.633757
720.006158
447.404896
274.911442
84.706607
-104.728168
-561.373785
-773.910363
-1048.051745
-1225.165559
-1601.724930
-1851.224390
-1955.952559
-2083.012469
-2091.483130
-2244.725082
-2013.707063
-1930.540576
-1701.062678
-1553.211146
-1316.032647
-863.237330
-762.359462
-445.864776
-298.783304
11.550901
147.081472
199.445556
401.971353
469.736638
612.197750
581.395347
767.749882
886.339132
1010.318802
1108.886490
1290.620665
1517.788383
1620.206371
1771.138144
1857.384871
1998.305862
1979.824420
1954.412438
1922.839976
1804.250726
1671.800395
1459.263818
1329.123668
1091.175108
874.018171
679.963035
521.330662
343.446788
133.990451
8.470661
-134.760511
-241.798860
-454.335437
-532.881563
-703.834897
-801.632525
-960.264898
-1148.159553
-1168.951175
-1323.733247
-1307.561986
-1458.493758
-1414.600335
-1382.257812
-1331.433848
-1299.091325
-1264.438622
-1099.645769
-1028.030183
-944.093637
-941.783456
-757.739101
-706.915137
-638.379792
-619.128290
-508.239641
-365.778530
-378.869551
-290.312644
-217.156938
-107.038349
-46.973664
-20.791622
62.374865
86.246727
121.669490
132.450331
137.070691
111.658709
90.097027
80.856307
64.685045
16.171261
-40.813183
-21.561682
-8.470661
-1.540120
-10.010781
11.550901
122.439550
181.734175
227.937778
307.253965
425.843215
533.651623
589.095948
641.460032
730.786999
825.504387
851.686429
874.788231
889.419372
924.842135
921.761895
880.948711
840.135528
787.001384
716.925918
597.566608
487.448020
314.184505
168.643154
36.192823
-191.744956
-347.297088
-616.048050
-738.487600
-900.200213
-1096.565529
-1243.647001
-1362.236250
-1393.038653
-1456.183578
-1517.018323
-1464.654239
-1309.102106
-1220.545199
-1078.854147
-946.403817
-669.182194
-443.554596
-269.521022
-33.112583
230.247959
457.415677
582.165407
744.648080
949.484057
1133.528412
1179.732016
1255.197902
1416.910515
1503.927302
1542.430305
1535.499764
1624.056672
1650.238714
1587.093789
1513.168023
1486.985981
1414.600335
1237.486520
1084.244568
936.393036
807.022945
592.176188
392.730632
252.579700
91.637147
-84.706607
-227.167718
-364.238410
-452.025257
-586.015707
-702.294777
-777.760663
-857.076849
-918.681654
-991.837360
-1055.752346
-1092.715229
-1107.346370
-1182.042196
-1207.454178
-1195.133217
-1176.651775
-1146.619433
-1172.031415
-1058.062526
-967.195438
-910.981054
-816.263666
-698.444477
-508.239641
-462.036037
-340.366548
-187.894655
-50.823964
25.411982
70.845526
230.247959
301.093484
318.034806
321.885106
378.099491
413.522254
315.724626
266.440782
249.499460
228.707839
116.279069
38.503003
14.631141
-6.930541
-68.535346
-120.899430
-80.086246
-78.546126
-69.305406
-57.754505
-23.101802
20.791622
30.032342
73.155706
70.845526
100.877868
113.968889
126.289850
140.920991
99.337748
139.380871
137.840751
139.380871
134.760511
127.829970
139.380871
123.209610
81.626367
71.615586
31.572463
-25.411982
-66.225165
-133.990451
-193.285076
-262.590481
-314.954566
-331.895887
-384.259971
-403.511473
-384.259971
-361.928229
-288.772523
-252.579700
-149.391652
-42.353303
76.235946
197.905436
314.954566
455.875557
575.234867
675.342675
760.819342
850.146309
908.670874
936.393036
948.713997
947.943937
952.564297
899.430153
869.397810
823.964267
778.530723
722.316339
659.171413
634.529491
558.293545
520.560602
446.634836
398.891112
329.585707
223.317418
163.252733
51.594024
-46.203604
-180.194055
-288.002463
-379.639611
-505.159401
-602.186969
-703.064837
-763.899582
-823.194207
-864.777450
-900.970273
-899.430153
-873.248111
-843.985828
-812.413366
-787.771444
-683.043275
-628.369011
-552.903125
-509.009701
-415.832434
-324.965346
-281.071923
-210.996457
-150.931772
-66.225165
-29.262282
4.620360
64.685045
104.728168
129.370090
152.471892
182.504235
200.215616
197.135376
226.397658
247.959340
246.419220
227.937778
248.729400
261.820421
241.028800
211.766517
200.215616
202.525796
156.322193
113.198829
100.107808
80.856307
38.503003
-6.160480
-40.813183
-66.995225
-120.129370
-154.782073
-198.675496
-224.087478
-281.071923
-298.013244
-315.724626
-335.746187
-338.056367
-327.275527
-294.933004
-282.612043
-237.948559
-177.113814
-107.038349
-71.615586
-22.331742
41.583243
71.615586
83.166487
71.615586
87.016787
58.524565
16.171261
-23.871862
-56.984445
-79.316186
-130.910211
-150.931772
-175.573694
-168.643154
-181.734175
-173.263514
-157.092253
-141.691051
-127.059910
-125.519790
-113.198829
-112.428769
-102.417988
-92.407207
-77.776066
-50.053904
-10.780841
49.283844
113.198829
201.755736
298.013244
408.131833
531.341443
628.369011
740.027720
830.894807
912.521174
953.334357
988.757120
990.297240
986.446940
946.403817
890.189432
821.654087
750.808561
672.262434
573.694746
482.057599
398.891112
306.483905
217.156938
119.359310
25.411982
-67.765285
-171.723394
-271.831202
-388.110271
-483.597719
-592.176188
-682.273215
-785.461264
-873.248111
-927.152315
-975.666099
-1014.939162
-1041.891264
-1011.088862
-977.206219
-934.082856
-874.018171
-770.830122
-659.941473
-564.454026
-448.174956
-304.943785
-167.873094
-49.283844
55.444324
165.562913
266.440782
334.976127
385.030031
425.073154
452.025257
459.725857
448.174956
430.463575
403.511473
384.259971
337.286307
302.633605
248.729400
211.766517
170.953334
120.899430
70.845526
39.273063
26.952102
-23.871862
-63.144925
-80.856307
-83.936547
-126.289850
-158.632373
-157.862313
-140.920991
-167.103034
-173.263514
-136.300631
-77.776066
-46.203604
-12.320961
71.615586
171.723394
231.788079
284.922223
373.479130
437.394115
473.586938
464.346218
470.506698
440.474356
365.778530
281.071923
182.504235
83.166487
-36.192823
-143.231172
-224.087478
-288.002463
-337.286307
-373.479130
-377.329431
-348.067148
-319.574926
-288.772523
-254.119821
-204.835977
-183.274295
-203.295856
-204.835977
-211.766517
-238.718619
-291.852764
-331.125827
-342.676728
-365.778530
-378.869551
-345.756968
-282.612043
-220.237178
-136.300631
-33.882643
88.556907
187.894655
269.521022
340.366548
385.800091
396.580932
367.318650
314.184505
237.948559
161.712613
59.294625
-42.353303
-130.910211
-189.434775
-230.247959
-250.269520
-237.178499
-204.835977
-156.322193
-110.118589
-54.674264
-6.160480
33.882643
51.594024
62.374865
57.754505
40.043123
13.861081
-19.251502
-36.962883
-47.743724
-52.364084
-47.743724
-13.091021
46.203604
103.958108
163.252733
240.258739
322.655166
368.088710
388.110271
406.591713
408.901893
371.939010
299.553364
233.328199
175.573694
93.177268
-3.850300
-63.914985
-90.867087
-123.209610
-163.252733
-164.792853
-131.680271
-116.279069
-103.958108
-87.786847
-50.053904
-48.513784
-62.374865
-86.246727
-107.038349
-136.300631
-174.803634
-208.686277
-232.558139
-230.247959
-216.386878
-179.423995
-130.910211
-52.364084
36.962883
130.910211
224.857538
324.965346
417.372554
476.667179
525.180963
561.373785
581.395347
568.304326
535.191743
503.619281
466.656398
407.361773
340.366548
294.933004
263.360541
216.386878
168.643154
155.552133
144.771292
114.738949
79.316186
53.904204
26.182042
-30.802402
-93.177268
-145.541352
-204.835977
-277.221622
-351.147388
-405.051593
-448.174956
-488.988140
-515.170182
-509.779761
-485.137839
-465.116278
-437.394115
-381.949791
-316.494686
-272.601262
-237.178499
-177.883874
-128.600030
-115.509009
-105.498229
-81.626367
-66.225165
-76.235946
-84.706607
-75.465886
-70.075466
-74.695826
-66.995225
-47.743724
-32.342523
-23.101802
-20.021562
-6.160480
8.470661
-6.160480
-23.101802
-38.503003
-57.754505
-91.637147
-137.070691
-169.413214
-203.295856
-236.408439
-282.612043
-300.323424
-321.885106
-333.436007
-344.216848
-341.136608
-321.115046
-294.933004
-267.980902
-241.798860
-196.365316
-147.851532
-93.177268
-46.973664
0.770060
45.433544
83.166487
113.968889
142.461112
164.022793
192.515016
210.226397
224.087478
252.579700
270.291082
292.622824
318.804866
348.837208
381.949791
405.051593
426.613275
444.324656
448.945016
441.244416
426.613275
395.810872
354.227629
298.783304
235.638379
168.643154
96.257508
40.043123
-6.930541
-52.364084
-73.925766
-77.006006
-71.615586
-60.834745
-29.262282
13.091021
47.743724
80.856307
118.589250
159.402433
178.653934
194.825196
212.536577
218.697058
224.087478
233.328199
251.039580
258.740181
264.130601
284.152163
310.334205
324.195286
338.056367
349.607268
360.388109
344.986908
321.115046
287.232403
232.558139
168.643154
88.556907
-2.310180
-110.888649
-208.686277
-301.093484
-393.500692
-470.506698
-531.341443
-565.994146
-594.486368
-603.727089
-590.636068
-550.592945
-504.389341
-459.725857
-400.431232
-346.527028
-311.104265
-295.703064
-274.911442
-262.590481
-260.280301
-268.750962
-263.360541
-241.798860
-226.397658
-200.215616
-150.161712
-78.546126
-2.310180
71.615586
150.931772
238.718619
308.794085
351.147388
386.570151
402.741413
399.661172
374.249190
331.125827
288.772523
240.258739
176.343754
118.589250
73.155706
31.572463
-1.540120
-24.641922
-36.962883
-45.433544
-61.604805
-81.626367
-101.647928
-132.450331
-177.113814
-229.477899
-283.382103
-344.986908
-410.442013
-467.426458
-514.400122
-549.052824
-567.534266
-572.154626
-557.523485
-517.480362
-473.586938
-415.832434
-342.676728
-267.980902
-194.055136
-127.829970
-50.823964
23.871862
81.626367
133.990451
187.124595
228.707839
262.590481
294.162944
331.125827
365.008470
392.730632
429.693515
458.955797
482.827659
502.079161
516.710302
515.170182
495.918680
475.127059
446.634836
391.960572
328.815647
268.750962
196.365316
108.578469
24.641922
-41.583243
-95.487448
-138.610811
-164.792853
-164.022793
-147.081472
-113.198829
-66.225165
-4.620360
54.674264
110.888649
161.712613
206.376097
242.568920
254.119821
263.360541
261.050361
251.039580
234.098259
225.627598
224.087478
220.237178
223.317418
219.467118
224.087478
212.536577
194.055136
170.953334
137.840751
90.867087
20.791622
-50.053904
-127.059910
-208.686277
-291.082704
-365.008470
-428.923455
-485.907899
-523.640842
-552.133065
-556.753425
-549.052824
-531.341443
-504.389341
-474.356998
-437.394115
-400.431232
-358.847989
-311.104265
-268.750962
-226.397658
-177.113814
-132.450331
-76.235946
-18.481441
40.813183
103.188048
157.092253
214.846757
264.130601
306.483905
337.286307
363.468349
378.099491
380.409671
374.249190
353.457569
332.665947
303.403665
271.831202
228.707839
190.204835
147.081472
102.417988
56.984445
11.550901
-27.722162
-76.235946
-110.888649
-140.920991
-166.332973
-192.515016
-215.616817
-229.477899
-241.798860
-253.349761
-250.269520
-244.879100
-234.868319
-219.467118
-199.445556
-171.723394
-138.610811
-100.877868
-57.754505
-16.941321
19.251502
53.904204
86.246727
108.578469
125.519790
136.300631
147.851532
156.322193
153.241952
155.552133
157.092253
159.402433
159.402433
155.552133
147.081472
138.610811
125.519790
105.498229
84.706607
59.294625
30.802402
-3.080240
-33.882643
-58.524565
-88.556907
-110.888649
-117.049129
-119.359310
-112.428769
-92.407207
-69.305406
-41.583243
-13.861081
13.091021
28.492222
42.353303
50.823964
53.134144
53.134144
42.353303
30.802402
17.711381
4.620360
-4.620360
-15.401201
-16.941321
-6.930541
7.700601
26.952102
45.433544
67.765285
90.097027
110.118589
117.819190
117.819190
115.509009
101.647928
80.856307
52.364084
26.182042
-0.770060
-21.561682
-43.123363
-61.604805
-69.305406
-73.155706
-68.535346
-62.374865
-56.984445
-45.433544
-40.813183
-43.123363
-46.203604
-50.823964
-66.995225
-82.396427
-103.958108
-127.829970
-149.391652
-167.873094
-176.343754
-179.423995
-180.194055
-174.033574
-156.322193
-134.760511
-108.578469
-83.936547
-59.294625
-40.043123
-25.411982
-19.251502
-15.401201
-21.561682
-31.572463
-45.433544
-56.984445
-65.455105
-77.776066
-77.006006
-80.086246
-69.305406
-61.604805
-49.283844
-33.882643
-29.262282
-16.171261
-3.850300
2.310180
0.000000
2.310180
9.240721
16.941321
22.331742
43.123363
68.535346
87.016787
115.509009
147.851532
182.504235
219.467118
253.349761
281.841983
299.553364
319.574926
337.286307
348.837208
349.607268
351.147388
352.687509
340.366548
329.585707
312.644385
294.162944
267.210842
243.338980
207.916217
169.413214
128.600030
81.626367
30.802402
-19.251502
-66.995225
-114.738949
-159.402433
-208.686277
-243.338980
-276.451562
-299.553364
-306.483905
-314.184505
-302.633605
-287.232403
-268.750962
-237.178499
-198.675496
-158.632373
-121.669490
-83.936547
-42.353303
-3.850300
21.561682
51.594024
76.235946
90.867087
100.877868
105.498229
108.578469
110.888649
100.877868
89.326967
81.626367
65.455105
58.524565
40.813183
17.711381
-6.930541
-29.262282
-64.685045
-99.337748
-133.220391
-169.413214
-198.675496
-226.397658
-237.178499
-256.430001
-254.119821
-242.568920
-235.638379
-218.697058
-188.664715
-155.552133
-128.600030
-90.867087
-55.444324
-25.411982
5.390420
35.422763
60.064685
80.856307
107.808409
131.680271
144.001232
164.792853
176.343754
184.044355
194.825196
200.985676
212.536577
212.536577
207.146157
200.215616
174.803634
152.471892
118.589250
76.235946
39.273063
-8.470661
-47.743724
-96.257508
-130.140151
-166.332973
-208.686277
-240.258739
-267.980902
-291.852764
-310.334205
-315.724626
-318.034806
-317.264746
-301.093484
-279.531803
-261.050361
-231.788079
-203.295856
-167.103034
-136.300631
-100.877868
-58.524565
-18.481441
18.481441
57.754505
97.797628
143.231172
184.044355
215.616817
252.579700
288.772523
319.574926
344.216848
353.457569
365.778530
361.928229
348.067148
331.895887
304.173725
264.900661
223.317418
187.124595
139.380871
100.107808
66.995225
36.192823
2.310180
-19.251502
-35.422763
-56.984445
-66.225165
-77.006006
-84.706607
-87.786847
-93.947328
-96.257508
-96.257508
-95.487448
-86.246727
-76.235946
-63.914985
-49.283844
-25.411982
-0.770060
26.952102
57.754505
74.695826
103.958108
113.198829
123.979670
127.059910
120.899430
116.279069
96.257508
81.626367
56.984445
36.192823
17.711381
0.770060
-9.240721
-26.182042
-33.882643
-45.433544
-53.134144
-61.604805
-70.845526
-73.155706
-87.016787
-93.947328
-101.647928
-101.647928
-103.188048
-107.808409
-105.498229
-105.498229
-103.188048
-101.647928
-92.407207
-79.316186
-66.995225
-56.984445
-50.823964
-36.192823
-22.331742
-11.550901
6.930541
16.941321
24.641922
32.342523
38.503003
43.893424
45.433544
45.433544
42.353303
31.572463
21.561682
9.240721
-3.850300
-24.641922
-46.203604
-70.845526
-97.797628
-124.749730
-150.161712
-169.413214
-187.894655
-197.905436
-198.675496
-192.515016
-177.883874
-156.322193
-139.380871
-115.509009
-87.786847
-57.754505
-23.101802
2.310180
34.652703
63.144925
87.016787
110.118589
124.749730
137.840751
157.862313
171.723394
184.814415
197.135376
212.536577
224.087478
239.488679
252.579700
253.349761
257.200061
251.039580
238.718619
221.007238
193.285076
164.022793
119.359310
80.086246
33.882643
-11.550901
-46.203604
-83.166487
-113.968889
-140.920991
-161.712613
-174.033574
-184.814415
-194.055136
-197.905436
-198.675496
-195.595256
-192.515016
-188.664715
-179.423995
-168.643154
-155.552133
-137.840751
-120.129370
-97.027568
-69.305406
-45.433544
-23.871862
2.310180
25.411982
45.433544
63.144925
80.086246
93.947328
100.107808
101.647928
101.647928
95.487448
89.326967
83.166487
71.615586
65.455105
55.444324
43.123363
38.503003
31.572463
30.032342
20.791622
15.401201
13.861081
12.320961
13.091021
12.320961
10.780841
7.700601
10.780841
11.550901
10.780841
11.550901
7.700601
13.091021
15.401201
20.021562
28.492222
35.422763
44.663484
54.674264
63.144925
68.535346
70.845526
73.925766
72.385646
60.834745
49.283844
40.813183
23.101802
9.240721
-6.160480
-22.331742
-35.422763
-52.364084
-63.914985
-77.776066
-92.407207
-106.268289
-117.049129
-127.059910
-130.910211
-140.920991
-144.001232
-143.231172
-144.771292
-140.920991
-134.760511
-129.370090
-115.509009
-104.728168
-91.637147
-67.765285
-53.134144
-35.422763
-12.320961
4.620360
25.411982
49.283844
69.305406
93.177268
111.658709
132.450331
148.621592
163.252733
174.803634
184.814415
202.525796
205.606037
210.996457
213.306637
210.226397
204.065917
190.974895
179.423995
160.942553
139.380871
111.658709
85.476667
53.904204
16.171261
-17.711381
-53.134144
-87.786847
-121.669490
-148.621592
-177.883874
-204.065917
-214.846757
-231.018019
-243.338980
-244.879100
-241.028800
-231.788079
-217.926998
-202.525796
-180.194055
-158.632373
-132.450331
-110.118589
-88.556907
-62.374865
-39.273063
-10.780841
10.010781
31.572463
55.444324
80.086246
103.958108
130.910211
149.391652
164.792853
180.194055
185.584475
187.894655
192.515016
184.044355
171.723394
154.012012
130.910211
109.348529
81.626367
55.444324
29.262282
-0.770060
-25.411982
-52.364084
-72.385646
-92.407207
-108.578469
-119.359310
-127.829970
-132.450331
-137.070691
-135.530571
-133.990451
-130.140151
-125.519790
-123.979670
-119.359310
-110.888649
-102.417988
-87.786847
-73.155706
-58.524565
-40.043123
-15.401201
5.390420
26.182042
50.053904
73.155706
91.637147
107.038349
127.059910
140.920991
151.701832
158.632373
158.632373
154.012012
149.391652
141.691051
129.370090
116.279069
98.567688
77.006006
53.904204
33.882643
18.481441
-2.310180
-16.941321
-28.492222
-44.663484
-56.214385
-70.075466
-76.235946
-86.246727
-87.786847
-90.097027
-91.637147
-87.016787
-77.776066
-68.535346
-60.064685
-45.433544
-34.652703
-21.561682
-7.700601
8.470661
20.791622
39.273063
50.823964
58.524565
67.765285
70.075466
74.695826
73.155706
66.225165
59.294625
48.513784
38.503003
33.882643
20.021562
6.930541
-6.160480
-27.722162
-41.583243
-57.754505
-73.155706
-83.166487
-93.947328
-100.877868
-105.498229
-110.118589
-103.958108
-97.797628
-90.867087
-79.316186
-72.385646
-60.834745
-46.973664
-31.572463
-6.160480
7.700601
25.411982
46.203604
61.604805
79.316186
97.797628
110.888649
120.129370
123.979670
126.289850
128.600030
127.829970
121.669490
118.589250
116.279069
106.268289
94.717388
82.396427
70.075466
59.294625
40.043123
23.871862
6.930541
-10.010781
-24.641922
-41.583243
-54.674264
-70.075466
-90.867087
-107.808409
-119.359310
-130.910211
-141.691051
-147.081472
-148.621592
-151.701832
-149.391652
-146.311412
-141.691051
-130.910211
-123.209610
-111.658709
-100.107808
-90.867087
-76.235946
-63.144925
-48.513784
-25.411982
-6.160480
16.171261
40.813183
62.374865
83.936547
100.877868
120.899430
138.610811
151.701832
165.562913
172.493454
174.033574
175.573694
168.643154
156.322193
144.001232
130.910211
110.888649
93.947328
77.006006
58.524565
40.813183
26.182042
6.930541
-12.320961
-29.262282
-40.043123
-48.513784
-61.604805
-65.455105
-72.385646
-76.235946
-77.776066
-83.936547
-79.316186
-72.385646
-70.075466
-60.834745
-52.364084
-41.583243
-30.802402
-18.481441
-7.700601
-0.770060
4.620360
13.091021
20.791622
23.101802
30.032342
25.411982
21.561682
18.481441
10.010781
4.620360
-5.390420
-10.780841
-14.631141
-23.871862
-24.641922
-22.331742
-21.561682
-23.101802
-17.711381
-16.171261
-15.401201
-11.550901
-10.010781
-3.850300
-2.310180
2.310180
8.470661
9.240721
13.091021
15.401201
16.941321
14.631141
17.711381
17.711381
23.101802
26.182042
23.101802
28.492222
27.722162
26.182042
26.952102
21.561682
20.791622
15.401201
6.930541
3.850300
-4.620360
-10.780841
-16.171261
-28.492222
-29.262282
-36.192823
-41.583243
-42.353303
-43.893424
-42.353303
-42.353303
-41.583243
-40.043123
-36.962883
-36.962883
-29.262282
-27.722162
-26.952102
-22.331742
-20.791622
-20.021562
-21.561682
-23.871862
-16.171261
-16.941321
-11.550901
-6.160480
-6.930541
-2.310180
-0.770060
-0.770060
4.620360
5.390420
6.930541
8.470661
4.620360
2.310180
0.000000
-5.390420
-5.390420
-8.470661
-10.780841
-9.240721
-14.631141
-12.320961
-10.010781
-11.550901
-5.390420
-2.310180
2.310180
8.470661
10.780841
19.251502
24.641922
28.492222
33.112583
38.503003
42.353303
46.973664
51.594024
56.214385
58.524565
64.685045
71.615586
71.615586
77.776066
73.155706
73.155706
71.615586
66.225165
60.064685
49.283844
40.813183
34.652703
20.791622
13.091021
2.310180
-6.930541
-14.631141
-24.641922
-28.492222
-36.192823
-35.422763
-31.572463
-38.503003
-42.353303
-41.583243
-46.203604
-38.503003
-35.422763
-33.112583
-26.952102
-22.331742
-14.631141
-6.930541
-2.310180
5.390420
10.780841
16.941321
24.641922
26.182042
30.802402
31.572463
35.422763
40.043123
36.962883
36.192823
36.192823
31.572463
26.952102
20.021562
15.401201
13.091021
5.390420
-0.770060
-4.620360
-10.780841
-8.470661
-12.320961
-16.941321
-16.941321
-20.791622
-26.952102
-28.492222
-32.342523
-36.192823
-40.813183
-45.433544
-47.743724
-50.053904
-52.364084
-51.594024
-56.214385
-55.444324
-52.364084
-53.134144
-52.364084
-50.053904
-43.893424
-41.583243
-36.192823
-36.962883
-36.192823
-31.572463
-30.802402
-27.722162
-24.641922
-23.101802
-20.021562
-23.871862
-24.641922
-26.182042
-28.492222
-24.641922
-26.952102
-27.722162
-27.722162
-26.952102
-22.331742
-23.871862
-20.021562
-16.941321
-16.171261
-12.320961
-4.620360
1.540120
8.470661
16.171261
23.871862
38.503003
40.043123
45.433544
50.823964
57.754505
66.225165
66.225165
78.546126
80.086246
79.316186
85.476667
82.396427
87.016787
87.786847
80.856307
80.086246
77.776066
73.925766
71.615586
63.144925
55.444324
53.904204
40.043123
32.342523
27.722162
19.251502
16.171261
10.780841
3.850300
1.540120
-6.930541
-14.631141
-15.401201
-23.871862
-23.101802
-26.952102
-31.572463
-30.802402
-31.572463
-30.032342
-30.802402
-30.802402
-30.032342
-29.262282
-28.492222
-21.561682
-17.711381
-16.171261
-8.470661
-6.160480
-0.770060
3.080240
6.160480
16.171261
18.481441
24.641922
27.722162
29.262282
31.572463
33.882643
34.652703
34.652703
35.422763
31.572463
30.032342
28.492222
31.572463
34.652703
30.802402
30.802402
26.952102
16.941321
10.010781
2.310180
-4.620360
-14.631141
-26.182042
-37.732943
-50.823964
-60.834745
-70.075466
-83.166487
-90.867087
-98.567688
-105.498229
-110.888649
-117.049129
-120.899430
-125.519790
-128.600030
-129.370090
-130.910211
-133.220391
-127.829970
-122.439550
-112.428769
-104.728168
-93.947328
-83.936547
-79.316186
-69.305406
-54.674264
-41.583243
-30.032342
-15.401201
-2.310180
13.091021
24.641922
33.882643
45.433544
50.053904
62.374865
79.316186
83.936547
95.487448
100.877868
102.417988
112.428769
116.279069
121.669490
126.289850
125.519790
126.289850
125.519790
122.439550
126.289850
124.749730
123.979670
121.669490
114.738949
113.968889
117.049129
112.428769
110.888649
103.958108
101.647928
107.038349
100.107808
95.487448
91.637147
80.856307
73.155706
61.604805
51.594024
42.353303
30.032342
20.021562
11.550901
-4.620360
-17.711381
-27.722162
-43.123363
-53.904204
-66.225165
-77.006006
-86.246727
-93.947328
-100.877868
-107.038349
-112.428769
-115.509009
-118.589250
-120.899430
-118.589250
-117.819190
-113.198829
-111.658709
-106.268289
-100.107808
-88.556907
-79.316186
-69.305406
-52.364084
-42.353303
-24.641922
-12.320961
-1.540120
11.550901
24.641922
33.112583
42.353303
46.973664
54.674264
58.524565
56.214385
57.754505
55.444324
50.823964
46.973664
38.503003
26.182042
18.481441
6.930541
-4.620360
-18.481441
-33.882643
-43.123363
-57.754505
-73.155706
-82.396427
-94.717388
-103.188048
-108.578469
-115.509009
-118.589250
-127.059910
-134.760511
-134.760511
-133.990451
-128.600030
-119.359310
-112.428769
-98.567688
-87.786847
-75.465886
-57.754505
-43.893424
-24.641922
-6.160480
12.320961
31.572463
50.053904
69.305406
82.396427
93.947328
108.578469
120.129370
124.749730
127.829970
129.370090
130.910211
128.600030
120.899430
120.899430
119.359310
117.049129
109.348529
104.728168
94.717388
85.476667
77.776066
68.535346
61.604805
49.283844
40.043123
35.422763
30.802402
28.492222
20.791622
14.631141
14.631141
13.091021
10.780841
8.470661
7.700601
6.930541
9.240721
9.240721
8.470661
10.780841
16.171261
20.791622
20.021562
20.791622
23.101802
21.561682
18.481441
17.711381
16.171261
16.171261
11.550901
3.850300
1.540120
-8.470661
-17.711381
-25.411982
-33.882643
-37.732943
-47.743724
-55.444324
-56.214385
-64.685045
-66.995225
-68.535346
-69.305406
-68.535346
-70.075466
-70.075466
-69.305406
-69.305406
-64.685045
-63.144925
-57.754505
-50.823964
-45.433544
-37.732943
-29.262282
-22.331742
-10.780841
-6.160480
-1.540120
10.010781
12.320961
17.711381
24.641922
28.492222
33.112583
35.422763
32.342523
33.882643
30.802402
26.952102
22.331742
10.010781
5.390420
9.240721
0.770060
-6.160480
-8.470661
-18.481441
-19.251502
-31.572463
-37.732943
-37.732943
-50.053904
-52.364084
-56.984445
-61.604805
-60.834745
-66.225165
-67.765285
-60.064685
-56.214385
-48.513784
-38.503003
-40.043123
-29.262282
-17.711381
-11.550901
0.770060
7.700601
15.401201
25.411982
30.032342
38.503003
44.663484
46.203604
55.444324
57.754505
62.374865
73.155706
71.615586
76.235946
83.936547
90.097027
91.637147
91.637147
94.717388
93.177268
86.246727
82.396427
79.316186
72.385646
68.535346
59.294625
53.134144
50.053904
43.123363
41.583243
28.492222
20.021562
16.171261
5.390420
0.770060
-1.540120
-3.080240
-6.930541
-13.091021
-11.550901
-15.401201
-16.941321
-12.320961
-15.401201
-13.091021
-13.091021
-16.941321
-16.941321
-16.171261
-15.401201
-15.401201
-19.251502
-17.711381
-12.320961
-11.550901
-10.010781
-9.240721
-10.780841
-13.091021
-14.631141
-16.171261
-16.941321
-24.641922
-27.722162
-35.422763
-42.353303
-46.973664
-57.754505
-63.144925
-66.225165
-76.235946
-77.776066
-81.626367
-85.476667
-81.626367
-81.626367
-77.776066
-69.305406
-69.305406
-66.995225
-62.374865
-60.834745
-46.973664
-44.663484
-37.732943
-26.952102
-20.021562
-10.010781
-2.310180
3.850300
14.631141
22.331742
30.032342
39.273063
43.123363
48.513784
56.984445
58.524565
62.374865
66.995225
64.685045
68.535346
64.685045
57.754505
55.444324
48.513784
43.893424
40.813183
32.342523
29.262282
23.101802
14.631141
9.240721
4.620360
-0.770060
-7.700601
-13.091021
-13.091021
-19.251502
-25.411982
-26.952102
-31.572463
-30.802402
-30.802402
-32.342523
-24.641922
-23.871862
-18.481441
-12.320961
-6.160480
-2.310180
7.700601
13.861081
22.331742
28.492222
31.572463
37.732943
41.583243
46.203604
50.823964
54.674264
57.754505
56.984445
55.444324
57.754505
57.754505
57.754505
60.064685
61.604805
60.834745
60.834745
56.984445
54.674264
49.283844
43.893424
42.353303
36.192823
30.802402
26.182042
20.791622
13.091021
11.550901
2.310180
-3.080240
-6.930541
-12.320961
-13.091021
-15.401201
-16.941321
-19.251502
-24.641922
-30.032342
-30.032342
-33.882643
-36.192823
-36.962883
-43.123363
-45.433544
-49.283844
-53.904204
-53.904204
-58.524565
-60.834745
-63.914985
-71.615586
-79.316186
-81.626367
-80.086246
-81.626367
-83.166487
-82.396427
-80.856307
-81.626367
-82.396427
-83.166487
-83.166487
-78.546126
-78.546126
-73.925766
-67.765285
-61.604805
-53.134144
-47.743724
-39.273063
-26.952102
-16.171261
-6.930541
8.470661
19.251502
27.722162
36.962883
42.353303
53.904204
58.524565
64.685045
70.075466
76.235946
80.086246
81.626367
82.396427
80.856307
79.316186
76.235946
75.465886
69.305406
59.294625
54.674264
44.663484
36.192823
29.262282
16.941321
8.470661
0.770060
-8.470661
-16.171261
-24.641922
-30.032342
-27.722162
-35.422763
-33.112583
-29.262282
-29.262282
-21.561682
-20.021562
-16.171261
-12.320961
-10.010781
-2.310180
0.000000
5.390420
11.550901
19.251502
22.331742
29.262282
36.962883
41.583243
47.743724
53.134144
56.984445
59.294625
60.834745
55.444324
57.754505
51.594024
49.283844
44.663484
37.732943
34.652703
29.262282
22.331742
16.941321
13.091021
9.240721
6.930541
0.770060
-1.540120
-5.390420
-6.930541
-11.550901
-11.550901
-14.631141
-16.941321
-13.861081
-15.401201
-14.631141
-12.320961
-13.861081
-9.240721
-8.470661
-5.390420
-3.080240
-1.540120
2.310180
6.160480
5.390420
1.540120
-0.770060
-4.620360
-10.780841
-16.941321
-23.871862
-26.952102
-30.032342
-35.422763
-36.192823
-44.663484
-50.823964
-57.754505
-63.144925
-64.685045
-69.305406
-71.615586
-72.385646
-73.155706
-75.465886
-75.465886
-73.925766
-66.225165
-60.064685
-53.134144
-43.893424
-36.192823
-25.411982
-16.171261
-6.160480
4.620360
19.251502
26.952102
40.813183
53.134144
62.374865
76.235946
82.396427
86.246727
90.867087
93.177268
93.177268
91.637147
87.786847
85.476667
80.086246
74.695826
70.845526
58.524565
53.904204
46.203604
37.732943
31.572463
20.791622
12.320961
1.540120
-11.550901
-20.021562
-30.802402
-40.043123
-47.743724
-60.834745
-64.685045
-66.995225
-69.305406
-70.075466
-70.075466
-70.075466
-67.765285
-63.914985
-60.064685
-53.134144
-46.973664
-35.422763
-26.952102
-18.481441
-13.861081
-6.930541
-1.540120
3.080240
10.010781
16.941321
21.561682
27.722162
32.342523
33.112583
34.652703
34.652703
36.192823
30.032342
28.492222
33.882643
31.572463
27.722162
25.411982
19.251502
16.171261
10.010781
7.700601
10.010781
2.310180
0.770060
-3.080240
-6.160480
-9.240721
-10.010781
-7.700601
-6.930541
-6.160480
-7.700601
-4.620360
-4.620360
-2.310180
0.770060
2.310180
6.930541
8.470661
10.010781
11.550901
12.320961
14.631141
16.941321
19.251502
20.021562
21.561682
20.021562
21.561682
14.631141
10.010781
7.700601
1.540120
-3.080240
-7.700601
-15.401201
-14.631141
-20.791622
-22.331742
-20.791622
-30.032342
-29.262282
-28.492222
-31.572463
-30.032342
-31.572463
-34.652703
-30.802402
-33.112583
-28.492222
-23.871862
-22.331742
-7.700601
-6.160480
-6.930541
-1.540120
1.540120
7.700601
11.550901
12.320961
20.791622
24.641922
26.182042
31.572463
33.112583
36.962883
40.813183
38.503003
35.422763
34.652703
32.342523
33.112583
30.032342
22.331742
18.481441
8.470661
4.620360
0.000000
-4.620360
-3.080240
-10.010781
-13.861081
-16.171261
-20.791622
-25.411982
-27.722162
-30.802402
-27.722162
-24.641922
-27.722162
-22.331742
-18.481441
-19.251502
-16.941321
-16.941321
-14.631141
-10.780841
-10.010781
-6.930541
-3.080240
-3.080240
3.850300
8.470661
10.010781
15.401201
16.171261
23.871862
23.871862
20.791622
23.101802
22.331742
23.871862
22.331742
17.711381
15.401201
16.171261
13.091021
9.240721
9.240721
5.390420
6.930541
4.620360
0.770060
-2.310180
-8.470661
-13.091021
-13.091021
-13.091021
-15.401201
-12.320961
-10.010781
-12.320961
-10.010781
-13.861081
-10.010781
-11.550901
-14.631141
-15.401201
-19.251502
-13.861081
-15.401201
-13.861081
-12.320961
-13.861081
-13.091021
-11.550901
-10.780841
-8.470661
-5.390420
-1.540120
0.000000
0.000000
-0.770060
0.770060
-0.770060
-2.310180
0.770060
0.770060
1.540120
6.930541
4.620360
6.160480
7.700601
6.930541
12.320961
10.780841
7.700601
7.700601
4.620360
5.390420
6.160480
7.700601
8.470661
8.470661
12.320961
10.780841
13.091021
16.941321
12.320961
8.470661
12.320961
8.470661
3.850300
1.540120
0.000000
0.000000
-1.540120
0.000000
-0.770060
-0.770060
0.000000
0.000000
-0.770060
2.310180
2.310180
-0.770060
-1.540120
-0.770060
-3.850300
-3.080240
-6.160480
-5.390420
-6.160480
-6.930541
-6.160480
-6.930541
-4.620360
-4.620360
-2.310180
-0.770060
-3.080240
-4.620360
-2.310180
-2.310180
-0.770060
-0.770060
-0.770060
1.540120
3.850300
6.160480
8.470661
6.930541
10.010781
10.010781
11.550901
14.631141
16.171261
16.941321
16.171261
