0.460532
-0.307022
0.000000
0.307022
-0.614043
0.000000
0.614043
-0.307022
0.153511
0.153511
0.307022
0.153511
-0.153511
0.000000
0.000000
0.460532
0.000000
0.153511
0.921065
0.614043
-0.153511
1.074576
-0.153511
-0.307022
0.460532
0.460532
-0.153511
0.614043
0.767554
-0.153511
0.307022
1.074576
0.153511
0.000000
0.921065
-0.307022
0.000000
1.688619
0.153511
-0.614043
0.767554
0.153511
-1.228086
0.460532
0.767554
-0.614043
-0.307022
1.074576
0.153511
-0.614043
0.614043
0.000000
-0.614043
0.307022
0.460532
-0.767554
0.000000
0.460532
-0.614043
0.460532
0.921065
-0.614043
-0.460532
0.307022
-0.921065
-0.767554
0.307022
-0.460532
-0.767554
-0.153511
-0.614043
-0.921065
0.614043
-0.460532
-0.614043
0.153511
0.153511
-0.460532
-0.307022
-0.153511
0.000000
0.460532
0.614043
0.153511
-0.307022
-0.153511
0.000000
-0.460532
-0.153511
0.460532
-0.307022
0.153511
0.307022
0.153511
0.000000
0.767554
0.460532
-0.460532
0.000000
-0.153511
0.000000
-0.153511
-0.614043
-1.228086
-0.460532
-0.307022
-0.460532
0.000000
-0.307022
-0.307022
-0.307022
0.460532
-0.460532
-0.460532
-0.153511
-0.614043
0.460532
0.614043
0.000000
0.153511
1.074576
0.153511
0.614043
0.307022
0.000000
0.460532
0.153511
0.153511
0.307022
0.307022
0.307022
0.767554
0.767554
0.921065
0.460532
0.614043
0.000000
0.000000
0.307022
-0.307022
-0.307022
1.228086
0.000000
-1.074576
0.000000
0.307022
-0.767554
-0.307022
0.307022
-0.767554
-0.307022
-0.153511
-1.074576
-0.767554
0.153511
0.153511
-0.153511
0.614043
0.307022
-0.153511
0.614043
0.767554
-1.074576
-0.614043
0.460532
-1.381597
-1.688619
0.307022
1.228086
-0.767554
-1.228086
-0.153511
-0.614043
0.307022
1.228086
0.153511
-0.767554
1.842130
1.842130
-5.219367
-3.070216
7.829050
3.070216
-5.372878
8.750115
12.280864
-0.153511
36.228547
60.943785
1.074576
-16.886187
23.947684
8.596604
-14.122993
31.162691
52.961224
11.666820
-0.153511
33.925885
26.096835
-19.649382
-25.175770
-14.122993
-28.092475
-34.693439
-22.105554
-21.952044
-19.188849
-27.017900
-22.719598
9.057137
5.219367
2.916705
209.081701
356.605575
125.111297
-91.185412
-75.373800
-79.365081
-151.668665
-92.567009
-32.851310
-75.066778
-64.474533
18.881828
44.364619
0.460532
-20.109914
-24.868749
-30.241626
-5.372878
22.105554
20.877468
37.303123
65.242087
56.491972
50.658562
78.904548
95.790735
93.948606
70.921987
79.979124
162.567931
171.625068
151.975686
421.080108
684.044098
514.568182
374.259316
428.909159
192.349025
-189.739341
-304.411905
-430.751288
-648.583105
-595.007838
-374.719848
-293.359127
-238.709285
-113.444477
-66.930706
-112.062880
-112.216390
-99.628505
-146.602808
-175.309327
-125.571830
-90.417858
-113.137455
-74.299224
-17.807252
-60.636764
-61.557828
42.215468
6.447453
-122.962146
-123.883211
-106.843513
-202.787759
-238.248752
-214.454579
-235.025026
-252.064724
-201.713183
-143.686103
-137.392161
-168.247830
-154.431859
-96.097757
-78.136994
-43.904087
10.745756
13.355439
4.605324
89.343282
138.466736
60.790274
26.403857
76.601886
48.509411
-82.435296
-136.471096
-92.720520
-114.212031
-26.710878
228.270551
133.554391
-62.018361
370.421546
571.981219
61.711339
-62.785915
264.652609
132.479815
-254.060364
-264.038566
-271.560595
-402.351791
-324.982351
-227.656508
-230.419702
-131.251729
-21.030979
15.044058
58.948145
16.118633
-111.141815
-204.476378
-287.065185
-380.553258
-515.182225
-588.099852
-539.590441
-264.652609
195.265730
699.395178
1059.070968
1195.081532
1137.054451
1023.456464
930.889455
641.521608
233.643429
95.637225
400.202640
857.050763
1304.534728
1894.323198
2480.273899
2934.358828
3304.166331
3542.108062
3684.719589
3578.490120
3148.199364
2489.484547
1674.495741
799.791237
109.299685
-156.427499
-167.940809
42.061958
2086.211691
3106.751450
201.406162
-1413.373881
-600.841248
-1547.081782
-1794.541182
-17.653741
-1302.692598
-2583.279642
-1128.764869
-1276.595763
-3908.691838
-4864.603552
-4129.900892
-3870.160629
-3014.798484
-3566.976810
-4955.481943
-4545.608122
-4169.199655
-4714.930528
-4543.765993
-3383.838433
-2984.863879
-3249.055956
-2734.487774
-2746.154595
-3320.284964
-919.069124
686.346760
-2622.271384
-2392.926258
-1436.246989
-3696.539921
-3665.684251
-2034.171532
-1877.283500
-2054.588467
-2130.269289
-1388.351621
1229.007417
3347.763397
2503.300518
1626.907395
3455.988506
4929.999151
4540.695777
3996.807034
4105.953208
3857.112211
3453.992866
3050.720010
1854.410392
1293.942483
2304.350529
2581.744534
2065.641245
1903.994379
2032.789935
2075.158914
1791.163945
1421.816974
1166.835546
1151.177445
1378.680441
1776.887441
2316.477882
2646.372579
2766.418019
2915.169979
3090.172284
3262.411395
3446.470837
3535.507098
3586.626192
3557.612652
3654.938495
3853.581463
4040.864632
3955.359119
4043.013783
4266.679010
1480.304587
16.579166
1758.312635
1370.851391
361.517920
351.846740
-785.975266
-2052.899849
-2631.482031
-3256.117452
-3613.030049
-3581.406825
-3468.576391
-2765.803976
-2599.551786
-3525.375385
-4025.513552
-4322.249917
-4602.100095
-4575.696238
-4465.321977
-4490.497747
-4407.294897
-3991.741178
-3518.006867
-3299.714518
-3413.312506
-3064.382471
-2882.625691
-3402.413239
-3294.188129
-2751.527472
-2402.904459
-2048.755057
-1750.483584
-1730.680692
-1649.934014
-1464.646486
-1410.610686
-1515.458559
-1741.272937
-1816.339715
-1652.850719
-1380.829592
-825.120518
-331.890337
-393.908698
-601.608802
-575.972499
-365.202179
-113.905009
-443.185662
-741.764157
4.758835
986.613873
1190.783229
912.621671
392.220079
1139.510624
2371.895279
799.944748
160.725801
1448.220831
1681.557238
1474.010644
980.780463
505.357534
1396.487693
2749.838854
2452.334935
1965.398696
2517.116490
2786.834955
3113.966457
3591.999070
3108.133047
2360.228458
1872.524666
1631.819741
1587.455121
1591.139380
1759.233700
1614.780043
1440.698802
1727.610476
2088.974885
2308.188299
2646.526089
2788.677085
1871.603601
1098.830264
694.329321
2880.937072
4484.971359
2492.861784
2605.999240
3269.319381
2157.287189
1337.079016
933.345628
511.190944
561.849506
641.521608
334.807042
12.894907
-283.227415
-554.327477
-793.497294
-972.797902
-1016.701989
-961.438103
-951.306391
-978.324290
-1043.259356
-1174.511085
-1257.560425
-1285.038857
-1409.689622
-1611.863337
-1839.212823
-2050.136654
-2323.692889
-2534.309699
-2834.116280
-3065.303535
-3183.660358
-2880.169518
-2927.143821
-2222.222255
-1026.373169
-1904.301400
-2371.434746
-1907.218105
-1635.964532
-1323.109534
-1261.398195
-1275.828209
-673.758875
-947.315110
-1862.853486
-1980.135732
-1215.651978
-623.253824
-860.581511
-1215.805489
-1289.490670
-1273.832569
-1490.743321
-1719.781426
-1412.299305
-696.017940
-305.793502
-164.103039
-266.801760
-329.741186
-110.681283
-72.764116
-257.591112
-305.486480
-659.789393
-764.637265
142.304506
959.135441
248.994508
-259.893774
178.072521
832.796058
1355.807333
1912.130451
2834.883834
2542.752793
3135.918501
3482.238852
2390.930617
1985.201589
1885.573083
1490.896832
1784.409470
2221.608211
1717.939296
1010.408046
616.652860
298.732005
-77.215929
-419.852022
-649.964702
-397.439446
107.918088
581.191866
1141.352754
1626.907395
1904.761932
2112.001504
2450.339295
2677.535270
2232.353967
1526.511336
1263.240324
1050.934896
354.456423
-13.815971
1328.942944
1956.648581
1015.627413
880.691425
651.960342
-1342.605405
-1931.472811
-92.259987
-237.174177
-1441.926888
-1522.673566
-1512.541854
-1028.522320
29.934605
-224.586292
-955.297671
-773.080359
-1505.326846
-2680.605486
-2648.368219
-2435.448748
-2502.993497
-2175.554973
-1798.071931
-1854.410392
-2087.439777
-2535.230764
-2308.648832
-196.186795
386.540179
30.088116
981.394506
267.876336
-675.601005
25.943324
436.277677
-279.696667
537.134268
1897.700436
1298.547807
845.690964
1571.950531
901.108361
1771.821585
3698.535561
2322.004271
760.338963
-8.443094
-1242.362856
-1493.506515
-954.376607
-1969.236466
-1968.008380
-974.333010
-1828.160046
-2469.835165
-1665.899137
-1009.026449
-812.993165
-824.199453
-934.727225
-984.771744
-763.409179
-448.251519
-233.950450
77.062419
773.694402
1843.204104
2392.312214
2021.276625
1613.551956
1578.705006
1454.207752
1165.300438
1076.417688
1022.842421
814.528273
917.073484
1293.788972
1229.160928
1170.519805
1460.041162
1352.890628
725.031480
344.938754
321.912135
120.045441
-169.936449
-394.829762
-676.368559
-791.348143
10.438734
378.864640
45.746217
-375.794424
-382.702410
665.469292
545.730873
-196.954349
8.596604
62.171872
-582.726974
-982.162060
-476.036972
-386.386669
-1286.727476
-1666.206159
-1537.564113
-1609.560676
-1556.752962
-1236.836468
-977.863758
-442.725130
570.906643
333.885977
-385.158582
52.654202
168.401341
-451.168224
-580.117291
-445.334814
-646.587465
-449.940137
-14.890547
-416.474784
-644.745335
93.181052
522.243721
638.604903
1028.982852
1181.112049
1145.804567
1231.463590
1013.017730
551.103751
375.947935
513.647117
598.385075
571.981219
226.121400
-243.314609
-225.967889
49.737497
-17.807252
-511.497966
-972.644391
-1019.004651
-772.159294
-594.854327
-567.222384
-392.220079
106.382980
227.349486
-71.996562
91.338922
337.263215
-105.922448
68.158793
981.548017
721.193710
17.807252
-69.079857
156.427499
341.868538
387.000712
320.377027
-96.865311
-468.821965
-221.823097
-30.241626
-224.586292
-297.043386
-217.831817
-118.049801
-34.539929
67.084217
218.292349
405.114985
558.318758
612.201047
725.645523
805.931669
732.399998
684.504631
662.399076
675.293983
642.596184
592.091133
563.077593
488.471347
369.193460
176.076881
33.925885
-114.979585
-296.122322
-413.097547
-434.282036
-460.532382
-552.178326
-555.402053
-522.243721
-553.866945
-637.376817
-624.021378
-598.845608
-662.552587
-594.700816
-493.383692
-437.966295
-429.523202
-344.171200
-291.824019
-341.561517
-281.385285
-200.331586
-181.449759
-215.068622
-161.493355
-121.580549
-191.274449
-204.936910
-188.511255
-236.099601
-287.065185
-258.972710
-238.709285
-296.582854
-293.052106
-239.476839
-232.875875
-249.301530
-156.427499
-35.153972
-41.601425
0.921065
124.190232
179.761140
190.660406
279.236134
355.530999
314.083085
312.240955
382.548899
381.627834
385.772625
468.054411
501.673275
446.255878
437.352252
495.686354
515.335736
454.545461
453.931418
439.654914
306.407545
191.888493
148.751959
78.904548
-9.364158
-5.065856
36.228547
41.140893
47.127814
111.295326
129.563110
150.747600
232.108321
336.649171
396.364870
375.640913
393.448165
375.333891
301.034667
231.801299
198.489457
122.348103
0.000000
-55.570907
-134.321945
-262.810479
-374.719848
-444.413749
-524.699894
-601.608802
-608.823809
-598.999118
-598.231564
-577.661118
-504.282958
-413.711590
-358.140683
-301.341689
-233.643429
-144.914190
-85.659023
-10.438734
75.987843
120.045441
150.901111
186.976147
232.261831
242.700565
297.350408
322.526178
307.175099
314.850639
335.574596
341.715028
326.210437
385.158582
401.123705
356.605575
318.074365
298.578494
240.858436
143.225571
89.803815
43.443555
-3.837770
-72.150073
-155.659945
-282.152839
-392.527100
-283.227415
15.965123
59.255167
-393.294654
-757.268747
-761.567049
-795.185913
-842.006705
-815.449338
-811.458057
-758.650344
-637.683838
-547.419492
-497.681994
-440.729490
-383.776985
-349.237056
-339.412366
-303.337329
-266.034206
-248.687486
-178.226032
-122.194592
-82.742318
-23.640662
46.513771
95.023182
124.343743
206.011486
263.117501
265.727184
256.516537
258.665688
257.437602
292.745084
375.026870
459.150785
498.296037
520.401592
599.152629
645.052357
675.754515
740.229049
809.308906
825.120518
803.936028
835.559252
852.138418
827.269669
797.795597
768.168013
694.482832
587.792830
529.458729
447.790986
345.552797
264.038566
219.520435
163.488996
73.224649
61.711339
58.948145
-9.364158
-69.540390
-80.900188
-104.847872
-172.085600
-209.695745
-222.437141
-265.266652
-298.732005
-322.679689
-342.329071
-367.197819
-416.321273
-441.036511
-459.764828
-478.186123
-501.212743
-506.739131
-497.528483
-519.019995
-511.190944
-496.300397
-485.708152
-477.572080
-477.111548
-460.839404
-456.694612
-444.874281
-454.852483
-483.405490
-505.818066
-511.651477
-510.883923
-527.463088
-518.866484
-521.169146
-541.739592
-526.388513
-486.015174
-469.128987
-453.777907
-415.553719
-398.514021
-395.597316
-359.675790
-271.253573
-209.695745
-205.857975
-168.708363
-109.606707
-99.935527
-88.422217
-9.364158
99.628505
138.773758
163.028463
252.371745
309.170739
341.100984
394.369230
446.562900
447.330454
440.115447
455.466526
438.580339
427.834583
411.101906
421.694151
405.575518
391.606036
442.725130
455.005994
473.580800
513.493606
574.744413
659.635882
980.626952
1531.577192
2033.864510
2367.443466
2667.096536
3127.168385
3357.895109
3337.938706
3191.949941
2901.507518
2331.982472
1409.843132
600.687737
-128.642045
-796.106978
-1427.496874
-1947.130912
-2300.973292
-2553.191527
-2506.831267
-2391.851682
-2125.510454
-1767.062750
-1439.470716
-1197.230683
-1032.513601
-768.935567
-657.333220
-639.986500
-712.443595
-676.215048
-583.648039
-627.552126
-632.310961
-593.933262
-400.049129
-410.334352
-548.801089
-575.204945
-559.393333
-621.565205
-848.147137
-877.928231
-899.419742
-1002.886017
-1065.978954
-1021.153802
-921.371786
-865.340346
-694.329321
-598.078054
-531.454369
-425.838943
-306.714566
-312.701487
-416.167763
-353.535359
-353.381848
-466.212282
-520.094570
-375.026870
-226.735443
-175.616348
12.741396
281.231775
491.848584
626.631061
832.642547
971.109283
955.451182
937.183398
899.266232
793.497294
650.118213
566.915362
435.203101
245.924292
173.467197
165.484636
97.172333
32.390778
75.987843
158.576650
147.370362
164.717082
214.915112
240.090882
234.564493
207.546594
213.840536
143.993125
158.116118
-11.513310
-227.502997
-443.646195
-591.016557
-679.592285
-205.090421
1447.606788
2567.775052
2886.770482
2931.288612
3741.518583
4860.765783
4852.015667
4496.484668
4160.603051
3840.379535
2542.752793
872.555353
-115.593628
-956.679268
-1791.163945
-2924.073605
-3625.771445
-3962.727637
-3929.262284
-3559.608292
-3266.402676
-2730.189472
-2264.591234
-1845.353255
-1758.159124
-1575.788301
-1208.743992
-1137.822005
-1184.335776
-1327.868368
-1283.657260
-1336.004441
-1130.760509
-516.717333
13.201928
451.475245
836.940849
1463.725421
1861.778910
1994.872769
2157.287189
2141.015045
1808.203643
1052.623515
362.746006
-214.608090
-781.062920
-1291.793332
-1682.631814
-1837.063672
-1939.915904
-1879.893184
-1643.026029
-1195.081532
-745.294905
-467.133346
-277.394005
-163.488996
-16.886187
10.131712
9.824691
-37.456634
-142.458017
-216.603730
-254.674407
-129.256089
68.772836
353.381848
581.191866
713.978703
847.226072
955.604693
1029.289874
971.416305
863.958749
682.969523
425.838943
175.616348
0.614043
-76.908908
-131.251729
-156.273988
-179.914651
-163.642506
-106.843513
-40.219828
9.210648
-0.767554
-29.781094
-75.834332
-121.273527
-144.300146
-139.387801
-89.650304
-73.531670
-33.004821
60.636764
179.607629
345.859819
455.620037
538.669376
542.046614
502.440829
413.865101
307.789142
214.915112
26.864389
-219.213414
-500.905721
-715.820833
-642.596184
332.964912
1635.196978
2413.189682
2591.569225
3140.216803
4484.817848
5000.000073
4758.527594
4381.505084
4214.638850
3333.486893
1455.128817
142.150995
-754.045020
-1497.651307
-2665.714939
-3715.728770
-4181.480519
-4313.039269
-3940.468572
-3620.552078
-3085.106428
-2510.976058
-1997.482452
-1735.746548
-1637.039108
-1242.209345
-1027.140723
-998.894737
-1207.976438
-1343.526469
-1472.782558
-1488.440659
-957.293312
-417.395849
-21.184490
290.595933
906.634750
1523.594631
1713.180462
1952.350279
2189.831477
2134.260570
1428.110917
590.249003
88.115196
-409.106266
-1036.965414
-1711.031310
-1887.568724
-1841.976018
-1868.686896
-1801.142147
-1336.618484
-551.410772
-241.933011
-127.874491
111.448836
436.584698
424.150324
174.388262
184.366464
35.768015
-234.103961
-457.001634
-397.132424
-252.064724
-52.500692
358.908236
588.253363
776.764618
1079.180882
1433.023262
1427.496874
1273.525547
1306.990900
1112.032192
632.157450
236.713644
209.388723
49.123454
-296.122322
-368.425906
-272.021127
-260.507817
-311.473401
-126.799916
23.487151
-46.667281
-75.373800
-86.426577
-161.186334
-261.275371
-222.590651
-276.472940
-429.062669
-386.386669
-239.630350
-166.252190
-149.519513
81.207210
234.257472
154.585370
124.036722
237.634709
238.555774
7.368518
-184.212953
-293.512638
-462.067490
-321.758624
672.377278
1796.690333
2423.781927
2590.341139
3319.977943
4520.739374
4921.556057
4768.966328
4407.908940
4259.464002
3317.828792
1641.644432
380.399748
-492.155606
-1195.542064
-2498.081151
-3613.337070
-4125.295568
-4161.217094
-3961.192529
-3799.852685
-3271.622043
-2729.114897
-2252.310370
-2001.934265
-1672.960633
-1217.494108
-949.617772
-823.585410
-952.380966
-1045.254997
-1168.524164
-1003.193039
-539.743952
-191.120939
88.268707
391.299014
991.065686
1451.444558
1665.285094
1946.363358
2185.379664
2087.132756
1388.505132
691.105595
291.977530
-173.620708
-908.783901
-1660.679770
-1938.380796
-2076.387000
-2270.731665
-2185.533175
-1626.446863
-980.473442
-780.755899
-562.003017
-68.005282
387.000712
492.462627
471.124627
539.743952
341.100984
19.495871
-173.160176
-176.076881
-179.147097
-135.857053
20.570446
79.058059
262.042925
640.754054
994.135902
1043.719889
1064.750867
1195.695575
1034.202219
697.706559
538.515866
528.691175
214.915112
-195.879773
-265.266652
-244.389184
-338.491301
-368.272395
-176.076881
-98.246908
-189.739341
-162.874952
-75.834332
-90.878390
-166.252190
-158.269629
-240.858436
-354.456423
-294.587214
-173.927730
-134.475456
-125.111297
84.430937
196.340306
126.492894
153.357283
284.455501
288.139760
60.022720
-85.812534
-142.765038
-255.134940
46.053238
1089.773127
2125.817476
2520.493727
2651.284924
3552.239774
4657.210470
4856.928013
4539.621201
4274.661571
4078.781798
2917.165619
1308.986541
238.248752
-465.291217
-1324.798153
-2704.706680
-3688.864381
-4093.672345
-4079.856373
-3947.990601
-3757.944238
-3284.056417
-2798.501775
-2375.272516
-2111.080440
-1696.140763
-1234.840827
-930.735944
-858.125339
-973.258434
-1046.943615
-1071.812364
-764.483754
-348.008970
-82.895829
109.453196
472.813246
1078.566839
1441.466356
1645.942734
1975.069876
2221.147679
1963.249545
1240.213705
733.014042
469.128987
-42.061958
-895.121440
-1597.893855
-1910.134810
-2211.476499
-2532.774591
-2442.203222
-1693.377569
-1082.558120
-945.472981
-753.430977
-62.018361
681.894947
741.764157
764.483754
902.796980
816.984446
285.376566
-117.896290
29.934605
-5.986921
-222.744162
-379.325172
-244.849716
-22.412576
250.836637
644.284803
874.090461
1040.649673
1141.352754
1115.409430
915.845397
881.305469
898.345167
510.116369
-28.092475
-235.792580
-184.980507
-415.553719
-615.117752
-440.729490
-308.403185
-474.962397
-574.897924
-280.310710
-87.040620
-175.309327
-239.016306
-194.037644
-204.936910
-241.011947
-99.321484
0.000000
-16.579166
-17.807252
31.009180
4.605324
4.758835
109.146175
115.133096
-73.685181
-186.208593
-124.190232
-32.390778
634.613623
1746.799325
2625.955643
2746.615127
3044.579578
4223.542477
4912.959453
4766.970687
4320.561298
4276.350190
3676.890539
2079.150195
789.045481
11.359799
-637.223306
-1879.432651
-3089.097709
-3752.264339
-3999.109696
-3922.354299
-3848.822628
-3553.160839
-3148.506386
-2703.325083
-2445.426949
-2171.103160
-1657.609554
-1229.160928
-1027.447745
-1078.720350
-1070.430767
-1087.777487
-928.740304
-463.909620
-99.782016
72.610606
268.490379
832.182015
1315.741016
1483.835335
1767.830304
2144.699304
2143.624728
1535.721984
974.947053
761.720560
395.290295
-330.048207
-1104.049631
-1540.941351
-1876.669457
-2282.859018
-2471.523784
-2230.972370
-1680.175641
-1365.325002
-1170.366294
-679.438774
87.347642
608.209766
651.653321
843.234792
1102.361012
978.938334
494.765289
303.951372
426.606497
176.537413
-221.209054
-307.175099
-84.430937
-27.631943
29.320562
348.469502
636.455752
777.685683
831.414461
947.315110
949.924794
914.617311
805.778158
479.874742
163.796017
19.342360
-87.961685
-415.553719
-594.700816
-483.559001
-489.545922
-675.908026
-644.131292
-319.455962
-252.678767
-391.452525
-321.451603
-126.492894
-107.150534
-201.406162
-77.983483
59.255167
42.215468
27.478432
12.587885
28.399497
2.149151
-37.763655
-118.203311
-254.674407
-212.151917
-258.051645
-103.619786
725.645523
1849.191025
2552.730994
2644.069917
3341.469454
4478.216884
4918.639352
4665.346542
4406.066811
4381.351573
3455.067442
1949.740595
838.168935
127.260448
-743.452776
-2048.448036
-3037.364571
-3613.490581
-3829.480268
-3834.853146
-3695.772367
-3387.215671
-3033.373290
-2635.780334
-2368.057509
-2003.622884
-1583.463841
-1234.687316
-1087.009933
-1110.036552
-1123.545502
-1147.646696
-854.594590
-429.369691
-178.226032
-33.311842
332.350869
960.824060
1288.876627
1487.673105
1900.617141
2253.384946
2053.206870
1449.755939
1125.848164
931.042966
385.619115
-428.755648
-1056.614795
-1433.330284
-1884.959040
-2323.999911
-2369.439106
-2048.601547
-1773.663714
-1649.934014
-1343.987002
-699.702199
-111.448836
255.134940
568.757492
861.809598
912.161138
695.557408
573.976859
518.712973
355.838021
71.996562
-159.651226
-257.744623
-251.450681
-97.632865
72.610606
241.625990
462.067490
686.039739
769.549611
837.554892
1025.912637
1057.382349
781.216431
487.089750
413.404568
235.025026
-111.909369
-309.170739
-338.491301
-481.716872
-710.447955
-672.530789
-490.466987
-418.623935
-412.022971
-330.969272
-242.393544
-198.182435
-110.067239
-14.122993
31.469713
71.536030
115.286606
58.948145
-10.131712
40.373339
58.487613
-100.856592
-231.494277
-219.059903
-221.516076
-241.625990
338.337790
1509.932170
2360.842502
2631.021499
2988.701649
4094.286388
4914.341050
4870.743984
4575.082195
4430.935559
4006.478214
2606.613283
1257.713936
442.725130
-271.253573
-1424.580169
-2759.817055
-3454.913931
-3766.080310
-3829.326757
-3814.896743
-3585.858638
-3212.827409
-2901.046986
-2572.533887
-2261.367507
-1819.716953
-1450.369982
-1215.037935
-1203.217604
-1295.477591
-1273.372037
-1061.834162
-640.907565
-372.570697
-194.958708
118.356822
662.245566
1156.243301
1407.693981
1788.247240
2204.107981
2219.612571
1730.987714
1278.130871
1141.199243
766.939927
-25.789813
-812.993165
-1250.345417
-1628.903036
-2165.883793
-2406.742229
-2200.884254
-1917.349818
-1878.051054
-1634.122403
-907.095282
-219.673946
104.540851
338.030768
800.558791
997.666650
807.466777
675.293983
717.355941
567.529406
117.435757
-102.698721
-118.970865
-139.387801
-155.966967
-19.188849
183.905931
326.363948
568.143449
768.168013
898.345167
1025.298593
1107.733890
921.218275
611.894025
552.945880
471.892181
111.141815
-252.985789
-296.122322
-371.342611
-662.706098
-731.171912
-511.804987
-408.645734
-534.217563
-481.102829
-275.551875
-198.182435
-193.884133
-96.097757
6.600964
-13.815971
-4.605324
35.307483
21.184490
-45.899727
-57.106015
-145.221211
-284.455501
-338.337790
-328.513099
-312.701487
-89.189771
809.308906
1814.651096
2404.900099
2705.934767
3460.747341
4521.660439
4867.827279
4707.869032
4471.615920
4306.745327
3423.597729
2019.588006
978.170780
205.857975
-679.592285
-1993.798193
-2978.262915
-3471.186075
-3660.925416
-3704.061949
-3673.973834
-3382.917368
-3075.281737
-2718.369141
-2435.755769
-2094.347763
-1685.241497
-1388.351621
-1273.372037
-1377.759377
-1373.921607
-1217.340597
-897.577613
-611.587003
-420.926597
-109.913729
348.008970
879.309828
1238.064554
1598.968431
2047.680482
2256.915694
2037.241748
1613.705467
1406.465895
1161.155646
531.300858
-260.968350
-851.984907
-1244.665518
-1751.711671
-2186.454240
-2202.879895
-2001.473733
-1907.678638
-1888.643299
-1466.488615
-750.360761
-242.393544
87.040620
421.233619
828.651266
889.288030
790.120057
830.493396
807.313266
585.336658
155.966967
-25.175770
-90.110836
-117.896290
-104.847872
-63.092936
114.212031
277.240494
469.589519
605.753593
855.515655
1078.720350
1018.851140
784.593668
676.061537
699.241667
430.904799
75.834332
-115.440117
-225.507356
-524.853405
-788.431438
-710.447955
-604.371996
-637.990860
-690.645062
-565.533765
-399.281575
-286.144120
-170.857514
-68.158793
12.587885
77.215929
88.729239
51.272605
47.895368
83.663383
-35.768015
-251.757702
-334.039488
-350.925675
-363.974093
-371.035589
272.174638
1217.340597
1968.775934
2407.970315
2906.419864
3999.570228
4621.135433
4804.734343
4592.121893
4440.146207
4000.951825
2751.680983
1666.666691
700.623264
-65.242087
-1267.078094
-2450.646316
-3121.488486
-3519.388464
-3598.907056
-3669.214999
-3448.159456
-3206.533466
-2871.112381
-2533.235123
-2216.235334
-1841.054953
-1552.454660
-1313.131332
-1390.193751
-1448.681363
-1379.447995
-1123.545502
-829.265309
-690.491552
-407.110626
-12.587885
519.941059
967.271513
1345.829131
1847.809428
2187.682326
2196.585952
1895.244263
1666.666691
1512.081321
1025.759126
279.696667
-396.825403
-855.976188
-1360.105635
-1889.564364
-2079.610727
-2001.627244
-1936.999199
-1962.174969
-1744.036131
-1259.556065
-813.146676
-347.855459
82.435296
531.454369
719.198070
790.120057
939.639570
972.951413
964.047787
667.464933
431.518842
222.283630
88.729239
32.083756
-84.123915
5.833410
52.040159
118.356822
165.177614
386.540179
672.070256
735.009682
698.167091
670.381638
718.123495
586.104212
414.479144
262.196436
94.869671
-181.910291
-493.537203
-612.354557
-678.364199
-701.697840
-774.615467
-792.269208
-702.925926
-577.354096
-409.566799
-283.994969
-108.378621
57.720059
117.742779
139.387801
189.739341
235.792580
188.050723
-8.289583
-148.905470
-309.938293
-468.207922
-518.866484
-333.732466
450.554181
1273.218526
1943.600163
2329.526300
3052.255118
4167.971569
4692.978485
4760.523234
4531.178108
4462.251761
3739.522943
2432.992575
1415.983564
617.573924
-272.481659
-1682.478303
-2726.351702
-3265.328100
-3512.941011
-3632.065387
-3616.867818
-3332.565828
-3048.570859
-2679.377399
-2372.202300
-1977.986581
-1579.626071
-1288.569605
-1235.301360
-1396.794715
-1384.053319
-1267.538626
-1045.715529
-880.998447
-716.434876
-412.790525
-6.754475
536.059693
991.679730
1463.418400
1973.381257
2233.582053
2139.172915
1877.744033
1795.615758
1579.165538
933.806160
173.927730
-410.794885
-884.375684
-1487.059062
-1909.827789
-1953.117833
-1875.287860
-1869.914982
-1795.769269
-1348.438815
-767.553970
-346.473862
-93.641584
197.414881
500.598699
525.467448
380.553258
338.030768
361.210898
119.277887
-262.196436
-349.083546
-177.611989
-127.106937
-159.344204
70.768476
421.540640
595.007838
673.298343
935.801800
1203.064093
1167.756610
963.433743
794.264848
675.447494
453.777907
164.103039
-89.803815
-287.525717
-437.352252
-593.933262
-688.956444
-623.714356
-490.006455
-473.427289
-520.555103
-430.597777
-229.652148
-176.690924
-213.533515
-152.896751
-70.307944
-121.734060
-205.857975
-141.076420
-69.079857
-151.668665
-293.819660
-270.639530
-307.328610
-370.728568
-322.833200
215.529155
1102.361012
1698.443425
2197.353506
2680.912507
3631.297833
4298.148722
4472.997517
4534.401834
4401.461487
4085.843294
3004.206239
2065.794755
1304.534728
456.541101
-635.074155
-1811.887902
-2469.835165
-3011.881779
-3276.380877
-3389.825354
-3296.797813
-3155.721393
-2997.298254
-2687.206450
-2404.286056
-2055.202511
-1781.646276
-1546.314228
-1542.783480
-1595.591193
-1476.927349
-1238.678597
-944.398405
-798.563151
-552.945880
-159.037183
311.473401
766.325884
1155.629258
1671.425526
2036.167172
2072.702741
1910.595343
1803.291298
1719.781426
1273.832569
615.271263
48.662922
-436.891720
-999.815802
-1529.428041
-1739.891340
-1775.966376
-1882.963400
-1859.629759
-1589.604272
-1175.585661
-830.032863
-460.378871
-46.360260
147.216851
248.840997
339.872898
441.957576
346.320351
190.199874
101.624146
-66.623685
-199.871054
-172.239111
7.061497
47.588346
117.589268
370.421546
616.652860
717.816473
862.423641
1104.203142
1087.316954
875.318548
739.461495
699.241667
463.909620
161.646866
1.381597
-184.519974
-431.672353
-578.121650
-534.985117
-543.121189
-602.376356
-544.502786
-468.975476
-457.155145
-398.053489
-247.152378
-170.704003
-210.923831
-163.796017
-83.970404
-93.795095
-141.690463
-91.492433
-64.321023
-189.432320
-256.823558
-308.403185
-278.929113
-228.424062
324.521819
1179.730452
1779.343614
2210.862456
2678.302824
3694.851302
4268.521139
4406.834365
4372.294436
4282.644132
3920.819191
2761.045142
1880.660738
1137.207962
352.614294
-837.401382
-1997.021920
-2547.818649
-3003.592196
-3248.748934
-3411.623887
-3241.533927
-3042.123406
-2893.217935
-2629.486391
-2301.894357
-1895.704796
-1664.364029
-1513.155897
-1529.274530
-1512.388343
-1398.483334
-1190.322697
-925.209556
-771.545251
-507.506685
-150.594089
323.447243
788.277927
1203.217604
1714.562059
2011.758956
2032.175892
1886.801170
1820.945039
1733.443886
1232.538165
589.941982
34.386418
-429.216180
-1003.500061
-1513.155897
-1677.412447
-1711.031310
-1803.905341
-1810.045773
-1450.984025
-949.310750
-552.178326
-326.670970
-19.802892
290.749444
378.097086
297.196897
174.695284
188.818277
-28.092475
-394.522741
-557.858226
-438.733849
-320.991070
-406.343072
-220.595011
211.077342
498.296037
632.771493
937.029887
1338.000081
1368.548729
1163.611819
1100.365372
1041.263716
721.961264
332.657891
85.352001
-163.335485
-492.923160
-695.557408
-706.610185
-694.636343
-665.622803
-583.187507
-509.195304
-417.242338
-253.906853
-117.435757
-116.821714
-133.400880
-56.184951
-84.584448
-209.542234
-232.261831
-174.388262
-265.880695
-452.549821
-441.343533
-387.921777
-424.303835
-299.960092
449.940137
1371.311923
1927.328019
2297.135522
3002.517621
4021.215250
4464.707934
4527.033316
4489.883704
4436.001415
3808.142268
2654.508651
1831.076751
1115.409430
239.476839
-1035.430306
-2007.460654
-2523.410432
-2944.797562
-3195.173667
-3273.464172
-3081.115147
-2977.955894
-2840.410222
-2571.612822
-2238.340888
-1948.973041
-1780.264679
-1675.723828
-1730.527181
-1742.347512
-1607.104503
-1319.118253
-1089.005573
-915.231354
-571.367175
-96.558289
423.382770
868.410562
1391.114816
1915.661199
2157.133678
2106.321605
1980.749776
1963.403056
1747.566879
1169.138207
510.730412
-12.127353
-501.519764
-1106.198782
-1531.270171
-1621.995050
-1700.132044
-1851.800709
-1890.792450
-1582.082243
-1206.748352
-825.581050
-303.644351
91.799455
331.890337
373.952294
575.665478
624.328399
462.221001
323.140221
43.136533
-229.805659
-522.550743
-422.922238
-342.482582
-368.425906
-200.638608
56.184951
296.122322
446.716411
897.731124
1222.866985
1182.800668
1073.040450
1106.198782
993.828881
611.433493
374.105805
169.936449
-236.253112
-694.329321
-805.624647
-791.962186
-908.630390
-906.941771
-775.229510
-681.127393
-623.100313
-394.369230
-123.422678
-90.264347
-29.474072
82.895829
84.430937
-17.039698
2.302662
29.627583
-183.752420
-393.908698
-411.869460
-327.745545
-232.261831
447.637475
1332.934225
2008.074697
2370.513682
3047.342773
4128.212273
4572.779533
4701.421578
4550.673979
4444.598020
3739.522943
2579.288362
1738.663253
891.283670
11.820331
-1292.407375
-2274.415925
-2831.353085
-3151.269580
-3289.429295
-3358.355641
-3133.308817
-2936.047447
-2703.632105
-2436.830345
-2042.307604
-1710.263756
-1577.016387
-1559.209135
-1635.504000
-1637.960172
-1565.196056
-1305.609303
-1081.330033
-921.525297
-598.538586
-105.615426
483.251980
962.359168
1503.638228
2034.632064
2236.959291
2175.554973
2031.561848
1980.596265
1685.855540
1046.943615
369.039949
-239.630350
-766.632905
-1322.802512
-1647.017309
-1702.588217
-1706.118965
-1670.043928
-1507.015465
-1105.277717
-689.263465
-347.548438
-85.812534
66.316663
102.698721
38.684720
-59.715699
-204.169356
-335.267574
-503.361894
-676.061537
-733.781596
-549.261621
-269.411444
-79.365081
205.090421
591.323579
903.104001
1044.333932
1242.669878
1460.808716
1364.250427
1059.838522
840.011065
663.780673
313.622552
-65.856131
-252.064724
-411.715950
-634.306601
-711.522530
-599.152629
-481.256339
-444.874281
-338.337790
-241.011947
-194.191154
-160.725801
-117.128736
-151.975686
-254.213875
-266.034206
-313.929574
-401.584237
-447.790986
-378.097086
-384.544539
-405.729029
-381.781345
-226.428421
-36.689080
517.484887
1408.154514
2038.776856
2504.989137
2932.516699
3849.743693
4335.758867
4395.781587
4377.513803
4202.665009
3792.177145
2670.473773
1899.082033
1205.673776
418.316914
-630.775853
-1670.811482
-2177.857635
-2654.662161
-2889.226655
-3064.535981
-2993.767505
-2891.836338
-2851.462999
-2697.338162
-2471.677295
-2151.453779
-2010.223848
-1920.420033
-1911.823429
-1838.752291
-1688.311713
-1426.729320
-1069.663213
-823.124878
-487.243260
-51.272605
474.041332
947.468621
1365.632024
1857.327097
2088.514353
2038.469834
1898.467990
1808.050132
1625.372287
1072.579918
496.607419
-0.614043
-484.173044
-990.298132
-1365.171491
-1446.839234
-1524.515696
-1596.205236
-1583.617351
-1350.127434
-1004.421125
-627.245104
-314.236595
-124.190232
25.482792
88.575728
106.843513
-5.986921
-18.267784
-128.181513
-396.211359
-569.218024
-481.716872
-246.998868
-237.634709
-72.457095
274.170278
523.932340
618.187968
852.138418
1233.612741
1249.731374
1026.680191
937.797441
892.358246
608.977320
270.793041
97.632865
-118.970865
-482.637936
-681.127393
-647.508529
-635.534687
-656.412155
-595.161349
-513.800628
-477.111548
-384.544539
-227.042464
-188.204233
-212.919471
-167.480276
-186.976147
-261.121861
-243.621630
-156.427499
-228.731083
-365.509201
-351.079186
-214.147558
-152.436218
354.302913
1263.700857
2002.548308
2430.382891
2841.024265
3870.007118
4445.365574
4585.520929
4525.037676
4391.636796
4003.868530
2833.809258
2005.925546
1238.371576
438.119806
-672.991321
-1783.334894
-2333.671091
-2818.765200
-3024.162643
-3161.861825
-3068.373751
-2943.722987
-2859.292050
-2646.986622
-2376.961135
-2064.106137
-1912.283961
-1810.199283
-1827.699514
-1808.203643
-1693.991612
-1411.838773
-1063.062249
-869.638648
-544.656297
-68.005282
504.129448
978.477801
1407.540471
1944.060696
2173.098800
2101.102238
1943.907185
1857.327097
1650.701568
1054.465644
424.917878
-126.492894
-627.245104
-1117.712091
-1464.799997
-1520.370904
-1466.488615
-1472.168515
-1447.913809
-1169.291718
-720.886689
-416.781806
-401.430726
-284.301991
-137.392161
-244.082163
-483.251980
-502.747850
-342.329071
-583.033996
-839.243511
-652.267364
-274.477300
-119.124376
10.131712
515.335736
890.362605
929.354347
1053.084047
1369.316283
1449.909450
1155.168725
895.274951
735.316703
437.045231
108.071599
-80.593167
-253.906853
-450.093648
-572.134729
-552.331837
-478.800167
-359.522280
-213.226493
-201.866694
-242.854076
-178.993586
-135.396520
-208.774680
-309.938293
-336.035128
-385.158582
-536.980758
-531.147347
-424.610856
-338.337790
-343.557157
-260.814839
-150.747600
-53.728778
103.159254
602.990399
1485.063422
2108.317245
2561.327599
2847.164697
3641.890078
4253.323571
4321.635874
4263.301772
4029.351322
3786.343735
2725.891170
1857.941140
1257.560425
545.577362
-413.251058
-1534.033365
-2036.013661
-2515.888404
-2810.936150
-2962.297793
-2972.890037
-2945.104584
-2972.890037
-2792.054322
-2605.845729
-2354.855581
-2150.072181
-1979.982222
-1970.618063
-1921.187587
-1662.828921
-1316.662081
-944.551916
-686.039739
-315.771703
121.887570
594.547305
1067.207040
1444.383061
1866.384234
2051.978784
1957.569646
1761.843383
1614.473021
1472.015004
956.218736
353.535359
-126.646405
-561.695995
-1011.175600
-1379.601506
-1402.014082
-1418.132715
-1532.344746
-1499.339925
-1174.664596
-736.084257
-522.857765
-347.855459
-128.488535
-14.430015
-105.001383
-209.695745
-154.892391
-206.779040
-468.975476
-659.021839
-548.033535
-363.974093
-265.880695
-64.781555
303.644351
584.262082
703.232948
933.038606
1237.757532
1340.302743
1191.243762
1001.811442
846.458518
582.112931
284.609012
34.693439
-202.941270
-437.966295
-641.521608
-694.943365
-641.982141
-529.919261
-437.352252
-406.650093
-339.719387
-239.169817
-182.217313
-185.748061
-180.528694
-175.002305
-259.126220
-359.829301
-351.846740
-302.262753
-302.109243
-348.162481
-262.810479
-233.029385
-165.177614
-14.583525
550.643218
1443.922529
2075.158914
2600.472851
2966.135563
3813.208124
4389.641156
4502.471589
4442.909401
4180.712965
3846.673477
2734.948307
1834.146967
1124.313056
375.333891
-627.398615
-1729.913138
-2247.705046
-2694.421457
-2911.485720
-3033.833823
-2978.109404
-2903.503159
-2868.195676
-2687.820493
-2520.186706
-2270.424644
-2101.869792
-1982.898927
-2027.724079
-2000.706179
-1753.707311
-1417.825694
-1040.189140
-747.137035
-321.298092
185.287528
706.763696
1212.121230
1628.903036
2072.856252
2232.968010
2090.970526
1863.314018
1684.320432
1454.668284
849.989267
204.322867
-298.885516
-729.483293
-1182.800668
-1491.050343
-1442.540932
-1343.679980
-1387.891089
-1337.079016
-963.280233
-557.397693
-422.615216
-416.628295
-229.191616
-169.322406
-416.781806
-584.262082
-493.230181
-450.554181
-754.045020
-829.879353
-501.212743
-219.980968
-80.900188
219.827457
735.009682
965.429384
1004.421125
1228.239863
1455.282328
1373.307564
1084.093228
850.142777
604.371996
261.582393
-7.522029
-194.958708
-396.364870
-535.906182
-589.481449
-575.051434
-486.015174
-309.784782
-200.485097
-237.941731
-241.779501
-170.396981
-216.296709
-313.469041
-326.670970
-340.793963
-485.708152
-586.411233
-474.808886
-355.223977
-319.148941
-270.639530
-78.136994
-18.728317
65.856131
248.687486
864.265770
1733.904419
2312.486601
2732.799156
3004.820283
3849.436671
4373.061990
4404.838724
4260.845599
4032.728560
3690.860021
2526.173627
1671.732547
1052.930536
344.324711
-698.320602
-1773.510204
-2264.591234
-2706.241788
-2928.371907
-3046.114686
-3047.496283
-3031.377650
-2981.640153
-2801.571991
-2633.784693
-2364.833782
-2121.519174
-1999.785114
-2055.970065
-1943.907185
-1603.573755
-1233.459230
-865.647368
-553.406413
-126.492894
331.429804
826.962648
1314.359419
1691.381929
2074.544871
2168.800498
1965.859229
1713.640994
1553.682747
1324.644642
696.785494
59.408677
-397.285935
-822.510834
-1264.314900
-1523.748142
-1457.124457
-1398.483334
-1434.251349
-1373.000542
-1036.351371
-660.556947
-469.589519
-424.457346
-304.104883
-162.721442
-295.354768
-432.132885
-372.263676
-233.796939
-438.733849
-641.214587
-358.140683
-14.122993
95.330203
208.007126
673.912386
980.780463
920.143699
1021.767845
1313.898886
1320.960383
964.047787
728.101696
628.933723
329.127142
-15.197569
-167.480276
-285.376566
-492.155606
-630.622342
-597.617521
-521.629678
-455.313015
-383.623474
-370.268035
-406.496583
-344.324711
-315.618193
-334.960553
-357.219618
-327.438524
-336.802682
-402.198280
-314.083085
-166.405701
-93.027541
-108.225110
6.600964
54.342821
148.137916
232.261831
876.239612
1769.672434
2333.671091
2702.864551
2998.219318
4005.557149
4443.830466
4433.698754
4253.170060
4090.602129
3683.645014
2368.057509
1556.752962
944.398405
201.559673
-988.763024
-2032.022381
-2407.663294
-2823.984567
-3057.627996
-3146.510746
-3019.403808
-2991.311333
-2948.481821
-2745.387041
-2504.989137
-2240.490039
-2073.930828
-1957.109113
-2018.206409
-1900.617141
-1587.455121
-1203.831647
-830.493396
-546.344916
-73.992203
429.676713
943.784362
1406.772917
1792.392031
2205.182556
2220.840657
1964.324121
1693.684591
1541.094861
1231.310079
505.357534
-114.672563
-541.586081
-974.333010
-1455.589349
-1677.105425
-1556.445941
-1520.217393
-1558.748603
-1346.750196
-893.279311
-519.480527
-359.675790
-205.550953
-14.276504
-16.272144
-180.682205
-291.824019
-277.854537
-344.171200
-593.933262
-667.618443
-446.716411
-175.002305
-14.890547
221.362565
651.653321
935.341268
1021.767845
1194.467488
1430.106557
1409.382600
1090.387170
810.690503
630.468831
316.846279
-44.978663
-291.363487
-447.176943
-628.012658
-777.071639
-729.022761
-585.336658
-465.905260
-416.474784
-376.715489
-312.547977
-259.893774
-264.192077
-260.661328
-242.240033
-283.687947
-363.360050
-388.228798
-292.284552
-207.546594
-168.861873
-95.483714
16.732677
19.188849
107.150534
306.714566
1032.820622
1863.928061
2437.904920
2797.120178
3142.979997
4058.671884
4423.567041
4430.321516
4196.985109
3975.929566
3434.496995
2179.546254
1411.224730
778.146215
46.667281
-1083.172163
-2035.706640
-2424.549481
-2793.128898
-2949.709908
-3023.702110
-2929.599994
-2912.560295
-2885.235374
-2754.444178
-2550.121311
-2277.639651
-2126.278008
-2074.698381
-2123.054282
-1932.240365
-1579.472560
-1150.256380
-727.180631
-371.189100
112.062880
607.442212
1124.466566
1557.827538
1920.266523
2237.573334
2157.901232
1830.155687
1527.892933
1341.530829
977.710247
289.214336
-264.038566
-657.793752
-1069.202681
-1442.694442
-1543.244013
-1418.593248
-1459.580630
-1459.887651
-1184.489287
-769.703121
-523.932340
-408.952755
-226.428421
-141.997484
-211.384363
-307.021588
-289.828379
-310.859358
-419.698511
-509.655836
-455.005994
-253.292810
-2.456173
249.915573
472.966756
747.751078
981.087485
1096.527602
1186.331416
1279.819490
1241.134770
940.407124
630.622342
468.207922
255.595472
-56.338461
-300.574135
-396.518381
-533.603520
-684.811652
-639.372457
-479.721231
-429.523202
-472.352713
-445.027792
-390.377949
-407.264137
-425.992453
-384.237517
-364.434625
-423.382770
-428.909159
-326.363948
-224.279270
-134.475456
-66.316663
3.530748
98.246908
86.887109
177.919010
256.516537
865.033324
1780.111168
2396.764027
2746.308105
3037.364571
4046.237509
4544.687058
4483.129229
4259.924535
4102.268949
3655.399028
2335.359710
1398.943866
798.870172
79.979124
-1061.834162
-2114.304166
-2510.669037
-2815.387963
-3017.254657
-3117.036673
-2987.473563
-2878.173878
-2848.239273
-2768.106638
-2578.213786
-2284.240615
-2150.993246
-2108.777778
-2156.059102
-1985.201589
-1647.784863
-1208.897503
-720.272646
-334.653531
165.638147
729.636804
1266.157029
1681.557238
2003.162351
2349.329192
2276.872097
1857.941140
1477.848414
1261.244684
881.919512
151.515154
-438.733849
-788.124417
-1154.094150
-1538.485178
-1630.131122
-1441.005824
-1347.210729
-1401.400039
-1224.555604
-768.935567
-427.988094
-334.807042
-287.065185
-116.207671
-118.510333
-355.838021
-411.715950
-287.986250
-275.244854
-524.085851
-524.853405
-145.681744
125.725340
260.200796
513.954138
923.060405
1079.027371
1021.460824
1156.396812
1331.399117
1208.590482
863.805238
594.240284
436.431187
170.704003
-104.694362
-257.437602
-372.263676
-518.559462
-655.337580
-649.350659
-514.875203
-435.663633
-470.664095
-514.261160
-482.791447
-437.812785
-466.826325
-445.795346
-338.491301
-333.271934
-373.491762
-297.657430
-109.453196
15.504590
38.684720
94.716160
212.305428
176.230392
162.874952
214.608090
650.425234
1567.191696
2196.892974
2642.074276
2842.405863
3727.549101
4440.299718
4416.812566
4255.012189
4011.237048
3720.180583
2502.072432
1408.001003
808.541352
101.317124
-891.744203
-2005.925546
-2486.260820
-2757.360883
-2934.819361
-2969.359289
-2901.968051
-2746.461616
-2708.544450
-2640.078636
-2574.683038
-2299.131162
-2122.593749
-2083.755518
-2169.568052
-2073.316784
-1700.746087
-1285.038857
-748.825653
-298.578494
204.629888
779.067280
1299.161850
1731.141224
2007.153632
2305.885637
2279.328270
1806.975557
1320.960383
1009.640492
684.965163
31.623224
-576.279521
-888.213454
-1185.410352
-1484.449378
-1587.148100
-1275.060655
-1005.649212
-1029.443385
-945.933513
-665.162271
-338.184279
-435.203101
-479.567721
-360.750366
-412.637014
-721.347221
-853.980547
-536.827247
-392.680611
-485.861663
-346.473862
108.992664
408.338712
538.362355
872.862375
1229.314439
1266.464051
1103.742609
1099.597818
1094.378451
896.503037
634.153090
359.061747
162.721442
-38.684720
-155.045902
-244.849716
-271.867616
-243.928652
-334.346509
-431.672353
-375.333891
-273.402724
-357.526639
-519.327016
-533.603520
-529.458729
-647.047997
-642.596184
-460.071850
-327.745545
-337.723747
-210.156277
34.539929
177.304967
258.972710
347.087905
441.190022
365.816222
226.274910
161.032823
156.120478
756.347682
1622.762604
2284.701148
2557.029296
2930.981591
3963.648702
4447.054193
4435.694394
4173.804979
3988.824472
3368.333843
1990.574466
989.530578
339.565876
-355.530999
-1442.233910
-2435.755769
-2783.611228
-2891.989849
-2934.972871
-2914.095403
-2695.342522
-2471.216763
-2459.703453
-2519.879684
-2380.798905
-2119.523533
-2049.522611
-2111.233950
-2204.107981
-2039.237388
-1710.570778
-1174.511085
-558.625780
-59.408677
509.809347
1095.453026
1602.959711
1934.236005
2184.151578
2383.408588
2110.159375
1486.137997
929.968390
569.832067
140.308866
-484.326555
-941.788721
-1166.682035
-1379.294484
-1550.459020
-1458.506054
-1141.045732
-977.249715
-965.429384
-799.637726
-485.708152
-334.500020
-341.100984
-219.827457
-155.199413
-297.043386
-497.221462
-365.816222
-209.695745
-231.494277
-196.800838
0.767554
219.213414
333.271934
595.161349
857.357785
928.740304
914.003268
927.358707
907.555814
828.344245
778.146215
653.802472
385.005071
185.901572
115.440117
-20.109914
-204.169356
-256.823558
-316.999790
-506.585620
-635.227666
-548.647578
-492.769649
-580.731334
-592.244643
-523.471808
-521.783189
-501.519764
-326.977991
-165.024104
-111.141815
-80.593167
104.847872
193.423600
230.419702
285.376566
343.864179
268.797400
160.265269
65.702620
35.307483
19.649382
514.107649
1577.937452
2310.951494
2719.750738
2934.665850
3938.779954
4569.402296
4426.944279
4056.369222
3731.386871
3230.481150
1802.677254
606.828169
64.628044
-490.620498
-1423.352082
-2359.460904
-2588.038477
-2555.494188
-2612.600204
-2573.454951
-2377.421667
-2203.033405
-2297.442544
-2481.655497
-2550.888865
-2386.478804
-2320.469163
-2320.929695
-2392.158704
-2187.989348
-1706.886519
-1093.303875
-365.662711
274.016767
890.055584
1423.505593
1790.242880
2011.298424
2087.286267
2100.795216
1793.620118
1091.461746
446.869921
62.325382
-221.516076
-651.346299
-989.991111
-1024.684550
-1049.706810
-1146.725632
-1107.887401
-833.103079
-654.416515
-800.251769
-947.929153
-901.108361
-690.645062
-607.749234
-503.515404
-362.592496
-218.445860
-180.682205
-117.589268
171.625068
413.097547
453.163864
322.833200
353.074826
475.729951
493.383692
470.971116
530.840326
583.187507
482.330915
410.334352
555.862585
738.847452
732.399998
596.849967
511.190944
404.500942
210.156277
-1.074576
-147.370362
-339.258855
-622.179248
-845.997986
-871.941310
-784.593668
-673.605364
-585.183147
-473.734310
-354.763445
-237.941731
-79.058059
63.553469
185.134018
196.186795
152.436218
126.646405
159.344204
179.761140
147.830895
124.343743
80.746678
79.365081
-16.118633
-37.917166
38.224188
657.640242
1754.014333
2457.093769
2740.781717
2935.740425
3861.564024
4383.040192
4084.154676
3603.512379
3287.126633
2738.172033
1366.092556
282.459861
-113.597988
-473.887821
-1273.679058
-2090.970526
-2281.784443
-2158.361764
-2185.686686
-2308.955853
-2265.051766
-2140.861534
-2289.767004
-2684.596766
-2834.116280
-2576.985700
-2410.119466
-2422.246819
-2379.724329
-1947.591444
-1355.500311
-721.961264
6.293943
681.434415
1202.143028
1539.713264
1707.654073
1745.571239
1700.285555
1577.323409
1217.187086
574.590902
50.198030
-216.910752
-349.237056
-513.647117
-662.092055
-618.187968
-578.428672
-619.262543
-656.565666
-550.182686
-404.193921
-602.529867
-930.121901
-1043.873399
-941.174678
-959.135441
-1014.399327
-781.983985
-472.352713
-417.549360
-333.118423
80.900188
510.730412
591.323579
545.577362
682.201969
748.518632
637.530328
568.143449
640.293522
653.802472
514.261160
433.975015
492.923160
586.104212
608.516788
526.235002
418.163403
300.267113
152.743240
-62.478893
-234.257472
-336.035128
-457.615677
-636.762774
-698.167091
-586.411233
-457.001634
-399.281575
-336.495661
-206.625529
-140.001844
-116.054160
-65.088577
19.188849
52.347181
0.460532
27.324921
83.049340
107.918088
108.071599
165.024104
203.862334
208.007126
69.079857
4.912345
14.583525
562.156528
1657.763065
2407.970315
2740.474695
2828.589891
3665.837762
4220.165239
4011.851092
3531.208795
3174.142688
2676.307183
1348.745836
174.081240
-249.301530
-481.256339
-1185.256841
-2028.338122
-2271.192198
-2074.237849
-2101.869792
-2290.534558
-2245.095363
-2093.426698
-2248.779622
-2713.917328
-2905.959331
-2641.460233
-2461.238561
-2398.145625
-2286.850299
-1797.611398
-1179.576941
-577.047075
125.878851
822.971367
1351.816052
1606.950992
1669.583396
1622.455582
1496.576731
1280.126512
982.929614
466.365792
-27.017900
-288.753804
-373.491762
-418.316914
-514.875203
-429.676713
-365.202179
-487.243260
-597.924543
-616.806370
-558.472269
-764.483754
-980.626952
-1049.246277
-1046.329572
-1018.390608
-885.143238
-559.546844
-281.692307
-150.594089
-12.741396
239.630350
445.795346
548.187046
534.217563
522.090211
473.887821
395.290295
385.619115
430.137245
533.142988
574.130370
553.559923
576.279521
635.534687
661.017479
554.173966
394.522741
234.564493
17.960763
-246.691846
-402.812324
-462.681533
-509.809347
-583.648039
-572.748773
-435.049590
-328.666610
-235.178536
-152.282708
-86.887109
-75.066778
-113.444477
-108.225110
-71.843052
-57.413037
-3.070216
51.272605
135.857053
175.462838
217.064263
293.359127
282.613372
283.841458
124.650765
-42.368979
-164.717082
419.237979
1588.990229
2395.382430
2635.319801
2759.817055
3679.500222
4195.757023
3956.433695
3456.142017
3190.107811
2621.657341
1185.103330
41.447914
-352.767805
-547.880024
-1220.257302
-1931.933343
-2140.861534
-2018.513431
-2010.223848
-2092.659144
-2084.369562
-2090.202972
-2253.845478
-2676.921227
-2945.258095
-2833.348726
-2587.270923
-2351.171322
-2221.761722
-1768.751369
-1105.124206
-346.473862
350.772164
883.608131
1356.267865
1635.657511
1661.293813
1398.790355
1163.304797
1018.390608
746.369481
210.770320
-172.853154
-223.818738
-214.454579
-300.881156
-327.745545
-177.765500
-155.199413
-326.977991
-524.699894
-618.341478
-753.277466
-909.551455
-1071.658853
-1149.488826
-1100.058350
-966.810981
-689.109954
-427.681072
-86.580088
178.686564
299.653070
375.180381
448.712051
511.804987
424.610856
298.578494
267.722825
255.441961
232.568853
307.328610
466.826325
613.275622
649.197148
661.785033
697.246027
631.082874
496.607419
294.740725
73.224649
-140.615887
-344.171200
-463.602598
-526.388513
-497.989016
-418.009892
-344.017689
-272.328149
-172.546133
-90.110836
-83.970404
-128.488535
-167.173255
-167.480276
-199.257011
-199.564032
-139.541312
-10.131712
137.238650
241.165457
319.609473
394.062208
470.510584
393.141144
272.635170
108.071599
-90.264347
-324.828840
-227.963529
854.748101
1989.192869
2602.161470
2620.582765
3186.577063
4177.796260
4282.644132
3734.610597
3100.457507
2831.199575
1854.717414
330.508740
-629.394256
-702.311883
-782.905050
-1495.348645
-2134.567591
-2032.022381
-1568.880315
-1630.745165
-1979.061157
-2089.435418
-2006.079057
-2344.416847
-3106.444428
-3271.622043
-2852.998107
-2427.005654
-2399.066689
-2177.397103
-1273.218526
-346.013330
291.670509
696.785494
1269.994799
1671.272015
1580.854157
1182.800668
911.240073
809.615928
558.932801
125.725340
-222.437141
-183.445399
-35.921526
28.245986
11.359799
86.887109
173.467197
-58.027080
-444.874281
-806.392201
-994.596435
-1265.696497
-1643.793583
-1700.899598
-1327.868368
-696.631983
-315.311171
91.952966
676.675580
1157.624898
1145.190524
861.195555
800.405280
640.140011
132.633326
-411.869460
-451.782267
-301.648710
-279.082624
-192.349025
194.498176
600.687737
752.049380
856.129698
947.008088
911.240073
669.307062
317.460322
-45.592706
-332.197358
-426.760007
-507.967217
-627.398615
-582.266442
-319.455962
-146.909830
-153.971326
-47.895368
138.159715
84.584448
-222.744162
-336.188639
-300.420624
-318.227876
-388.689331
-277.854537
-22.719598
158.269629
343.864179
519.480527
636.916284
596.542946
493.383692
291.056466
25.943324
-195.726262
-489.852944
-727.948185
-761.874071
227.042464
1643.947093
2598.784232
2843.940970
3107.519004
4113.935770
4484.203805
3971.477753
3007.276455
2525.559584
1903.533846
453.470886
-816.984446
-1030.517960
-583.955061
-816.677424
-1538.178156
-1694.759166
-1108.194422
-908.783901
-1494.734602
-2024.653863
-2110.159375
-2280.249335
-3164.778530
-3769.304037
-3391.206951
-2592.336779
-2206.717664
-2148.383563
-1352.737117
-172.699643
659.482371
876.086102
1100.825904
1477.080860
1410.764197
820.668705
266.187717
225.507356
287.679228
101.931167
-167.633787
-39.145252
385.005071
635.534687
637.069795
538.362355
476.036972
151.975686
-441.190022
-1029.136363
-1392.803434
-1570.261912
-1759.847743
-1848.423471
-1661.600835
-1046.790105
-271.560595
426.299475
869.331627
1152.098509
1238.678597
1036.504881
690.798573
357.526639
85.044980
-286.451142
-626.784572
-655.644601
-353.074826
38.531209
349.390567
621.565205
840.932130
911.700606
813.607208
674.065897
504.743491
246.538335
-84.584448
-374.105805
-450.861202
-381.474323
-216.910752
-94.562649
-2.149151
67.237728
85.812534
52.807713
-25.175770
-118.049801
-254.520897
-457.308655
-605.139550
-556.476628
-356.912596
-104.694362
90.264347
305.486480
514.568182
628.626702
647.969062
571.213665
428.602137
176.997946
-124.343743
-412.022971
-580.884845
-665.469292
-706.763696
-694.636343
-321.758624
1008.105384
2481.041453
3330.263166
3148.352875
3266.863208
4017.991523
4081.391481
3187.805149
1956.188048
1670.657972
1214.577402
68.312303
-899.726764
-738.386919
47.895368
-89.343282
-912.928692
-1319.118253
-959.135441
-917.073484
-1795.001715
-2719.443716
-2930.828080
-2904.731245
-3478.247571
-3917.902486
-3345.153713
-2080.531792
-1375.763736
-1301.464512
-806.852733
150.287067
909.090922
838.629468
617.420414
604.525507
597.771032
283.073904
-126.646405
-16.886187
442.571619
785.207712
704.768055
658.561306
930.275412
1171.133848
1000.276334
458.997274
-83.049340
-544.963319
-1012.096665
-1416.444097
-1600.043006
-1500.721523
-1181.572582
-993.214837
-811.611568
-532.528945
24.254705
455.159504
420.619576
274.630811
129.409599
105.615426
-151.975686
-307.175099
-231.033745
-43.443555
77.215929
116.054160
347.855459
668.385997
958.828420
978.017269
803.321985
605.753593
472.045692
331.583315
99.935527
-25.175770
-18.728317
33.925885
-6.447453
-7.215007
126.492894
252.525256
241.933011
36.535569
-151.975686
-294.433703
-345.399287
-427.681072
-493.383692
-483.712512
-382.548899
-229.652148
-101.010102
54.189310
233.950450
371.496122
382.395388
251.143659
123.115657
84.891469
-2.456173
-141.076420
-302.262753
-309.631272
-264.652609
-289.367847
-331.429804
-312.240955
99.014462
1252.494569
2528.629799
3273.310661
2956.617893
2903.963691
3412.698462
3677.197561
3068.373751
1869.300939
1516.072602
1126.769228
518.252441
-419.852022
-613.275622
-81.360721
-28.860029
-588.099852
-1500.414501
-1584.384905
-1427.496874
-1782.413830
-2590.034117
-3238.156690
-3146.203724
-3186.270041
-3259.648201
-3028.307434
-2201.498297
-1296.552166
-911.854117
-647.508529
-316.692768
260.354307
628.319680
702.772415
479.721231
295.201257
274.477300
384.698050
509.502325
660.710458
904.178577
1060.759587
1123.084969
976.942693
803.168474
600.687737
362.746006
-33.158332
-709.373379
-1229.774971
-1462.343824
-1387.123535
-1362.561808
-1329.864009
-1011.329111
-682.662501
-243.775141
28.553008
490.159965
685.272185
598.999118
317.153300
-98.400419
-309.017228
-523.625318
-361.671431
-301.188178
-218.292349
-79.365081
269.718465
707.991782
849.835756
925.363066
869.792159
766.018862
503.822426
269.104422
195.726262
163.949528
190.046363
169.015384
162.874952
139.848333
219.213414
300.113602
221.516076
-21.030979
-258.512177
-392.680611
-527.463088
-586.871766
-573.669837
-451.782267
-388.842841
-291.209976
-139.848333
28.860029
199.717543
294.126681
359.215258
255.595472
148.444938
47.434835
-18.728317
-101.777656
-167.019744
-141.229931
-163.949528
-107.304045
-137.238650
-101.470635
-126.339383
508.734771
1711.645354
2926.836799
3240.459351
2797.734221
2779.005905
3029.228499
3281.293223
2523.717454
1696.140763
1027.447745
695.403897
337.877258
-207.239572
-287.525717
-317.767344
-236.099601
-710.754976
-1274.293101
-1655.613914
-1951.736235
-2154.216973
-2675.693140
-2972.275994
-3245.064675
-3204.998358
-2838.261071
-2292.223177
-1583.617351
-1205.673776
-725.031480
-383.009431
-26.403857
129.102578
178.533053
323.600754
330.662250
319.762984
158.269629
243.928652
573.516327
974.640031
1209.818568
1153.019574
1100.518882
983.850679
797.949107
433.207461
12.280864
-356.452064
-719.658602
-939.486060
-1077.185242
-1034.969773
-925.516577
-702.004861
-467.133346
-373.184740
-366.430265
-444.567260
-433.053950
-486.782728
-522.857765
-569.218024
-593.165708
-522.704254
-380.246237
-46.206749
238.709285
491.541563
634.460112
746.062459
795.799956
729.636804
685.732717
609.284342
554.327477
439.654914
376.408467
382.702410
410.794885
472.045692
503.054872
514.261160
409.720309
262.196436
99.014462
-68.005282
-231.187256
-375.487402
-440.883000
-495.072311
-488.010814
-435.663633
-325.135862
-223.665227
-143.379082
-57.720059
-10.592245
17.346720
33.311842
83.970404
126.799916
153.050262
159.497715
173.160176
179.147097
202.941270
239.783860
209.695745
198.642967
98.860951
51.886648
-121.427038
-13.969482
615.424773
1651.622633
2654.355140
2890.454741
2887.384525
2622.271384
2593.104333
2278.100184
1745.110707
1153.787128
483.098469
188.204233
-192.195514
-197.414881
-338.337790
-385.619115
-509.041793
-749.132675
-860.120979
-1252.648079
-1536.796559
-2052.746338
-2387.706891
-2661.877169
-2860.673647
-2722.820954
-2486.107310
-1864.081572
-1419.360802
-913.389225
-548.954599
-287.832739
-102.391700
-193.730622
-155.506434
-255.441961
-161.186334
-125.111297
-13.201928
170.550492
319.455962
626.631061
822.664345
1082.404609
1109.115487
980.319931
719.351581
362.592496
86.887109
-299.499559
-558.472269
-784.900690
-828.037223
-764.637265
-653.188429
-411.255417
-260.047285
-52.500692
39.759296
172.392622
181.756780
40.833871
-163.796017
-449.940137
-603.757953
-749.593207
-676.215048
-513.954138
-216.450220
133.400880
435.970655
713.671682
790.427079
807.620287
664.855249
526.081491
400.356151
341.868538
393.601676
437.198741
547.265981
586.718255
626.784572
583.033996
475.729951
333.885977
138.159715
-23.640662
-203.708824
-304.565415
-356.912596
-336.342150
-275.244854
-177.304967
-40.219828
67.698260
145.988765
168.094319
166.405701
112.523412
66.777195
56.952505
79.979124
106.382980
125.111297
176.076881
223.051184
277.394005
311.166380
315.618193
280.157199
227.502997
173.313686
97.632865
-23.333641
-136.778117
-249.301530
-246.538335
-41.601425
398.207000
958.060866
1359.798614
1618.617812
1613.858978
1503.331206
1177.274280
760.031941
303.951372
-130.637686
-333.271934
-379.632194
-120.659484
148.905470
429.369691
523.471808
433.053950
228.270551
-129.716621
-468.975476
-886.831857
-1189.094611
-1426.422298
-1524.822717
-1470.172875
-1341.070297
-1099.751329
-930.735944
-738.079898
-626.170529
-547.880024
-536.366714
-618.802011
-712.750617
-891.437181
-989.837600
-1027.754766
-909.090922
-711.983063
-482.177404
-204.322867
36.075037
263.578033
363.513560
362.899517
237.941731
29.781094
-163.028463
-309.324250
-317.767344
-246.384824
-81.667742
122.962146
335.728107
532.989477
626.631061
630.315320
509.502325
340.640452
135.857053
-44.671641
-148.905470
-173.620708
-119.891930
-42.522490
89.343282
240.090882
383.162942
461.146425
464.984195
423.229259
336.035128
239.630350
139.234290
78.904548
64.321023
99.935527
169.168895
239.783860
318.074365
370.268035
382.241877
325.135862
236.867155
162.414420
88.268707
17.346720
-47.588346
-50.658562
-10.285223
53.728778
127.106937
185.287528
235.792580
245.770781
258.972710
259.279731
258.972710
248.073443
208.621169
165.331125
108.378621
102.238189
111.909369
128.642045
124.190232
110.834793
104.233829
79.518591
55.877929
3.837770
-55.263886
-135.243010
-206.318507
-258.972710
-291.056466
-296.429343
-292.745084
-277.394005
-278.468580
-276.472940
-281.231775
-287.986250
-318.534898
-347.241416
-331.890337
-243.775141
-73.378160
124.036722
333.732466
497.835505
616.652860
651.499810
612.508068
515.028714
369.961014
224.893313
96.711800
60.636764
108.225110
235.485558
373.491762
477.265059
519.634038
475.269418
360.750366
164.410060
-77.062419
-340.179920
-561.235463
-702.925926
-752.663423
-726.106056
-653.955983
-556.630139
-469.282497
-416.014252
-409.566799
-440.268957
-509.502325
-612.661579
-719.812113
-778.299726
-764.637265
-693.868789
-585.797190
-444.874281
-283.994969
-134.321945
-27.631943
26.710878
32.083756
-16.732677
-97.479354
-174.234751
-197.261370
-162.260909
-82.128275
31.776734
169.168895
309.938293
410.948396
462.835044
456.848123
405.575518
310.091804
196.493816
104.233829
45.592706
31.776734
52.040159
117.896290
209.235212
304.565415
382.088366
420.159043
413.404568
348.008970
256.670048
164.563571
91.799455
36.996101
5.526389
18.114274
62.478893
130.023643
193.270090
258.819199
307.789142
316.692768
282.306350
219.827457
171.625068
126.032362
85.352001
52.040159
52.347181
98.093397
159.958247
214.608090
233.950450
226.735443
188.971787
121.734060
37.763655
-49.583986
-117.128736
-166.405701
-188.971787
-190.506895
-178.840075
-162.414420
-152.436218
-134.168434
-113.290966
-86.426577
-70.307944
-67.391239
-75.680821
-93.948606
-105.154894
-119.891930
-124.036722
-131.865772
-128.181513
-120.659484
-109.913729
-91.645944
-75.220289
-51.886648
-54.189310
-65.242087
-80.286145
-51.272605
26.864389
132.940348
246.538335
328.359588
386.540179
386.693690
347.087905
260.968350
154.124837
41.140893
-60.790274
-103.619786
-75.680821
36.996101
166.405701
270.946551
309.631272
283.534437
199.103500
50.198030
-133.861412
-326.670970
-474.041332
-554.173966
-548.187046
-457.462166
-313.776063
-163.949528
-62.171872
-22.259065
-44.057598
-121.273527
-236.099601
-364.281114
-459.150785
-503.054872
-482.637936
-407.724669
-301.188178
-187.129658
-102.698721
-48.048879
-35.153972
-48.202389
-87.961685
-136.317585
-176.844435
-206.164996
-203.862334
-171.625068
-90.264347
4.144791
98.400419
173.467197
234.564493
283.841458
292.131041
265.113141
184.826996
90.110836
-10.745756
-72.764116
-79.518591
-38.070677
43.904087
131.865772
236.253112
320.991070
383.623474
398.360511
363.206539
288.907314
190.506895
118.663844
79.518591
86.887109
119.891930
177.151456
240.244393
274.170278
266.801760
221.055543
172.085600
114.672563
51.119094
-13.201928
-56.338461
-64.781555
-57.566548
-40.833871
-14.583525
35.768015
91.031901
123.576189
118.356822
87.808174
55.724418
28.399497
0.000000
-34.232907
-63.553469
-75.834332
-63.092936
-33.465353
0.614043
26.710878
37.303123
36.535569
30.088116
17.653741
-4.144791
-35.614504
-72.303584
-110.220750
-142.150995
-158.883672
-156.273988
-139.541312
-125.111297
-117.128736
-115.286606
-114.519052
-119.277887
-136.931628
-164.256550
-192.349025
-202.327227
-198.182435
-185.134018
-162.874952
-117.742779
-42.522490
39.912806
107.764577
149.826535
182.063802
208.314148
215.375644
199.257011
173.467197
164.870593
165.024104
164.563571
164.717082
176.076881
197.261370
204.629888
191.888493
157.809096
116.668203
69.386879
20.109914
-22.719598
-61.864850
-95.637225
-126.032362
-135.396520
-123.576189
-106.997023
-107.304045
-131.865772
-163.028463
-200.178075
-241.625990
-284.148480
-310.859358
-319.609473
-323.600754
-312.087444
-273.402724
-205.857975
-152.743240
-146.602808
-166.405701
-173.006665
-155.659945
-148.291427
-152.436218
-140.615887
-99.782016
-45.439195
7.982561
70.768476
123.576189
138.466736
108.992664
69.233368
49.276965
24.254705
-6.754475
-9.824691
44.364619
119.431398
155.352924
165.945168
175.002305
183.598910
161.493355
114.365542
90.878390
81.207210
68.926347
58.487613
81.514232
136.931628
169.168895
141.997484
75.220289
43.443555
65.088577
94.409138
104.233829
117.896290
143.379082
167.940809
190.353385
200.024565
194.344665
158.883672
110.834793
80.746678
75.527311
87.040620
106.536491
126.185873
116.514693
74.913267
40.373339
34.846950
28.399497
-2.916705
-35.153972
-42.829512
-34.079396
-42.829512
-66.623685
-79.211570
-90.571368
-122.348103
-159.804737
-155.506434
-104.387340
-52.961224
-32.697799
-35.460993
-39.759296
-50.198030
-79.211570
-105.308405
-98.093397
-62.939426
-41.447914
-54.189310
-75.834332
-85.352001
-76.601886
-53.268246
-36.842591
-33.465353
-37.763655
-45.592706
-46.206749
-44.211109
-48.662922
-50.965584
-49.430476
-44.825152
-30.855670
-9.057137
21.645022
59.562188
85.812534
87.040620
64.935066
39.452274
32.390778
31.776734
16.272144
-6.293943
-15.658101
-3.530748
10.285223
8.443094
8.289583
28.706518
52.654202
54.342821
26.403857
-15.351079
-52.193670
-81.360721
-95.176692
-83.509872
-65.088577
-66.623685
-82.281786
-95.023182
-80.900188
-46.974303
-29.474072
-21.952044
-18.574806
-31.930245
-53.575267
-73.531670
-81.514232
-68.926347
-84.584448
-116.821714
-100.242549
-36.842591
31.623224
40.526850
-9.671180
-40.526850
-54.189310
-93.948606
-111.909369
-91.645944
-36.996101
9.978202
-5.986921
-10.131712
26.710878
51.886648
68.465814
70.768476
76.908908
98.400419
80.593167
56.338461
43.750576
23.487151
37.610145
73.838692
118.203311
163.335485
168.708363
158.116118
139.080779
97.325843
71.075498
68.619325
79.365081
88.268707
72.610606
68.619325
99.782016
116.975225
98.093397
49.123454
10.131712
24.715238
42.829512
47.588346
80.900188
113.290966
98.246908
53.421756
18.267784
10.592245
33.465353
21.030979
-27.631943
-25.943324
3.991281
20.263425
20.416936
-15.197569
-57.873569
-88.422217
-67.698260
-16.425655
-19.495871
-14.737036
0.614043
-42.983022
-50.812073
-28.706518
-71.689541
-102.698721
-103.312764
-93.641584
-51.579627
-17.039698
0.614043
-26.403857
-95.944246
-106.997023
-109.606707
-118.970865
-49.123454
-14.276504
-65.242087
-90.110836
-82.435296
-90.417858
-114.672563
-95.790735
-25.329281
-13.815971
-36.382058
-27.631943
-38.377699
-47.127814
-28.553008
-29.320562
-48.662922
-56.338461
-40.526850
19.035338
101.317124
136.471096
111.602347
73.378160
60.790274
61.250807
31.469713
15.811612
33.004821
27.324921
35.614504
70.307944
78.751037
64.167512
56.031440
84.277426
69.233368
-29.167051
-25.636303
50.351540
8.289583
-33.925885
-7.215007
-33.311842
-82.742318
-92.720520
-58.948145
-11.359799
-19.495871
-24.715238
-19.649382
-56.952505
-70.768476
-52.040159
-44.978663
-79.672102
-79.518591
31.930245
17.193209
-79.825613
21.338000
50.658562
-73.071138
-23.640662
37.917166
-47.741857
-41.294404
74.759757
57.413037
-51.426116
-13.355439
62.785915
-2.609683
-52.193670
-0.307022
27.938965
24.868749
48.048879
81.667742
101.931167
108.378621
93.027541
11.359799
-72.610606
-2.302662
94.409138
12.127353
-52.654202
57.566548
160.265269
167.940809
125.571830
4.451813
-115.440117
-42.983022
84.891469
23.487151
-63.706980
1.688619
115.593628
143.532592
104.694362
64.781555
-13.508950
-84.891469
-62.632404
0.460532
25.943324
-22.719598
-94.102117
-48.816433
89.036261
138.773758
46.974303
-35.614504
3.530748
31.162691
-1.228086
8.903626
-46.053238
-130.484175
-80.132634
-52.500692
-91.952966
-93.641584
-68.619325
-31.930245
-3.223727
61.711339
32.544288
-69.540390
18.574806
16.272144
-126.799916
-123.269168
-148.598449
-113.597988
44.364619
61.711339
83.202850
103.466275
21.338000
18.267784
15.658101
-33.772375
-76.141354
-137.238650
-55.110375
69.847411
46.053238
47.434835
54.649843
-7.061497
26.710878
47.281325
-48.969943
-20.109914
117.589268
72.610606
-119.584909
-163.181974
-82.281786
-32.851310
42.676001
62.785915
25.482792
73.531670
78.290505
47.588346
46.513771
-57.873569
-120.352463
-91.338922
-36.382058
48.355900
20.877468
42.983022
102.545210
-2.302662
-15.197569
21.338000
-58.334102
-23.180130
61.711339
-25.482792
-96.251268
-59.101656
-58.641123
-84.584448
-46.206749
81.974764
153.203772
94.409138
-51.579627
-89.036261
-16.118633
-40.219828
-30.855670
-14.890547
-61.557828
-9.517669
119.891930
40.987382
-36.382058
139.387801
143.379082
43.904087
36.996101
-2.609683
-73.378160
-60.483253
-29.781094
-64.167512
-19.495871
43.290044
37.149612
32.083756
126.953427
108.071599
-73.531670
-201.559673
-178.686564
-53.268246
-13.815971
8.750115
-22.259065
-76.601886
-22.873108
27.324921
33.465353
14.890547
-55.724418
-66.316663
61.250807
32.390778
-69.693900
-39.912806
-23.180130
0.000000
62.325382
120.198952
135.243010
150.133557
140.769398
69.847411
59.101656
16.272144
-98.246908
-83.202850
10.438734
51.733138
120.812995
170.243471
88.422217
-17.039698
-31.776734
76.601886
159.651226
88.882750
4.451813
-29.474072
-108.532131
-72.150073
181.449759
304.411905
309.477761
351.693229
178.226032
-148.905470
-238.248752
-106.843513
-81.974764
-139.541312
-153.203772
-211.537874
-248.840997
-166.559212
-165.024104
-247.919932
-224.586292
-157.348564
-87.808174
-42.522490
-46.820792
-46.053238
-32.390778
-7.982561
48.509411
56.491972
-23.794173
-37.303123
19.495871
29.167051
-5.526389
8.289583
-3.837770
-32.544288
-2.763194
47.281325
101.931167
88.115196
58.641123
55.110375
3.530748
-129.716621
-107.764577
28.706518
-48.662922
-72.610606
99.628505
95.790735
-46.667281
-45.439195
42.215468
62.785915
-35.768015
-66.316663
-26.096835
-44.057598
40.066317
127.720981
91.645944
19.342360
-1.688619
11.206288
-0.307022
-6.600964
20.570446
9.824691
-68.465814
-78.904548
-68.005282
-3.837770
99.474995
101.470635
57.566548
1.995640
-42.829512
-42.829512
-1.228086
29.934605
42.522490
22.105554
-35.460993
-51.426116
31.162691
109.913729
57.413037
-26.710878
16.579166
95.944246
93.488074
44.057598
3.837770
19.495871
82.588807
104.080318
81.514232
9.364158
-58.794634
-19.956403
64.781555
82.128275
-19.649382
-69.847411
-38.224188
56.645483
155.199413
121.887570
-38.991742
-90.724879
6.754475
15.965123
-5.679899
-36.382058
-60.943785
18.114274
62.325382
32.851310
-9.210648
-74.145714
-33.618864
46.974303
12.741396
-22.259065
-29.013540
-92.259987
-87.040620
-4.758835
-37.610145
-123.115657
-106.075959
-105.615426
-93.334563
68.005282
155.199413
5.219367
-70.154433
-91.338922
-215.529155
-103.005743
14.430015
-118.970865
-130.637686
21.184490
51.119094
44.825152
78.904548
-18.114274
-145.681744
-124.650765
-48.969943
-41.140893
-35.768015
-5.372878
5.526389
39.605785
48.969943
-24.254705
-3.837770
70.154433
59.255167
45.285684
-3.377237
-114.212031
-67.391239
115.440117
127.106937
41.601425
122.962146
193.730622
68.158793
6.447453
60.790274
37.610145
1.074576
6.140432
-37.149612
-42.368979
37.149612
77.829973
70.768476
83.970404
71.382519
21.184490
-12.434374
-27.938965
-27.171411
-31.776734
-41.140893
-49.891008
-80.900188
-91.185412
-5.372878
53.268246
0.000000
29.167051
126.953427
62.171872
-27.171411
-33.925885
-108.992664
-137.392161
-21.184490
77.676462
71.229008
18.114274
1.074576
39.759296
54.496332
67.391239
73.378160
-0.614043
-36.075037
-9.978202
-40.066317
-80.900188
-55.263886
20.109914
96.711800
85.659023
15.044058
-18.881828
-21.645022
-33.618864
-54.496332
-50.658562
-8.903626
10.745756
6.140432
24.101195
14.583525
-13.969482
-15.965123
-28.245986
-0.614043
64.014001
29.627583
-39.298763
-33.772375
6.907986
49.891008
32.083756
-25.175770
-5.833410
23.794173
5.986921
7.368518
-6.140432
-39.605785
-18.114274
27.171411
21.645022
-23.026619
-53.882289
-47.127814
-28.860029
-7.829050
11.666820
-18.421295
-73.531670
-79.365081
-49.276965
-20.416936
-3.530748
-21.030979
-43.443555
-32.237267
-11.052777
-5.219367
-15.504590
-25.175770
-21.338000
-15.658101
-15.658101
-24.101195
-34.386418
-25.175770
0.000000
36.075037
62.478893
36.842591
-6.447453
-13.508950
-3.223727
6.293943
-1.074576
-22.105554
-10.592245
23.180130
40.066317
40.680360
18.574806
-5.679899
13.969482
40.833871
24.561727
-3.991281
-8.596604
-5.679899
-0.153511
10.285223
16.425655
19.495871
21.338000
16.272144
10.438734
12.587885
17.039698
17.960763
16.579166
12.741396
11.513310
11.973842
7.215007
1.688619
12.434374
31.162691
36.842591
31.162691
25.482792
25.022259
28.399497
22.719598
9.210648
9.517669
19.649382
17.039698
11.513310
12.280864
2.916705
-7.675540
-8.289583
-11.359799
-11.513310
-0.460532
3.837770
-5.986921
-18.267784
-19.035338
-9.517669
-7.829050
-14.890547
-20.416936
-24.408216
-31.623224
-31.623224
-21.338000
-12.587885
-7.829050
2.149151
9.210648
3.991281
-0.153511
-3.991281
-11.206288
-12.894907
-6.600964
-3.377237
-5.986921
-7.829050
-6.293943
-1.074576
7.368518
13.508950
14.890547
8.443094
-1.535108
-8.443094
-8.136072
-7.368518
-13.201928
-18.574806
-17.653741
-12.280864
-3.991281
1.381597
-1.535108
-6.447453
-8.750115
-8.596604
-4.912345
-2.456173
-2.916705
-5.065856
-7.675540
-7.982561
-8.136072
-11.206288
-10.285223
-1.842130
7.368518
8.596604
1.688619
-3.991281
-0.460532
4.912345
5.065856
1.688619
-1.535108
-4.144791
-5.219367
-2.763194
0.153511
3.837770
8.289583
7.982561
2.302662
1.995640
5.526389
6.754475
7.675540
7.215007
6.140432
4.758835
3.837770
4.144791
6.140432
8.750115
8.903626
5.986921
3.837770
5.986921
9.364158
9.364158
5.986921
3.837770
5.372878
7.061497
8.443094
9.210648
8.750115
10.285223
10.592245
7.982561
7.215007
7.982561
7.368518
6.140432
5.526389
4.605324
4.912345
5.526389
3.837770
1.995640
1.688619
1.074576
0.153511
0.153511
-0.767554
-2.916705
-3.991281
-5.679899
-7.522029
-6.907986
-5.986921
-9.210648
-10.131712
-9.210648
-8.136072
-7.522029
-7.368518
-5.986921
-3.530748
-1.688619
-2.609683
-3.684259
-3.991281
-4.758835
-5.986921
-7.061497
-7.368518
-5.526389
-2.456173
-1.842130
-1.381597
-0.153511
1.535108
1.228086
-0.767554
-1.381597
-1.688619
-3.070216
-5.065856
-5.065856
-3.837770
-2.916705
-1.842130
-0.460532
-0.153511
-0.460532
-0.307022
-0.767554
-1.381597
-1.381597
-3.070216
-3.837770
-2.609683
-2.149151
-2.149151
-1.535108
-1.535108
-0.153511
2.456173
2.763194
2.302662
1.995640
1.688619
0.767554
0.000000
0.153511
0.000000
0.153511
0.921065
1.842130
1.688619
1.842130
1.535108
0.614043
1.995640
2.609683
3.223727
3.684259
3.837770
3.377237
2.609683
2.302662
1.995640
2.763194
3.070216
2.916705
2.763194
3.070216
3.223727
3.530748
3.530748
3.837770
4.451813
3.837770
3.684259
3.223727
3.991281
5.065856
4.144791
3.223727
3.837770
3.837770
3.223727
1.228086
0.614043
0.767554
0.307022
0.921065
1.381597
1.688619
1.995640
1.381597
1.228086
0.767554
-0.307022
-0.614043
-0.614043
0.000000
0.000000
0.000000
0.153511
0.460532
0.614043
-0.460532
-1.228086
-1.535108
-2.149151
-2.609683
-1.842130
-1.842130
-2.149151
-2.302662
-2.149151
-1.842130
-1.688619
-2.456173
-2.916705
-2.609683
-3.377237
-4.144791
-4.451813
-4.605324
-4.758835
-4.451813
-4.144791
-4.144791
-3.991281
-3.530748
-2.763194
-2.149151
-1.381597
-1.688619
-2.149151
-2.456173
-2.916705
-3.223727
-3.377237
-2.763194
-2.149151
-1.074576
0.460532
1.381597
0.921065
0.307022
0.000000
-0.460532
-0.767554
-1.381597
-1.074576
-0.614043
0.153511
0.921065
0.767554
1.842130
2.302662
2.456173
2.302662
1.995640
1.074576
0.153511
-0.460532
-0.307022
-0.307022
-1.688619
-1.842130
-1.228086
-0.307022
0.460532
1.074576
1.995640
2.302662
2.456173
2.149151
2.149151
2.302662
1.995640
1.381597
1.535108
2.149151
2.302662
2.456173
3.223727
4.298302
5.526389
5.833410
5.986921
5.065856
4.605324
3.684259
3.377237
3.070216
3.223727
3.070216
3.070216
3.991281
3.837770
3.837770
2.456173
2.149151
1.842130
0.767554
0.460532
0.153511
0.000000
0.614043
0.921065
0.921065
0.614043
-0.153511
-0.307022
-0.307022
-0.153511
-0.921065
-0.767554
-0.614043
-0.767554
-0.460532
-0.767554
-1.074576
-1.535108
-1.842130
-2.302662
-3.070216
-2.916705
-3.223727
-2.916705
-2.763194
-2.302662
-2.149151
-1.995640
-1.535108
-1.688619
-2.302662
-2.916705
-3.377237
-4.144791
-3.991281
-3.991281
-3.837770
-3.530748
-3.377237
-3.530748
-3.223727
-3.377237
-3.530748
-3.377237
-3.991281
-4.298302
-4.298302
-4.758835
-3.991281
-3.223727
-2.456173
-1.842130
-1.381597
-0.614043
-0.614043
-0.614043
-0.307022
-0.460532
-1.074576
-0.614043
-0.153511
-0.153511
0.614043
1.381597
2.149151
2.763194
2.763194
2.763194
3.070216
2.916705
2.609683
1.842130
1.688619
1.381597
1.228086
1.228086
1.381597
1.842130
1.842130
2.149151
2.149151
2.149151
2.149151
2.302662
2.149151
1.842130
1.995640
1.688619
1.688619
1.688619
1.995640
2.149151
2.302662
2.916705
3.530748
3.837770
3.837770
3.684259
3.377237
3.070216
2.609683
2.149151
2.302662
1.995640
1.688619
1.535108
1.228086
1.535108
1.688619
1.535108
1.535108
1.842130
1.688619
1.228086
0.614043
0.153511
0.153511
-0.153511
-0.153511
-0.307022
0.000000
-0.153511
-0.153511
-0.153511
-0.153511
-0.614043
-0.767554
-1.381597
-2.302662
-2.763194
-2.916705
-3.377237
-3.223727
-2.916705
-2.916705
-2.916705
-2.763194
-2.763194
-2.609683
-2.763194
-2.609683
-2.916705
-3.223727
-3.070216
-3.070216
-2.456173
-2.149151
-2.302662
-2.302662
-1.842130
-1.535108
-1.074576
-1.074576
-0.921065
-0.614043
-0.921065
-0.614043
-0.614043
-0.921065
-0.921065
-0.767554
-0.767554
-0.614043
-0.307022
0.153511
0.153511
0.153511
0.307022
-0.307022
-0.460532
-0.767554
-1.228086
-0.614043
-0.307022
-0.307022
0.000000
0.307022
0.153511
0.614043
0.767554
0.614043
0.307022
-0.153511
-0.153511
0.307022
0.460532
0.460532
1.074576
0.767554
1.074576
0.921065
1.381597
1.535108
1.535108
1.842130
1.688619
1.688619
1.688619
1.688619
1.995640
1.688619
1.688619
1.995640
1.842130
1.842130
2.149151
2.609683
2.302662
2.609683
1.995640
1.074576
0.767554
0.767554
0.767554
0.000000
0.000000
0.153511
0.460532
0.614043
0.921065
0.767554
0.767554
0.460532
0.307022
0.000000
-0.153511
0.307022
-0.307022
-0.460532
-0.307022
0.460532
0.460532
0.460532
0.767554
0.767554
0.614043
0.921065
1.074576
0.614043
0.000000
-0.153511
-0.307022
-0.921065
-0.921065
-0.767554
-0.614043
-0.460532
-0.460532
-0.307022
-0.460532
-0.767554
-0.767554
-1.074576
-1.228086
-1.381597
-1.688619
-1.842130
-1.995640
-1.688619
-1.535108
-1.535108
-1.842130
-1.535108
-1.228086
-1.381597
-1.074576
-1.228086
-1.381597
-1.842130
-1.688619
-1.688619
-1.381597
-1.074576
-0.767554
-0.767554
-0.614043
-0.153511
-0.153511
0.153511
0.153511
0.153511
-0.153511
-0.767554
-0.460532
-0.614043
-0.614043
-0.307022
-0.614043
-0.153511
-0.307022
-0.307022
0.000000
-0.460532
-0.153511
0.460532
0.153511
0.000000
0.153511
0.307022
0.767554
0.614043
0.614043
0.921065
0.614043
0.767554
1.381597
1.228086
1.535108
1.228086
1.381597
1.535108
1.535108
1.842130
2.149151
1.995640
2.149151
1.842130
1.842130
1.228086
1.381597
1.381597
1.228086
1.228086
1.228086
1.381597
1.228086
1.228086
0.921065
0.460532
0.307022
0.307022
0.460532
0.614043
0.000000
0.153511
0.153511
0.000000
-0.153511
-0.460532
-0.460532
-0.460532
-0.921065
-0.460532
-0.767554
-0.921065
-0.153511
0.000000
-0.153511
0.153511
0.153511
-0.153511
-0.307022
-0.614043
-0.614043
-0.614043
0.000000
-0.153511
-0.460532
-0.153511
0.000000
-0.153511
0.153511
0.153511
0.000000
-0.153511
-0.614043
-0.921065
-1.074576
-1.074576
-1.535108
-1.535108
-1.074576
-1.228086
-1.228086
-0.767554
-0.614043
-0.614043
-0.767554
-0.614043
-0.767554
-0.614043
-0.767554
-0.921065
-0.460532
-0.307022
0.000000
-0.153511
0.307022
0.307022
0.921065
0.614043
0.614043
0.767554
0.460532
-0.307022
-0.307022
-0.767554
-1.074576
-0.614043
-0.307022
-0.153511
0.000000
-0.153511
0.307022
0.153511
-0.153511
-0.153511
0.000000
0.000000
-0.307022
0.000000
-0.153511
0.000000
0.307022
0.614043
0.153511
0.000000
0.000000
-0.307022
0.000000
0.307022
0.460532
0.921065
0.767554
0.767554
1.074576
1.381597
1.228086
1.074576
0.767554
1.074576
1.228086
1.535108
0.921065
1.074576
0.921065
0.767554
0.614043
0.767554
0.767554
0.614043
0.460532
0.614043
0.153511
0.614043
0.614043
0.614043
0.767554
0.767554
0.153511
-0.460532
-0.460532
-0.307022
-0.307022
-0.767554
-0.767554
-0.921065
-0.921065
-0.921065
-0.921065
-1.074576
-1.074576
-0.921065
-0.614043
-0.460532
-0.614043
-0.307022
-0.307022
-0.153511
0.153511
0.153511
0.307022
0.153511
-0.153511
0.000000
0.153511
0.000000
-0.307022
-0.460532
0.000000
-0.153511
-0.307022
-0.307022
-0.307022
-0.307022
0.000000
0.000000
-0.153511
-0.307022
-0.307022
0.000000
-0.460532
-0.921065
-1.228086
-0.614043
0.000000
0.000000
0.307022
0.460532
0.153511
0.921065
0.921065
0.460532
0.460532
0.153511
0.000000
0.000000
0.000000
-0.614043
-0.307022
-0.307022
-0.460532
-0.153511
-0.153511
0.153511
0.307022
0.000000
0.153511
0.307022
-0.153511
-0.153511
-0.307022
-0.153511
-0.153511
0.000000
0.153511
0.153511
-0.153511
0.000000
0.000000
0.000000
0.153511
-0.307022
-0.153511
-0.153511
-0.307022
-0.153511
0.153511
0.614043
0.767554
0.767554
0.614043
0.307022
0.153511
0.767554
0.921065
0.921065
0.921065
0.921065
0.767554
0.767554
0.921065
0.614043
0.153511
0.614043
0.460532
0.460532
0.153511
0.153511
0.614043
0.460532
0.460532
0.614043
0.460532
0.614043
-0.153511
0.000000
-0.307022
-1.074576
-0.767554
-0.767554
-0.460532
-0.614043
-0.767554
-1.074576
-0.307022
-0.460532
-0.767554
-0.153511
-0.614043
-0.460532
-0.921065
-0.767554
-0.921065
-0.921065
-0.921065
-0.767554
-0.767554
-0.614043
-0.307022
-0.614043
-0.460532
-0.307022
-0.153511
0.000000
0.153511
0.153511
0.000000
0.153511
0.614043
0.153511
0.000000
0.767554
1.074576
1.074576
0.614043
0.767554
1.074576
0.614043
0.767554
0.460532
0.614043
0.614043
0.767554
0.767554
0.307022
0.460532
0.307022
0.000000
-0.153511
-0.307022
-0.460532
-0.614043
-0.614043
-0.921065
-0.921065
-0.460532
-0.460532
-0.307022
0.000000
-0.460532
-0.921065
-0.614043
-0.460532
-0.307022
-0.460532
0.153511
0.153511
-0.153511
0.153511
0.767554
0.767554
0.460532
0.000000
0.153511
0.000000
0.307022
0.614043
0.307022
0.614043
0.460532
0.614043
0.767554
0.767554
0.767554
0.921065
0.460532
0.460532
0.460532
-0.153511
0.000000
0.153511
0.000000
0.614043
0.153511
0.000000
-0.153511
0.153511
0.000000
0.000000
0.153511
-0.153511
0.000000
0.000000
0.153511
0.307022
0.000000
0.000000
-0.307022
-0.614043
0.000000
-0.153511
0.153511
0.153511
-0.153511
0.000000
0.153511
-0.153511
-0.153511
0.000000
0.000000
-0.307022
-0.614043
-0.460532
-0.153511
-0.614043
-0.460532
-0.767554
-0.460532
-0.460532
-0.614043
-0.153511
0.307022
0.153511
0.000000
-0.307022
-0.153511
-0.307022
-0.153511
0.153511
0.000000
-0.307022
0.153511
-0.153511
-0.460532
0.000000
0.460532
0.307022
0.000000
0.307022
0.153511
0.153511
0.153511
0.460532
0.307022
0.153511
0.614043
0.307022
0.153511
0.614043
0.307022
0.000000
0.153511
0.153511
0.000000
-0.153511
-0.153511
-0.153511
-0.614043
-0.614043
-0.767554
-0.460532
-0.767554
0.000000
0.153511
0.460532
0.153511
0.000000
0.000000
0.000000
0.153511
0.307022
0.460532
0.307022
0.614043
0.460532
0.000000
0.460532
0.460532
0.460532
0.460532
0.307022
0.153511
0.307022
0.000000
0.307022
0.153511
-0.307022
0.000000
0.000000
0.000000
0.307022
0.460532
0.614043
0.614043
0.307022
0.153511
0.460532
0.307022
0.614043
0.460532
0.460532
0.460532
0.460532
0.460532
0.307022
0.307022
0.153511
0.307022
0.000000
-0.153511
0.153511
0.307022
0.153511
-0.307022
0.153511
-0.153511
-0.921065
-0.767554
-0.614043
-0.921065
-1.074576
-0.767554
-0.921065
-1.074576
-0.767554
-0.921065
-0.767554
-0.767554
-0.921065
-0.921065
-0.614043
-0.921065
-0.614043
-0.614043
-0.614043
-0.153511
0.153511
0.000000
0.000000
0.307022
0.153511
0.460532
-0.153511
0.000000
0.614043
0.460532
0.307022
0.460532
0.153511
0.000000
0.307022
0.307022
0.614043
0.307022
0.153511
0.307022
0.153511
0.307022
0.153511
0.460532
0.153511
0.307022
0.460532
-0.307022
-0.307022
-0.153511
-0.767554
-0.614043
-0.767554
-0.460532
-0.307022
-0.307022
0.307022
0.307022
0.000000
0.153511
0.000000
0.307022
0.307022
0.307022
0.767554
0.614043
0.614043
0.767554
1.074576
1.074576
1.074576
1.074576
0.767554
0.767554
0.614043
0.307022
0.153511
0.307022
0.460532
0.000000
-0.307022
-0.153511
0.153511
0.307022
-0.153511
-0.153511
-0.767554
-0.460532
-0.307022
-0.460532
-0.307022
-0.307022
0.000000
-0.307022
-0.614043
-0.307022
0.153511
0.614043
0.153511
0.460532
0.614043
0.460532
-0.153511
0.000000
0.307022
0.460532
0.460532
0.307022
0.614043
0.307022
0.000000
-0.153511
-0.153511
-0.460532
-0.460532
-0.460532
-0.460532
-0.460532
-0.614043
-0.460532
-0.153511
-0.307022
-0.460532
-0.614043
-0.614043
-0.460532
-0.921065
-0.767554
-0.614043
-0.767554
-0.614043
-0.460532
-0.614043
-0.614043
-0.153511
0.000000
0.000000
-0.153511
0.153511
0.307022
0.000000
0.000000
-0.153511
0.000000
-0.153511
-0.307022
-0.307022
0.460532
-0.153511
-0.153511
0.000000
-0.153511
-0.307022
-0.153511
-0.460532
-0.460532
0.000000
-0.153511
0.000000
0.000000
0.153511
0.307022
0.000000
0.460532
-0.153511
-0.153511
0.460532
0.307022
0.307022
0.614043
0.614043
0.460532
0.614043
