0.153846
0.461538
0.615385
0.461538
0.307692
0.153846
0.153846
-0.307692
-0.153846
0.000000
0.153846
-0.153846
-0.615385
-0.153846
0.000000
0.307692
0.153846
-0.461538
-0.307692
-0.307692
-0.153846
-0.307692
-0.153846
0.000000
-0.307692
-0.307692
-0.307692
0.000000
0.153846
-0.153846
0.769231
0.615385
-0.153846
0.153846
0.000000
0.153846
0.153846
0.307692
0.000000
0.153846
0.000000
0.000000
0.000000
0.000000
0.000000
0.000000
-0.307692
0.000000
0.153846
0.000000
-0.153846
-0.153846
-0.307692
-0.307692
-0.307692
0.000000
0.000000
-0.153846
0.000000
0.615385
0.461538
0.153846
0.000000
-0.307692
0.000000
0.000000
-0.615385
-0.307692
0.000000
-0.153846
-0.307692
-0.153846
0.000000
0.153846
-0.615385
-0.923077
0.000000
0.307692
0.000000
-0.615385
-0.153846
-0.307692
-0.461538
-0.461538
-0.615385
-0.461538
-0.615385
0.000000
0.307692
0.461538
-0.307692
0.000000
0.615385
0.153846
0.923077
0.615385
0.307692
0.153846
0.461538
0.307692
-0.461538
-0.307692
0.461538
0.461538
0.000000
0.307692
0.000000
0.153846
0.000000
0.153846
0.153846
0.153846
-0.153846
0.153846
0.615385
-0.461538
-0.153846
0.307692
-0.307692
-0.307692
0.153846
0.307692
0.307692
0.153846
-0.615385
-0.615385
-0.461538
0.000000
0.307692
-0.153846
0.307692
0.000000
-0.153846
0.153846
0.461538
0.769231
0.153846
-0.307692
0.000000
0.153846
0.615385
0.461538
0.615385
0.153846
0.000000
0.307692
0.307692
0.153846
-0.153846
-0.769231
-0.769231
-0.615385
-0.769231
-0.307692
-0.307692
-0.307692
0.000000
0.307692
0.000000
0.307692
0.153846
0.000000
-0.153846
0.000000
0.461538
0.000000
0.307692
0.461538
-0.153846
0.000000
-0.461538
0.000000
0.461538
0.000000
-0.307692
0.153846
-0.461538
-0.615385
-0.769231
-0.923077
-0.307692
0.000000
1.076923
0.923077
0.000000
0.000000
0.461538
0.307692
0.000000
0.307692
0.307692
-0.153846
-0.153846
-0.153846
0.000000
-0.307692
-0.153846
-0.307692
-0.307692
-0.307692
0.000000
0.461538
0.153846
0.307692
0.307692
-0.461538
-0.307692
-0.153846
0.153846
0.000000
-0.769231
-0.461538
-0.461538
-0.153846
-0.307692
0.153846
-0.307692
-0.153846
-0.153846
0.461538
0.461538
-0.153846
0.000000
-0.153846
0.153846
-0.307692
0.153846
0.307692
-0.153846
-0.307692
0.461538
0.153846
0.307692
0.461538
0.000000
0.461538
0.153846
0.307692
0.153846
0.307692
-0.307692
0.461538
0.769231
0.615385
0.153846
-0.307692
-0.153846
-0.153846
0.000000
0.000000
0.000000
0.000000
-0.307692
-0.615385
-0.307692
0.000000
-0.307692
0.461538
0.000000
0.307692
0.153846
0.000000
0.307692
0.153846
0.000000
0.000000
-0.307692
0.000000
-0.307692
-0.461538
0.000000
-0.461538
0.000000
-0.461538
-0.461538
-0.153846
-0.153846
-0.769231
-0.769231
0.000000
0.000000
0.153846
-0.307692
-0.307692
-0.153846
0.461538
0.769231
0.769231
0.615385
0.615385
1.076923
0.615385
0.615385
0.461538
0.461538
0.307692
-0.307692
0.307692
0.461538
0.153846
0.000000
-0.153846
-0.923077
-0.307692
-0.153846
-0.307692
-0.307692
-0.307692
-0.307692
-0.615385
-0.769231
-0.153846
0.153846
0.307692
0.307692
0.307692
-0.153846
0.307692
0.461538
0.461538
0.615385
0.000000
0.307692
0.461538
0.000000
-0.307692
0.153846
-0.307692
-0.615385
-0.307692
-0.153846
-0.615385
-0.769231
0.000000
-0.153846
0.307692
0.153846
0.000000
-0.307692
-0.923077
-0.769231
-0.615385
-0.615385
-0.153846
-0.153846
-0.307692
-0.307692
0.307692
0.615385
0.615385
0.307692
0.000000
0.769231
0.923077
0.461538
0.000000
-0.769231
0.000000
0.000000
0.307692
-0.615385
-0.923077
-0.307692
-0.615385
-0.307692
0.615385
0.769231
0.000000
0.153846
0.461538
0.461538
0.461538
0.769231
0.153846
0.461538
0.153846
0.307692
0.461538
0.461538
0.153846
-0.153846
0.461538
0.307692
0.615385
0.153846
0.000000
-0.153846
-0.307692
0.000000
0.153846
0.307692
0.000000
0.461538
0.153846
0.000000
-0.307692
0.461538
0.461538
0.307692
0.307692
-0.153846
0.153846
-0.307692
0.615385
0.153846
0.153846
0.000000
-0.923077
-0.923077
-0.461538
-0.307692
0.000000
0.000000
-0.769231
-0.769231
-0.153846
0.000000
0.000000
-0.153846
-0.153846
-0.769231
-1.076923
-0.615385
-0.307692
-0.461538
-0.769231
-0.461538
-0.153846
0.000000
-0.307692
-0.461538
-0.615385
-0.615385
-0.461538
-0.307692
-0.153846
-0.307692
-0.769231
-0.923077
-0.307692
-0.307692
0.307692
-0.307692
-0.307692
0.307692
-0.153846
-0.153846
0.307692
0.461538
0.461538
-0.307692
-0.153846
-0.153846
0.615385
-0.153846
-0.615385
-0.769231
-0.153846
0.769231
0.923077
1.076923
0.153846
0.307692
0.461538
0.923077
1.846154
1.538462
1.384615
0.615385
0.615385
1.384615
1.384615
1.076923
0.923077
0.923077
0.153846
0.153846
0.923077
0.769231
0.461538
0.000000
-0.307692
-0.307692
-0.461538
0.461538
0.615385
-0.153846
-0.461538
-0.615385
0.307692
0.615385
0.923077
0.923077
-0.153846
-0.153846
0.153846
0.307692
0.307692
0.307692
0.153846
-0.307692
-0.615385
-0.461538
0.000000
0.000000
-0.307692
-0.769231
-0.615385
-0.153846
-0.153846
-1.076923
-1.384615
-0.461538
-0.153846
-0.461538
-0.307692
0.153846
-0.153846
-0.923077
-1.076923
-0.769231
-0.769231
-0.923077
-1.230769
-0.923077
-1.076923
-1.230769
-0.769231
-0.153846
-0.461538
-0.153846
-0.307692
-0.769231
0.000000
-0.153846
-0.307692
-0.769231
-0.461538
-0.461538
-0.615385
-0.615385
-0.307692
-0.153846
-0.153846
0.461538
0.307692
-0.769231
-0.615385
-0.153846
-0.153846
-0.461538
-0.307692
-0.307692
-0.307692
-0.461538
0.307692
1.230769
0.307692
-0.153846
-0.923077
-0.769231
-0.461538
0.153846
0.461538
0.000000
0.000000
0.615385
0.461538
0.000000
0.615385
0.923077
0.923077
1.076923
1.230769
0.923077
0.769231
1.384615
1.538462
1.230769
0.769231
1.538462
1.692308
0.923077
0.923077
1.384615
0.615385
0.461538
1.076923
2.000000
1.076923
-0.461538
-0.153846
0.153846
0.769231
0.769231
1.076923
0.307692
-0.153846
0.000000
1.076923
1.076923
1.846154
2.000000
1.384615
0.153846
1.076923
1.692308
1.384615
1.384615
1.384615
2.153846
1.230769
0.615385
0.923077
0.615385
0.461538
1.076923
1.230769
0.923077
0.307692
-0.307692
-1.538462
-1.538462
-0.615385
-0.615385
-1.846154
-4.615385
-5.230769
-5.846154
-6.615385
-5.538462
-5.692308
-7.692308
-9.846154
-12.000000
-12.769231
-11.230770
-12.615385
-13.384616
-11.692308
-10.307693
-10.000000
-12.153847
-16.461539
-16.615385
-12.769231
-9.846154
-8.153846
-8.153846
-10.615385
-14.307693
-16.000001
-14.769231
-11.692308
-8.769231
-6.923077
-6.000000
-7.692308
-8.923077
-6.769231
-2.923077
3.384616
7.076923
0.923077
-7.230770
-6.769231
2.000000
10.769231
14.769231
13.538462
4.307692
-4.000000
1.230769
14.769231
23.076924
27.384616
27.692309
16.153847
-1.846154
-4.000000
9.076923
13.692308
9.538462
14.307693
21.538462
11.692308
-1.076923
-2.923077
-5.230769
-11.384616
-5.846154
10.769231
17.538462
10.923077
6.307693
11.076923
27.076924
55.230771
88.307696
120.307697
168.769237
250.923086
316.923089
328.461551
305.692319
278.307703
297.846165
386.769245
445.538478
413.230785
322.461550
234.000009
165.846160
99.846158
59.692310
56.615387
9.692308
-110.615389
-222.461547
-275.846164
-316.307704
-375.076937
-412.615400
-414.615400
-417.692323
-431.846170
-436.923093
-433.538478
-427.846170
-406.307707
-358.769244
-298.000011
-238.000009
-194.615392
-178.615391
-173.076930
-140.923082
-87.230772
-40.923078
-5.230769
20.153847
23.846155
5.692308
-3.076923
10.769231
28.615386
35.692309
28.307693
17.846155
11.076923
5.384616
-17.846155
-48.000002
-44.307694
-8.307693
13.538462
0.307692
-19.538462
-34.153847
-44.153848
-32.153847
6.923077
42.461540
49.230771
41.538463
40.461540
55.384617
89.692311
128.153851
147.538467
150.153852
153.538467
156.461544
155.230775
160.153852
168.769237
163.846160
140.615390
118.000004
98.000004
76.615387
56.923079
40.000001
14.461539
-24.615386
-51.846156
-52.769233
-32.307694
-26.769232
-42.923079
-63.230772
-67.692310
-73.538464
-80.000003
-52.000002
-24.615386
-48.923079
-101.692311
-93.230773
-69.692310
-95.846157
-114.769235
-77.384618
-71.846157
-43.538463
256.307702
693.538487
739.076951
296.000011
33.384617
335.384628
768.000029
865.538494
805.538492
806.769261
654.769255
273.846164
54.769233
267.384625
540.307712
434.923093
32.461540
-245.230778
-279.230780
-312.461550
-490.307711
-642.307716
-618.769254
-578.000022
-667.846179
-776.769260
-758.923105
-741.076951
-829.230800
-866.307725
-688.153872
-423.076939
-293.692319
-309.384627
-354.461552
-336.769243
-230.000009
-36.769232
171.846160
312.769242
344.461551
287.230780
211.076931
199.384623
283.846164
374.615399
383.076937
306.153858
214.000008
144.153852
82.461542
-0.153846
-94.923080
-138.615390
-116.153850
-104.461542
-180.461545
-293.384626
-361.076937
-378.000014
-365.846167
-293.692319
-168.769237
-90.461542
-116.153850
-169.384622
-137.384621
-19.846155
112.461543
210.307700
276.307703
312.615396
306.923088
286.153857
304.923088
372.000014
424.769247
423.692323
392.461553
360.923090
317.230781
251.230779
186.153853
147.846159
135.230774
116.153850
72.000003
8.615385
-54.923079
-113.230773
-152.769236
-152.153852
-124.000005
-111.230773
-126.923082
-142.461544
-148.153852
-141.538467
-104.461542
-30.307693
32.461540
47.384617
39.076925
39.692309
52.307694
81.384618
128.769236
156.769237
141.538467
112.307696
101.076927
96.923081
88.153849
84.769234
75.846157
40.615386
-3.538462
-21.692309
-26.615386
-47.230771
-74.923080
-90.615388
-100.769235
-107.692312
-100.615388
-92.615388
-102.923081
-116.153850
-109.230773
-88.615388
-67.538464
-48.000002
-41.384617
-48.769233
-40.615386
-5.692308
22.769232
30.307693
37.538463
52.307694
54.000002
50.307694
56.923079
55.230771
36.000001
24.307693
32.000001
28.461540
9.538462
-4.153846
-16.307693
-44.461540
-68.307695
-66.923079
-67.230772
-84.923080
-96.153850
-86.923080
-86.615388
-103.538465
-112.307696
-104.461542
-96.615388
-87.384619
-66.461541
-54.923079
-65.076926
-74.769234
-62.307695
-44.153848
-31.076924
-12.769231
4.923077
-7.076923
-36.769232
-38.461540
-14.615385
1.384615
2.615385
3.076923
-4.307692
-22.615385
-32.307694
-26.153847
-17.538462
-13.384616
-10.615385
-15.692308
-22.769232
-18.923078
-12.307693
-13.538462
-8.769231
5.846154
12.769231
12.461539
19.846155
30.615386
34.153847
42.615386
60.307695
69.538464
67.384618
66.461541
65.846156
61.076925
66.153849
80.923080
82.153849
65.538464
46.307694
30.615386
25.076924
26.769232
18.769231
1.076923
8.461539
29.384616
5.076923
-55.538464
-68.615387
-16.461539
17.384616
-2.769231
-26.769232
-36.307694
-69.230772
-110.923081
-99.538465
-42.461540
-21.384616
-57.538464
-98.153850
-138.461544
-172.000006
-58.769233
279.538472
580.769252
531.538481
284.923088
256.307702
465.538479
603.384638
634.461562
751.692336
859.692340
703.076949
401.230784
298.923088
396.923092
402.615400
235.692316
78.000003
9.384616
-91.538465
-292.307703
-484.000018
-558.923098
-568.153867
-616.307715
-683.538487
-694.307718
-695.076949
-781.846183
-884.153879
-840.153877
-660.307717
-515.076942
-473.846171
-458.000017
-414.615400
-357.076936
-272.769241
-133.230774
26.461539
141.538467
186.000007
188.923084
201.846161
248.615394
302.461550
330.923089
345.692321
351.692321
313.846166
228.923085
146.153852
87.846157
34.153847
-3.230769
-13.538462
-46.000002
-130.153851
-215.384623
-254.769240
-261.230779
-236.923086
-187.846161
-162.615391
-180.153853
-179.384622
-132.000005
-69.846156
4.769231
94.000004
150.769236
155.692313
177.230776
237.692317
289.692318
322.000012
352.000013
356.615398
325.846166
311.846165
317.384627
296.000011
249.076932
212.923085
181.846161
135.692313
93.692311
50.615387
-12.153847
-76.153849
-106.307696
-114.461543
-140.153851
-168.769237
-192.153853
-208.000008
-226.769239
-223.692316
-195.846161
-177.230776
-176.615391
-164.615391
-116.000004
-89.846157
-82.153849
-64.153849
-28.769232
-22.307693
-27.230770
-4.307692
-6.923077
-57.384618
-130.615389
-147.846159
-141.538467
-170.000006
-302.923088
-318.307704
171.076929
963.076959
1194.307737
504.000019
-117.538466
202.615392
1021.230807
1374.461590
1231.538507
1056.153885
864.769263
530.153866
279.384626
424.615400
706.000026
671.692333
207.538469
-256.307702
-353.846167
-262.769241
-414.615400
-804.153876
-986.000037
-871.076956
-776.923106
-893.846187
-1024.000038
-1087.230810
-1163.846197
-1200.615429
-1019.538500
-662.153871
-404.923092
-396.153861
-552.615405
-614.461561
-421.230785
-37.692309
266.923087
377.846168
397.384630
402.923092
357.076936
308.307704
404.461554
584.153868
649.692332
523.384635
351.692321
259.384625
274.461549
273.692318
84.461542
-208.307700
-267.692318
-52.461540
-9.692308
-297.230780
-530.615404
-508.923096
-519.384635
-582.461560
-404.923092
-129.846159
-184.769238
-443.846170
-423.230785
-146.615390
63.230772
159.692314
243.846163
271.076933
265.846164
332.153859
432.461555
516.000019
598.307715
611.692330
488.153864
417.538477
509.846173
537.076943
373.538475
235.846163
234.153855
203.384623
120.000004
85.538465
41.230771
-92.769234
-197.846161
-193.846161
-173.076930
-176.615391
-181.076930
-214.769239
-281.692318
-276.461549
-183.692315
-106.307696
-78.769234
-58.307694
-40.153848
-22.153847
37.538463
115.538466
138.615390
118.461543
134.307697
174.615391
178.307699
152.000006
138.307697
110.615389
66.461541
48.461540
47.846156
-13.384616
-106.769235
-146.307698
-165.076929
-213.384623
-251.076932
-245.076932
-296.307703
-397.076938
-466.769248
-460.769248
-438.307709
-447.846171
-494.000018
-334.461551
364.923091
1153.230812
1032.615423
8.615385
-425.076939
419.538477
1393.538513
1438.615438
1115.384657
1080.769271
874.000033
276.923087
58.615387
621.846177
1065.538501
688.769256
-36.461540
-333.692320
-283.538472
-392.923092
-696.923103
-832.769262
-710.615411
-692.769257
-926.153881
-1129.846196
-1099.076964
-1097.692349
-1242.461585
-1202.461583
-795.384645
-425.230785
-457.692325
-661.230794
-669.076948
-442.307709
-161.846160
131.846159
387.230784
525.230789
491.384634
369.384629
333.538474
471.076941
690.307718
767.846182
682.769256
538.615405
411.846169
261.846164
127.230774
70.153849
60.153848
46.000002
-21.846155
-149.846159
-339.384628
-483.846172
-507.692327
-417.538477
-304.923088
-250.769240
-274.000010
-338.461551
-351.230782
-271.384625
-84.923080
111.846158
226.461547
231.846162
221.384624
264.769241
332.769243
405.076938
462.000017
524.000020
547.846174
519.692327
435.230785
360.307706
330.153858
292.923088
231.846162
174.153853
142.153851
59.846156
-73.846157
-187.692315
-244.461548
-265.384625
-268.769241
-276.923087
-323.846166
-387.230784
-407.692323
-402.307707
-374.769245
-309.230781
-203.076931
-160.461544
-197.230777
-179.692314
-88.307696
-7.692308
-40.923078
-47.846156
-55.538464
-102.923081
-186.307699
-221.692316
-342.615397
-435.076939
193.538469
1462.769285
2003.846228
858.769263
-303.076934
240.615394
1548.923135
1616.769291
1007.230807
1378.461590
1972.153920
1133.538504
-338.000013
-227.692316
988.000037
1200.461583
80.461541
-560.000021
-155.692313
-42.000002
-923.076957
-1705.076987
-1335.384665
-620.461562
-726.461566
-1397.230821
-1505.076979
-1182.769275
-1291.692356
-1731.384680
-1538.307750
-678.615410
-163.846160
-390.000015
-771.230798
-749.384643
-426.615401
-53.846156
246.615394
522.461558
749.230797
812.769261
582.307714
248.461548
284.923088
729.538489
1014.769269
779.538491
408.615400
322.461550
323.384627
-35.846155
-470.923094
-418.769246
-2.000000
46.307694
-466.923094
-883.230802
-798.307722
-655.384640
-853.692339
-945.076958
-507.846173
147.076929
161.076929
-398.153861
-655.846178
-189.384622
394.769245
544.615405
662.153871
991.692345
1032.307731
507.384634
300.153857
774.769260
1258.615432
1152.153889
860.769263
804.153876
695.692334
438.615401
260.923087
291.846165
314.615396
246.769240
58.615387
-157.846160
-326.307704
-433.692324
-538.153866
-590.461560
-445.692324
-294.307703
-382.153860
-586.153868
-626.307716
-543.846174
-433.692324
-256.153856
-16.307693
54.461540
-70.615387
-125.846159
-27.076924
115.076927
229.692316
331.846166
340.307705
256.615394
171.538468
144.769236
120.461543
105.384619
100.769235
32.923078
-76.461541
-163.384621
-223.538470
-312.923089
-368.307706
-362.769244
-345.538474
-373.846168
-415.846169
-446.000017
-443.076940
-379.846168
-338.769243
-370.615398
-411.538477
-377.230783
-349.692321
-419.538477
-559.230790
-500.923096
148.769236
1200.769276
1661.076985
918.769265
63.076925
486.769249
1656.000062
1975.846227
1402.923129
1284.000048
1748.307757
1587.230828
648.923101
284.153857
895.384649
1186.615429
428.000016
-350.769244
-176.461545
133.230774
-484.615403
-1460.461593
-1548.461596
-885.230802
-700.000026
-1258.307739
-1648.000061
-1460.923131
-1359.076974
-1621.538522
-1617.384676
-984.615421
-402.153861
-500.615403
-876.307725
-829.384646
-339.846167
74.000003
210.615392
305.230781
578.769252
791.538491
682.153872
426.923093
466.769248
816.000030
972.307729
739.384643
473.538479
495.692326
502.153865
147.384621
-298.307703
-221.692316
214.461546
174.615391
-476.000018
-860.615417
-567.846175
-378.769245
-686.461564
-800.615414
-369.076937
-168.615391
-504.461557
-644.000024
-237.538470
86.923080
20.769232
62.000002
370.769245
593.076945
553.384636
505.692327
568.461560
695.076949
799.076953
815.846184
770.307721
718.461565
644.000024
456.307709
307.538473
318.769243
339.230782
197.230777
16.923078
-77.076926
-190.307699
-325.692320
-357.692321
-313.076935
-365.846167
-463.846171
-476.615402
-453.230786
-489.076941
-489.230787
-382.153860
-279.692318
-251.692317
-243.076932
-196.000007
-161.384621
-116.923081
-45.692309
38.307694
84.307695
110.153850
110.000004
48.769233
34.923078
81.538465
108.153850
25.076924
-20.461539
-44.000002
-200.307700
-403.538477
-475.692325
-431.692324
-506.153865
-708.000026
-1071.076963
-829.846185
1049.692347
3468.000129
2966.307803
-940.923112
-3142.923194
-155.230775
4011.077073
3948.153993
1392.153898
802.307722
1465.384670
258.769240
-1198.923122
420.307708
3204.615504
2674.923177
-668.769256
-2150.307772
-515.846173
727.076950
-690.923103
-2273.692392
-1489.538517
76.615387
-346.769244
-2022.461614
-2381.384704
-1591.384675
-1555.538519
-2102.153924
-1434.000053
103.538465
397.692323
-1023.692346
-2219.692390
-1704.307756
-120.153851
1032.769269
1073.538502
584.307714
339.692320
327.384628
119.230774
55.846156
802.153876
1850.769300
1769.692374
495.076942
-338.461551
109.538466
664.923102
180.615391
-516.923096
-163.230775
644.461562
302.000011
-1045.692347
-1633.230830
-930.615419
-382.153860
-719.230796
-840.769262
-173.230776
86.615388
-827.692339
-1554.769289
-801.692338
576.153868
903.076957
429.076939
332.769243
725.538489
670.000025
735.538489
1848.307761
2525.230863
1420.615438
37.076924
624.461562
1710.153910
1512.923133
811.076953
673.230794
149.230775
-633.384639
-285.538472
370.615398
74.615387
-787.384645
-999.384653
-990.307729
-892.615418
-436.307709
-326.769243
-910.153880
-1190.153890
-757.538490
-550.461559
-532.153866
-241.076932
-172.923083
-676.461564
-741.076951
-45.846156
302.461550
6.153846
-114.153850
22.769232
30.769232
98.000004
335.230782
392.000015
146.615390
45.692309
171.230776
220.461547
92.923080
-23.538462
-144.923082
-303.384627
-459.846171
-526.769250
-551.076944
-673.230794
-992.769268
-1405.538514
-1428.153899
227.692316
3350.461663
4198.307849
393.538476
-3520.307823
-1898.000071
3155.077041
4957.230954
2280.153931
518.769250
1360.307743
1095.692349
-788.769260
-334.000012
2893.077031
3782.461679
634.153870
-2083.846231
-1058.307732
985.538498
303.384627
-1828.307760
-1921.538533
-156.461544
235.230778
-1430.000053
-2554.615480
-1943.384688
-1500.769287
-2059.384692
-1946.923149
-445.846170
475.692325
-645.076947
-2353.692395
-2433.077014
-810.153876
800.461568
1193.692352
559.230790
64.461541
109.846158
108.923081
-50.153848
442.307709
1694.769294
2160.769311
960.307728
-391.076938
-167.230775
799.384645
674.923102
-282.923087
-274.000010
753.384643
818.153877
-632.153870
-1675.076985
-1083.230810
-204.307700
-491.692326
-986.615421
-396.615399
224.307701
-559.230790
-1760.769296
-1350.923127
292.769242
1012.000038
367.538475
-55.384617
372.615398
607.846176
229.076932
409.076938
2272.461623
3235.230890
1468.461593
-742.769258
-43.076925
1928.615456
1825.692376
809.846184
896.153880
790.461568
-801.692338
-1120.000042
166.923083
639.076947
-383.076937
-991.846191
-812.615415
-929.692342
-872.307725
-616.000023
-740.307720
-965.076959
-589.538484
-396.000015
-603.538484
-496.923095
-283.692318
-631.692331
-741.230797
93.538465
574.923098
21.076924
-411.230785
-122.153851
24.461539
66.461541
371.076937
645.230793
308.153858
-148.769236
-98.769234
63.846156
136.000005
111.692312
-18.615385
-332.615397
-549.384636
-584.307714
-617.846177
-675.846179
-722.153873
-771.846183
-994.923114
-778.153875
1176.461582
3391.846280
2659.077022
-1246.000046
-2980.615496
469.846171
4568.461709
4087.230921
1033.076962
548.615405
1552.923135
712.615411
-666.923102
956.461574
3580.461672
2633.846252
-837.384647
-2078.000077
-154.769237
999.846191
-534.461558
-2055.384692
-1264.769278
64.769233
-538.153866
-2225.538544
-2500.923170
-1629.384676
-1496.307748
-1953.692380
-1404.615437
-133.384620
-109.538466
-1516.153903
-2442.615476
-1561.692366
151.846160
1130.769273
838.615416
77.538464
-93.692311
163.846160
264.153856
315.384627
992.000037
1868.153916
1583.846213
209.692316
-481.846172
267.538472
956.000036
370.461552
-383.692322
44.615386
761.230798
138.000005
-1226.461584
-1464.461593
-563.076944
-144.307698
-677.538487
-797.846184
-196.769238
-167.846160
-1111.538503
-1500.461594
-391.538476
820.153877
675.076948
-6.000000
23.230770
544.615405
488.307710
709.692334
2064.615462
2501.077016
906.461572
-501.230788
667.846179
2126.769310
1692.769294
689.846180
620.307715
260.769240
-547.846174
-135.692313
642.769255
335.230782
-688.615410
-983.230806
-830.769262
-708.307719
-420.000016
-457.384632
-972.769267
-1079.538502
-619.384638
-500.923096
-616.000023
-422.769247
-395.384630
-803.692338
-675.846179
61.846156
247.384625
-248.461548
-369.692321
-77.846157
30.461540
145.692313
397.076938
461.076940
68.000003
-153.538467
70.615387
291.384626
253.538471
86.153849
-129.692313
-346.153859
-414.307708
-365.384629
-395.230784
-490.923095
-619.692331
-688.000026
-958.153882
-200.769238
2256.461623
3546.923209
1014.000038
-2881.077030
-2033.230845
2777.538565
4969.384801
2284.000085
143.076928
1124.923119
1462.923131
-287.230780
-494.153865
2471.692400
3760.461679
908.769265
-2086.923155
-1313.230818
960.000036
654.153871
-1489.692363
-1848.000069
-273.846164
171.692314
-1380.769282
-2527.077017
-1847.384684
-1238.153892
-1716.615449
-1900.307763
-748.461566
127.846159
-741.076951
-2230.923160
-2351.846241
-831.384646
665.538486
1000.153883
245.846163
-318.307704
-124.153851
151.076929
120.461543
388.153861
1412.153899
1944.000072
903.538495
-458.923094
-239.384624
948.769266
1017.846192
-68.461541
-291.846165
693.692334
887.384648
-497.692326
-1515.384672
-849.384647
49.846156
-302.769242
-967.384651
-514.000019
92.769234
-622.923100
-1674.307755
-1203.384660
382.000014
894.769264
117.692312
-339.692320
336.615397
1426.307745
1295.692356
304.153857
15.538462
1182.923121
2047.230845
1491.384671
920.769265
969.076959
522.153866
-474.461556
150.461544
1591.230829
1414.923130
-235.384624
-1118.615426
-768.000029
-422.769247
-125.538466
150.307698
-177.076930
-953.384651
-1252.923124
-1035.846192
-647.846178
-291.076934
-220.153854
-653.846178
-954.307728
-657.384640
-345.076936
-412.461554
-436.461555
-179.076930
-93.230773
-77.692311
36.153848
94.615388
-74.615387
-140.153851
176.769237
412.769246
350.000013
190.615392
30.615386
-166.923083
-323.230781
-177.846160
-39.076925
-77.384618
-388.461553
-601.384638
-804.153876
-344.000013
1887.076993
3643.538597
1981.846228
-2225.384698
-2678.307792
1759.384681
4961.384800
2891.077031
71.846157
763.846182
1607.384675
-3.384616
-1011.692345
1656.769292
3777.077064
1513.384672
-1979.692381
-1876.923147
642.153870
968.923113
-1234.923123
-2196.461620
-670.307717
275.384626
-1008.769268
-2487.230862
-1995.692382
-1126.000042
-1501.384671
-1987.230843
-1049.384654
138.153851
-362.153860
-1828.615453
-2324.153933
-1084.461579
437.538478
1017.538499
459.538479
-219.538470
-147.846159
160.461544
146.000005
198.153854
1097.692349
1910.923148
1145.692350
-454.153863
-644.000024
617.384638
1137.076965
138.000005
-510.153865
282.461549
814.153876
-310.000012
-1514.615441
-1003.230807
150.153852
32.461540
-936.000035
-815.384646
48.000002
-164.307698
-1264.923124
-1239.384662
189.384622
1034.769269
364.461552
188.923084
1349.384666
1369.076974
-346.461551
-807.846184
1440.615438
2812.769336
1580.000059
417.230785
757.384644
467.846171
-422.461554
376.615399
1751.230834
1313.076972
-316.615396
-825.230800
-510.461557
-355.076936
-159.230775
6.769231
-250.923086
-581.692329
-741.846181
-1036.769269
-1035.076962
-503.846173
-270.923087
-697.538488
-704.615411
-216.769239
-371.846168
-1003.384653
-834.307723
-89.692311
151.384621
25.538462
-33.846155
-92.153850
-338.000013
-264.307702
166.769237
460.615402
411.692323
201.076931
-70.769233
-300.769242
-245.230778
-1.538462
78.769234
-102.000004
-380.307706
-528.769250
-670.923102
-360.923090
1667.384677
3681.230906
2540.769325
-1636.923138
-2918.769340
1043.692347
4804.769410
3524.153977
340.000013
379.384630
1448.923131
362.461552
-884.153879
1108.000041
3433.230897
1843.230838
-1575.692366
-2055.846230
259.384625
1028.000038
-856.307724
-2165.538542
-1047.384654
148.000006
-681.692333
-2253.692392
-2231.846237
-1327.230819
-1282.769279
-1698.000063
-1172.769274
-102.461542
-304.461550
-1622.615445
-2269.384700
-1194.461583
440.923093
1065.692347
434.461555
-386.307707
-264.153856
251.230779
276.769241
127.538466
808.769261
1722.153910
1224.769276
-315.692319
-696.461564
474.000018
1090.153887
109.230773
-627.384639
153.384621
819.076954
-159.076929
-1457.538516
-1127.846196
0.923077
22.615385
-787.230799
-733.692335
77.076926
-151.692313
-1181.384659
-1203.384660
246.153855
1095.538502
805.846184
1086.923117
1207.846199
86.615388
-1033.692346
386.000014
2406.615474
2332.923164
1049.230808
422.461554
9.846154
-525.076943
342.000013
1539.538519
1342.000050
108.923081
-525.384635
-653.230794
-593.230791
-23.538462
389.692322
-84.923080
-579.076945
-486.769249
-667.384640
-948.923112
-660.307717
-268.307702
-625.692331
-776.000029
-272.307702
-152.769236
-742.923105
-965.538498
-439.692324
-59.230771
78.769234
83.076926
-34.615386
-316.153858
-307.846165
18.153847
205.538469
264.769241
194.461546
-31.846155
-366.307706
-355.384629
-204.461546
-126.769235
-304.461550
-388.307707
-576.615406
-168.461545
2141.846234
3966.461686
2057.384692
-2246.307776
-2470.461630
1921.230841
5000.000186
2970.153957
138.923082
554.769251
1153.538505
-182.153853
-792.000030
1784.615451
3562.153979
1244.923123
-2077.846231
-2038.307768
280.769241
801.384645
-934.153881
-1830.307760
-711.846180
-64.461541
-1156.461582
-2393.077012
-1961.076996
-1146.615427
-1258.153893
-1553.384673
-916.307726
-79.538465
-481.846172
-1609.076983
-2084.307770
-964.923113
706.923103
1398.000052
538.153866
-570.000021
-416.923092
332.000012
461.692325
340.923090
1080.153886
1852.923146
999.076960
-719.692335
-818.769261
687.846179
1291.846202
109.846158
-725.384642
64.307695
640.153870
-484.000018
-1711.846218
-946.923112
458.461556
244.307701
-986.615421
-988.461575
-25.076924
-184.307699
-998.000037
-588.615407
760.153874
905.076957
-83.692311
-349.538475
347.230782
736.615412
530.615404
619.692331
1016.615422
1048.307731
633.384639
366.307706
498.153865
779.384644
816.615415
599.846176
392.153861
316.615396
186.923084
-26.615386
-79.692311
-46.615386
-116.461543
-246.615394
-268.000010
-384.307707
-644.769255
-694.153872
-468.923094
-344.000013
-470.000018
-549.230790
-448.000017
-399.846169
-464.307710
-404.153861
-199.692315
-55.846156
-87.846157
-158.153852
-148.615390
-43.384617
37.538463
-25.076924
-21.076924
49.692310
65.230772
-198.307700
-315.384627
-182.153853
-33.230770
-212.307700
-364.153860
-412.615400
-22.615385
1789.846221
3234.000120
1920.923148
-1740.461603
-2199.077005
1735.384680
4693.692483
2895.230877
166.615391
605.076946
1325.076972
19.076924
-803.384645
1514.923133
3326.461662
1238.923123
-1982.461612
-2020.307768
199.230777
677.230794
-1093.076964
-2052.000076
-893.538495
-115.230774
-1163.230813
-2486.307785
-2086.307770
-1154.000043
-1239.076969
-1648.615446
-1067.692347
-98.307696
-431.384631
-1590.000059
-1998.769305
-857.538493
646.000024
1205.692353
585.846176
-202.769238
-140.153851
329.384628
419.846169
408.307708
1144.307735
1854.461608
1119.692349
-456.461555
-684.000025
560.307713
1138.461581
163.538468
-616.615408
-9.538462
548.923097
-272.769241
-1345.692358
-1049.384654
-181.230776
-209.076931
-727.076950
-487.230787
-0.153846
-434.769247
-1130.615427
-753.230797
357.384629
802.307722
435.846170
66.615387
43.384617
148.461544
443.846170
874.769263
1134.769273
1006.153884
655.538486
444.000017
481.076941
686.769256
779.692337
696.000026
516.307712
290.000011
75.692311
32.153847
102.769235
-1.692308
-282.923087
-359.076936
-224.461547
-281.076934
-586.923099
-760.153874
-615.230792
-460.153863
-400.769246
-366.769244
-354.923090
-473.230787
-583.384637
-430.615401
-105.384619
108.153850
28.307693
-155.846160
-272.307702
-157.846160
33.076924
114.923081
-4.307692
-146.615390
-231.538470
-204.000008
-168.615391
-200.923084
-417.538477
-243.384624
1682.153909
3475.846283
2318.769317
-1466.461593
-2396.307782
1268.000047
4354.307855
3027.846267
482.000018
822.153877
1385.230821
-127.076928
-1142.461581
1155.384658
3353.230894
1603.692367
-1613.846214
-1926.769303
64.461541
492.615403
-1140.307735
-1933.230841
-725.384642
-11.692308
-1097.538502
-2417.538552
-2147.846234
-1337.846204
-1406.461591
-1670.769293
-1089.538502
-193.076930
-480.153864
-1538.615442
-1996.923151
-1058.461578
427.076939
1108.000041
645.076947
-103.846158
-70.153849
345.076936
344.615397
297.230780
1104.615426
1997.846228
1412.153899
-209.230777
-622.769254
473.846171
1027.538500
182.000007
-389.692322
429.076939
830.615416
-442.923093
-1727.230834
-1127.538504
86.615388
-63.076925
-784.307722
-592.307714
-198.923084
-906.000034
-1524.153903
-656.769255
592.769253
604.461561
-160.769237
-337.846166
35.538463
278.000010
420.000016
753.538490
1059.230809
1013.692345
692.461564
525.230789
662.769255
849.538493
803.384645
692.615410
732.923104
644.923101
285.692318
-11.846154
18.769231
22.461539
-107.846158
-111.230773
-51.538463
-360.000013
-862.000032
-902.307726
-518.461558
-333.692320
-498.000019
-590.307714
-514.153865
-507.692327
-590.769253
-455.538479
-153.692313
19.384616
-62.307695
-162.307698
-35.692309
109.692312
20.769232
-163.692314
-69.846156
155.692313
172.615391
-45.384617
-212.923085
-284.461549
-275.384626
1356.769281
3510.769362
3163.230887
-642.615409
-2844.461644
259.384625
4200.923233
3790.307834
711.846180
346.153859
1266.461586
150.461544
-1358.461589
313.384627
3046.307806
2061.692384
-1389.692359
-2469.692400
-502.153865
558.615405
-837.076954
-2092.923155
-1124.153888
-16.307693
-724.000027
-2190.461620
-2252.769315
-1318.769280
-1228.923123
-1554.923135
-1139.076966
-118.769235
-176.000007
-1305.846202
-2012.615460
-1298.461587
270.153856
1205.538506
863.384648
-103.538465
-332.307705
196.923084
461.076940
288.461549
761.076951
1697.692371
1513.384672
-9.846154
-754.000028
290.153857
1169.538505
468.769248
-384.000014
222.000008
852.769263
-114.615389
-1400.615437
-1060.769270
5.846154
-57.538464
-673.076948
-526.307712
-184.923084
-742.923105
-1312.461587
-740.615412
229.538470
438.307709
92.000003
-101.538465
-135.230774
-119.846158
156.769237
645.384639
959.692343
919.384650
636.307716
403.230784
428.615401
608.153869
703.076949
750.307720
806.461569
600.769253
192.769238
34.461540
207.538469
184.153853
-111.230773
-153.846160
22.923078
-140.769236
-616.923100
-771.230798
-493.846172
-330.307705
-456.153863
-543.846174
-488.307710
-471.846171
-549.538482
-515.230788
-331.230782
-127.538466
-106.307696
-158.153852
-143.076928
-65.384618
-38.461540
-47.384617
-53.846156
5.076923
-17.076924
-50.153848
-213.230777
309.846165
2429.692398
3810.000142
1960.461611
-1882.461609
-1846.769300
2378.153935
4903.230952
2737.538564
220.769239
814.615415
1126.000042
-482.153864
-926.307727
1682.923140
3113.846270
570.769252
-2434.000091
-2044.153922
24.615386
133.384620
-1565.538520
-2162.769311
-976.923113
-454.461555
-1457.384670
-2489.384708
-2036.307768
-1285.538509
-1396.000052
-1558.461597
-871.230802
-28.615386
-441.538478
-1492.000056
-1772.461604
-668.461563
811.384646
1325.692357
636.000024
-154.307698
-23.230770
469.384633
445.692324
433.230785
1296.769279
1906.923148
896.461572
-667.076948
-541.230789
804.461568
1012.153884
-17.846155
-351.076936
374.769245
286.000011
-869.230802
-1252.461585
-396.923092
31.230770
-587.846176
-803.076953
-275.076933
-254.307702
-991.846191
-1081.076963
-178.769237
422.923093
172.769237
-110.000004
26.000001
134.307697
80.307695
258.000010
761.538490
1050.615424
827.384646
416.615400
369.846168
669.538486
805.076953
664.461563
584.461560
625.076946
432.923093
91.538465
23.076924
165.846160
100.769235
-145.846159
-232.615393
-212.000008
-361.384629
-574.461560
-608.307715
-527.230789
-481.230787
-446.000017
-393.230784
-455.538479
-552.461559
-511.230788
-313.230781
-117.846158
-75.692311
-115.692312
-168.307699
-133.384620
-87.384619
-72.769233
2.461539
60.461541
59.692310
-166.153852
-232.923086
-95.384619
1466.307747
3507.692438
3319.230893
-20.769232
-2526.153940
86.769234
4140.769385
4371.384778
1291.692356
312.769242
1177.230813
424.000016
-1051.538501
172.461545
2837.230875
2192.153928
-1177.076967
-2646.461637
-885.538495
386.153861
-758.000028
-2237.077006
-1640.615446
-441.384632
-816.153877
-2179.384697
-2550.769326
-1667.230831
-1379.692359
-1670.000062
-1390.307744
-307.076935
-2.615385
-1084.153887
-2017.692383
-1477.846209
199.846161
1324.461588
1127.230811
184.769238
-161.846160
209.230777
439.538478
348.153859
835.538493
1785.692374
1600.769290
76.461541
-820.461569
120.153851
1062.000040
479.846172
-395.538476
-35.538463
567.230790
-207.692315
-1328.923126
-1075.230809
9.384616
156.923083
-517.692327
-655.076947
-330.923089
-518.769250
-984.615421
-593.846176
379.076937
651.076947
88.000003
-253.076933
-28.769232
219.076931
284.307703
541.692328
892.923110
848.000032
493.384634
308.153858
467.692325
608.461561
613.692331
590.307714
558.153867
375.538476
72.153849
-42.769232
70.615387
82.461542
-144.000005
-281.692318
-207.846162
-250.461548
-587.692330
-769.692336
-543.076943
-303.692319
-421.692323
-602.615407
-501.230788
-380.307706
-455.692325
-507.384634
-237.692317
11.538462
-87.384619
-356.615398
-313.230781
-27.076924
87.692311
-93.538465
-117.076927
-43.846155
-45.230771
-358.153859
907.692342
3684.923214
4258.923236
706.923103
-2821.077028
-659.692332
3897.538607
4792.461717
1716.923141
326.153858
1321.384665
709.692334
-1049.846193
-231.076932
2744.769333
2745.077025
-641.846178
-2720.769332
-1277.538509
311.230781
-455.384632
-2007.692382
-1789.384682
-636.153870
-772.307721
-1896.307763
-2403.230859
-1734.923142
-1442.769285
-1654.000062
-1409.230822
-462.769248
45.384617
-713.692334
-1721.076987
-1720.307756
-339.076936
1171.846198
1427.076976
422.000016
-250.000009
129.538466
502.769249
223.538470
446.307709
1650.461600
1947.384688
348.000013
-1100.615426
-327.076935
1022.923115
628.769254
-567.846175
-319.230781
705.076949
136.153851
-1421.230822
-1475.230824
-172.307699
176.615391
-635.846178
-682.769256
56.923079
-132.923082
-1099.538502
-1054.307732
151.230775
854.307724
518.000019
119.692312
139.076928
222.769239
191.692315
396.153861
859.692340
1150.307735
913.538496
374.153860
163.230775
384.461553
599.076945
598.615407
540.923097
422.769247
104.461542
-162.000006
-125.692312
-74.307695
-196.923084
-235.846163
-118.000004
-251.692317
-616.000023
-700.769257
-502.923096
-431.076939
-518.153865
-460.769248
-278.923087
-326.153858
-481.076941
-460.461556
-252.615394
-70.615387
-32.615386
-63.538464
-117.076927
-145.230775
-123.384620
-60.153848
91.076926
125.230774
-86.923080
-402.769246
-120.153851
1924.461610
3796.769372
2795.846258
-812.461569
-2133.538541
1073.384655
4260.769389
3609.077058
1140.153889
836.307723
1130.923119
-131.384620
-935.692343
1001.846191
2964.307803
1422.461591
-1664.923139
-2234.000083
-487.076941
166.000006
-1078.153886
-2038.461614
-1341.692358
-672.153871
-1191.846198
-2074.615462
-2032.461614
-1501.692364
-1568.000058
-1642.461600
-1034.615423
-106.153850
-120.461543
-1062.769270
-1714.923141
-1184.769275
239.846163
1284.153894
1103.846195
228.153855
-85.538465
252.153856
377.384629
255.538471
857.692340
1733.538526
1303.538510
-309.538473
-928.153881
133.692313
836.307723
-0.923077
-728.769258
34.615386
632.923101
-427.846170
-1654.769292
-1124.923119
-31.384617
-165.846160
-712.000027
-277.538472
194.615392
-576.461560
-1297.846202
-568.923098
665.692332
838.461570
343.384628
201.692315
268.923087
149.538467
188.923084
711.076950
1167.538505
1063.538501
548.923097
244.769240
374.000014
559.846175
498.615403
425.538477
528.769250
415.230785
-34.153847
-292.000011
-93.692311
-15.230770
-266.461548
-369.538475
-194.000007
-231.076932
-559.538482
-683.384641
-520.769250
-415.846169
-459.384632
-416.923092
-346.000013
-341.538474
-386.307707
-348.615398
-244.153855
-128.307697
-129.230774
-256.000010
-221.846162
-36.923078
50.615387
-50.153848
-166.461545
-198.923084
-388.000014
616.307715
3142.769348
4159.230924
1316.461588
-2407.538551
-1237.230815
3227.692428
4908.461721
2440.461629
663.692332
1271.538509
820.769261
-904.923111
-471.692325
2381.846243
3006.307804
-37.692309
-2542.461633
-1609.692368
153.230775
-297.384626
-1944.000072
-2029.692383
-833.230800
-668.000025
-1724.307757
-2408.615474
-1950.769303
-1610.307752
-1734.461603
-1432.307746
-471.384633
134.000005
-477.846172
-1531.384672
-1770.307758
-603.846176
1036.923116
1636.769292
841.538493
-3.692308
115.692312
461.692325
265.230779
374.000014
1448.461592
1957.230842
661.230794
-946.307728
-624.923100
720.923104
683.692333
-505.076942
-731.692335
169.076929
114.461543
-1066.461578
-1437.230823
-565.538483
-226.000008
-855.692340
-878.923110
-69.230772
12.153847
-867.846186
-1099.846195
-164.461545
650.769255
571.692329
269.538472
249.076932
349.230782
348.000013
445.692324
804.000030
1140.461581
1048.769270
564.000021
319.076935
519.538481
682.307718
523.846173
390.000015
431.384631
310.923089
5.076923
-163.538468
-166.307699
-239.538470
-322.615397
-248.000009
-212.307700
-388.461553
-561.384636
-571.076944
-534.153866
-516.615404
-446.923094
-302.307704
-261.384625
-300.923088
-332.923089
-322.769243
-306.615396
-284.615395
-191.846161
-69.692310
-40.153848
-101.538465
-263.230779
-360.461552
-445.846170
352.307705
2608.153943
3994.307841
2102.923155
-1583.384674
-1681.846216
2150.153926
4664.615558
3152.307810
1085.538502
1288.153894
1179.846198
-418.615400
-705.076949
1648.461600
2953.692418
790.923106
-1879.846224
-1724.769295
-181.538468
-298.461550
-1833.076991
-2259.846238
-1065.846194
-475.692325
-1334.923127
-2342.769318
-2202.000082
-1775.384682
-1880.923147
-1709.076987
-722.000027
239.230778
-165.538468
-1378.615436
-1884.307763
-912.461572
704.153872
1484.000055
1023.384654
321.846166
346.461551
583.384637
315.538473
205.692315
1094.923118
1912.615456
1189.692352
-314.000012
-579.538483
325.384628
533.692328
-322.153858
-703.230795
-86.153849
121.538466
-724.923104
-1368.307743
-983.538498
-562.769252
-814.153876
-895.692341
-345.538474
-102.307696
-665.230794
-1016.307730
-495.076942
224.923085
484.769249
481.846172
432.615401
286.000011
265.230779
531.384635
867.230802
963.692344
885.384648
781.846183
683.384641
601.846176
535.384635
467.538479
421.846170
360.153860
207.230777
100.923081
114.615389
5.692308
-385.538476
-619.230792
-358.307706
-39.692309
-180.000007
-528.000020
-585.538483
-513.846173
-539.538482
-534.000020
-278.307703
-59.230771
-113.230773
-308.461550
-358.000013
-230.923086
-123.538466
-79.692311
-56.615387
-13.692308
-32.000001
-117.384620
-261.076933
-411.230785
-248.153855
1660.307754
3868.461683
3306.000123
-535.846174
-2588.615481
536.461558
4311.538622
3986.307841
1247.538508
890.615418
1508.615441
190.307699
-1173.692351
496.461557
2945.846264
1896.000071
-1289.076971
-2228.307775
-512.923096
236.000009
-1231.230815
-2526.153940
-1667.384677
-424.769247
-744.461566
-1951.076996
-2285.077008
-1769.692374
-1777.384682
-1873.384685
-1184.923121
48.923079
302.923088
-750.769259
-1789.076990
-1540.000057
4.153846
1356.153897
1350.923127
467.230787
196.461546
605.384638
548.923097
9.692308
429.846170
1649.846215
1716.615449
217.230777
-735.538489
-7.230770
660.615409
-52.769233
-844.307724
-324.923089
358.769244
-263.076933
-1314.307741
-1236.615431
-550.153867
-492.307711
-830.769262
-569.538483
-144.153852
-384.000014
-853.538493
-660.461563
54.769233
417.846169
373.384629
295.538473
339.230782
370.923091
399.076938
546.153866
713.692334
777.076952
710.769257
650.153870
627.538485
526.615404
336.000013
285.384626
380.923091
366.923091
163.846160
27.384616
-10.153847
-217.076931
-477.538479
-431.846170
-141.692313
-96.000004
-372.153860
-579.076945
-504.923096
-393.692322
-372.000014
-339.692320
-231.230778
-129.692313
-128.615389
-170.307699
-252.307702
-261.846164
-210.307700
-72.769233
16.153847
38.923078
-123.692312
-312.307704
-597.076945
342.769244
2956.615495
4258.769389
1797.692375
-2177.692389
-1618.615445
2725.692409
4900.000183
2684.153946
666.307717
1340.307742
1223.230815
-614.769254
-799.846184
1869.076993
2945.846264
324.769243
-2256.769315
-1497.692363
285.230780
-276.307703
-2296.461624
-2582.769327
-966.307728
-294.769242
-1313.538510
-2360.923165
-2127.077002
-1806.923144
-2023.076998
-1725.692372
-494.307711
486.769249
-167.230775
-1485.076978
-1833.846222
-677.076948
848.000032
1413.846207
886.000033
354.923090
532.307712
709.846180
332.000012
192.769238
1045.538500
1672.153908
896.769264
-315.538473
-193.076930
565.846175
72.153849
-1191.384660
-1180.153890
213.230777
569.230790
-795.538491
-1880.153916
-1406.461591
-711.692334
-867.846186
-772.000029
777.230798
1565.538520
-212.769239
-2007.692382
-1084.615425
1055.846193
1313.538510
752.923105
964.000036
857.846186
-397.538476
-686.000026
709.692334
1433.538515
792.153876
275.230779
440.307709
347.846167
66.769233
94.923080
199.230777
194.307700
326.153858
305.076934
-23.692309
-255.076933
-514.769250
-894.000033
-753.230797
89.230773
322.769243
-414.307708
-897.692341
-664.307717
-533.230789
-540.769251
-49.846156
418.461554
141.538467
-351.384628
-244.769240
65.538464
80.769234
-62.461541
18.769231
126.307697
4.615385
-207.230777
-405.538477
-410.000015
-427.384631
1328.307742
3809.077065
3776.153987
-162.461545
-3094.461654
-192.153853
4217.384772
4394.461702
1134.461581
480.153864
1697.384679
723.384642
-1218.923122
-53.692310
2823.846259
2262.153930
-1003.692345
-2116.615463
-151.076929
654.923101
-1237.076969
-2938.461648
-1877.538531
-71.538464
-185.846161
-1624.769291
-2348.307780
-1926.153918
-1980.307766
-2058.461615
-1200.615429
242.000009
476.769249
-846.461570
-1887.384686
-1525.846211
-45.230771
1073.230809
1104.461580
475.230787
344.923090
775.076952
691.076949
-14.615385
49.076925
1178.461582
1575.538520
504.769250
-374.615399
242.923086
556.000021
-636.307716
-1643.846215
-466.307710
1287.538510
646.769255
-1477.846209
-2136.153926
-911.384649
-379.384630
-853.846186
-545.384636
420.153862
59.384618
-1229.230815
-1090.153887
297.692319
879.076956
365.538475
286.615395
724.000027
811.230799
514.307711
452.923094
596.307715
722.923104
875.538494
891.692341
762.615413
490.307711
167.846160
-117.384620
-10.000000
389.076938
464.000017
118.923081
-242.923086
-441.230786
-634.923101
-532.923097
-163.230775
-84.923080
-445.846170
-584.461560
-337.692320
-300.153857
-517.384635
-474.153864
-117.846158
41.538463
-12.307693
18.461539
50.307694
-52.923079
-125.230774
52.615387
250.923086
191.076930
15.230770
-154.615390
-180.461545
-191.076930
-280.153857
-481.076941
-532.769251
1365.538512
3787.692449
3343.384740
-758.923105
-3201.384735
90.461542
4323.692469
4049.846305
897.692341
508.923096
1619.538522
489.846172
-1247.538508
110.000004
2768.769334
1982.153920
-1127.230811
-1933.692380
30.769232
685.230795
-1329.538511
-2980.307803
-1813.846221
82.461542
7.846154
-1474.923132
-2284.307777
-1967.538535
-1987.230843
-1990.307766
-1084.615425
318.923089
517.384635
-872.000032
-2002.000075
-1599.230829
-12.461539
1074.153886
956.461574
378.923091
425.384631
794.923107
469.384633
-203.846161
104.307696
1244.769277
1437.384669
403.230784
-189.230776
428.769247
488.307710
-779.384644
-1556.000058
-446.615401
950.000035
396.153861
-1151.846197
-1591.384675
-932.461573
-821.846184
-1216.923122
-609.538484
1004.307730
1100.461579
-684.000025
-1324.000049
338.769243
1506.923133
553.076944
103.230773
1126.923119
1299.384664
-18.615385
-224.923085
845.538493
837.384647
10.461539
171.846160
880.153879
564.769252
-176.000007
-324.000012
-124.923082
80.923080
388.923091
396.923092
-35.692309
-308.923088
-457.076940
-693.846180
-579.076945
24.923078
86.153849
-518.153865
-682.923102
-318.615396
-313.076935
-616.153869
-353.692321
127.846159
155.846160
3.846154
112.769235
151.692313
-109.692312
-198.923084
66.769233
266.461548
184.153853
-57.846156
-260.769240
-446.000017
-495.846172
-662.307717
-45.230771
2522.153940
4227.538619
2052.461615
-2400.615474
-2530.000094
2148.461618
4909.846337
2741.538564
278.461549
1216.153891
1722.769295
-148.461544
-1033.076962
1169.076967
2675.846254
660.153871
-1590.307752
-883.846187
867.846186
63.538464
-2419.692398
-3101.230885
-1115.692349
486.461557
-220.307701
-1826.000068
-2373.846242
-2108.461617
-2203.077005
-1851.076992
-603.384638
541.076943
38.307694
-1469.076978
-2017.230844
-1029.538500
503.846173
995.692345
453.538478
84.461542
680.153871
1145.692350
430.615401
-360.923090
202.000008
1260.615432
1040.615423
201.230777
320.307704
917.230803
111.230773
-1183.230813
-996.769268
401.230784
769.846183
-305.692319
-915.538496
-690.615410
-558.461559
-968.923113
-876.615417
-206.615392
111.076927
-253.230779
-607.692330
-346.923090
-31.846155
-45.846156
-122.000005
252.000009
774.923106
797.846184
322.153858
31.538463
231.076932
531.384635
698.153872
768.307721
839.538493
612.615407
177.692314
-63.846156
84.153849
372.153860
396.000015
230.923086
10.615385
-160.000006
-308.000011
-388.000014
-360.461552
-212.615393
-37.538463
-90.769234
-366.923091
-569.538483
-453.384632
-270.153856
-189.384622
-92.615388
35.538463
2.461539
-232.461547
-320.307704
-182.769238
-86.461542
-130.923082
-123.076928
9.538462
-36.615386
-281.076934
-577.846175
-347.538474
1573.846212
3670.461675
3081.230884
-528.000020
-2378.769319
655.384640
4275.692467
3671.538598
686.000026
469.384633
1910.307763
1199.076968
-624.615408
-34.615386
1976.923151
1375.692359
-1101.384656
-1529.384672
388.461553
844.000031
-1499.692364
-3402.615511
-2302.769317
-75.846157
136.307697
-1452.153900
-2446.000091
-2012.307767
-1795.230836
-2102.307771
-1591.230829
-133.692313
382.615399
-885.230802
-1880.153916
-1126.769273
282.307703
534.461558
-26.923078
25.076924
808.769261
1290.461587
829.230800
103.230773
35.538463
614.769254
932.307727
706.000026
640.153870
953.692343
662.000025
-582.769252
-1221.692353
-300.307703
850.153878
522.153866
-570.769252
-891.230802
-578.923098
-606.923100
-866.461571
-596.153868
-139.538467
-167.538468
-496.769249
-498.153865
-246.153855
-209.076931
-340.769243
-249.230779
238.153855
728.769258
683.384641
123.076928
-234.153855
89.846157
675.846179
884.615418
762.307721
624.615408
433.846170
162.923083
106.461542
374.615399
504.769250
271.538472
38.000001
41.384617
80.923080
-51.384617
-210.461546
-265.538471
-229.384624
-141.846159
-53.692310
-75.384618
-273.076933
-447.076940
-442.000016
-257.692317
-79.230772
-44.000002
-166.461545
-320.153858
-361.846167
-280.769241
-205.692315
-207.230777
-242.000009
-275.384626
-396.153861
204.769238
2087.077001
3389.230895
1773.692374
-1491.076979
-1690.615448
1978.153920
4590.769402
2841.077029
148.923082
526.307712
1932.615457
1180.461582
-291.076934
433.846170
1910.923148
1059.538501
-952.769266
-937.384650
718.000027
636.923101
-1750.923142
-3246.000121
-1843.384684
307.384627
222.461547
-1673.846216
-2705.384716
-2094.307770
-1621.692368
-1965.846227
-1725.538526
-432.461555
54.769233
-1187.846198
-2129.230849
-1150.461581
322.153858
204.923085
-733.692335
-473.846171
857.538493
1439.076977
675.384641
-94.615388
69.384618
625.076946
795.076953
810.769261
1134.923119
1314.923126
591.538484
-520.461558
-653.692332
307.846165
945.384651
403.846169
-410.461554
-493.230788
-173.230776
-262.307702
-716.923104
-899.538495
-622.461562
-265.384625
-160.461544
-289.384626
-423.846170
-518.615404
-601.230792
-535.384635
-136.615390
416.461554
572.769252
175.230776
-218.307700
-86.000003
376.615399
622.000023
550.307713
460.615402
515.538481
573.230791
477.230787
315.846166
223.384624
245.076932
305.384627
349.076936
334.923089
264.153856
125.846159
-70.153849
-178.153853
-105.076927
96.615388
190.153853
44.769232
-150.615390
-121.538466
-20.769232
-90.923080
-213.538469
-156.769237
24.769232
44.461540
-126.000005
-234.615393
-172.307699
-173.230776
-263.846164
-299.538473
-233.538470
-26.769232
531.384635
1329.846203
1465.076978
372.153860
-799.846184
-326.000012
1366.307743
2108.153925
1164.615428
208.769239
545.692328
1209.846199
924.000034
190.615392
178.153853
656.769255
606.307715
88.769234
19.692308
468.153864
415.538477
-565.538483
-1432.923130
-1170.000044
-255.230779
14.307693
-625.538485
-1224.000046
-1190.461583
-1031.384654
-1200.769276
-1306.153895
-983.076960
-645.384639
-779.076952
-1016.769269
-806.769261
-377.692322
-402.615400
-768.153875
-758.461567
-269.076933
73.076926
-42.000002
-152.615390
40.000001
183.230776
-5.538462
-172.769237
33.846155
352.153859
338.307705
107.230773
84.923080
273.384626
274.153856
20.923078
-96.923081
78.000003
231.846162
129.692313
-24.461539
35.076924
190.615392
200.923084
97.230773
90.615388
212.307700
291.538472
278.461549
259.846164
293.230780
296.307703
239.384624
206.307700
264.307702
338.307705
323.230781
244.615394
195.076930
219.076931
237.230778
202.307700
147.846159
108.923081
112.307696
135.692313
145.076928
120.461543
80.461541
59.538464
38.307694
35.846155
65.692310
91.846157
60.769233
-12.000000
-44.153848
-26.615386
6.769231
17.846155
-10.923077
-75.846157
-116.769235
-94.307696
-61.692310
-115.692312
-210.153854
-214.153854
-147.230775
-141.384621
-205.384623
-215.384623
-172.615391
-176.615391
-205.230777
-120.615389
25.076924
47.230771
-60.461541
-78.769234
58.153848
161.692314
132.923082
105.846158
191.846161
264.615394
240.461547
213.384623
251.692317
249.384625
160.769237
105.230773
152.461544
198.923084
132.923082
25.230770
-22.923078
7.538462
39.230771
27.846155
-26.923078
-95.384619
-115.538466
-77.846157
-13.846154
-11.846154
-61.384618
-92.769234
-65.538464
-23.692309
-19.384616
-19.384616
10.307693
26.923078
-32.153847
-90.461542
-48.615386
40.000001
24.461539
-84.000003
-156.923083
-155.846160
-144.000005
-142.461544
-132.153851
-166.307699
-253.076933
-310.615396
-293.076934
-262.923087
-281.230780
-302.000011
-304.923088
-311.076935
-304.461550
-270.307702
-232.000009
-237.538470
-245.230778
-200.769238
-140.153851
-105.846158
-99.846158
-85.692311
-71.846157
-69.230772
-45.846156
-2.615385
42.307694
76.000003
107.846158
128.615389
129.538466
144.307698
193.538469
243.692317
260.307702
241.846163
221.230777
244.000009
300.461550
340.461551
325.846166
306.615396
321.384627
330.769243
318.307704
319.538473
331.384628
280.153857
189.846161
181.538468
273.076933
298.461550
180.923084
47.076925
28.461540
67.076926
24.000001
-72.461541
-122.615389
-107.692312
-119.076928
-178.923084
-206.615392
-182.461545
-168.615391
-210.923085
-230.615393
-154.000006
-64.000002
-74.461541
-156.615390
-158.153852
-45.384617
35.692309
9.230770
-29.076924
23.230770
101.538465
92.307696
41.692309
44.307694
82.000003
64.000002
-0.153846
-5.384616
35.538463
30.307693
-42.000002
-87.384619
-60.000002
-51.538463
-114.923081
-181.076930
-140.461544
-35.538463
-16.000001
-112.769235
-192.153853
-151.076929
-64.000002
-26.461539
-5.384616
43.692309
69.538464
35.538463
16.153847
83.846157
168.000006
182.769238
158.615391
170.615391
200.615392
181.692314
136.461544
130.769236
158.307698
155.384621
120.000004
95.538465
83.846157
38.769232
-44.307694
-115.846158
-121.538466
-71.384618
-39.076925
-86.307696
-181.230776
-233.846163
-215.076931
-168.461545
-158.615391
-183.538468
-227.384624
-249.076932
-214.769239
-151.076929
-140.153851
-217.538470
-276.769241
-225.846162
-119.538466
-83.384618
-123.692312
-153.076929
-147.230775
-149.846159
-138.307697
-62.461541
21.692309
-4.769231
-107.692312
-109.846158
32.153847
151.076929
104.769235
9.846154
42.153848
169.076929
218.000008
173.076930
166.769237
218.461547
222.307701
168.923083
181.230776
263.230779
287.846165
198.615392
103.692312
98.923081
148.923082
166.000006
124.000005
76.000003
67.384618
69.230772
45.230771
26.923078
45.076925
61.384618
28.615386
-1.230769
12.615385
36.000001
30.307693
35.538463
69.076926
73.538464
38.923078
29.384616
75.230772
105.846158
90.000003
69.846156
70.615387
44.153848
-14.615385
-35.076924
0.461538
15.230770
-43.538463
-112.461543
-134.615390
-132.615390
-153.384621
-184.153853
-182.923084
-155.538467
-133.230774
-144.615390
-172.769237
-175.846160
-141.076928
-106.307696
-99.384619
-84.769234
-37.692309
5.384616
-4.000000
-27.538463
1.538462
75.692311
116.307697
94.615388
70.615387
78.153849
87.692311
68.461541
61.846156
85.538465
90.461542
44.461540
-7.692308
-11.692308
9.076923
8.153846
-17.076924
-37.846155
-40.153848
-26.461539
-10.461539
-10.307693
-30.153847
-46.307694
-34.615386
-9.846154
-9.692308
-33.384617
-41.230771
-21.538462
-14.769231
-39.692309
-53.538464
-15.076924
33.230770
17.538462
-53.538464
-91.692311
-52.923079
-8.307693
-14.615385
-32.615386
-16.461539
-13.230770
-60.461541
-85.692311
-38.923078
7.692308
-10.307693
-34.769232
-5.384616
19.230770
-17.076924
-49.846156
-12.461539
50.000002
43.692309
-11.384616
-21.230770
19.538462
15.230770
-60.461541
-96.307696
-37.384617
15.692308
-27.076924
-87.076926
-73.076926
-37.538463
-58.461541
-74.307695
-6.615385
67.384618
38.307694
-35.846155
-9.846154
96.923081
141.846159
97.538465
83.846157
156.153852
220.307701
208.769239
172.923083
182.923084
217.692316
220.769239
190.153853
170.615391
179.538468
178.615391
129.076928
59.076925
33.846155
48.769233
32.769232
-35.076924
-88.153849
-86.461542
-76.307695
-101.692311
-133.230774
-132.769236
-126.307697
-145.692313
-157.538467
-120.153851
-71.692310
-72.461541
-106.769235
-113.846158
-81.384618
-42.000002
-8.153846
18.615385
23.538462
6.923077
2.000000
19.076924
30.153847
15.230770
4.153846
32.307694
69.846156
57.384618
4.615385
-20.153847
-8.923077
-15.538462
-41.846155
-29.076924
12.923077
9.846154
-45.538463
-84.615388
-79.692311
-70.307695
-73.230772
-68.461541
-51.692310
-43.846155
-58.000002
-83.230772
-98.000004
-87.846157
-55.384617
-17.230770
9.846154
15.692308
1.538462
-19.230770
-30.153847
-18.000001
22.307693
64.461541
66.307695
30.153847
14.461539
46.923079
78.153849
70.461541
56.615387
70.769233
85.538465
72.000003
55.846156
60.153848
66.923079
58.615387
44.615386
32.307694
10.923077
-20.000001
-44.615386
-57.230771
-66.461541
-72.615387
-75.384618
-88.153849
-119.076928
-151.846160
-157.384621
-127.230774
-80.615388
-48.615386
-46.615386
-58.153848
-60.307695
-43.384617
-9.076923
30.153847
55.692310
65.846156
83.076926
114.923081
131.538466
124.153851
125.846159
150.923083
166.307699
155.538467
152.000006
167.692314
157.230775
102.000004
56.000002
58.615387
71.846157
53.384617
22.307693
2.615385
-25.692309
-67.076926
-79.692311
-48.000002
-26.153847
-56.153848
-103.538465
-113.538466
-76.923080
-28.769232
-6.769231
-20.000001
-42.307694
-43.538463
-25.384616
-2.461539
25.692309
55.230771
58.615387
24.307693
-12.461539
-9.538462
28.000001
55.846156
41.076925
-0.923077
-20.000001
-2.923077
4.153846
-32.000001
-70.000003
-58.615387
-27.230770
-34.923078
-72.461541
-83.692311
-62.461541
-58.769233
-87.692311
-103.846158
-79.076926
-46.000002
-42.153848
-59.846156
-70.615387
-65.846156
-52.769233
-35.846155
-13.846154
8.153846
15.538462
4.615385
-8.461539
-6.615385
6.923077
21.538462
37.692309
50.307694
43.846155
27.692309
34.615386
66.000002
82.153849
66.461541
51.538463
63.692310
76.461541
63.538464
48.461540
57.538464
64.769233
39.692309
8.153846
6.307693
12.923077
-7.076923
-36.153848
-41.538463
-39.846155
-58.307694
-82.923080
-85.538465
-77.846157
-86.000003
-99.846158
-93.230773
-67.846156
-47.692309
-42.153848
-44.153848
-44.923079
-35.076924
-8.923077
29.384616
65.846156
85.692311
81.230772
66.615387
73.846157
107.384619
134.769236
132.153851
119.230774
120.307697
119.846158
94.769234
51.692310
21.692309
19.076924
27.076924
22.769232
1.846154
-28.000001
-62.769233
-93.846157
-98.461542
-68.461541
-37.846155
-45.076925
-81.076926
-102.000004
-88.153849
-55.692310
-22.307693
2.923077
10.615385
-2.307692
-16.307693
-2.615385
40.000001
83.692311
103.076927
96.923081
77.230772
60.153848
67.230772
93.384619
96.307696
61.692310
34.307694
44.923079
52.769233
20.769232
-21.230770
-39.384617
-47.846156
-58.615387
-52.769233
-34.923078
-50.769233
-105.846158
-140.153851
-115.076927
-70.615387
-67.384618
-100.769235
-114.000004
-88.769234
-66.769233
-76.307695
-82.000003
-54.615387
-24.153847
-20.000001
-19.076924
3.846154
23.230770
9.076923
-13.384616
4.923077
56.923079
81.692311
48.000002
3.692308
13.076924
60.461541
77.230772
51.230771
36.000001
52.769233
62.000002
44.461540
35.230771
48.461540
46.615386
15.538462
-6.000000
6.615385
17.384616
-10.307693
-50.923079
-53.538464
-26.615386
-28.307693
-66.153849
-86.769234
-67.692310
-50.615387
-57.384618
-53.846156
-25.846155
-9.846154
-24.923078
-39.230771
-31.692309
-15.384616
2.923077
31.230770
56.000002
56.000002
48.153848
58.307694
76.769234
82.461542
89.076926
109.230773
116.307697
89.230773
59.846156
61.384618
70.307695
54.461540
32.307694
32.769232
35.846155
7.692308
-33.692309
-41.230771
-15.538462
-10.923077
-50.461540
-81.230772
-56.923079
-19.846155
-33.692309
-75.692311
-69.538464
-14.923077
14.461539
-7.846154
-24.923078
0.923077
30.000001
26.307693
16.615385
39.384617
70.923080
61.846156
22.769232
14.923077
53.230771
74.307695
35.692309
-9.538462
2.307692
32.461540
8.461539
-44.153848
-48.461540
-12.000000
-11.538462
-54.615387
-75.692311
-58.307694
-56.923079
-88.615388
-103.846158
-77.384618
-50.307694
-63.076925
-90.000003
-89.230773
-67.384618
-58.461541
-66.153849
-60.615387
-29.538463
-3.538462
-11.076923
-35.692309
-34.769232
3.692308
42.153848
39.230771
11.076923
11.538462
50.153848
78.615388
65.538464
44.923079
49.846156
57.846156
44.923079
34.615386
51.076925
67.538464
51.230771
21.846155
14.615385
27.076924
28.769232
13.384616
0.461538
1.692308
5.076923
-2.153846
-18.461539
-35.384617
-45.384617
-46.615386
-35.538463
-17.846155
-6.923077
-10.153847
-19.692308
-23.692309
-20.923078
-10.307693
11.692308
34.769232
44.923079
44.615386
44.153848
37.692309
24.615386
29.230770
57.538464
76.153849
63.538464
40.153848
24.769232
8.000000
-9.692308
-7.692308
7.692308
8.615385
-7.538462
-16.461539
-17.538462
-29.846155
-51.230771
-56.000002
-39.692309
-24.307693
-21.384616
-28.923078
-42.461540
-54.307694
-46.769233
-15.076924
11.538462
9.692308
-2.307692
6.769231
28.769232
36.000001
34.307694
46.000002
61.538464
56.615387
45.076925
59.076925
81.846157
69.538464
28.769232
14.769231
41.538463
57.384618
30.615386
-7.384616
-15.384616
-6.461539
-13.076924
-33.076924
-37.846155
-26.153847
-32.153847
-64.615387
-88.307696
-77.692311
-56.307694
-62.615387
-89.538465
-94.769234
-69.384618
-50.307694
-60.615387
-76.923080
-67.076926
-41.384617
-33.846155
-41.230771
-33.230770
-7.846154
2.000000
-12.615385
-18.307693
5.076923
29.076924
26.615386
16.769231
27.538463
48.307694
46.923079
25.538462
14.153847
24.923078
39.076925
40.615386
35.692309
34.769232
30.461540
13.692308
-4.153846
-2.461539
17.076924
26.769232
10.000000
-16.153847
-25.076924
-20.307693
-22.615385
-29.230770
-21.230770
-3.384616
1.692308
-7.230770
-5.076923
9.384616
15.230770
10.307693
18.461539
44.307694
63.538464
62.461541
55.384617
56.461541
63.692310
68.461541
68.615387
67.846156
68.923079
66.923079
51.384617
30.461540
22.000001
27.846155
28.615386
12.615385
-5.692308
-14.923077
-19.692308
-26.923078
-30.615386
-31.692309
-38.461540
-46.615386
-45.846156
-39.846155
-47.230771
-63.846156
-62.461541
-37.692309
-18.461539
-24.153847
-37.384617
-36.153848
-24.307693
-17.230770
-10.153847
4.153846
16.769231
12.307693
-3.384616
-6.307693
8.923077
20.153847
11.692308
-1.846154
1.538462
14.153847
12.000000
-4.769231
-15.846154
-13.230770
-8.769231
-6.615385
-1.846154
-2.769231
-21.846155
-43.384617
-39.384617
-18.461539
-15.384616
-34.461540
-44.307694
-31.230770
-20.000001
-27.076924
-34.461540
-27.384616
-17.692308
-18.615385
-15.846154
1.538462
15.076924
4.769231
-15.846154
-15.846154
8.461539
30.461540
30.307693
19.384616
18.307693
27.846155
34.461540
33.846155
34.769232
39.692309
41.692309
36.769232
33.846155
38.461540
40.307694
26.307693
2.923077
-7.230770
3.076923
12.615385
3.538462
-12.153847
-14.923077
-12.461539
-24.769232
-39.692309
-32.307694
-9.846154
-6.769231
-26.000001
-33.384617
-13.230770
2.461539
-8.923077
-23.076924
-12.615385
12.153847
25.384616
25.384616
30.000001
37.846155
38.153848
31.538463
35.846155
54.461540
66.000002
55.538464
37.076924
33.230770
40.923078
38.153848
19.846155
6.923077
8.615385
9.076923
-3.230769
-16.000001
-17.230770
-18.923078
-31.846155
-41.384617
-35.384617
-28.000001
-36.769232
-50.461540
-48.307694
-33.538463
-24.307693
-26.769232
-32.461540
-31.538463
-20.000001
-2.307692
7.538462
4.000000
-0.615385
6.000000
18.307693
20.615385
17.538462
22.153847
28.615386
19.846155
4.769231
7.846154
24.307693
22.461539
-3.076923
-18.923078
-6.923077
7.538462
-1.384615
-22.000001
-29.384616
-26.769232
-31.076924
-36.769232
-32.615386
-27.538463
-37.692309
-52.615387
-49.384617
-33.076924
-28.000001
-39.384617
-44.461540
-30.307693
-15.230770
-15.538462
-20.153847
-12.153847
0.923077
4.153846
4.615385
14.615385
27.076924
28.000001
23.076924
30.153847
46.615386
51.230771
41.846155
36.000001
39.846155
42.153848
38.000001
35.384617
39.076925
36.000001
21.384616
8.461539
9.076923
14.769231
13.230770
6.153846
2.307692
-0.461538
-8.307693
-17.538462
-20.923078
-17.846155
-15.384616
-15.230770
-14.769231
-16.615385
-22.615385
-28.000001
-25.230770
-16.307693
-6.307693
3.076923
10.769231
12.615385
8.307693
8.307693
17.846155
30.923078
38.307694
40.923078
44.461540
47.692309
43.692309
35.076924
29.846155
33.076924
39.076925
39.692309
31.384617
19.230770
10.000000
2.153846
-7.846154
-15.384616
-13.230770
-10.461539
-21.230770
-40.769232
-48.461540
-42.153848
-41.692309
-51.230771
-53.076925
-40.769232
-33.538463
-40.615386
-44.769232
-35.384617
-25.538462
-26.461539
-25.076924
-9.538462
4.000000
0.923077
-8.923077
-5.384616
5.230769
7.230770
5.076923
12.000000
21.384616
13.846154
-4.769231
-9.538462
0.923077
6.307693
0.769231
-0.923077
2.769231
-5.384616
-25.384616
-32.461540
-17.692308
-5.846154
-13.538462
-23.846155
-20.307693
-12.153847
-14.923077
-19.384616
-11.076923
-0.615385
-0.923077
-1.230769
10.461539
21.538462
19.384616
14.153847
19.384616
27.076924
26.153847
26.461539
36.769232
45.692309
39.846155
26.923078
22.923078
25.538462
26.153847
26.307693
29.846155
28.461540
15.538462
1.384615
-3.076923
0.461538
2.307692
0.307692
-3.846154
-10.000000
-16.769231
-19.846155
-19.846155
-24.307693
-31.692309
-30.307693
-18.461539
-9.538462
-13.076924
-24.615386
-32.000001
-28.000001
-15.076924
0.307692
9.538462
9.076923
2.461539
-0.923077
5.230769
17.846155
28.615386
30.923078
26.000001
25.538462
33.692309
40.153848
33.692309
21.230770
20.615385
31.230770
34.923078
25.692309
17.230770
13.846154
3.538462
-11.538462
-10.923077
6.000000
9.230770
-16.000001
-38.923078
-34.461540
-22.923078
-27.384616
-34.923078
-26.461539
-16.615385
-27.076924
-40.923078
-32.307694
-14.307693
-12.923077
-22.769232
-16.923078
0.923077
5.692308
-4.923077
-9.230770
0.615385
9.384616
8.153846
6.153846
8.769231
10.461539
6.923077
0.769231
-1.692308
0.615385
4.461539
4.615385
-0.769231
-6.769231
-9.846154
-14.000001
-21.538462
-23.230770
-11.846154
0.307692
-5.230769
-25.846155
-38.461540
-27.230770
-9.230770
-4.307692
-9.230770
-6.923077
1.538462
0.615385
-7.538462
-4.769231
11.692308
23.230770
21.692309
20.461539
28.461540
32.923078
25.230770
17.230770
22.615385
34.615386
37.692309
31.692309
26.769232
24.307693
20.153847
14.000001
10.000000
11.384616
13.846154
12.307693
4.307692
-6.923077
-12.000000
-8.461539
-4.000000
-7.076923
-16.307693
-22.615385
-21.076924
-15.692308
-14.615385
-16.307693
-18.307693
-19.230770
-20.153847
-19.076924
-12.307693
-4.923077
-5.230769
-10.307693
-9.538462
-1.846154
4.307692
3.384616
4.923077
11.384616
15.692308
13.538462
11.538462
16.153847
21.076924
19.692308
17.230770
19.846155
21.384616
14.615385
6.307693
8.000000
12.923077
9.384616
-0.923077
-6.461539
-5.230769
-8.615385
-18.615385
-24.923078
-21.384616
-16.769231
-20.153847
-26.615386
-27.076924
-24.615386
-24.000001
-23.692309
-18.307693
-8.153846
-3.076923
-7.230770
-10.461539
-2.461539
12.307693
17.846155
10.923077
6.923077
14.923077
23.692309
21.846155
16.153847
14.461539
14.307693
8.307693
2.307692
6.461539
11.846154
3.384616
-15.846154
-24.923078
-16.307693
-6.769231
-11.846154
-23.076924
-25.846155
-22.307693
-22.153847
-21.538462
-13.538462
-5.230769
-7.230770
-12.307693
-4.615385
11.230770
16.923078
10.307693
9.692308
21.692309
31.538463
30.153847
27.846155
33.846155
37.846155
30.769232
24.307693
30.153847
39.846155
34.461540
18.769231
12.769231
18.153847
18.153847
6.615385
-2.153846
-0.153846
-0.615385
-10.769231
-21.230770
-20.307693
-16.153847
-20.307693
-29.384616
-30.153847
-24.615386
-24.307693
-28.307693
-29.846155
-25.538462
-22.615385
-21.692309
-18.923078
-14.461539
-13.846154
-16.923078
-15.846154
-8.615385
-2.307692
-0.461538
-0.461538
0.307692
0.461538
1.692308
5.846154
10.000000
10.769231
8.461539
9.384616
12.615385
12.461539
8.769231
7.076923
9.230770
10.769231
8.769231
5.846154
5.076923
3.076923
-0.461538
-0.307692
2.153846
2.307692
-4.000000
-10.307693
-8.769231
-1.538462
4.461539
2.461539
-5.538462
-11.692308
-8.923077
2.769231
11.076923
10.153847
4.000000
1.384615
6.000000
12.615385
16.615385
16.307693
13.538462
9.692308
10.461539
17.846155
23.076924
15.846154
0.153846
-7.076923
1.692308
12.923077
11.076923
-2.461539
-15.230770
-19.692308
-18.461539
-14.307693
-11.230770
-14.307693
-24.769232
-31.846155
-26.769232
-14.615385
-11.230770
-20.000001
-26.000001
-19.230770
-5.692308
1.076923
0.307692
-1.846154
-0.769231
1.692308
6.000000
15.076924
25.384616
26.461539
17.076924
9.846154
14.923077
25.692309
28.307693
21.538462
15.846154
16.923078
17.230770
11.846154
6.461539
6.153846
7.692308
3.846154
-2.615385
-5.846154
-4.000000
-3.076923
-6.923077
-12.307693
-12.923077
-9.538462
-6.923077
-7.538462
-9.384616
-8.923077
-9.076923
-11.076923
-12.461539
-8.461539
-2.615385
-2.307692
-8.461539
-11.692308
-7.230770
0.153846
0.615385
-4.000000
-6.153846
-3.692308
-0.923077
-0.923077
0.923077
2.615385
1.846154
-2.307692
-3.384616
0.923077
4.615385
2.000000
-3.230769
-3.692308
-1.230769
-0.461538
-2.461539
-4.000000
-3.384616
-4.615385
-6.461539
-4.769231
-0.923077
-1.230769
-6.307693
-8.615385
-3.076923
2.153846
0.923077
-2.153846
0.769231
5.692308
4.923077
2.769231
8.000000
15.538462
14.307693
8.461539
9.384616
18.000001
21.230770
14.769231
10.153847
13.692308
17.384616
12.615385
6.615385
7.384616
9.230770
4.307692
-3.384616
-4.000000
-0.769231
-3.076923
-10.461539
-14.769231
-12.923077
-10.307693
-11.692308
-14.000001
-13.692308
-12.461539
-12.615385
-12.615385
-10.153847
-6.307693
-3.230769
-2.769231
-3.538462
-2.615385
1.384615
5.230769
6.000000
4.923077
6.307693
8.461539
7.692308
5.384616
6.000000
8.923077
9.538462
6.461539
3.384616
4.153846
4.923077
2.615385
-0.307692
-1.076923
0.153846
-1.846154
-5.692308
-6.461539
-4.923077
-4.769231
-7.846154
-10.153847
-9.384616
-6.769231
-6.000000
-6.461539
-7.692308
-7.538462
-5.692308
-3.692308
-0.769231
1.384615
1.538462
0.923077
0.769231
2.923077
6.615385
8.769231
8.461539
5.846154
6.615385
9.692308
11.076923
9.230770
6.461539
6.153846
6.769231
6.153846
4.923077
4.153846
1.846154
-2.307692
-4.923077
-4.000000
-2.461539
-4.153846
-7.846154
-10.461539
-11.076923
-10.307693
-8.615385
-7.230770
-7.538462
-9.538462
-10.461539
-7.692308
-4.153846
-2.769231
-2.461539
-1.076923
2.153846
3.076923
2.615385
5.230769
9.384616
10.615385
7.846154
7.384616
11.692308
15.076924
11.538462
6.923077
8.307693
11.076923
8.461539
4.000000
3.230769
4.461539
1.538462
-4.000000
-5.692308
-2.923077
-2.307692
-7.538462
-12.153847
-10.769231
-8.307693
-10.153847
-12.307693
-10.923077
-8.000000
-8.769231
-10.923077
-8.307693
-2.615385
0.000000
-2.769231
-3.076923
2.153846
7.230770
7.538462
6.769231
7.692308
10.923077
12.000000
11.230770
12.000000
13.692308
12.923077
8.000000
5.076923
7.692308
10.307693
8.000000
1.538462
-3.076923
-3.692308
-3.692308
-4.615385
-6.307693
-7.692308
-10.461539
-12.769231
-14.769231
-14.461539
-12.307693
-12.000000
-13.230770
-14.461539
-14.000001
-10.307693
-7.230770
-6.153846
-6.000000
-5.692308
-2.461539
1.538462
3.692308
3.538462
3.538462
5.076923
6.769231
7.846154
9.538462
12.000000
12.615385
10.461539
8.769231
9.230770
10.769231
11.076923
9.384616
6.923077
6.307693
6.461539
4.923077
2.615385
0.615385
0.307692
0.307692
-1.692308
-4.000000
-4.769231
-4.615385
-5.692308
-7.384616
-7.538462
-4.923077
-3.538462
-4.615385
-6.307693
-4.769231
-0.769231
1.846154
2.461539
4.000000
7.230770
8.769231
8.000000
7.846154
11.692308
14.923077
14.769231
12.000000
10.615385
10.615385
9.538462
6.153846
3.384616
2.153846
0.769231
-3.230769
-7.692308
-10.153847
-11.384616
-13.692308
-17.384616
-19.846155
-19.230770
-18.923078
-20.769232
-22.461539
-22.153847
-20.153847
-18.153847
-16.461539
-15.076924
-12.769231
-10.923077
-9.076923
-6.769231
-2.307692
1.846154
3.692308
5.076923
7.692308
11.076923
14.307693
16.615385
17.846155
18.923078
19.384616
19.076924
18.153847
17.384616
17.538462
17.076924
15.692308
13.538462
10.769231
8.000000
4.923077
2.153846
0.923077
-0.307692
-2.000000
-4.769231
-7.846154
-9.846154
-11.384616
-12.615385
-12.615385
-12.461539
-11.538462
-11.692308
-12.307693
-12.769231
-12.307693
-10.000000
-7.846154
-5.384616
-3.538462
-2.000000
-0.923077
-0.461538
0.307692
2.769231
6.615385
8.923077
9.384616
8.923077
8.307693
8.153846
7.846154
7.846154
8.615385
9.384616
7.538462
4.307692
1.538462
-0.615385
-1.230769
-2.000000
-2.307692
-3.538462
-5.230769
-7.076923
-8.769231
-9.384616
-8.153846
-6.153846
-4.923077
-4.461539
-3.230769
-1.692308
-0.307692
1.538462
4.307692
7.538462
10.153847
12.000000
12.153847
12.461539
13.076924
14.000001
14.923077
15.230770
15.076924
13.230770
10.461539
8.615385
6.615385
5.846154
4.153846
2.615385
0.615385
-2.307692
-6.000000
-9.384616
-11.230770
-11.846154
-11.846154
-12.461539
-15.384616
-17.230770
-18.307693
-18.000001
-17.076924
-15.692308
-14.000001
-13.538462
-12.461539
-11.692308
-10.307693
-9.384616
-8.153846
-6.307693
-3.538462
-0.615385
1.846154
3.076923
3.692308
5.076923
7.538462
10.153847
11.076923
11.846154
11.846154
11.846154
11.384616
11.230770
11.538462
11.846154
10.461539
8.153846
6.000000
4.153846
2.307692
1.076923
0.307692
-1.230769
-4.153846
-7.538462
-9.846154
-9.076923
-7.538462
-7.076923
-7.230770
-8.461539
-8.923077
-9.692308
-9.076923
-6.153846
-2.615385
-0.923077
-0.769231
-0.153846
0.615385
1.230769
1.076923
3.384616
6.307693
8.307693
8.307693
7.384616
7.384616
7.230770
6.923077
5.846154
5.230769
4.923077
4.307692
1.076923
-1.692308
-3.076923
-2.615385
-3.538462
-4.615385
-4.153846
-4.615385
-6.153846
-8.000000
-8.461539
-6.769231
-3.230769
-4.000000
-3.692308
-2.461539
0.000000
-0.923077
-2.153846
0.615385
4.923077
5.692308
2.923077
5.076923
8.615385
11.692308
9.076923
8.307693
6.923077
6.615385
3.692308
0.307692
0.153846
1.384615
3.076923
1.692308
2.461539
2.461539
2.769231
-0.307692
-2.307692
-3.076923
-2.153846
-1.538462
-4.615385
-7.230770
-8.153846
-4.307692
-5.846154
-6.000000
-2.615385
12.461539
15.692308
7.230770
-4.615385
-4.307692
-7.384616
-12.923077
-9.538462
1.384615
4.923077
-3.384616
-4.615385
0.307692
6.153846
5.230769
6.307693
6.153846
3.384616
-0.923077
-2.615385
-1.538462
-0.153846
0.461538
-1.384615
-3.692308
-4.307692
-3.230769
-1.230769
0.000000
-0.307692
-3.230769
-7.230770
-10.307693
-10.461539
-8.615385
-6.461539
-6.461539
-8.461539
-10.153847
-9.384616
-6.923077
-4.923077
-1.538462
1.692308
1.846154
-0.153846
0.615385
3.846154
4.923077
3.076923
3.076923
3.230769
1.692308
1.076923
4.769231
9.692308
10.000000
9.384616
9.692308
9.538462
7.692308
7.692308
8.615385
7.846154
6.000000
5.692308
6.000000
5.230769
5.076923
5.846154
5.230769
3.538462
2.000000
2.153846
2.461539
2.000000
0.307692
-0.307692
-0.923077
-1.846154
-2.769231
-2.307692
-2.153846
-3.846154
-6.307693
-5.538462
-4.769231
-5.846154
-5.538462
-5.230769
-5.076923
-6.615385
-6.923077
-5.076923
-3.846154
-5.076923
-6.153846
-6.307693
-7.230770
-8.000000
-7.538462
-5.538462
-5.076923
-6.000000
-6.615385
-5.846154
-4.461539
-2.769231
-0.769231
-0.769231
-0.307692
0.000000
1.384615
1.076923
3.076923
4.615385
5.230769
5.384616
5.846154
6.923077
8.923077
9.538462
10.153847
9.692308
9.384616
10.307693
11.384616
12.769231
13.538462
13.538462
12.461539
11.230770
10.615385
11.846154
11.692308
10.307693
7.846154
4.461539
3.230769
1.538462
1.230769
0.153846
-0.769231
-3.076923
-6.307693
-9.692308
-11.230770
-11.846154
-13.384616
-14.615385
-17.076924
-18.769231
-21.846155
-20.923078
-22.000001
-19.384616
-21.846155
-19.230770
-20.923078
-18.153847
-18.769231
-14.461539
-13.230770
-9.230770
-9.230770
-5.692308
-4.461539
-0.461538
0.615385
2.307692
2.461539
2.153846
2.461539
3.076923
5.230769
5.384616
8.000000
8.307693
10.153847
8.923077
11.538462
10.461539
11.230770
8.307693
8.307693
7.692308
7.230770
6.000000
5.230769
7.384616
6.769231
9.076923
9.538462
14.000001
14.461539
15.538462
12.461539
12.307693
10.461539
10.000000
7.230770
7.076923
4.769231
3.692308
0.769231
1.538462
2.615385
5.076923
4.923077
2.000000
-0.153846
-2.461539
-3.538462
-4.923077
-3.692308
-4.769231
-6.769231
-11.538462
-12.000000
-11.076923
-7.538462
-6.000000
-4.615385
-5.538462
-6.000000
-6.615385
-6.307693
-4.615385
-3.538462
-3.846154
-5.538462
-6.769231
-5.692308
-2.923077
-1.384615
-0.769231
0.461538
0.307692
-0.153846
0.153846
2.923077
4.923077
4.000000
1.538462
1.538462
2.307692
2.769231
2.307692
3.846154
4.307692
3.230769
0.615385
1.076923
2.461539
3.538462
2.153846
1.846154
0.307692
-0.307692
-2.000000
-2.307692
-1.692308
-0.615385
-0.923077
-2.769231
-4.000000
-3.538462
-2.153846
-2.153846
-1.692308
-1.230769
-1.230769
-2.769231
-3.846154
-3.076923
-1.538462
-1.076923
-1.384615
-2.153846
-1.692308
-0.923077
-1.076923
-0.461538
-0.153846
0.615385
-0.461538
-0.615385
-0.307692
0.615385
1.538462
0.769231
0.153846
-0.307692
-0.461538
-0.307692
-0.153846
0.307692
1.538462
1.076923
0.615385
-0.307692
0.615385
1.692308
1.692308
1.076923
1.538462
1.384615
0.923077
0.615385
0.615385
1.230769
1.538462
1.846154
1.692308
2.307692
2.769231
2.769231
2.307692
2.153846
2.307692
2.461539
2.000000
2.307692
2.307692
1.846154
0.461538
-0.461538
-0.461538
-0.153846
0.461538
0.461538
1.076923
0.923077
0.307692
-0.461538
-0.769231
-0.923077
-0.615385
-1.076923
-0.461538
-1.230769
-0.923077
-0.615385
-0.461538
0.000000
0.461538
1.230769
1.230769
1.538462
0.923077
1.384615
1.230769
0.153846
-1.230769
-1.230769
-0.615385
-0.923077
-0.461538
-0.153846
0.000000
0.153846
-0.307692
-0.615385
-0.615385
-0.769231
-0.615385
-1.076923
-1.692308
-2.000000
-2.000000
-2.000000
-1.692308
-0.615385
-0.461538
-0.923077
-0.461538
-0.307692
-0.461538
-0.307692
0.000000
0.000000
-0.769231
-1.692308
-0.923077
0.000000
0.769231
1.076923
0.615385
0.769231
0.307692
0.307692
0.615385
0.769231
0.769231
-0.153846
-0.615385
-0.923077
-0.769231
-1.076923
-0.615385
-0.307692
-0.153846
-0.615385
0.000000
0.000000
0.769231
0.615385
0.461538
0.153846
-0.153846
-0.769231
-0.153846
0.615385
0.000000
-0.461538
-0.769231
-0.153846
-0.307692
0.307692
0.923077
1.538462
0.923077
0.000000
0.153846
0.615385
0.769231
0.769231
0.769231
0.615385
0.615385
0.615385
0.615385
0.769231
1.230769
1.076923
1.076923
0.615385
0.461538
0.923077
0.000000
0.000000
-0.153846
-0.307692
-0.307692
-0.769231
-0.461538
0.000000
-0.153846
0.153846
-0.153846
0.307692
0.615385
0.769231
0.769231
0.307692
0.769231
0.769231
0.769231
0.307692
0.461538
0.461538
0.615385
0.615385
1.076923
0.923077
1.076923
1.076923
0.769231
0.769231
-0.153846
-0.461538
-0.307692
-0.307692
-1.076923
-1.230769
-1.230769
-0.769231
-1.230769
-1.384615
-1.230769
-1.230769
-1.384615
-1.846154
-1.384615
-1.230769
-1.230769
-1.538462
-1.846154
-1.384615
-1.384615
-1.076923
-1.076923
