-1.406734
-0.468911
0.937822
0.937822
1.875645
3.282378
1.406734
0.000000
-1.406734
-2.813467
-2.344556
-1.875645
-2.344556
-2.813467
-1.875645
-1.406734
-2.344556
0.000000
-0.937822
-2.344556
-3.282378
-5.626934
-7.033668
-5.158023
-0.468911
3.751290
4.689112
5.158023
4.220201
1.875645
3.282378
5.626934
3.282378
3.282378
3.282378
0.468911
0.937822
1.406734
2.344556
3.751290
1.406734
0.468911
0.937822
-2.813467
-0.468911
-0.468911
-0.468911
3.282378
0.937822
0.468911
3.282378
2.813467
5.158023
5.626934
0.000000
-1.406734
-2.813467
-0.937822
-0.468911
-1.406734
-1.406734
-1.875645
-2.813467
-3.282378
-4.689112
-4.220201
-1.875645
0.000000
2.344556
4.689112
6.564757
6.095846
7.033668
6.095846
5.158023
5.158023
2.813467
2.813467
0.937822
-0.468911
-2.813467
-4.689112
-1.875645
-3.282378
-6.095846
-5.158023
-3.751290
-2.344556
-1.406734
-1.406734
0.468911
2.344556
1.875645
3.282378
2.344556
0.000000
1.875645
1.875645
3.751290
2.813467
0.000000
0.937822
1.406734
0.468911
0.937822
0.937822
0.000000
1.875645
1.875645
-0.468911
-0.937822
-0.937822
-1.875645
-2.813467
-3.282378
-2.813467
-4.220201
-3.282378
-2.344556
-0.468911
-0.468911
0.468911
0.468911
4.689112
4.220201
2.813467
4.220201
0.468911
0.468911
0.468911
1.406734
0.937822
-1.406734
-0.468911
-3.282378
-2.813467
-1.875645
-3.751290
-4.689112
-5.158023
-2.344556
-2.344556
-2.813467
-1.406734
-1.406734
0.000000
0.468911
0.000000
-1.406734
-0.468911
-0.468911
0.468911
0.468911
1.406734
3.751290
4.220201
2.344556
0.000000
-0.468911
0.000000
-0.468911
-1.875645
-0.468911
0.468911
-1.406734
-1.406734
0.000000
0.000000
-0.468911
-1.406734
-2.344556
-3.282378
-3.751290
-5.158023
-3.751290
-0.468911
0.000000
1.406734
1.875645
2.813467
2.344556
0.468911
0.000000
0.468911
0.000000
-0.937822
0.468911
-0.468911
-0.937822
-0.937822
-0.468911
-1.875645
-2.813467
-0.937822
0.468911
0.000000
1.875645
3.282378
3.751290
3.751290
3.282378
2.344556
0.000000
1.406734
0.468911
-1.406734
0.937822
-0.468911
-0.468911
-1.406734
-1.406734
-1.875645
-3.751290
-1.406734
0.000000
0.468911
0.000000
0.937822
0.000000
-0.468911
0.937822
1.875645
3.751290
5.158023
6.564757
4.220201
3.751290
3.282378
0.937822
0.937822
1.875645
1.406734
2.344556
3.282378
4.220201
4.689112
4.220201
4.689112
3.751290
4.220201
1.406734
-0.937822
-2.344556
-1.406734
-2.344556
-6.095846
-3.751290
-3.751290
-3.282378
-1.875645
-1.406734
-1.406734
-2.344556
0.000000
1.406734
1.406734
2.813467
3.751290
1.875645
0.937822
0.000000
-2.344556
-1.406734
-2.344556
-3.282378
-3.282378
-2.344556
-1.875645
0.000000
-0.468911
0.468911
0.937822
0.000000
0.000000
0.468911
1.875645
3.282378
2.813467
2.813467
2.344556
1.406734
0.937822
-0.468911
-0.468911
-1.875645
-4.689112
-5.626934
-4.220201
-2.813467
-4.689112
-4.220201
-1.406734
-1.406734
0.937822
1.875645
0.000000
0.468911
0.000000
-0.937822
-0.937822
-0.468911
-1.406734
-1.406734
-1.875645
-2.813467
-0.468911
-0.937822
-0.468911
0.937822
0.937822
2.813467
2.344556
2.344556
3.282378
3.282378
0.937822
0.000000
0.468911
-1.406734
-0.937822
0.000000
-1.875645
-0.937822
0.468911
0.937822
2.813467
2.813467
0.937822
1.875645
0.468911
-1.406734
-2.813467
-4.220201
-3.751290
-4.689112
-4.689112
-3.282378
-2.344556
-0.468911
0.000000
0.000000
0.000000
1.875645
0.468911
0.937822
1.875645
1.406734
1.875645
2.344556
2.813467
1.875645
1.406734
1.406734
0.937822
1.406734
0.000000
0.468911
0.937822
0.000000
0.468911
0.468911
2.813467
2.344556
1.406734
0.937822
0.468911
1.406734
3.751290
4.689112
3.751290
1.875645
0.468911
0.000000
-1.875645
-1.875645
-1.406734
-0.937822
0.000000
0.468911
2.344556
2.344556
3.751290
3.751290
0.937822
0.468911
0.000000
-0.468911
-1.406734
-0.937822
-2.813467
-2.344556
-2.813467
-1.875645
-1.875645
-1.875645
-2.344556
-1.406734
0.468911
-1.875645
-0.937822
-0.468911
-0.468911
0.468911
-1.406734
0.468911
0.937822
2.344556
4.220201
4.220201
3.282378
2.344556
1.875645
0.937822
0.468911
1.406734
0.468911
0.000000
-0.468911
-0.468911
-0.468911
-0.937822
-1.406734
-0.937822
-0.468911
-3.282378
-3.751290
-2.813467
-1.875645
-2.344556
0.468911
-0.937822
-2.344556
-0.468911
-1.406734
-1.406734
-0.468911
0.937822
0.937822
-0.468911
0.937822
1.406734
1.875645
3.282378
4.689112
5.626934
5.158023
5.158023
3.282378
4.689112
3.282378
0.000000
-0.937822
-2.344556
-5.158023
-3.751290
-2.813467
-5.158023
-4.689112
-2.344556
-2.813467
-2.813467
-0.468911
0.468911
-0.937822
1.406734
3.282378
0.937822
0.468911
-0.468911
0.468911
1.406734
-1.406734
-1.875645
-2.344556
-2.344556
-1.406734
-0.937822
1.875645
3.282378
2.344556
0.937822
2.813467
2.344556
2.344556
4.220201
2.813467
3.282378
0.468911
-1.406734
0.468911
0.468911
-2.813467
-5.158023
-6.095846
-7.971490
-7.971490
-8.440402
-5.626934
-5.158023
-0.937822
0.468911
3.282378
3.751290
4.220201
6.564757
5.626934
4.220201
2.344556
0.937822
2.344556
0.937822
0.468911
1.406734
-0.468911
0.000000
-0.468911
0.000000
0.000000
0.937822
-0.937822
-0.937822
2.344556
0.468911
0.937822
0.937822
0.000000
-2.813467
-3.751290
-2.813467
-1.406734
-0.937822
0.000000
-0.468911
-0.937822
-0.937822
0.000000
0.468911
3.751290
2.344556
2.813467
4.689112
5.158023
7.502579
6.564757
3.751290
2.344556
-0.937822
-3.751290
-4.220201
-4.689112
-4.689112
-3.751290
-4.689112
-4.220201
-2.344556
-1.406734
0.468911
0.468911
-0.468911
0.468911
1.875645
0.468911
0.937822
0.468911
0.468911
0.468911
-0.468911
0.468911
0.468911
0.000000
1.406734
1.406734
3.751290
5.626934
8.909313
10.316046
9.847135
10.316046
6.564757
2.344556
-0.468911
-4.220201
-9.378224
-10.316046
-11.722780
-12.191691
-10.316046
-8.440402
-6.564757
-5.626934
-4.220201
-1.406734
0.000000
0.937822
2.813467
2.813467
5.158023
6.095846
7.033668
7.502579
5.626934
3.282378
2.344556
-0.937822
-2.813467
-2.344556
-2.344556
-2.344556
-0.937822
-0.468911
0.000000
0.937822
0.937822
0.468911
0.000000
-1.406734
-5.158023
-6.095846
-5.626934
-7.971490
-6.095846
-4.220201
-3.282378
-2.813467
-1.875645
0.937822
1.406734
2.344556
6.564757
7.971490
7.502579
6.564757
3.751290
2.813467
1.406734
-0.468911
0.000000
-0.468911
-3.751290
-5.158023
-4.220201
-5.158023
-5.626934
-3.282378
0.000000
1.406734
2.813467
5.158023
7.033668
7.033668
7.502579
7.971490
7.033668
6.564757
3.282378
1.406734
0.000000
-0.937822
0.937822
-0.468911
-0.937822
0.000000
-1.406734
-1.875645
-1.406734
-1.406734
-0.468911
0.000000
1.406734
1.875645
-1.875645
-0.468911
0.000000
-1.406734
0.000000
0.468911
-1.406734
-1.406734
-1.875645
-2.344556
-1.406734
-1.406734
-0.937822
-0.937822
0.000000
0.468911
0.937822
0.000000
0.468911
0.468911
0.937822
1.406734
0.468911
0.000000
0.468911
-0.468911
0.000000
-0.468911
-0.468911
1.406734
0.468911
-0.468911
-0.937822
0.000000
-0.468911
-1.406734
-0.937822
-2.344556
-4.689112
-3.751290
-1.406734
-0.937822
2.344556
4.220201
3.751290
3.751290
-0.468911
-2.344556
0.937822
-0.468911
0.937822
0.937822
1.875645
1.406734
2.344556
2.344556
4.689112
4.689112
0.937822
-0.937822
-4.689112
-1.406734
2.813467
1.875645
1.406734
-0.468911
-2.813467
-2.813467
-3.751290
-2.813467
-2.813467
-1.406734
-2.344556
-6.095846
-4.220201
-4.220201
-3.282378
-2.344556
0.000000
0.468911
2.813467
3.282378
0.000000
-1.406734
-2.344556
0.000000
1.406734
4.689112
6.564757
5.158023
6.095846
2.813467
-1.406734
-1.875645
-1.875645
0.000000
0.000000
1.406734
2.344556
-0.468911
0.000000
2.344556
0.000000
0.937822
-0.468911
-0.468911
0.468911
1.875645
2.344556
-0.937822
-0.468911
-1.406734
-0.937822
-1.406734
-0.468911
4.689112
2.344556
1.875645
0.468911
1.875645
-0.468911
-3.751290
-2.813467
-5.626934
-7.971490
-7.033668
-7.033668
-3.751290
-2.344556
-3.282378
-3.282378
-3.751290
-0.468911
1.406734
1.406734
1.875645
4.689112
2.813467
2.344556
3.751290
1.406734
3.751290
4.220201
1.406734
-0.468911
1.406734
2.344556
0.000000
0.468911
4.689112
2.344556
1.406734
2.344556
2.344556
0.937822
0.000000
-1.875645
-2.813467
-4.220201
-7.502579
-5.626934
-4.220201
-1.406734
-0.937822
0.000000
1.406734
1.875645
2.344556
4.689112
6.095846
5.626934
6.095846
3.751290
3.751290
3.751290
0.000000
0.468911
0.468911
-0.468911
0.468911
-1.875645
-1.875645
-0.468911
-1.406734
-0.468911
0.000000
-0.468911
2.813467
2.813467
3.751290
3.751290
2.813467
2.813467
2.344556
-1.406734
-3.282378
-3.751290
-4.689112
-4.689112
-6.564757
-4.689112
-3.751290
-2.344556
-2.344556
0.937822
1.406734
-0.937822
1.406734
1.875645
0.937822
-0.468911
0.000000
1.875645
0.468911
0.937822
1.406734
0.000000
-2.344556
-3.751290
-2.813467
-3.282378
-0.937822
0.937822
0.468911
2.813467
3.282378
4.689112
6.564757
2.344556
0.468911
-0.937822
-0.468911
-0.937822
-3.751290
-3.282378
-4.689112
-5.158023
-3.282378
-2.344556
0.937822
1.875645
0.937822
0.937822
0.000000
0.000000
0.937822
0.468911
0.000000
0.468911
-1.406734
-1.406734
-0.937822
-1.875645
0.000000
-0.937822
-2.344556
-5.626934
-5.158023
-1.875645
0.000000
0.468911
2.344556
2.344556
1.875645
1.875645
0.468911
0.468911
-0.937822
-1.875645
0.937822
0.937822
0.937822
0.468911
-0.937822
0.000000
-0.468911
-0.937822
-1.406734
0.000000
0.000000
0.000000
-0.468911
1.875645
4.220201
2.344556
3.751290
3.751290
1.875645
1.875645
0.937822
-1.875645
-0.468911
-1.406734
-3.282378
0.000000
0.468911
1.406734
1.875645
1.875645
1.875645
3.282378
3.751290
6.095846
7.502579
7.502579
6.564757
8.909313
7.502579
5.158023
3.751290
3.282378
4.689112
4.689112
5.158023
4.689112
4.220201
2.344556
2.344556
0.000000
-0.937822
-0.937822
-2.344556
-1.875645
-4.689112
-7.502579
-8.909313
-11.253869
-8.909313
-7.033668
-8.909313
-4.220201
-6.564757
-6.564757
-4.220201
-5.626934
-0.937822
3.282378
7.971490
9.847135
10.316046
7.502579
6.564757
7.502579
7.033668
8.909313
5.158023
1.406734
1.875645
0.937822
0.468911
0.937822
-0.937822
0.000000
0.000000
0.000000
-0.468911
-0.468911
0.468911
0.937822
3.282378
7.502579
10.316046
14.536247
14.536247
11.722780
9.847135
0.937822
-1.406734
-3.282378
-9.847135
-12.660602
-12.191691
-17.349714
-18.287537
-15.942981
-16.411892
-15.005158
-12.191691
-12.660602
-8.909313
-4.689112
-1.406734
6.564757
10.784958
9.378224
7.502579
4.220201
2.813467
1.875645
2.813467
7.971490
6.564757
4.689112
4.220201
0.000000
-0.937822
2.813467
0.468911
-0.937822
0.468911
0.000000
-0.468911
0.000000
0.468911
4.220201
5.158023
6.095846
4.220201
-7.971490
-15.474070
-19.225359
-26.727938
-23.914471
-21.569915
-20.632093
-12.191691
-11.722780
-7.033668
-0.937822
-2.813467
0.468911
2.813467
8.909313
11.722780
7.502579
14.067336
15.474070
18.287537
21.101004
23.914471
24.852294
20.163182
7.971490
-2.344556
-6.564757
-11.722780
-7.971490
-3.282378
-2.813467
-4.689112
-7.502579
-6.564757
-9.378224
-11.722780
-7.502579
-8.440402
-9.847135
-5.626934
-8.440402
-10.316046
-9.378224
-5.626934
0.000000
1.406734
2.344556
9.378224
18.287537
23.445560
22.507738
22.507738
20.163182
18.756448
21.101004
23.914471
33.761606
43.608742
52.049143
59.082811
66.116479
64.240835
60.958456
58.613900
60.958456
71.274503
71.274503
62.834101
57.207166
47.360031
41.733097
45.015475
40.795274
51.111321
64.240835
60.489545
70.805591
90.968773
109.725221
123.792557
128.950580
127.074935
104.098287
82.059460
63.771923
30.948139
10.784958
0.000000
-19.694270
-28.603583
-47.828942
-65.178657
-145.362472
-401.856899
-612.398028
-724.467805
-1021.757506
-1179.780581
-1121.166681
-1022.695329
-695.395311
-502.203896
-454.843865
-298.696435
-302.447724
-469.849023
-520.491433
-354.965779
-98.002441
174.903878
475.475958
692.581844
980.493321
1297.946204
1305.448783
1251.992906
1105.692611
951.889738
972.052919
997.843035
1044.265244
916.721397
667.729550
530.807479
186.626658
-51.580232
-43.139830
-201.162905
-282.753454
-370.908760
-444.527818
-498.921518
-416.393146
-351.683401
-557.535418
-570.196020
-639.125967
-723.998894
-672.418662
-713.682848
-570.196020
-361.530536
-173.028233
-78.308171
-89.562039
65.178657
63.771923
-10.784958
151.458318
323.548729
344.180821
356.372513
432.805038
467.973378
538.778970
568.789287
511.582120
493.763494
461.877533
302.447724
178.186256
175.372789
158.960897
96.595707
81.121638
-123.792557
-282.284543
-305.730103
-296.820790
-269.155029
-426.709193
-472.193579
-453.437131
-359.654891
-261.183539
-345.118644
-351.214489
-311.357037
-295.882968
-285.098010
-264.934828
-109.256310
24.383382
51.111321
15.005158
-29.541406
-67.523213
-56.738255
-18.756448
-112.538688
-180.999723
-196.473793
-127.543847
-100.815908
-234.924512
-202.569639
-186.626658
-189.440125
-227.890844
-249.929670
-164.118920
-127.543847
-24.383382
-62.365190
-101.284819
40.326363
107.380665
94.251151
84.872927
15.474070
-22.976649
43.608742
105.036109
85.810750
118.165623
263.997006
244.302736
167.870210
223.670643
179.592990
176.310611
163.650009
158.023075
256.963338
427.647015
505.955186
503.610630
473.131402
408.421656
420.613347
350.276667
288.849300
279.939987
315.577238
347.463200
353.559045
466.097734
584.263356
664.447171
701.960068
680.390152
654.600036
609.584561
592.703758
754.009211
730.563651
420.613347
179.124079
45.484386
153.802874
125.668202
-259.307894
-461.877533
-398.105609
-306.199014
-679.921241
-1126.324704
-1222.451500
-1235.581014
-1485.510684
-2096.970890
-2095.095245
-1448.935610
-980.024410
-1045.203066
-1337.334745
-984.713522
-334.333686
-221.326087
-494.232406
-451.092575
120.979090
657.413503
620.838430
473.131402
936.415668
1673.544076
1916.908989
1517.396646
1125.855793
1313.889185
1586.795503
1352.808814
914.845753
836.537582
1055.519113
961.736873
384.038273
-120.979090
-172.090411
-92.375507
-451.092575
-1131.482727
-1536.622005
-1555.847364
-1465.347502
-1607.427596
-1791.709698
-1605.551951
-1317.171563
-1306.386605
-1581.637480
-1705.430037
-1373.440907
-971.115097
-870.768100
-867.954633
-592.234847
-128.012758
192.253592
215.699152
281.346720
567.851464
731.970384
642.408345
520.960344
600.206337
818.718957
941.104780
762.449612
607.240005
625.058631
668.198461
697.739867
453.437131
232.111044
230.704311
233.048867
127.074935
2.344556
104.098287
384.038273
497.983695
403.732544
346.056466
567.382553
707.118091
646.628546
614.742584
739.472964
1035.355931
1201.350496
1223.858234
1324.674142
1478.008105
1652.911983
1599.456106
1618.681465
1583.044214
1107.099345
527.056190
5.158023
48.297854
110.194132
-306.199014
-693.050755
-788.239728
-603.957627
-860.452053
-1474.725726
-1806.714857
-1979.743090
-2400.356437
-3310.513077
-3647.191320
-3000.562774
-2248.898119
-2094.157423
-2361.905718
-1975.991800
-1052.705646
-582.387711
-677.576685
-716.027404
-68.929947
583.794445
570.196020
361.530536
883.897613
2096.033067
2863.171792
2712.182385
2355.340961
2551.814755
2893.182109
2658.257597
2043.515013
1845.634486
2103.066735
2050.548681
1429.710251
812.623111
859.514231
1174.153647
920.472687
201.631816
-496.108050
-869.830277
-1206.508520
-1813.279613
-2299.071617
-2403.638815
-2345.493826
-2412.548128
-2725.311899
-2865.985259
-2593.078940
-2194.035508
-2058.051260
-2216.543246
-2348.307293
-2197.317887
-1806.714857
-1500.984754
-1214.948921
-662.571527
-29.072494
412.641857
571.602754
785.426261
1285.285601
1687.142500
1699.803103
1490.199796
1421.738761
1533.808538
1606.489774
1562.412121
1518.334468
1557.723009
1479.414838
1232.767547
912.970108
690.237288
614.742584
440.776529
121.448001
-86.748572
-96.126796
38.450718
186.626658
202.569639
283.691276
334.333686
358.248157
341.367354
377.942428
548.626105
717.903048
927.037444
1036.293754
1294.194914
1616.336909
1895.807985
2192.628775
2210.447400
1937.072170
1360.311393
725.874539
470.317934
299.634257
-61.427367
-516.271232
-736.190585
-573.947310
-693.050755
-1277.314111
-1768.733049
-2058.989083
-2529.775928
-3549.657790
-4436.368870
-4310.700669
-3699.709374
-3469.005063
-3645.315675
-3294.570097
-2126.512295
-1200.412674
-1048.954356
-1096.314387
-557.535418
269.155029
397.167787
32.354873
200.225083
1218.700211
2185.126196
2363.312452
2320.641533
2843.946433
3666.885590
3878.364542
3342.867950
2895.995576
2931.163916
2833.161475
2049.141947
1149.301353
895.151482
1148.832442
1093.500920
544.874815
91.906595
0.468911
-165.525654
-757.760500
-1536.622005
-2047.266303
-2304.698552
-2722.029520
-3251.899177
-3565.600771
-3376.160645
-2867.860904
-2530.244839
-2386.289101
-2332.833224
-2103.066735
-1762.637204
-1651.036338
-1630.873156
-1528.650514
-1183.062960
-769.952192
-514.395587
-43.139830
729.625828
1523.023580
1908.468587
1909.875321
2011.629051
2128.387940
2070.242951
1801.087922
1531.932893
1470.036614
1378.598930
1177.436025
1025.508796
1052.236735
1198.537029
1195.254651
997.374124
794.335574
727.750184
663.040438
485.792004
258.370072
158.023075
300.103168
400.450165
446.872374
576.291866
860.920965
1182.594048
1308.262250
1467.692058
1646.816137
1887.367583
1937.541082
1890.649961
1779.518007
1287.630157
802.307065
417.330969
521.898166
461.877533
-118.165623
-493.294583
-504.079541
-302.447724
-924.692888
-1887.367583
-2275.157146
-2577.135959
-3260.808490
-4555.941227
-4859.795685
-4061.239910
-3548.251056
-3748.945050
-4035.918705
-2953.202742
-1440.495209
-911.563374
-1032.073553
-726.812361
346.525377
828.566092
318.390705
20.163182
826.690447
2015.849252
2277.501702
1938.009993
2163.087369
3166.557339
3849.292047
3585.295041
3149.207624
3176.404474
3261.277401
2577.604871
1414.705093
788.708640
859.045320
887.179992
298.696435
-258.838983
-310.419215
-90.968773
-278.064342
-925.630710
-1455.500367
-1748.100956
-2043.515013
-2726.718632
-3328.800614
-3476.976554
-3147.800891
-2797.993135
-2795.179668
-2594.016763
-2155.584790
-1573.197079
-1222.451500
-1255.275284
-1012.379282
-804.182709
-746.037720
-833.255204
-777.454771
-156.616341
445.465641
797.617952
1001.594325
1319.985030
1715.746084
1809.997235
1681.046655
1526.774870
1427.365695
1135.234017
717.903048
445.934552
457.188421
607.708916
663.040438
826.690447
1065.366248
1352.339903
1501.922576
1492.075441
1462.065124
1384.225865
1266.998064
1059.270403
969.239452
1057.394758
1223.858234
1394.073000
1529.119426
1809.059413
2104.942380
2333.771046
2405.514460
2362.374629
1943.636927
1138.985307
398.105609
-20.632093
-116.289978
-613.335851
-1253.399640
-1425.490050
-1192.910095
-1117.415391
-1720.904107
-2149.957855
-2167.776481
-2571.509025
-3604.520400
-4662.384069
-4502.954261
-3900.403368
-3981.993917
-4391.822306
-4036.856527
-2585.107450
-1380.943486
-1021.757506
-594.110491
431.398305
1418.925294
1418.456382
908.280996
1038.169398
1812.341791
2283.597548
2053.362148
1887.367583
2417.706151
3228.922528
3493.388446
3342.867950
3303.010498
3447.435148
3243.458776
2340.804714
1379.067841
798.086864
518.615788
86.279661
-642.877256
-1171.809091
-1200.881585
-1078.964673
-1124.449059
-1424.552228
-1681.515566
-1583.982036
-1748.100956
-2213.729779
-2807.371359
-3022.132689
-2722.498432
-2738.910324
-2968.676812
-3038.544581
-2564.944268
-1773.891072
-1431.585896
-1114.133013
-683.672531
-174.903878
61.896279
-77.370348
63.303012
422.488992
688.830554
686.954909
622.714075
875.457212
1263.246775
1478.945927
1591.484615
1652.911983
1644.940492
1513.645356
1225.733879
1033.949198
948.138448
800.431420
663.040438
551.908483
669.136283
956.578850
1176.967114
1399.699934
1593.829171
1781.862563
1824.533482
1740.129466
1709.181327
1742.005111
1703.554392
1539.435472
1399.231023
1628.997511
1958.173174
2180.437084
2014.442518
1478.008105
1184.000782
832.786293
621.307341
-78.777082
-853.887297
-1229.485168
-1389.383888
-1563.818855
-2241.864451
-2560.724067
-2373.628498
-2594.016763
-3443.683858
-4379.630615
-4137.672436
-3415.080275
-3545.906500
-4145.643926
-4057.019709
-2856.138124
-1863.922023
-1722.310840
-1422.207672
-223.670643
1027.384441
1274.031732
949.545182
1256.682018
2232.486227
2732.814478
2403.638815
2048.673036
2359.561162
2971.490279
3068.085987
2846.290989
2818.625228
3106.536705
3152.490003
2547.594554
1832.504973
1394.541911
1184.000782
716.027404
-154.271785
-903.591884
-1297.946204
-1405.326869
-1648.222871
-2103.066735
-2327.206289
-2243.271184
-2056.175615
-2321.110444
-2708.431096
-2727.656455
-2395.198413
-2290.162305
-2719.684964
-2851.917923
-2470.224206
-2044.452835
-1997.561715
-1985.838935
-1289.505802
-511.582120
-213.354596
-152.396140
208.665484
873.581567
1146.487886
1020.350773
992.685012
1206.977431
1310.137895
1150.708087
965.019251
1048.016534
1214.480010
1215.417832
1093.969831
972.521830
1052.236735
1083.184874
965.488162
800.431420
737.128408
859.514231
948.138448
955.641027
1057.863669
1333.583455
1581.168569
1732.626887
1788.896231
1985.370024
2141.986365
2170.121037
2071.180774
2180.437084
2251.711586
2336.115602
1854.543799
1296.539470
1014.254927
723.529983
656.475681
-178.186256
-614.742584
-793.397752
-857.169675
-1156.803932
-1984.432202
-2121.823183
-2232.486227
-2893.651020
-3914.001793
-4528.275466
-3988.558674
-3697.364818
-4165.338196
-4445.278183
-3799.118549
-2588.389828
-1967.551398
-1764.043937
-1014.723838
106.442843
745.099898
813.092022
909.687729
1640.720291
2352.058583
2434.118043
2271.874768
2194.973331
2566.819913
2907.249445
3015.567932
3148.269802
3210.634992
3254.712644
3048.860627
2548.532376
2057.113438
1570.383611
1107.099345
569.258198
-271.499585
-1023.633151
-1482.697217
-1602.738484
-1614.461264
-1984.901113
-2232.017316
-2251.242675
-2175.747972
-2308.449841
-2656.850864
-2576.198137
-2286.879926
-2275.626057
-2580.887249
-2654.506308
-2234.830783
-1859.232911
-1860.170733
-1753.258980
-1271.218265
-749.320099
-506.424097
-350.745578
108.787399
592.703758
770.890014
781.674972
913.439019
1170.402357
1266.060242
1163.837600
1089.280719
1102.410233
1151.176998
1067.710804
909.687729
833.724115
831.848470
788.708640
707.587002
721.654338
978.148765
1193.847917
1220.575856
1318.109385
1548.813696
1931.445236
1999.437360
2039.763723
2173.872327
2337.991247
2343.149270
2189.815308
2335.177780
2608.084099
2647.472640
2445.840823
1770.608694
1444.715410
978.148765
626.934275
178.655167
-665.384994
-997.843035
-1405.795780
-1463.002946
-1900.028185
-2386.289101
-2412.548128
-2725.311899
-3325.987147
-4187.845934
-4460.283342
-4089.843493
-4181.281177
-4563.443806
-4572.353119
-3815.999352
-2784.394710
-2203.882644
-1575.541635
-501.266074
501.734985
1052.705646
1235.581014
1587.264415
2305.636374
2704.679806
2742.661613
2579.949427
2533.996129
2794.710757
2999.624951
3170.308628
3300.197031
3315.202189
3297.383564
3031.042002
2527.431372
2009.284495
1412.360537
895.620393
150.989407
-786.364084
-1547.875874
-2022.882920
-2157.929346
-2433.180221
-2781.581243
-2889.430819
-2810.653737
-2650.755018
-2775.954309
-2703.741984
-2435.524777
-2192.628775
-2232.017316
-2388.633657
-2150.426767
-1851.261421
-1688.080323
-1690.424879
-1471.443348
-969.708363
-550.970661
-256.025516
88.624217
525.180545
884.835436
1094.438743
1246.834883
1497.233464
1631.810979
1597.111550
1447.059966
1258.557663
1192.441184
1062.552781
905.467529
728.688006
571.602754
522.367078
399.043432
440.307618
597.861781
921.410509
1183.531871
1322.798497
1539.904383
1839.538641
2162.149547
2261.089810
2356.747695
2475.851140
2583.700716
2613.242122
2600.112608
2681.703157
2720.622787
2147.144388
1840.945374
1364.531594
1292.319269
721.654338
-213.823508
-559.411063
-965.019251
-1126.324704
-2021.007275
-2555.097133
-2635.749859
-2941.948874
-3681.890748
-4415.736778
-4341.179897
-3889.149499
-4186.908112
-4769.295823
-4630.498108
-3791.147058
-3012.285554
-2847.228811
-2344.087093
-1120.228859
-66.116479
405.139277
693.519666
1433.930452
2460.377070
2806.902448
2783.456888
2859.889413
3157.179115
3435.243457
3393.510360
3375.222823
3474.631998
3470.411797
3430.085434
3205.945880
2886.148441
2473.506584
1988.183491
1547.406963
749.320099
-256.963338
-1166.182156
-1685.735767
-2142.924187
-2839.257321
-3581.543751
-3793.960525
-3649.535876
-3675.325992
-3766.763676
-3695.489173
-3082.622234
-2653.568485
-2586.514183
-2464.128360
-2019.600542
-1412.360537
-1252.461817
-1381.412397
-1213.073276
-768.545458
-323.079817
-77.370348
244.302736
819.187868
1304.979872
1531.932893
1656.194361
1897.683629
2145.737655
2219.825624
1966.144665
1711.056972
1423.614406
1176.029292
872.174833
557.066507
421.082258
338.084976
289.318211
276.657608
348.401022
553.315217
736.190585
880.615235
1083.653785
1297.946204
1527.243781
1702.616570
1965.206842
2177.623616
2458.970337
2617.462323
2825.189985
2808.309181
2322.986089
2120.885361
1788.896231
1907.999676
1316.702652
634.905766
318.390705
92.844418
-85.341839
-946.262803
-1387.508243
-1629.935334
-2219.825624
-3279.564938
-4140.016992
-4140.485903
-3946.356666
-4478.570878
-5000.000134
-4787.583360
-3993.247786
-3512.613805
-3448.841882
-2830.816919
-1626.184044
-819.187868
-598.799603
-421.551169
396.229965
1348.119702
1588.671148
1638.844647
1908.468587
2541.498708
3012.754465
3091.531547
3292.694452
3721.279289
4017.162257
4028.885037
3680.952926
3388.352337
3180.155764
2800.337691
2241.864451
1363.124861
529.869657
-132.701870
-733.377118
-1538.028738
-2328.613023
-2935.853028
-3111.225817
-3379.911935
-3840.382734
-4017.162257
-3864.297205
-3484.948044
-3418.831565
-3424.458499
-3055.894295
-2565.413179
-2245.146829
-2124.167739
-1886.898672
-1265.122420
-809.340733
-524.242722
-271.968496
220.857176
807.933999
1174.153647
1357.966837
1670.261697
2050.079770
2264.841100
2196.848976
2036.481345
2078.214442
2051.017592
1824.064571
1470.505526
1211.666543
1123.042326
968.770541
746.975543
716.027404
785.895172
917.190309
811.685289
764.325257
868.423544
1086.467252
1258.088752
1335.928011
1452.217989
1670.730608
1800.619011
1862.046378
1861.577467
1599.456106
1635.093357
1342.023857
1434.868274
1033.480286
656.944592
544.874815
422.488992
424.364637
-219.450442
-571.133843
-867.016810
-1375.316552
-2215.605424
-2898.340132
-3004.314063
-2963.049878
-3533.245898
-4059.364265
-3996.999075
-3446.966237
-3019.319222
-2975.241569
-2584.638539
-1779.986918
-1226.671701
-984.244610
-718.840871
-31.885962
784.957350
920.472687
900.778417
1026.915530
1502.391487
1924.880479
2119.947539
2387.695834
2769.389552
3000.562774
3061.052319
3094.345014
3145.456335
3193.285277
2896.933398
2385.351278
1667.917141
847.322540
237.269068
-378.880250
-1016.599483
-1714.808261
-2352.527494
-2630.122925
-2919.910047
-3159.523671
-3231.267084
-3128.106620
-2946.637986
-3009.472086
-3115.446018
-2924.130248
-2612.773211
-2307.980930
-2152.771323
-1945.043661
-1532.870715
-1186.345338
-858.107497
-426.709193
140.204449
710.869380
1013.786016
1202.757230
1545.062407
1853.605977
2085.248110
2089.468311
2027.572032
2001.313005
1825.471305
1591.953527
1334.990189
1208.384164
1155.397199
1057.394758
870.768100
830.910648
915.783575
1087.873986
1139.454218
1140.860951
1283.878868
1431.116985
1528.181603
1435.337186
1481.290483
1487.386329
1592.891349
1259.026574
909.218818
825.283713
731.501473
888.117814
271.030674
158.491986
126.606024
348.869933
222.732820
-353.559045
-395.292142
-501.734985
-884.835436
-1706.836771
-2223.576914
-2141.048543
-2183.250551
-2845.822077
-3253.305911
-3118.728396
-2594.485674
-2365.657008
-2367.532653
-1856.888355
-1158.679577
-760.573968
-543.936993
-348.869933
284.629099
677.107774
721.654338
700.084423
724.936716
979.086587
1121.635592
1304.510961
1502.391487
1783.738208
1989.121314
2262.965455
2383.944545
2436.931510
2450.998846
2301.416173
2087.592666
1390.790621
725.874539
188.502303
-332.458041
-950.951915
-1742.005111
-2158.398257
-2329.550845
-2612.773211
-2884.272796
-2910.062912
-2587.452006
-2319.234799
-2408.796838
-2409.265750
-2101.191091
-1792.178609
-1669.792786
-1749.038779
-1594.298083
-1304.510961
-1175.091469
-997.374124
-659.758059
-62.365190
423.895725
717.434137
1061.146047
1534.746360
1918.315722
2089.468311
2003.657561
1932.383058
1840.476463
1625.246222
1387.508243
1142.267685
1025.039885
923.755066
765.731991
719.309782
789.177551
1012.848194
1178.842759
1203.695052
1283.878868
1387.039332
1542.248939
1515.052090
1557.254098
1526.774870
1636.500091
1197.599207
754.947033
515.333410
387.789563
481.102892
-233.517778
-354.965779
-409.359478
-190.846859
-312.763771
-678.045596
-397.636698
-291.662767
-609.115650
-1261.371130
-1493.482174
-1150.708087
-1186.814249
-1863.453112
-2231.079493
-2073.056419
-1696.520724
-1733.095798
-1824.064571
-1269.342620
-565.506908
-355.903601
-361.061625
-213.823508
489.074382
874.519389
732.439296
624.120808
663.509349
862.796609
803.244887
703.835712
868.423544
1105.223700
1170.871268
1227.140612
1220.106944
1363.124861
1474.256815
1459.251657
1411.891625
982.368966
581.449889
246.647292
-103.160464
-547.219371
-1253.399640
-1702.147659
-2017.255986
-2331.426490
-2681.703157
-2752.039837
-2533.996129
-2231.079493
-2160.273902
-2092.750689
-1675.888632
-1306.386605
-1005.345614
-1047.078711
-953.296471
-739.472964
-710.400469
-693.050755
-639.594878
-290.724944
80.652727
287.442566
529.869657
927.506355
1389.383888
1698.396369
1809.528324
1882.209560
1975.053978
1914.095522
1754.665713
1544.593495
1338.741478
1167.588890
913.439019
776.516948
722.123249
763.387435
872.643745
895.620393
1031.135730
1144.143330
1315.764829
1480.352661
1581.637480
1590.546793
1463.002946
876.863945
652.724391
172.559322
65.178657
-466.566645
-1136.640751
-1191.503361
-1377.192197
-1130.544905
-1485.979595
-1319.047208
-1005.814526
-894.682571
-1220.575856
-1396.417556
-1081.778140
-651.317658
-899.840594
-1380.943486
-1317.640474
-981.900054
-697.270956
-866.078988
-650.848747
-12.191691
477.820514
555.659773
610.991295
977.210942
1548.344785
1603.676307
1375.316552
1181.187315
1141.329863
1097.721121
883.897613
714.151759
701.491156
668.198461
636.781411
618.024963
573.009487
609.584561
532.683124
482.978537
248.054025
-203.976372
-492.825672
-748.382276
-1007.221259
-1427.834606
-1897.214718
-2027.103121
-2129.325763
-2285.473193
-2401.294259
-2380.193255
-2176.685794
-1974.116155
-1891.118873
-1623.839488
-1295.132737
-883.897613
-562.224530
-383.569362
-171.152588
-15.005158
158.023075
225.077376
284.160188
323.548729
437.963062
542.061348
660.695882
835.599760
983.306788
1198.537029
1354.215548
1461.127302
1478.945927
1421.738761
1470.974437
1438.619564
1325.611965
1170.871268
1052.236735
1041.451777
949.076270
872.643745
887.648903
1003.001058
1159.148488
1251.992906
1355.622281
1463.940769
1534.277449
1536.622005
1023.633151
677.576685
229.297577
8.440402
-416.862057
-1289.974713
-1485.979595
-1658.070006
-1459.251657
-1884.085205
-2107.286936
-1869.080046
-1674.950809
-1801.087922
-2147.613299
-1900.966008
-1359.842482
-1200.412674
-1514.583178
-1426.427873
-930.788734
-309.950304
-247.585114
-180.061901
317.452883
868.892455
1148.832442
1128.669260
1355.622281
1875.644803
2165.431925
2099.315446
1999.437360
2057.113438
2147.613299
2033.667878
1758.417003
1603.207395
1396.886467
1109.443901
867.485721
533.152035
385.445007
134.577515
-18.287537
-159.429808
-553.315217
-799.024686
-1072.399916
-1257.619840
-1650.567427
-2125.574473
-2403.169904
-2547.594554
-2788.614911
-3030.104179
-3007.127530
-2794.710757
-2482.415897
-2344.556004
-1946.450394
-1436.275008
-951.889738
-626.465364
-407.952745
-14.536247
279.471076
452.030398
445.465641
542.530259
744.162076
886.242169
897.964949
918.128131
1111.788457
1280.596489
1306.386605
1240.739037
1322.329586
1499.109109
1456.438190
1313.889185
1164.306511
1164.306511
1144.612241
983.306788
904.529706
854.356208
901.247328
883.428702
854.356208
965.488162
1106.630434
1290.912536
1391.728444
1365.938328
1435.806097
1138.985307
845.446895
486.729826
89.562039
-90.030951
-953.765382
-1366.407239
-1804.370301
-1872.831336
-2073.525330
-2553.221488
-2431.773487
-2369.408297
-2300.009440
-2521.335526
-2383.006722
-1828.284772
-1400.168845
-1527.712692
-1547.875874
-1270.280443
-717.903048
-426.240281
-408.421656
-1.406734
535.027680
977.679854
1155.866110
1318.578297
1863.453112
2419.112885
2571.977936
2542.905442
2472.099850
2627.778369
2654.506308
2409.734661
2184.188373
1958.642086
1755.134624
1523.961402
1123.042326
823.408069
527.525101
275.250875
53.924788
-457.657332
-908.749907
-1213.073276
-1393.135177
-1678.233188
-2206.696111
-2534.933951
-2596.830230
-2683.109891
-2909.125090
-3045.578249
-2869.267637
-2563.068623
-2412.548128
-2333.771046
-1954.890796
-1470.036614
-994.091746
-743.224253
-482.040714
-0.468911
416.862057
761.042879
864.672254
1050.830001
1308.262250
1403.451224
1345.775146
1254.806373
1326.080876
1353.746637
1248.241616
1063.490603
1090.687453
1206.508520
1233.705369
1178.842759
1085.060519
1112.726279
1108.037167
1044.265244
998.780858
960.330139
934.540023
876.395034
820.125690
851.542741
908.280996
1070.993183
1181.656226
1300.759671
1208.384164
909.687729
792.928840
475.475958
419.206613
-210.072218
-818.718957
-1216.824566
-1566.163411
-1715.746084
-2362.374629
-2510.550569
-2565.882091
-2615.586678
-2922.723514
-3069.023809
-2649.817196
-2147.144388
-2048.673036
-2087.123755
-1786.082764
-1249.648350
-778.392593
-660.226971
-357.779246
173.497144
610.522383
823.876980
962.674695
1338.741478
1905.186209
2188.408574
2277.032791
2354.403139
2543.374353
2760.480239
2807.840270
2771.734108
2772.671930
2631.529659
2407.390105
2099.315446
1770.608694
1462.065124
1034.418109
663.040438
216.168064
-356.841424
-800.431420
-1141.798774
-1395.010822
-1811.403969
-2299.540529
-2494.138677
-2637.625504
-2792.366201
-3016.505755
-2986.026526
-2812.998293
-2633.405303
-2576.198137
-2336.115602
-1929.100680
-1551.158252
-1211.666543
-968.301630
-536.434414
-155.209607
183.813191
421.551169
703.366801
988.933722
1226.671701
1334.052366
1408.140336
1524.430314
1586.326592
1557.723009
1431.116985
1354.215548
1346.244057
1236.518836
1116.477569
1003.001058
969.708363
958.454494
876.863945
913.439019
963.143606
999.718680
939.698046
960.799050
1001.594325
1092.094187
1046.609800
1069.586449
1059.270403
1086.936163
726.812361
509.237564
250.867492
128.481669
-25.790116
-754.009211
-929.850911
-1334.052366
-1243.083593
-1728.875597
-2072.587507
-2123.229917
-2145.268743
-2331.895401
-2766.576084
-2685.454447
-2346.431649
-2095.564156
-2355.340961
-2227.328204
-1871.893513
-1254.337462
-1070.055360
-889.055637
-368.564204
221.326087
586.607912
704.304624
968.301630
1491.606530
1877.520448
1911.750966
1900.028185
2009.284495
2220.294536
2306.574197
2296.727061
2384.413456
2493.200854
2398.480792
2285.942104
2031.792233
1953.952974
1689.018145
1348.588613
994.091746
455.312776
-18.287537
-495.170228
-834.193026
-1192.441184
-1625.715133
-1988.652402
-2138.703987
-2315.952421
-2511.488391
-2606.677365
-2553.221488
-2354.872050
-2328.613023
-2220.763447
-1930.507414
-1598.518283
-1267.466976
-1110.850635
-819.656779
-444.527818
-120.510179
112.069777
287.911477
547.219371
804.651621
966.425985
1018.475128
1143.674419
1266.060242
1347.181880
1292.788181
1194.316828
1242.145771
1220.106944
1151.176998
1012.848194
901.247328
925.161799
852.480563
860.920965
835.599760
923.755066
917.659220
923.286154
965.488162
1021.757506
1138.516395
1155.397199
1169.464535
1144.143330
1006.283437
674.294307
525.649456
152.865051
127.543847
-447.341286
-886.711081
-1167.588890
-1410.484892
-1425.021139
-1957.235352
-2014.911430
-2100.722179
-2118.540805
-2455.219047
-2611.835388
-2398.949703
-2031.792233
-2094.626334
-2233.892960
-2006.471028
-1549.751519
-1090.218542
-1044.734155
-717.903048
-199.287260
265.872651
422.488992
561.286707
917.659220
1456.907101
1639.313558
1638.844647
1726.062130
1909.406410
2141.986365
2116.196249
2132.139230
2229.203848
2220.294536
2114.320604
1958.642086
1839.538641
1750.445512
1444.715410
1211.197632
872.643745
455.312776
26.259027
-377.473517
-618.962785
-1029.728997
-1484.572862
-1862.984201
-1997.092804
-2185.595107
-2354.872050
-2469.755294
-2347.369471
-2130.263585
-2089.468311
-1916.440078
-1672.137342
-1238.394481
-976.273120
-816.843312
-582.387711
-203.976372
110.663043
298.696435
431.398305
660.226971
945.793892
1056.456935
1129.138171
1225.264968
1335.459100
1390.321710
1250.117261
1169.464535
1188.689894
1136.171839
1110.850635
894.682571
837.006493
789.177551
760.573968
750.726832
705.242446
756.822678
747.444454
769.483280
715.558492
794.335574
827.628269
935.477846
963.612518
907.812085
865.141165
525.180545
476.882691
164.118920
72.681236
-371.846582
-830.441737
-1058.801491
-1347.181880
-1386.101509
-1816.561992
-1856.888355
-1961.924464
-2003.188650
-2294.382505
-2414.423773
-2211.385223
-1930.976325
-1936.134348
-2083.372465
-1864.859845
-1501.453665
-1123.511237
-1042.858510
-778.392593
-319.797439
46.891120
200.693994
370.439849
700.553334
1187.283160
1319.985030
1406.733602
1487.855240
1690.893790
1845.165575
1854.543799
1954.890796
2021.945098
2045.859569
1921.598101
1884.085205
1797.805544
1746.694223
1507.080599
1338.272567
1075.213383
688.361643
323.548729
-31.417050
-233.048867
-663.509349
-1104.754789
-1483.635039
-1667.448230
-1865.328757
-2104.942380
-2209.509578
-2149.020033
-2028.978766
-2049.141947
-1933.789792
-1667.917141
-1307.793339
-1084.122696
-968.301630
-732.908207
-414.517501
-115.821067
54.862610
226.015199
455.312776
692.581844
836.537582
903.122973
1058.801491
1181.656226
1286.223424
1210.259809
1151.176998
1170.402357
1161.961955
1152.114820
1025.508796
978.617676
947.200626
927.037444
889.993459
811.685289
811.216377
816.374401
801.369242
717.903048
703.835712
768.545458
860.452053
900.309505
796.211219
861.389876
625.527542
468.911201
193.660326
-98.471352
-168.339121
-731.032562
-940.635869
-1299.821849
-1375.785463
-1533.339626
-1823.126749
-1811.872880
-1897.214718
-1964.737931
-2187.001840
-2134.483786
-1953.952974
-1782.331474
-1901.434919
-1836.725173
-1610.709975
-1328.894343
-1092.094187
-977.679854
-626.465364
-301.509902
-86.748572
87.686395
323.079817
713.682848
1034.418109
1172.278002
1294.194914
1448.466699
1634.624446
1771.546516
1870.017869
1940.823460
1980.680912
1884.554116
1857.357266
1793.585343
1704.023304
1549.751519
1347.181880
1208.384164
895.151482
515.333410
218.512620
18.756448
-200.693994
-624.120808
-1034.887020
-1251.055084
-1441.901942
-1657.132183
-1868.142224
-1892.994517
-1844.227753
-1857.357266
-1896.745807
-1718.559551
-1474.256815
-1207.446342
-1040.045043
-889.524548
-602.081982
-379.349161
-127.543847
60.020634
269.623940
471.255757
603.019804
673.825395
788.708640
908.280996
1020.350773
1049.892179
1031.604642
1063.021692
1071.931005
1038.638310
1011.910371
979.555498
957.985583
918.597042
834.661937
824.814802
789.177551
774.172392
726.812361
656.006770
635.843588
644.752901
711.807203
691.644021
723.061072
742.286431
837.006493
756.822678
463.753178
364.812914
128.481669
131.764047
-361.061625
-682.265797
-898.433861
-1036.293754
-1172.746913
-1586.795503
-1645.409403
-1744.818578
-1772.484339
-2057.113438
-2121.354272
-1968.958132
-1752.790068
-1790.771876
-1845.634486
-1711.525883
-1401.106668
-1181.656226
-1155.397199
-1004.876703
-736.659496
-444.058907
-286.035832
-119.572356
206.789840
600.675248
834.661937
995.498479
1161.493044
1447.059966
1674.481898
1820.782193
1909.406410
1999.906271
2028.040943
2024.758565
1992.872603
1919.253545
1808.590501
1578.355102
1409.078158
1153.052643
851.073829
527.056190
219.450442
-5.626934
-385.913918
-776.985860
-1141.798774
-1309.668984
-1484.572862
-1678.702099
-1857.826177
-1923.004834
-1812.341791
-1803.901389
-1702.147659
-1595.704816
-1319.985030
-1126.324704
-979.555498
-827.628269
-552.846306
-224.608465
-31.417050
129.419491
266.341562
490.481116
641.470523
726.812361
770.421103
879.208501
945.793892
961.736873
914.845753
939.698046
987.058078
999.718680
919.534865
863.734432
880.615235
875.457212
847.322540
747.913365
721.654338
660.226971
617.087140
538.778970
543.936993
511.113209
518.146877
534.558769
605.364360
685.548176
704.773535
548.157194
451.561486
340.898443
251.805315
136.453159
-274.313052
-369.033115
-617.556051
-646.628546
-942.511514
-1159.148488
-1194.785740
-1349.057525
-1544.124584
-1796.398810
-1781.862563
-1664.165852
-1641.658114
-1816.561992
-1727.937775
-1629.935334
-1411.891625
-1356.091193
-1297.946204
-1093.032009
-928.444178
-753.071388
-598.799603
-380.755895
-69.867769
258.370072
492.356761
745.099898
961.267962
1247.772705
1525.368136
1721.841929
1893.932340
1962.862286
2006.002117
2084.779199
2066.960573
1993.810426
1826.878038
1701.209836
1596.642639
1332.176721
991.278278
702.897890
529.400746
217.105886
-201.631816
-653.662214
-831.379559
-1084.122696
-1395.948645
-1674.012987
-1788.427320
-1729.344508
-1825.940216
-1850.323598
-1778.580184
-1559.129743
-1388.914977
-1289.505802
-1153.052643
-918.597042
-671.949751
-473.131402
-295.414056
-94.251151
134.577515
313.701593
426.709193
568.789287
697.270956
860.920965
862.327698
856.700764
897.027127
918.128131
942.980425
866.078988
857.169675
861.389876
830.441737
773.703481
727.281272
677.576685
644.752901
569.727109
497.983695
445.934552
415.924235
425.302459
468.442290
456.719510
579.105333
602.081982
681.327975
623.182986
431.398305
486.260915
288.380388
358.248157
18.756448
-131.295136
-264.465917
-389.196297
-423.895725
-715.089581
-750.257921
-934.071112
-1025.039885
-1295.601648
-1423.614406
-1457.376012
-1413.298359
-1577.417279
-1750.445512
-1785.144941
-1683.391211
-1548.813696
-1544.593495
-1470.505526
-1268.404798
-1040.982866
-852.011652
-640.532700
-369.033115
59.082811
292.131678
522.367078
697.739867
985.651344
1297.008381
1514.583178
1667.917141
1809.528324
1912.688788
1972.240510
2059.457994
2025.696387
2049.141947
1862.046378
1708.712416
1541.311117
1230.422991
1019.881862
686.485998
497.514784
167.401299
-228.828666
-564.569086
-793.397752
-977.679854
-1225.733879
-1495.357819
-1658.538917
-1682.453388
-1762.637204
-1778.580184
-1772.484339
-1624.777311
-1489.261974
-1419.863116
-1313.420273
-1101.472411
-852.011652
-612.398028
-469.849023
-311.357037
-87.686395
111.600866
297.289701
447.810197
596.923959
753.071388
813.560933
840.757783
891.400193
939.229135
964.550340
882.490880
809.809644
753.540300
724.467805
699.146600
627.872098
594.110491
524.711634
492.356761
447.341286
444.058907
438.431973
482.040714
470.786846
500.797162
522.367078
584.263356
695.864222
706.649180
698.677689
573.947310
540.654614
442.652174
453.437131
226.953021
169.276943
-1.406734
-32.354873
-172.559322
-407.952745
-485.323093
-698.208778
-865.141165
-1243.083593
-1440.026298
-1553.971719
-1610.241063
-1844.696664
-1939.416726
-1961.455553
-1804.839212
-1772.484339
-1738.722732
-1535.215271
-1261.371130
-974.397475
-844.977984
-574.416221
-212.416774
208.196573
428.115926
661.164793
918.597042
1250.586172
1463.002946
1562.412121
1717.621728
1879.396093
1995.686070
1978.805267
1929.569591
1927.225035
1887.367583
1775.766717
1583.513125
1362.187038
1148.363531
895.151482
649.910924
315.577238
36.575074
-272.437408
-509.237564
-815.436578
-1092.563098
-1310.606806
-1483.635039
-1574.134901
-1737.315999
-1767.326316
-1819.375459
-1746.694223
-1691.831612
-1641.658114
-1510.831889
-1378.130019
-1162.899778
-1002.532147
-844.509073
-629.747743
-388.258474
-173.497144
-15.474070
129.888403
316.983972
468.442290
554.721951
605.364360
692.112932
727.281272
761.980701
716.496315
709.931558
711.807203
711.807203
730.094740
684.610353
687.423820
679.452330
687.892732
625.058631
552.377394
514.395587
487.198738
423.895725
371.846582
392.478675
509.706475
581.449889
687.423820
793.866663
942.511514
980.962232
974.866386
991.278278
969.708363
912.970108
656.475681
522.367078
312.294860
183.344279
-107.380665
-384.038273
-624.589719
-874.519389
-1142.267685
-1482.697217
-1659.007828
-1772.484339
-1835.318440
-2020.069453
-2101.191091
-2045.390658
-1879.865004
-1785.613853
-1682.453388
-1486.448506
-1171.809091
-919.065953
-709.462647
-422.488992
-56.738255
310.888126
547.688282
786.832995
1033.011375
1318.109385
1510.831889
1688.549234
1815.155258
1923.942657
1986.307846
2001.313005
1975.522889
1918.784634
1804.839212
1681.515566
1509.425155
1246.834883
1019.881862
730.094740
565.037997
245.709469
-47.828942
-364.812914
-587.076823
-825.283713
-1093.032009
-1344.368413
-1528.650514
-1636.969002
-1777.642362
-1837.194085
-1870.486780
-1793.116432
-1742.942933
-1650.567427
-1560.536476
-1382.350220
-1210.259809
-1039.576132
-884.366525
-723.529983
-529.869657
-366.688559
-226.015199
-77.839259
68.461035
220.857176
318.390705
382.162629
501.734985
613.335851
698.677689
725.405628
727.281272
751.664655
772.765659
757.291589
725.874539
689.299465
642.408345
619.900607
582.387711
545.812638
515.333410
504.079541
547.688282
584.732267
621.776252
720.716516
876.395034
1026.446618
1168.057801
1255.275284
1386.101509
1372.503085
1372.503085
1271.218265
1197.130296
1033.480286
754.478122
499.390429
191.784681
0.468911
-357.779246
-607.708916
-920.472687
-1160.555222
-1452.217989
-1708.712416
-1846.103397
-1908.937498
-1986.307846
-2127.919029
-2163.556280
-2126.043384
-1926.287213
-1821.251104
-1662.759118
-1437.212830
-1124.449059
-824.814802
-574.885132
-277.126520
120.979090
503.610630
750.257921
946.731714
1148.832442
1406.733602
1594.298083
1709.181327
1802.025745
1889.712139
1934.258703
1945.043661
1871.893513
1819.844370
1714.339350
1594.298083
1425.490050
1131.951639
873.581567
598.799603
420.613347
130.826225
-221.326087
-537.841147
-790.584284
-1010.972549
-1314.827007
-1533.808538
-1713.401528
-1779.518007
-1922.535923
-1991.465870
-1982.087646
-1887.836494
-1769.670872
-1718.559551
-1603.676307
-1485.041773
-1295.601648
-1161.024133
-1002.063236
-847.322540
-659.758059
-495.170228
-356.841424
-165.994565
73.150147
296.820790
439.369795
559.879974
693.519666
842.633428
885.304347
889.055637
867.485721
845.446895
782.612794
678.045596
615.680407
594.110491
599.737426
572.071665
572.071665
592.234847
664.916083
732.439296
791.991018
870.768100
927.975266
1031.604642
1103.348055
1194.316828
1300.290760
1401.106668
1494.888908
1535.684182
1458.313834
1388.914977
1259.026574
1135.234017
949.076270
630.216654
354.965779
38.450718
-163.181098
-461.877533
-730.563651
-991.747190
-1200.412674
-1446.591054
-1714.808261
-1909.406410
-1967.082487
-2007.408850
-2149.957855
-2250.773764
-2257.338520
-2067.429484
-1929.100680
-1767.326316
-1561.474299
-1240.270126
-905.936440
-579.105333
-256.025516
143.955739
557.535418
861.389876
1122.104503
1311.075717
1572.728167
1766.388493
1879.396093
1916.440078
1926.756124
1914.564433
1864.859845
1768.264138
1646.816137
1555.847364
1405.795780
1251.523995
1017.068394
752.602477
550.970661
322.610906
98.002441
-250.398581
-574.416221
-820.125690
-1060.677136
-1320.922853
-1614.930175
-1769.670872
-1898.152541
-2016.787074
-2178.561439
-2209.040667
-2119.478627
-2017.255986
-1935.665437
-1853.605977
-1639.782469
-1395.010822
-1180.718404
-1030.197908
-822.001335
-551.908483
-328.706752
-175.841700
-55.800433
156.147430
359.654891
463.753178
510.644298
588.483557
717.434137
779.799327
757.291589
735.721674
773.234570
784.957350
750.726832
704.304624
711.807203
780.737149
801.369242
810.747466
843.102339
911.563374
993.622834
1000.187591
1021.757506
1065.835159
1153.521554
1197.599207
1245.897060
1322.329586
1424.083317
1521.616846
1519.272290
1552.564986
1493.951086
1399.231023
1212.135454
1040.045043
906.405351
664.916083
354.965779
37.043985
-163.181098
-357.779246
-656.006770
-978.617676
-1229.954080
-1489.730885
-1787.020586
-2088.530488
-2243.271184
-2284.535370
-2401.763170
-2533.527218
-2546.187820
-2375.973054
-2128.387940
-1923.004834
-1663.696940
-1282.003223
-860.452053
-477.820514
-122.854735
294.945145
754.947033
1100.534588
1296.070559
1445.653232
1606.020863
1741.067288
1786.082764
1761.699381
1752.321157
1685.266856
1617.743643
1524.899225
1460.658390
1382.350220
1270.749354
1131.482727
975.335298
756.822678
506.893008
279.939987
35.637251
-254.618782
-613.804762
-933.133290
-1171.809091
-1379.067841
-1621.494932
-1783.738208
-1876.113714
-1873.769158
-1923.004834
-1967.551398
-1899.559274
-1754.196802
-1611.178886
-1549.751519
-1468.629881
-1305.448783
-1088.811808
-965.488162
-852.011652
-715.558492
-497.983695
-322.610906
-228.359755
-100.815908
82.059460
274.313052
380.286984
442.652174
545.812638
677.107774
747.444454
747.444454
753.071388
809.809644
852.949474
858.576409
826.690447
896.089305
974.397475
1048.954356
1086.936163
1152.583731
1279.658667
1367.813973
1406.733602
1415.642915
1462.534035
1497.233464
1502.860398
1480.821572
1487.386329
1499.109109
1465.816414
1422.676583
1400.168845
1357.966837
1278.720844
1033.480286
836.068671
603.488715
439.369795
132.232959
-219.919353
-517.209054
-752.602477
-990.340456
-1354.215548
-1601.331751
-1808.121590
-1953.952974
-2255.462876
-2464.597271
-2549.939110
-2495.545410
-2518.053148
-2520.866615
-2400.825348
-2116.196249
-1789.834053
-1500.984754
-1155.397199
-725.874539
-269.155029
108.318487
421.082258
728.219095
1065.366248
1294.663825
1441.433031
1481.290483
1558.191920
1583.044214
1580.699658
1490.668707
1412.829448
1318.578297
1226.202790
1111.788457
989.402634
889.993459
770.421103
669.605195
548.626105
411.235123
242.427091
113.007599
-48.766765
-196.942704
-451.561486
-620.838430
-813.560933
-976.742031
-1167.119979
-1366.876150
-1475.194638
-1604.145218
-1643.064847
-1705.430037
-1693.707257
-1681.046655
-1607.427596
-1526.774870
-1422.676583
-1284.347779
-1146.956797
-967.363807
-849.667096
-707.587002
-562.693441
-386.382829
-235.393423
-128.950580
9.847135
127.543847
245.240558
322.610906
440.307618
585.201179
715.089581
799.962508
867.016810
980.962232
1104.285878
1229.016257
1307.793339
1409.078158
1513.645356
1604.145218
1669.792786
1735.909265
1828.284772
1871.424602
1873.769158
1791.240787
1728.875597
1626.184044
1514.114267
1362.187038
1196.192473
1057.863669
889.524548
752.133566
590.359202
514.864498
413.579679
311.825949
119.103445
-38.450718
-198.349438
-334.802597
-501.266074
-740.879697
-935.477846
-1148.832442
-1281.534312
-1498.640198
-1675.888632
-1822.657837
-1903.310564
-2044.452835
-2182.312728
-2215.136512
-2089.468311
-1949.263862
-1870.486780
-1715.746084
-1445.184321
-1090.218542
-808.871821
-548.626105
-241.958180
99.878086
352.621223
517.677966
640.532700
816.843312
949.545182
997.843035
970.177274
936.884579
943.449336
943.449336
920.003776
875.457212
854.825119
853.887297
883.897613
864.203343
838.413227
821.532424
830.910648
819.656779
696.802044
544.874815
422.020081
324.955462
152.865051
-122.385823
-356.841424
-526.118367
-670.074106
-927.506355
-1138.985307
-1278.251933
-1323.267409
-1438.619564
-1590.077882
-1635.562268
-1617.743643
-1551.627163
-1589.140059
-1546.000229
-1458.782746
-1291.850358
-1201.819408
-1107.568256
-969.239452
-772.765659
-607.708916
-488.605471
-332.458041
-124.261468
97.064619
259.776805
437.025239
648.973102
901.247328
1087.873986
1250.586172
1411.891625
1607.896507
1752.321157
1845.165575
1899.090363
1972.709422
2027.572032
2034.605700
1983.025468
1916.440078
1857.357266
1757.479180
1602.269573
1388.914977
1200.412674
992.216101
758.698323
490.481116
280.408898
111.600866
-34.699429
-188.033392
-280.408898
-312.294860
-345.118644
-341.836265
-334.333686
-276.188697
-327.300018
-387.789563
-446.872374
-466.097734
-509.706475
-684.610353
-797.149041
-899.371683
-926.568533
-1066.304071
-1175.560380
-1214.011099
-1204.632875
-1279.189756
-1410.484892
-1410.953803
-1301.228582
-1199.943763
-1223.858234
-1180.718404
-1030.197908
-808.402910
-678.514508
-544.405904
-346.525377
-96.595707
56.738255
149.113762
256.963338
428.115926
565.975819
611.929117
625.058631
653.193303
716.496315
744.162076
800.431420
830.910648
883.897613
896.558216
947.200626
975.804209
977.210942
961.267962
955.641027
962.205784
841.226694
688.830554
517.209054
448.279108
275.719786
35.637251
-256.963338
-456.250598
-632.561210
-874.519389
-1098.190032
-1298.415115
-1369.689617
-1520.679024
-1636.031179
-1741.067288
-1702.147659
-1621.963843
-1564.756677
-1538.966561
-1447.528877
-1236.049925
-1017.537306
-827.628269
-674.294307
-437.963062
-195.535971
20.163182
201.631816
437.963062
677.576685
886.242169
1015.192750
1169.464535
1354.215548
1521.616846
1630.404245
1677.764276
1723.717574
1749.038779
1741.536200
1671.668431
1599.456106
1505.673866
1402.982313
1229.954080
1050.361090
897.027127
764.325257
609.115650
411.704034
241.958180
90.030951
-49.235676
-224.608465
-353.090134
-440.307618
-485.323093
-552.377394
-593.172669
-568.789287
-496.576962
-422.488992
-358.717069
-258.838983
-139.735538
-14.536247
15.005158
45.015475
82.997283
145.831383
154.271785
25.790116
-82.059460
-158.491986
-214.292419
-375.128961
-573.947310
-700.084423
-794.804485
-964.081429
-1169.464535
-1245.897060
-1214.011099
-1215.417832
-1311.075717
-1333.583455
-1213.542188
-1031.604642
-920.003776
-812.623111
-643.346167
-421.082258
-245.240558
-117.696711
31.417050
220.388264
398.105609
490.950027
559.879974
609.115650
696.333133
767.138724
842.633428
871.237011
886.711081
898.433861
934.071112
952.827560
937.822402
908.280996
885.304347
863.734432
756.353767
597.392870
484.854182
402.325810
251.336404
22.507738
-222.732820
-327.768929
-515.802321
-689.299465
-920.472687
-984.244610
-1047.547623
-1134.296195
-1222.920412
-1249.179439
-1137.109662
-1105.223700
-1021.757506
-987.058078
-819.656779
-700.553334
-552.846306
-437.025239
-269.623940
-99.409175
38.919630
159.898719
269.155029
448.748019
586.139001
708.993736
748.851188
842.164517
929.382000
993.622834
990.809367
992.685012
1001.594325
960.799050
880.615235
812.154200
787.770817
730.094740
633.030121
532.683124
470.317934
422.957903
360.592713
288.380388
225.077376
155.678519
67.054302
-33.761606
-119.572356
-196.004882
-247.116203
-314.170505
-376.535694
-398.574521
-360.123802
-278.533253
-187.564480
-76.432526
70.336680
206.320928
337.616065
487.667649
622.245163
666.791727
615.680407
587.545735
521.898166
429.991571
183.344279
-5.158023
-180.061901
-351.214489
-581.918800
-814.498756
-910.156641
-1014.723838
-1135.702928
-1311.075717
-1323.736320
-1272.624999
-1225.264968
-1285.285601
-1263.715686
-1133.358372
-977.210942
-902.185150
-849.198185
-695.395311
-497.514784
-363.875092
-297.758612
-172.559322
22.976649
195.067060
275.719786
356.372513
478.758336
637.250322
718.840871
806.527265
882.959791
980.024410
1029.728997
1080.840318
1122.573415
1137.109662
1114.601924
1075.213383
1070.524271
980.024410
859.983142
726.812361
641.470523
519.084699
315.108327
113.007599
-8.440402
-146.769206
-301.040991
-521.898166
-605.364360
-681.327975
-756.353767
-879.677413
-949.076270
-905.467529
-900.778417
-894.682571
-955.172116
-875.926123
-819.656779
-751.664655
-772.765659
-703.835712
-612.398028
-512.988854
-482.040714
-431.867216
-285.566921
-163.650009
-41.264186
20.163182
173.497144
319.797439
453.906042
519.553610
596.923959
685.548176
757.291589
760.105056
737.597319
729.156917
739.472964
711.807203
659.758059
618.962785
611.460206
606.302183
558.473240
523.304900
482.978537
467.035556
383.569362
312.763771
234.455600
178.655167
93.782240
-14.067336
-80.183815
-121.448001
-128.012758
-120.979090
-96.595707
-27.196850
28.134672
121.448001
181.937546
292.600589
371.846582
419.206613
407.483833
312.294860
288.849300
189.909036
128.950580
-79.245993
-246.647292
-396.229965
-513.926676
-657.882415
-843.102339
-916.252486
-980.962232
-1044.734155
-1209.790898
-1254.806373
-1213.542188
-1137.578573
-1167.588890
-1201.819408
-1119.291036
-982.837877
-864.672254
-791.053196
-653.662214
-463.753178
-294.945145
-159.898719
-6.564757
200.693994
404.201455
559.879974
684.141442
800.431420
934.540023
1039.576132
1131.482727
1188.689894
1235.112103
1248.710528
1260.902219
1261.371130
1241.207948
1209.321987
1149.301353
1105.692611
996.905213
875.457212
744.162076
674.294307
576.291866
405.608189
199.287260
32.354873
-58.613900
-227.421932
-394.823231
-607.708916
-697.739867
-836.068671
-990.340456
-1134.296195
-1193.847917
-1186.345338
-1260.902219
-1347.181880
-1387.039332
-1302.635316
-1230.422991
-1193.847917
-1175.560380
-1047.547623
-907.812085
-777.923682
-678.983419
-499.390429
-267.748296
-84.404016
46.422209
191.315770
414.048590
603.488715
726.812361
789.646462
886.711081
967.832718
1001.594325
985.182433
981.431143
1002.063236
982.837877
918.597042
863.734432
845.915806
831.379559
769.952192
685.548176
617.556051
547.219371
447.810197
326.362196
202.569639
100.815908
-27.196850
-158.960897
-293.069500
-372.784405
-443.121085
-493.294583
-523.773811
-514.864498
-459.532977
-414.048590
-309.012481
-220.857176
-93.782240
-22.038826
96.595707
182.875368
252.274226
213.354596
190.846859
197.411616
189.440125
99.409175
-87.686395
-140.673360
-193.191415
-253.212048
-455.781687
-543.468082
-563.631263
-612.398028
-776.516948
-903.122973
-842.633428
-784.957350
-822.939157
-929.382000
-852.480563
-691.175110
-562.224530
-541.123526
-440.776529
-240.551446
-48.766765
48.766765
140.673360
305.730103
487.198738
600.206337
646.159635
708.055913
790.584284
885.304347
924.692888
936.884579
932.664378
949.545182
973.928564
981.900054
949.076270
916.721397
902.654061
902.185150
854.825119
749.789010
668.198461
627.403187
540.654614
362.468358
136.453159
6.095846
-134.577515
-327.768929
-603.957627
-814.967667
-930.319822
-1074.275561
-1236.049925
-1394.541911
-1401.575579
-1399.231023
-1405.795780
-1449.873433
-1403.451224
-1269.342620
-1138.047484
-1047.078711
-969.708363
-807.933999
-631.154476
-469.380112
-355.903601
-193.660326
0.000000
156.147430
259.776805
372.315493
548.157194
691.175110
782.143883
845.915806
945.793892
1037.700487
1069.586449
1075.682295
1082.247051
1100.534588
1056.925847
972.052919
877.801768
812.623111
727.750184
578.636422
414.986413
284.160188
179.124079
33.761606
-133.170781
-262.121361
-337.616065
-429.522660
-545.812638
-631.623387
-644.283990
-641.001611
-666.322816
-674.763218
-629.747743
-528.931834
-451.561486
-347.463200
-243.364913
-77.370348
89.562039
241.020357
367.157470
497.045873
654.131125
746.975543
776.985860
726.812361
732.439296
696.333133
642.877256
470.786846
314.170505
208.665484
93.782240
-58.144989
-258.838983
-341.836265
-421.551169
-534.558769
-725.874539
-800.431420
-778.392593
-782.612794
-876.395034
-926.099622
-846.384717
-754.947033
-704.773535
-684.141442
-566.913642
-418.268791
-297.289701
-211.010040
-97.064619
55.800433
190.846859
289.318211
380.286984
471.255757
565.506908
643.346167
710.400469
754.478122
782.612794
810.747466
846.384717
868.423544
841.226694
800.431420
769.483280
744.162076
664.916083
522.367078
429.991571
358.248157
256.494427
52.049143
-107.380665
-196.004882
-294.945145
-473.131402
-660.226971
-731.501473
-805.120532
-909.687729
-1065.366248
-1077.557939
-1061.146047
-1062.552781
-1111.788457
-1073.337739
-954.703205
-881.553057
-834.193026
-754.478122
-585.201179
-462.815355
-372.784405
-270.561763
-108.318487
31.417050
137.390982
235.393423
352.152312
463.284266
550.032838
620.369519
677.107774
733.377118
780.268238
795.742308
767.138724
748.382276
737.128408
692.112932
600.206337
523.304900
468.442290
379.818073
261.652450
179.124079
128.481669
52.986966
-51.580232
-117.227800
-142.549005
-187.564480
-250.398581
-301.509902
-307.136836
-314.639416
-331.051308
-335.271509
-324.486551
-270.561763
-212.885685
-143.486827
-80.183815
25.790116
171.621499
293.538412
382.162629
492.825672
649.910924
761.980701
791.522107
808.871821
869.361366
892.338015
814.967667
668.667372
565.975819
473.600313
350.276667
159.898719
-42.670919
-162.243275
-258.370072
-374.191138
-541.123526
-633.967943
-646.159635
-683.672531
-825.283713
-922.817243
-886.711081
-823.408069
-882.021969
-983.775699
-955.641027
-843.102339
-785.895172
-796.211219
-723.998894
-565.506908
-419.206613
-335.740420
-229.766488
-60.020634
123.323646
271.030674
371.377671
450.623664
543.936993
644.283990
711.338292
710.869380
702.428979
714.620670
726.343450
680.859064
618.962785
586.139001
570.664931
541.123526
467.504467
384.507185
316.046149
276.657608
216.168064
115.352155
-18.756448
-105.505020
-191.315770
-284.160188
-403.263633
-484.854182
-526.118367
-596.923959
-657.882415
-682.734708
-636.312499
-623.182986
-622.714075
-607.240005
-552.846306
-515.802321
-490.012205
-449.216930
-403.263633
-386.382829
-392.947586
-362.468358
-320.266350
-258.370072
-208.665484
-146.300295
-79.714904
6.095846
128.012758
250.867492
353.090134
441.714351
542.530259
617.556051
655.068947
689.768376
733.377118
745.568809
694.926400
648.504191
619.900607
589.890291
532.214213
468.911201
431.867216
389.665208
338.553887
285.566921
250.867492
222.263909
174.434967
117.696711
54.862610
18.287537
-23.445560
-75.025792
-136.453159
-179.592990
-191.315770
-206.320928
-220.857176
-222.732820
-188.033392
-172.559322
-150.520495
-128.950580
-73.150147
-36.106162
-13.598425
9.847135
42.202008
70.805591
76.432526
106.442843
136.453159
149.113762
119.572356
109.256310
105.505020
101.753731
55.331522
-12.660602
-71.743414
-127.543847
-189.440125
-289.787122
-384.038273
-451.092575
-503.610630
-593.641580
-673.356484
-694.457488
-677.576685
-693.988577
-716.496315
-682.265797
-616.618229
-562.224530
-536.434414
-473.600313
-393.416497
-319.797439
-271.499585
-203.038550
-116.289978
-42.202008
26.259027
109.725221
208.665484
283.691276
365.750737
467.035556
563.162352
637.250322
704.773535
784.019528
842.164517
861.858787
870.299189
868.892455
843.102339
779.330416
697.739867
603.488715
493.294583
374.660049
258.370072
143.486827
25.321205
-91.437684
-198.818349
-289.787122
-366.219648
-427.647015
-485.792004
-543.936993
-588.014646
-617.087140
-641.939434
-657.882415
-660.226971
-639.594878
-621.307341
-598.799603
-548.157194
-468.911201
-384.507185
-301.978813
-203.038550
-86.748572
23.914471
132.701870
240.551446
335.271509
413.579679
491.418938
557.535418
590.359202
602.081982
611.460206
621.307341
595.517225
549.095016
510.175386
482.978537
445.934552
381.224806
324.017640
278.064342
235.862334
183.344279
126.137113
71.743414
7.971490
-57.676078
-137.390982
-212.885685
-283.222365
-339.960621
-389.665208
-445.934552
-485.792004
-488.605471
-468.911201
-441.714351
-407.952745
-341.836265
-262.590272
-180.999723
-105.505020
-26.727938
48.766765
114.414333
172.090411
200.225083
216.168064
230.704311
254.149871
251.336404
231.642133
223.670643
235.393423
240.082535
226.953021
209.603307
191.784681
180.999723
157.085252
114.414333
49.235676
-16.880803
-82.059460
-173.497144
-283.222365
-384.976096
-461.877533
-541.592437
-645.690723
-737.128408
-781.674972
-793.866663
-815.436578
-826.221536
-798.555775
-736.659496
-678.983419
-616.149318
-514.395587
-398.574521
-282.284543
-180.999723
-66.116479
61.427367
184.751013
302.447724
411.704034
522.835989
621.307341
715.089581
797.617952
874.050478
936.884579
982.837877
1016.599483
1032.542464
1029.260086
1004.876703
960.799050
896.089305
814.498756
721.654338
612.398028
489.543294
356.372513
231.173222
100.346997
-29.072494
-154.271785
-269.155029
-359.654891
-456.719510
-541.123526
-607.240005
-649.910924
-683.672531
-732.439296
-746.037720
-728.688006
-707.118091
-695.395311
-663.040438
-590.828113
-518.615788
-464.222089
-393.416497
-307.605748
-219.450442
-143.486827
-67.992124
17.349714
85.341839
146.300295
202.100728
251.336404
280.877809
300.103168
315.108327
318.390705
306.667925
290.256033
274.781964
247.585114
211.947863
176.779523
146.769206
114.414333
84.404016
60.489545
37.512896
13.129514
2.344556
-2.813467
-15.474070
-29.541406
-34.699429
-37.043985
-48.297854
-57.207166
-52.518054
-43.139830
-40.795274
-37.512896
-23.914471
-8.440402
4.220201
11.253869
19.694270
23.914471
27.196850
22.038826
10.784958
-5.158023
-25.321205
-44.077653
-68.929947
-96.126796
-119.103445
-130.357314
-142.549005
-147.238117
-141.611183
-126.137113
-109.256310
-85.810750
-54.862610
-27.665761
-7.033668
12.660602
34.230518
48.766765
44.546564
34.230518
30.948139
17.818626
-11.722780
-52.986966
-80.652727
-108.318487
-148.175939
-193.660326
-218.512620
-230.235400
-246.178380
-254.149871
-240.082535
-207.727662
-178.655167
-139.266627
-80.652727
-12.660602
50.173498
114.883244
180.999723
248.054025
305.730103
348.869933
391.071941
429.991571
457.657332
475.007046
480.633981
486.260915
486.729826
474.069224
454.374954
429.522660
408.421656
377.473517
332.926953
287.442566
245.709469
196.004882
132.232959
73.150147
20.163182
-30.479228
-97.064619
-160.367631
-201.631816
-242.896002
-291.662767
-339.022798
-364.812914
-376.066783
-398.105609
-420.613347
-421.082258
-399.981254
-387.789563
-384.507185
-367.157470
-333.395864
-307.136836
-289.787122
-265.872651
-234.455600
-197.411616
-169.745855
-147.707028
-123.792557
-90.030951
-56.269344
-37.981807
-19.225359
10.316046
38.450718
52.518054
62.834101
85.341839
109.256310
117.227800
120.041267
139.266627
158.960897
171.621499
178.655167
196.473793
216.168064
227.890844
232.579956
237.737979
239.613624
233.986689
223.201732
204.445284
188.971214
165.056743
136.453159
105.973931
75.963615
43.139830
5.626934
-23.914471
-54.862610
-85.810750
-115.821067
-143.955739
-167.401299
-193.191415
-220.388264
-241.958180
-259.776805
-277.126520
-293.538412
-305.261192
-308.543570
-309.950304
-301.978813
-282.753454
-260.714628
-230.704311
-192.722504
-151.927229
-110.663043
-60.489545
-4.689112
41.264186
90.499862
143.017916
189.909036
224.139554
250.398581
281.815632
305.730103
312.763771
308.543570
308.074659
304.792280
292.131678
270.092852
251.805315
238.675801
216.168064
185.219924
163.181098
150.989407
131.295136
106.911754
89.093128
74.087970
55.800433
32.354873
13.129514
-2.344556
-19.225359
-39.388541
-56.738255
-71.274503
-85.810750
-97.533530
-105.036109
-111.600866
-113.945422
-112.538688
-109.725221
-105.973931
-99.878086
-90.499862
-82.059460
-76.432526
-72.212325
-69.398858
-70.805591
-76.432526
-84.404016
-92.844418
-102.222642
-114.414333
-125.199291
-136.453159
-146.769206
-155.678519
-153.802874
-150.989407
-143.017916
-126.606024
-106.911754
-81.121638
-52.049143
-18.287537
14.536247
47.828942
78.777082
107.380665
129.888403
151.458318
169.276943
179.592990
180.999723
183.813191
183.344279
186.157747
179.592990
173.966055
171.621499
164.118920
160.367631
149.582673
138.797715
128.012758
114.883244
96.595707
75.963615
55.800433
39.388541
13.129514
-12.660602
-35.637251
-59.082811
-85.810750
-111.600866
-128.481669
-143.955739
-163.181098
-178.655167
-189.440125
-196.004882
-201.162905
-208.665484
-208.196573
-205.383106
-204.914195
-202.569639
-196.942704
-187.095569
-175.841700
-163.181098
-147.238117
-129.888403
-112.538688
-91.437684
-71.743414
-51.580232
-29.072494
-10.316046
9.847135
26.727938
43.139830
58.144989
72.212325
83.466194
93.782240
103.629375
111.600866
121.448001
126.606024
135.046426
140.204449
144.893561
150.051584
154.271785
156.147430
155.209607
154.740696
149.582673
146.300295
140.673360
132.701870
124.730379
110.194132
96.126796
83.466194
70.805591
56.738255
45.484386
33.292695
24.383382
17.818626
5.626934
-0.937822
-8.440402
-17.349714
-27.665761
-41.264186
-53.924788
-68.929947
-84.872927
-101.284819
-117.227800
-129.888403
-139.735538
-148.644851
-150.051584
-144.893561
-136.453159
-125.668202
-106.442843
-88.155306
-64.709746
-39.857452
-17.349714
0.937822
21.569915
38.919630
52.049143
61.427367
67.523213
72.681236
70.336680
67.523213
67.523213
65.178657
64.709746
65.178657
68.929947
71.743414
73.619059
74.087970
74.087970
74.556881
67.523213
58.613900
48.766765
39.857452
26.259027
14.536247
-0.937822
-15.474070
-26.727938
-38.450718
-45.484386
-49.704587
-44.546564
-36.575074
-26.259027
-10.784958
6.564757
24.852294
40.795274
58.613900
72.681236
83.466194
90.968773
96.595707
96.126796
90.499862
80.652727
67.523213
52.518054
34.230518
13.598425
-9.847135
-30.948139
-51.111321
-76.901437
-97.064619
-113.476511
-128.481669
-140.204449
-150.520495
-154.740696
-157.085252
-156.616341
-154.271785
-147.238117
-143.017916
-133.639692
-125.668202
-115.821067
-101.284819
-90.499862
-75.494703
-60.489545
-44.077653
-30.010317
-16.880803
-4.689112
2.813467
10.316046
14.067336
13.598425
8.909313
-0.468911
-16.411892
-30.479228
-45.953298
-60.958456
-76.901437
-91.437684
-103.629375
-113.007599
-113.945422
-111.600866
-105.036109
-91.437684
-72.681236
-52.049143
-29.072494
-2.344556
23.914471
49.704587
76.901437
101.753731
127.543847
152.865051
175.841700
196.942704
213.354596
229.297577
245.240558
256.963338
264.465917
267.279384
267.279384
260.714628
249.460759
235.393423
219.450442
197.880527
172.559322
144.424650
112.538688
79.245993
44.546564
12.660602
-15.942981
-44.546564
-69.398858
-90.499862
-111.600866
-124.261468
-132.701870
-138.328804
-144.424650
-147.238117
-148.175939
-150.051584
-148.644851
-144.893561
-136.453159
-129.888403
-121.448001
-108.787399
-94.251151
-73.150147
-46.891120
-17.349714
11.253869
40.795274
71.274503
103.160464
128.481669
150.520495
170.683677
179.592990
185.219924
185.688836
177.717345
166.932387
153.333963
135.515337
116.289978
98.940263
85.341839
70.336680
56.738255
43.608742
33.292695
23.445560
10.316046
-2.344556
-15.005158
-31.885962
-52.986966
-82.059460
-112.069777
-139.266627
-173.497144
-201.631816
-230.235400
-261.183539
-281.815632
-297.758612
-310.419215
-318.390705
-316.983972
-313.232682
-305.730103
-292.600589
-271.030674
-245.240558
-213.823508
-176.310611
-138.797715
-95.657885
-49.704587
-6.095846
37.981807
83.935105
124.730379
163.181098
196.004882
224.139554
247.585114
261.183539
267.748296
268.686118
263.997006
254.618782
237.737979
219.919353
196.942704
167.870210
140.204449
108.787399
75.494703
42.202008
8.440402
-25.790116
-60.020634
-93.313329
-125.668202
-152.865051
-177.248434
-202.569639
-223.670643
-238.206890
-248.054025
-253.212048
-250.398581
-239.613624
-223.201732
-199.756172
-166.463476
-131.295136
-90.499862
-45.015475
-0.468911
44.546564
88.155306
130.357314
168.808032
199.756172
224.608465
242.896002
252.274226
260.245716
259.307894
255.087693
247.585114
231.173222
213.354596
193.660326
169.276943
144.893561
115.821067
88.624217
59.082811
29.541406
0.468911
-22.976649
-45.484386
-68.461035
-87.686395
-103.629375
-110.663043
-113.945422
-110.194132
-101.284819
-86.748572
-67.054302
-43.139830
-15.005158
13.129514
47.360031
78.777082
110.194132
139.735538
163.181098
182.875368
195.067060
204.914195
205.852017
198.818349
190.377948
174.434967
152.865051
126.606024
98.940263
71.274503
37.981807
6.095846
-28.134672
-65.178657
-99.878086
-138.797715
-175.372789
-211.010040
-245.709469
-273.844141
-299.634257
-319.797439
-333.395864
-338.553887
-339.022798
-333.395864
-319.797439
-301.040991
-272.437408
-240.551446
-207.258751
-168.808032
-128.950580
-89.093128
-52.049143
-17.818626
17.349714
46.891120
73.150147
101.753731
124.730379
145.362472
164.118920
177.717345
191.784681
199.756172
206.320928
211.947863
214.292419
212.416774
209.603307
207.727662
203.507461
196.473793
190.377948
183.344279
173.497144
162.243275
150.520495
138.328804
126.606024
112.069777
98.002441
82.528371
66.116479
51.580232
38.450718
19.694270
-0.937822
-22.507738
-46.891120
-73.619059
-104.567198
-131.764047
-164.118920
-197.411616
-224.139554
-252.743137
-274.781964
-293.538412
-307.136836
-313.232682
-313.701593
-305.730103
-288.849300
-267.748296
-241.020357
-210.541129
-175.841700
-137.390982
-100.346997
-60.489545
-23.914471
11.253869
43.608742
75.963615
103.629375
130.357314
154.271785
170.214766
187.095569
199.287260
206.789840
213.823508
218.043708
217.574797
216.168064
207.258751
198.818349
186.157747
170.683677
153.333963
131.764047
110.663043
90.968773
67.054302
44.546564
23.445560
2.813467
-12.191691
-25.790116
-36.575074
-43.139830
-50.642410
-53.455877
-53.924788
-52.986966
-47.360031
-42.670919
-34.699429
-26.259027
-21.569915
-16.880803
-13.598425
-15.942981
-15.474070
-14.536247
-18.287537
-23.445560
-29.072494
-35.168340
-44.546564
-52.518054
-58.144989
-68.929947
-76.901437
-81.121638
-89.562039
-91.906595
-94.720063
-96.126796
-96.126796
-96.126796
-92.375507
-91.437684
-85.341839
-75.494703
-64.240835
-55.800433
-45.953298
-32.823784
-22.038826
-7.971490
7.502579
23.445560
41.264186
60.958456
78.777082
98.471352
116.289978
136.453159
149.113762
158.960897
171.152588
173.028233
176.310611
176.310611
173.028233
167.401299
161.774364
151.927229
138.328804
121.916912
108.787399
90.030951
69.398858
52.518054
30.948139
11.722780
-7.971490
-28.134672
-48.297854
-67.054302
-82.997283
-102.691553
-120.041267
-135.515337
-149.582673
-156.616341
-160.836542
-162.243275
-161.774364
-158.023075
-149.113762
-138.328804
-121.448001
-105.505020
-90.030951
-66.116479
-49.235676
-30.010317
-9.378224
13.129514
34.230518
52.049143
75.494703
91.906595
104.098287
119.572356
128.950580
134.577515
136.453159
130.826225
127.543847
116.289978
104.567198
92.375507
75.494703
57.207166
37.043985
16.411892
-10.316046
-30.479228
-47.828942
-73.150147
-89.093128
-104.567198
-118.165623
-130.826225
-144.893561
-149.113762
-154.740696
-157.085252
-154.271785
-150.520495
-138.328804
-125.199291
-112.538688
-96.595707
-77.370348
-55.331522
-37.043985
-15.474070
1.406734
17.818626
39.857452
50.642410
69.398858
85.341839
94.251151
108.318487
114.414333
127.543847
129.419491
128.481669
131.764047
126.137113
124.261468
115.821067
104.567198
97.533530
83.466194
73.619059
61.427367
48.297854
37.043985
22.038826
8.909313
-7.502579
-21.569915
-32.823784
-42.670919
-54.862610
-64.240835
-69.398858
-78.308171
-83.935105
-85.341839
-86.279661
-83.935105
-80.652727
-78.777082
-70.805591
-60.020634
-45.484386
-32.354873
-18.287537
0.000000
11.722780
23.914471
35.168340
44.077653
52.049143
52.518054
53.924788
52.986966
47.360031
44.546564
39.857452
31.417050
21.101004
11.253869
-2.813467
-17.818626
-27.665761
-41.733097
-58.613900
-69.867769
-82.059460
-93.782240
-99.409175
-105.505020
-104.567198
-103.160464
-96.595707
-87.686395
-80.183815
-60.958456
-48.297854
-29.072494
-4.689112
14.067336
39.388541
57.676078
78.777082
103.629375
123.323646
140.204449
150.520495
164.118920
171.621499
173.497144
174.903878
171.152588
161.305453
150.520495
135.515337
117.696711
96.595707
78.777082
58.144989
33.292695
9.847135
-15.942981
-39.857452
-60.020634
-81.121638
-95.188974
-109.256310
-122.385823
-131.764047
-141.611183
-139.735538
-136.453159
-133.170781
-123.792557
-111.600866
-95.657885
-79.245993
-61.896279
-44.077653
-26.727938
-7.971490
5.158023
21.569915
35.637251
43.139830
52.518054
58.613900
61.896279
60.489545
59.551722
58.613900
55.800433
49.704587
44.546564
36.575074
27.665761
18.287537
6.564757
-6.095846
-17.818626
-26.727938
-36.575074
-45.015475
-48.297854
-47.828942
-50.642410
-51.111321
-46.422209
-45.015475
-40.795274
-30.948139
-23.914471
-15.474070
-6.095846
2.813467
13.598425
20.632093
30.479228
39.388541
46.891120
54.393699
59.082811
63.303012
65.647568
64.240835
65.647568
64.709746
60.958456
59.551722
56.269344
49.704587
45.015475
34.699429
27.196850
21.569915
13.129514
3.751290
-5.158023
-13.129514
-24.852294
-36.575074
-49.235676
-61.896279
-74.087970
-82.059460
-93.313329
-101.284819
-104.567198
-106.911754
-105.036109
-99.409175
-91.437684
-83.466194
-74.087970
-64.709746
-55.331522
-50.173498
-43.139830
-32.354873
-25.790116
-15.942981
-8.909313
-1.406734
7.502579
15.942981
26.259027
35.168340
41.733097
52.049143
57.676078
61.427367
68.929947
72.681236
76.901437
80.183815
80.652727
78.777082
76.901437
73.619059
69.867769
65.178657
58.144989
51.580232
43.608742
32.354873
22.507738
12.660602
1.406734
-7.971490
-16.880803
-24.852294
-31.885962
-40.326363
-41.733097
-47.828942
-52.986966
-52.986966
-52.049143
-48.766765
-46.891120
-41.264186
-32.354873
-27.665761
-22.976649
-15.942981
-12.191691
-2.813467
6.095846
12.660602
17.818626
24.383382
27.665761
29.541406
33.761606
37.981807
38.919630
35.637251
31.885962
25.790116
21.569915
16.411892
8.909313
2.813467
-2.344556
-11.253869
-20.163182
-24.852294
-30.948139
-32.823784
-33.292695
-36.106162
-37.043985
-37.981807
-35.637251
-32.823784
-28.603583
-20.632093
-13.598425
-6.095846
-0.937822
4.689112
12.660602
17.818626
28.134672
35.637251
43.139830
50.173498
51.580232
54.393699
60.020634
63.303012
62.834101
65.647568
62.834101
55.800433
51.111321
42.670919
31.885962
25.790116
17.349714
7.033668
-2.813467
-15.474070
-26.259027
-40.326363
-50.173498
-59.082811
-64.240835
-67.523213
-74.087970
-76.432526
-80.183815
-79.245993
-76.432526
-70.336680
-62.365190
-59.551722
-51.580232
-44.546564
-33.761606
-23.914471
-10.316046
1.875645
8.909313
19.694270
26.727938
33.761606
39.857452
48.766765
53.924788
57.207166
57.676078
53.455877
51.580232
47.360031
41.733097
34.699429
30.010317
29.072494
20.632093
18.287537
12.191691
6.564757
2.344556
-2.813467
-11.253869
-16.411892
-20.163182
-24.383382
-29.541406
-30.010317
-27.665761
-30.010317
-29.541406
-30.948139
-27.196850
-28.603583
-24.383382
-18.756448
-15.005158
-6.564757
-0.468911
1.406734
6.564757
12.660602
13.598425
16.880803
16.880803
17.349714
17.818626
17.349714
17.818626
14.067336
10.784958
7.502579
0.937822
-1.875645
-1.875645
-9.378224
-12.191691
-18.287537
-22.038826
-20.632093
-25.790116
-26.259027
-24.852294
-22.038826
-20.632093
-18.756448
-14.067336
-10.784958
-7.502579
-2.813467
2.344556
4.220201
9.847135
15.474070
18.756448
26.727938
32.823784
35.168340
39.388541
38.450718
43.608742
44.546564
43.139830
48.766765
46.891120
45.953298
45.953298
38.450718
36.106162
37.512896
30.010317
25.321205
18.756448
11.253869
5.158023
-3.282378
-8.909313
-17.349714
-27.196850
-33.292695
-39.857452
-43.608742
-46.422209
-52.518054
-56.269344
-60.958456
-64.709746
-64.240835
-63.771923
-59.551722
-56.269344
-53.924788
-51.580232
-47.360031
-41.264186
-34.699429
-29.541406
-22.976649
-19.225359
-12.660602
-5.158023
-0.468911
7.033668
12.660602
20.163182
31.885962
40.326363
48.297854
56.738255
63.303012
67.054302
70.805591
72.212325
73.150147
71.274503
66.585391
60.489545
53.924788
44.546564
37.981807
31.885962
24.852294
17.349714
7.033668
-0.937822
-7.971490
-14.067336
-22.038826
-26.259027
-30.479228
-37.512896
-39.388541
-38.919630
-39.388541
-38.919630
-37.043985
-37.043985
-35.637251
-32.823784
-30.010317
-26.259027
-22.038826
-16.880803
-17.349714
-16.880803
-13.598425
-11.253869
-9.847135
-7.033668
-9.378224
-10.784958
-5.158023
-4.689112
-5.626934
