-2.030806
-31.086950
-12.341051
19.839411
22.495080
-3.436748
-21.714001
-7.029712
12.965914
12.341051
-7.185928
-10.154029
7.342144
2.343237
-2.655669
-3.905396
-4.061612
10.310245
8.748087
-7.342144
-20.464274
-2.187022
31.399382
12.809698
-27.181555
-32.180461
13.903209
56.862563
-12.341051
-51.707440
-2.343237
17.339957
27.025339
5.467554
-17.183741
-33.586404
-1.405942
58.112289
-10.935108
-41.553411
20.776706
9.685382
-8.748087
-3.124317
8.123223
3.124317
-22.495080
11.872403
9.997813
-6.561065
11.559972
-13.434562
-8.279439
5.467554
7.342144
12.028619
-16.402662
-3.280532
8.279439
-2.187022
12.497267
-7.810792
-9.685382
4.217827
-4.374043
-1.093511
12.341051
28.275066
-27.806418
-45.927455
23.744806
29.681008
13.903209
-8.748087
-38.116663
-17.183741
31.243166
49.207987
-19.370763
-61.080390
15.465367
37.179368
-1.093511
-20.308058
-11.403756
18.277252
3.436748
2.343237
8.279439
-27.806418
-14.840504
29.524792
13.122130
-8.904302
-11.716187
-4.686475
3.592964
-2.655669
22.651296
10.622677
-37.023152
-20.932921
15.465367
48.739339
14.215641
-52.488519
-30.305871
-0.937295
36.710720
57.487426
-24.682101
-66.860376
-25.775612
41.240980
72.796578
-0.468647
-74.983599
-47.020965
28.431281
92.948420
19.370763
-90.761398
-44.365296
33.273972
67.641455
14.059425
-61.861469
-25.306965
19.370763
30.462087
21.870216
-39.210174
-34.992346
32.649109
28.743713
11.716187
-40.616116
-39.210174
24.682101
44.209080
34.836130
-53.738246
-61.236606
16.558878
57.799858
40.303685
-30.930735
-61.705253
-8.591871
35.460994
47.333397
6.717281
-55.456620
-34.211267
16.871310
72.327930
-2.655669
-64.048491
-9.060518
6.873497
47.177181
40.928548
-57.956074
-65.298218
7.342144
93.104636
44.052865
-82.013312
-57.956074
-15.934015
88.730592
103.727312
-100.446780
-108.570003
13.746993
108.882435
74.358736
-96.228952
-88.730592
13.122130
82.325743
82.169527
-85.606276
-99.353269
25.775612
84.981412
70.453340
-92.011125
-94.354362
36.085857
91.542477
46.552318
-85.293844
-80.451153
31.243166
78.264132
49.989066
-71.546851
-80.607369
19.370763
82.638175
38.585310
-66.547944
-56.550131
7.342144
77.483052
32.649109
-71.078203
-40.147469
7.029712
70.921988
35.304778
-65.298218
-54.050678
4.530259
89.355456
20.932921
-62.642548
-38.585310
-17.339957
69.516045
64.985786
-66.391728
-64.048491
-24.369670
102.477586
67.485239
-93.729499
-83.887902
25.775612
112.319183
10.778892
-78.264132
-38.585310
-13.590777
87.480866
76.701973
-80.138722
-104.664607
10.154029
130.127788
45.927455
-99.665701
-89.199240
30.774519
126.691039
19.058331
-108.882435
-70.140908
53.894462
131.689946
-21.870216
-113.100262
-42.646922
52.957167
121.692133
0.000000
-132.783457
-73.109009
91.230046
146.374234
-54.519325
-141.062896
-16.402662
92.948420
93.885715
-58.112289
-107.007845
-7.654576
86.074923
89.043024
-78.107916
-99.978132
14.840504
99.978132
51.551224
-77.639268
-75.920894
-0.156216
88.730592
71.234419
-56.237699
-120.911054
-11.872403
161.214738
50.145282
-125.753744
-88.730592
36.554505
147.780177
16.402662
-119.505111
-96.228952
54.831757
185.271976
-26.244260
-151.685573
-77.170621
105.445686
178.867127
-82.638175
-174.649300
-18.589684
167.775803
103.414881
-123.879154
-155.278537
41.709627
174.493084
27.181555
-123.566723
-108.882435
44.833944
174.805516
12.965914
-165.276350
-82.013312
109.351082
168.869314
-66.391728
-184.959545
-19.214547
150.279630
105.289471
-76.701973
-164.339055
-19.214547
189.802235
74.983599
-145.749371
-129.190493
95.604089
147.467745
-42.803138
-115.443500
-50.145282
75.139815
128.253198
-23.588591
-133.252104
-85.450060
151.841788
128.096982
-114.037557
-121.692133
32.492893
113.412694
32.180461
-99.353269
-71.546851
78.107916
97.010031
-26.400476
-119.192680
-24.838317
112.006751
64.829570
-68.110103
-54.206894
-57.331210
102.321370
120.442406
-124.347802
-131.377514
91.386262
142.625054
-29.524792
-155.434752
-75.296031
219.795675
63.736059
-147.780177
-78.420347
32.492893
138.407227
-11.716187
-115.755931
-19.058331
85.762492
27.650202
-46.864749
-48.583124
-2.655669
105.289471
-2.499453
-82.013312
-49.051771
73.421441
92.167341
-77.639268
-75.139815
36.085857
59.986879
-28.431281
9.060518
-8.279439
-4.217827
-63.892275
55.300404
94.510578
-66.547944
-44.990160
-28.587497
52.800951
58.424721
1.874590
-77.014405
-36.242073
36.085857
79.513858
-4.686475
-82.794391
2.968101
15.152936
33.898835
5.779986
-30.149656
-18.121036
56.550131
-51.863656
-11.247540
52.332304
10.778892
-37.491800
-52.800951
86.074923
-29.681008
-26.712907
54.050678
5.936202
-81.700880
-9.372950
107.164061
-8.435655
-102.008938
35.617210
96.228952
-96.853816
-50.926361
88.418161
61.080390
-111.069456
14.840504
2.811885
-12.341051
70.765772
-24.057238
-29.681008
-4.061612
-12.965914
30.305871
15.309152
2.030806
2.343237
-131.689946
131.221299
65.610649
-116.380795
-26.712907
69.984693
-23.276159
21.401569
-1.405942
-37.023152
21.557785
-30.462087
66.704160
-43.740433
19.370763
7.498360
-83.106822
71.390635
48.426908
-67.485239
-7.342144
10.622677
33.117756
-13.278346
-28.743713
44.052865
-60.611743
28.275066
78.732779
-77.795484
-26.712907
27.962634
35.460994
6.248633
-50.145282
15.934015
14.215641
-36.710720
43.740433
4.998907
16.090231
-36.242073
-80.451153
69.984693
76.233326
8.279439
-124.816449
-33.898835
114.349989
17.964821
-40.459900
-19.214547
-16.246446
22.026432
47.020965
-27.181555
-68.734966
-12.184835
156.372047
-23.588591
-137.157500
34.992346
76.233326
-60.767959
-27.806418
77.326837
48.895555
-109.038650
-36.710720
69.984693
-11.716187
10.310245
52.488519
-58.737153
-80.763585
79.357642
31.243166
-22.495080
-12.184835
16.402662
-39.678821
16.715094
34.055051
-14.840504
-59.830664
54.206894
49.207987
-33.273972
-58.580937
-48.426908
108.570003
94.666794
-126.066176
-85.918707
54.363109
150.123414
-53.738246
-141.843975
38.429095
24.213454
117.942953
-17.808605
-168.244451
52.957167
55.612836
22.495080
-26.556691
-45.771239
62.798764
-37.179368
-6.248633
34.992346
-20.620490
3.905396
-11.091324
-8.591871
54.363109
-20.151842
-20.776706
-4.061612
-58.268505
113.256478
79.045211
-220.576754
38.741526
129.190493
-92.948420
20.620490
97.166247
-147.780177
-49.832850
190.270883
-2.030806
-168.244451
19.839411
164.026623
-101.384075
-26.712907
63.111196
-97.478679
57.174994
88.730592
-67.641455
-120.754838
109.975945
18.745900
-25.306965
70.140908
-103.102449
-31.243166
57.956074
0.937295
57.643642
-37.960447
-74.827383
83.887902
-16.715094
-39.991253
-17.183741
68.422534
50.301498
-39.835037
-72.796578
-44.209080
66.235513
102.946233
-12.965914
-136.220205
60.924174
5.311338
-42.959354
63.423628
8.279439
-40.303685
42.178275
-39.210174
-104.039744
135.907774
117.630521
-143.718565
-125.441313
84.356549
134.658047
-11.403756
-148.405040
16.246446
50.613929
83.731686
-21.714001
-155.590968
2.499453
173.087141
31.868030
-158.559069
-18.902116
85.137628
15.777799
-71.390635
47.958260
11.403756
13.122130
-112.162967
72.484146
70.609556
-72.640362
16.715094
-82.325743
88.730592
42.178275
-83.887902
0.156216
49.520419
14.215641
-77.639268
-11.091324
61.861469
19.683195
8.123223
-76.389542
15.465367
57.643642
-103.727312
125.285097
-29.056145
-149.967198
130.752651
47.177181
36.554505
-151.685573
-54.831757
108.570003
86.387355
-36.398289
-98.572190
-11.091324
70.453340
87.637082
-92.323556
-87.324650
90.761398
0.312432
-2.343237
45.615023
-34.992346
-78.732779
70.453340
101.852722
-151.841788
-50.145282
70.140908
144.499644
-79.201427
-67.329023
14.684288
-46.708534
67.797671
49.832850
-20.464274
-115.287284
47.489613
70.609556
-33.898835
3.905396
76.701973
-130.908867
-105.914334
184.803329
48.114476
-45.615023
-24.682101
-45.302591
-59.518232
101.227859
114.193773
-105.914334
-134.345615
54.206894
197.925459
-99.509485
-121.379701
116.537010
-10.154029
-103.258665
60.455527
97.478679
-79.826290
63.267412
-70.765772
-146.842882
234.167532
66.235513
-241.197244
-36.242073
271.503115
16.090231
-264.473403
-48.114476
224.169718
74.046304
-163.401760
-31.086950
29.524792
49.364203
17.339957
-18.121036
-74.671168
24.525886
64.985786
-22.338864
47.489613
-85.606276
-64.829570
57.018779
74.671168
11.091324
-72.952793
15.934015
-1.874590
0.781079
-65.610649
89.511672
102.946233
-107.007845
-117.474305
-0.781079
184.647113
-5.623770
-72.484146
-66.391728
2.343237
84.981412
74.827383
-80.607369
-142.468838
156.372047
87.324650
-197.456811
-14.059425
53.894462
149.186119
60.767959
-363.045593
42.803138
263.379892
3.905396
-170.587688
66.391728
-27.493986
-107.007845
162.620681
29.212361
-99.665701
17.964821
55.612836
-100.446780
-44.209080
206.048682
53.894462
-181.835228
-170.587688
63.423628
277.907964
8.279439
-129.034277
-180.273070
62.173901
70.765772
87.324650
43.115570
-176.680106
4.998907
101.696506
60.299311
-182.928739
-13.434562
125.909960
-9.529166
-70.765772
51.551224
60.924174
31.555598
-170.743904
-62.642548
175.586595
-10.778892
99.978132
-123.410507
-89.511672
39.835037
56.081484
5.311338
-52.800951
72.327930
83.419254
-87.012218
-191.676825
135.907774
163.870407
-87.793297
-135.751558
83.263038
-53.894462
-22.963727
162.620681
124.191586
-124.035370
-297.747375
29.681008
264.004755
123.254291
-130.752651
-203.861660
-44.677728
295.247922
2.030806
-170.119041
-64.829570
149.498551
7.810792
-79.045211
135.439126
-167.307156
-54.675541
231.199431
14.215641
-252.132352
28.118850
139.969385
11.247540
-2.187022
-104.977039
-49.364203
109.194866
80.138722
16.246446
-88.105729
-201.049775
67.172808
272.440410
-4.217827
-296.810080
22.495080
157.934206
15.777799
34.211267
-55.300404
-59.362016
-86.231139
50.301498
171.212551
-44.833944
-127.628334
78.732779
51.551224
-128.721845
31.711814
53.738246
-32.805325
97.947326
-20.151842
-237.135632
99.040837
368.669363
-205.423819
-370.387737
166.994724
252.132352
-111.538104
-67.641455
146.686666
-148.717472
81.700880
-17.964821
-166.682292
121.067270
238.541575
-99.197053
-353.672643
94.510578
287.280914
6.404849
-137.782364
-155.590968
194.644926
9.060518
-267.129072
388.977421
-18.433468
-345.393204
67.641455
301.652771
-129.971572
-201.674639
204.486524
72.952793
-166.682292
-107.164061
21.089137
267.441504
201.518423
-477.395581
-120.129975
331.958642
-63.267412
-54.363109
154.653673
-79.826290
-176.367674
185.740624
-24.057238
-61.080390
111.538104
-113.725125
-46.552318
107.320276
-1.718374
15.152936
32.492893
-46.708534
20.776706
-174.805516
-19.839411
132.627241
331.333779
-229.637273
-397.881723
260.411791
404.755220
-298.528454
-501.921467
530.977612
261.036655
-445.839983
-130.284004
188.240077
384.915809
-173.399573
-487.705826
178.867127
249.476683
-3.436748
-217.608653
156.215832
149.029903
-227.606467
-138.875874
77.795484
244.633992
33.430188
-220.264323
-280.251202
214.640553
471.615596
-206.673545
-318.836512
-7.498360
291.498742
-160.902307
-84.512765
170.587688
96.853816
-70.453340
-249.320467
18.745900
285.250109
65.923081
-238.385359
-164.807702
142.312623
266.347993
-116.380795
-206.048682
47.333397
262.442597
-160.121227
-311.025721
316.961922
83.731686
-98.259758
58.893369
-34.367483
-194.957358
6.561065
364.920183
-60.299311
-324.460282
-85.606276
343.206182
182.772523
-280.876065
-127.784550
189.802235
12.965914
-215.265416
35.773425
222.607560
59.362016
-121.848349
-197.144380
60.455527
175.586595
68.422534
-188.708725
-114.193773
73.733873
63.579843
286.499835
-140.125601
-392.726601
142.625054
234.792395
-103.102449
-252.913431
394.601191
202.455718
-564.251584
-111.694320
246.508582
471.303164
-220.732970
-575.499124
105.601902
651.576234
-69.516045
-589.870980
61.549038
332.427290
201.674639
-374.449348
-215.577848
287.437130
250.882626
-113.568910
-398.037939
60.143095
351.173190
-9.685382
-76.389542
-137.782364
-122.004565
156.684479
120.442406
136.220205
-193.082768
-286.187404
167.619587
215.109200
15.621583
-226.669172
32.492893
126.378608
-97.322463
71.703067
-104.820823
-24.994533
207.142193
9.372950
-285.406324
-48.895555
306.495462
170.587688
-254.788021
-335.239175
213.390826
389.602284
-88.105729
-456.775092
83.263038
470.053437
-148.092608
-368.825578
233.542668
104.664607
-253.850726
61.236606
234.948611
-160.746091
-115.599715
178.242264
54.987973
-179.804422
-47.489613
90.917614
-42.959354
104.195960
90.761398
139.500738
-528.946806
-104.820823
689.224249
-9.060518
-506.920374
-68.578750
326.647304
214.796769
-108.257571
-305.870598
-258.849633
206.829761
525.978705
-26.556691
-498.328503
-149.967198
504.733352
52.957167
-531.602475
98.572190
398.037939
162.308249
-224.013503
-390.227147
-71.859283
463.023725
349.298600
-453.182128
-297.122512
18.902116
196.050869
480.519898
-274.002569
-381.791493
23.432375
225.107013
-72.327930
42.334490
122.004565
20.151842
96.697600
-494.891755
-113.568910
561.908346
247.914525
-527.853295
-19.839411
107.320276
-172.462278
452.557264
20.464274
-438.029192
-168.556882
242.759402
116.068363
58.424721
124.816449
-219.951891
-103.727312
-37.023152
139.656953
85.918707
45.927455
-187.302782
-111.225672
305.089519
45.302591
-359.608844
98.728406
245.571287
-184.803329
12.028619
-98.728406
135.282910
-3.124317
-28.118850
12.965914
-142.000191
168.713098
-66.079297
229.324841
-221.045402
-276.970669
406.786026
121.848349
-351.329405
-160.589875
336.020254
134.970479
-194.488710
96.697600
52.176088
-473.802617
17.027526
526.603568
93.260851
-331.646211
-258.693417
129.034277
458.337250
-284.625245
-211.984884
204.955171
126.847255
-337.894844
64.204707
432.092990
-189.802235
-292.592253
-7.029712
267.129072
87.324650
-323.366771
124.816449
275.564727
-304.308440
-140.125601
162.464465
225.419445
-52.800951
-294.154411
-74.202520
405.536299
65.298218
-325.397577
-108.413787
192.926552
82.013312
-2.811885
-193.707631
192.457905
31.399382
-61.549038
-219.014596
72.952793
260.411791
-36.398289
0.468647
-362.889377
186.521703
41.084764
224.169718
-106.851629
-290.561447
58.580937
150.435846
39.522605
94.666794
-62.642548
-269.472310
52.957167
8.279439
358.202902
-21.714001
-289.311720
-140.281817
38.897742
288.374425
172.462278
-241.978323
-194.957358
-30.149656
177.148753
257.443691
-356.484528
-97.791111
348.517520
69.203613
-507.232805
70.609556
512.075496
-195.582221
-210.110294
-0.937295
-52.488519
312.744095
4.217827
-293.060900
110.913240
25.306965
-10.935108
-17.183741
46.552318
33.273972
-60.143095
112.006751
-276.502022
104.352176
169.181746
37.179368
-136.688853
-385.853104
454.275638
301.184123
-306.339246
-365.857478
73.890088
418.502213
120.911054
-428.187595
-296.497648
269.784741
723.591732
-262.911245
-738.432236
82.638175
390.227147
275.408511
-158.715285
-406.317378
237.760496
135.126694
-264.004755
88.886808
61.705253
91.386262
-61.236606
10.778892
-297.278728
44.833944
466.616689
-47.645829
-379.135823
-7.029712
89.980319
-59.518232
393.039032
-94.823010
-347.267794
49.989066
224.482150
-167.150940
6.873497
294.466843
-174.024436
-122.629428
-117.005658
145.280723
230.730783
28.743713
-300.871692
-245.258856
279.001475
205.423819
40.928548
-329.927836
137.313716
220.264323
-613.303355
74.983599
630.330881
37.648015
-460.055624
-77.483052
99.040837
-94.354362
244.790208
328.209462
-313.525174
-438.810271
180.429286
267.910151
-40.147469
170.587688
-65.298218
-520.979799
179.179559
226.200524
57.331210
113.725125
-329.771621
-6.092417
97.478679
4.998907
73.421441
-42.178275
-55.769052
213.547042
-296.653864
-167.307156
462.555077
54.519325
-68.891182
-336.801333
-225.107013
407.723321
359.608844
-161.058522
-269.003662
-283.375519
118.880248
623.457384
-87.637082
-513.169007
-83.887902
302.902498
292.279821
-393.663896
-116.068363
492.236085
-157.465558
-242.134539
34.679915
-103.727312
212.609747
346.642930
-278.376612
-376.480154
186.677919
126.222392
94.979226
-31.711814
-350.079679
172.774710
368.513147
-214.640553
-274.315000
190.739530
29.524792
62.330117
-26.712907
-239.478870
226.825388
203.236797
-353.360211
-137.469932
385.384457
67.329023
-240.572381
-138.563443
-39.522605
179.491991
369.138010
-162.620681
-292.123605
-179.179559
-10.154029
456.618876
251.195057
-263.692324
-310.088426
-176.523890
142.156407
597.056909
98.572190
-514.887381
-503.171194
204.955171
718.280394
26.400476
-570.656433
-36.554505
251.507489
-6.561065
-54.206894
-128.409414
132.939673
-75.608463
164.026623
72.327930
-390.695795
213.078394
147.467745
-195.894653
-29.056145
176.836321
-72.952793
1.405942
-18.121036
-82.325743
518.636561
-299.778181
-642.203284
183.241171
744.368438
46.239886
-759.365158
7.810792
385.696888
-4.374043
-142.312623
114.974852
-40.147469
-254.944237
-7.498360
279.001475
447.402142
-288.686857
-612.834708
-104.977039
630.955744
362.420729
-442.871883
-144.343428
70.765772
-112.162967
80.451153
327.584599
-48.426908
-402.411982
-68.734966
117.786737
252.288568
361.639650
-371.637463
-443.809178
42.490706
315.399764
164.963918
-72.484146
-138.407227
-53.113383
101.071643
-113.256478
199.331401
-0.937295
-236.198337
-4.842691
-16.715094
207.610840
313.525174
-206.361114
-503.483625
49.832850
395.850917
200.424912
-277.283101
-237.604280
171.993631
176.055242
75.296031
-41.240980
-315.399764
-127.940766
249.320467
333.989448
-144.187213
-132.314809
160.589875
-416.158975
-60.455527
642.828147
41.084764
-476.614502
-112.787830
67.797671
270.253389
355.547233
-318.836512
-461.617782
42.803138
292.279821
68.578750
267.285288
109.663514
-568.625627
-570.031570
385.072025
879.807564
-93.417067
-594.557455
-264.942050
218.077301
135.907774
298.684670
30.149656
-490.673927
-318.836512
233.855100
379.916903
238.541575
10.935108
-508.951179
-534.414360
178.710911
858.562211
124.035370
-519.261424
-159.027717
-118.724032
-57.643642
517.074403
328.365678
-474.115049
-530.665180
12.341051
461.305351
463.961020
-106.070550
-494.423107
-302.902498
-0.624863
265.879345
416.158975
40.147469
-326.334872
-424.282199
14.840504
395.850917
142.156407
-77.170621
-268.378799
-297.278728
161.839602
409.597911
225.575661
-280.876065
-464.585883
-56.550131
171.524983
323.835419
291.811173
-144.655860
-408.973047
-218.545948
190.895746
444.902689
34.679915
-226.825388
-127.315903
-49.520419
224.638366
242.759402
-111.069456
-174.493084
15.934015
-118.255385
64.673354
473.802617
48.114476
-358.202902
-135.595342
-0.624863
135.439126
215.890279
18.433468
-74.514952
-128.096982
-105.601902
245.883719
97.322463
-204.174092
-17.652389
36.242073
-30.930735
84.512765
244.165345
-95.291657
-316.180843
-27.025339
196.207085
97.947326
45.615023
4.374043
-55.144189
-22.495080
-42.803138
9.529166
134.814263
-28.275066
-45.615023
60.455527
-77.326837
33.898835
135.907774
-66.235513
-204.486524
-46.864749
36.242073
141.531543
59.205800
-100.134348
-59.205800
-145.905587
20.151842
43.740433
-58.893369
123.879154
101.071643
-186.834135
-164.651487
87.793297
131.689946
-1.405942
-60.611743
-59.362016
15.309152
162.776897
51.238793
-80.138722
-102.633801
12.028619
59.518232
45.302591
-22.495080
144.030997
45.771239
-246.039935
-155.903400
111.381888
138.719658
-133.408320
-62.330117
-39.835037
-67.172808
-15.621583
-19.526979
-115.443500
-21.401569
45.146375
-170.900120
-182.147660
192.770336
202.924365
-259.318281
-234.792395
83.263038
141.219112
-59.049584
-112.944046
29.993440
76.077110
-65.454433
-102.633801
-22.338864
25.463181
129.190493
-24.994533
-262.130165
-52.332304
184.803329
-30.462087
-137.469932
-30.774519
41.709627
33.273972
-75.920894
-59.205800
-24.057238
9.372950
-47.333397
-83.263038
48.583124
68.578750
-19.995626
-72.640362
-105.289471
-27.962634
45.146375
17.496173
17.652389
17.964821
36.554505
21.245353
106.070550
187.146566
202.143286
252.132352
262.598813
326.178656
441.622156
568.938059
570.500217
570.968865
586.121800
606.742290
671.259429
747.180323
723.123085
634.392492
558.471598
407.567105
289.311720
308.370052
249.945331
65.766865
-114.974852
-236.198337
-321.335966
-420.533019
-485.050157
-609.241743
-724.997675
-763.270553
-733.589545
-741.087905
-824.819591
-903.864802
-921.204759
-906.832903
-871.059477
-826.850397
-790.452108
-785.140770
-789.046166
-747.492754
-640.484910
-568.313195
-570.031570
-542.225152
-442.090804
-312.900311
-251.507489
-154.966105
-54.363109
-67.016592
-8.904302
37.023152
27.650202
74.827383
127.628334
177.461185
172.462278
189.021156
194.801142
94.823010
31.868030
29.993440
36.554505
10.778892
18.277252
-61.549038
-170.743904
-159.340148
-102.477586
-120.911054
-178.242264
-159.496364
-31.711814
1247.383416
2854.531892
2954.197592
1187.084105
-361.483434
797.325605
2768.925616
2978.879693
1852.563547
1795.076121
2874.058870
2859.062151
1502.327653
782.953748
1282.219546
1280.813604
346.799146
59.674448
1046.646072
1689.161787
290.092799
-1812.103647
-2362.295806
-1504.046027
-939.950659
-1613.397109
-2055.175481
-1540.131884
-1217.858623
-2037.835524
-3054.956804
-2766.582378
-1958.946529
-1920.986082
-2296.841373
-1768.206998
-583.778563
-357.890470
-1210.360264
-1789.764783
-1224.419688
-346.174283
-61.549038
50.145282
533.164633
1118.192923
981.504070
393.195248
165.901213
529.727885
950.260904
845.908728
758.271647
1112.412937
1395.788456
1269.722280
663.448637
79.357642
-49.989066
176.523890
750.148424
1087.418404
688.443170
-169.494177
-845.908728
-1100.852966
-885.587550
-626.269269
-486.768531
-512.856575
-718.124178
-762.333258
-758.896510
-845.752512
-917.299363
-881.838370
-550.973238
33.742620
440.684861
433.498933
89.511672
-235.729690
-307.901404
-138.251011
194.332495
555.347281
706.407991
551.129454
183.553602
-129.346709
-190.114667
-172.306062
-119.661327
-65.923081
23.119943
172.774710
31.711814
-359.296413
-763.114338
-890.586456
-854.031952
-631.736823
-479.895035
-285.718756
-430.843264
80.294937
2797.981760
3948.667576
2336.051546
-925.266371
-960.883580
2912.800397
4457.774972
2975.286729
1725.091429
3208.204534
4083.638055
2081.575957
308.213836
1197.550565
2487.268471
1292.529791
-138.719658
597.525556
2222.013989
1480.613652
-1851.001389
-3445.652598
-2401.349764
-889.961593
-1269.253632
-2533.820789
-1981.597824
-1211.609990
-2007.685868
-3948.198929
-4036.617090
-2223.888579
-1499.047120
-2235.604767
-2421.970254
-861.530311
96.385168
-919.642601
-2116.724519
-1716.499558
-261.661518
341.175376
306.964109
671.415644
1435.935924
1530.758934
483.487999
-122.004565
336.645117
1268.472553
1376.417693
826.381749
1017.746143
1399.068988
1058.830907
-133.564536
-827.787692
-413.659522
384.134730
671.103213
92.635988
31.243166
266.660425
-131.221299
-1198.800292
-1792.108021
-913.862615
-266.660425
-463.804804
-477.551797
-64.517138
-389.602284
-1429.687291
-1441.559694
-527.540863
-40.459900
-68.734966
473.802617
930.733925
351.485621
-132.627241
102.008938
305.558167
7.654576
258.068554
1046.958504
945.105781
235.573474
-65.610649
-57.643642
-539.257051
-761.395963
-154.809889
162.620681
-102.633801
-439.747566
-453.806991
-902.302644
-1416.408945
-1139.906923
-598.462851
-804.667749
-901.365349
-682.506968
968.850588
3771.831255
4130.034157
2045.021452
-1341.737778
-483.175567
3666.229353
4974.380727
3284.750292
2354.485014
4224.076087
4445.277705
1723.373055
168.400667
1719.780090
2712.375485
1057.112533
-38.272879
1223.482393
2448.995593
536.132734
-2864.061057
-3767.144780
-2483.831723
-1223.638609
-1824.444698
-2569.594215
-1869.434857
-1559.034000
-2871.559417
-4746.149397
-4104.727192
-2023.463667
-1469.366112
-2264.348480
-2008.466947
-240.103733
170.900120
-1282.844409
-2059.861956
-979.629480
400.381176
735.464135
870.590830
1513.262761
2057.206287
1459.368299
294.154411
41.240980
689.536681
1524.197869
1422.345147
1037.273122
1168.806852
1096.478922
279.626339
-914.487478
-1165.370104
-584.715858
-270.722036
221.514049
533.477065
-142.000191
-1369.700412
-1782.891286
-859.499506
-556.597008
-1021.807755
-871.215693
-47.177181
-204.955171
-916.049637
-807.323418
-333.364585
-486.143668
-837.316858
26.244260
915.268558
824.975807
407.879536
287.749562
217.921085
83.106822
379.448255
748.586265
653.138392
522.854388
542.225152
188.240077
-488.018258
-505.826863
-94.041931
-298.528454
-668.759975
-424.907062
-25.463181
-550.035943
-1309.869748
-1234.417502
-984.628387
-1042.584460
-1115.381038
-670.322134
-569.094275
-800.449921
-1092.261095
842.784412
4342.800120
4778.798506
2332.771014
-1095.385411
274.783648
4208.298288
4833.161615
3144.156043
2565.220171
4582.435205
4487.612195
1522.167063
103.571096
1791.170726
2806.104984
992.439178
-386.009320
808.260713
1957.228155
-57.956074
-3154.778720
-3614.990560
-2264.192264
-1506.389264
-2462.273938
-2858.593503
-1845.065187
-1719.155227
-3135.251741
-4611.335134
-3599.681408
-1727.122235
-1425.000816
-1938.794686
-1478.582846
-4.530259
122.941859
-1151.154463
-1445.621306
-208.391919
961.196012
1041.334734
1086.949757
1723.841702
2065.798158
1320.804856
336.488901
331.333779
894.335636
1413.284629
1165.213888
861.217880
857.468700
423.657335
-377.729881
-1222.857530
-1071.953037
-78.107916
74.202520
-565.969958
-1126.159930
-1083.356792
-828.256339
-931.202572
-882.307017
-709.063660
-815.602857
-982.441365
-531.290043
-135.595342
-230.262136
-612.834708
-470.209653
47.020965
44.209080
208.548135
584.090994
700.159357
375.855291
176.211458
535.976518
713.125271
473.802617
335.082959
436.154602
411.003853
139.813169
-77.639268
-186.521703
-301.965203
-457.712387
-515.199813
-579.873167
-615.959024
-616.115240
-808.885576
-1062.111439
-1236.916955
-1088.824347
-1006.186172
-975.099221
-937.607421
-733.433330
-802.949375
1365.170153
4486.987332
4545.255837
1650.264045
-1577.623684
842.159548
4380.604351
4403.568078
3071.359466
3317.086969
5000.000123
3543.912357
479.895035
69.359829
2093.760791
2778.454782
1072.109253
61.080390
1004.467797
1295.810323
-940.419306
-3311.463199
-3224.919628
-1815.384179
-1340.644267
-2465.398255
-2553.191552
-1656.825110
-1925.672557
-3468.303894
-4520.261304
-3008.092054
-1385.946858
-1295.497892
-1484.519048
-901.365349
-0.312432
-519.417640
-1486.706070
-1065.704403
326.803520
1305.651921
1317.211892
1290.811417
1587.777713
1607.304692
849.033045
252.288568
562.845641
1230.668322
1554.972388
1062.423871
790.608324
621.114147
-46.552318
-835.598483
-1292.373575
-820.445548
-329.302973
291.186310
344.299693
-608.616880
-1599.181468
-1970.350284
-1078.357886
-666.104306
-661.886479
-413.971954
-166.994724
-383.978514
-951.041983
-839.035232
-532.071123
-335.707822
-129.659140
340.706729
633.767629
549.723512
516.137108
286.968483
7.029712
102.165154
652.201097
895.741579
513.325223
445.527552
462.086430
39.991253
-582.528836
-560.502404
-46.396102
-151.685573
-391.320658
-421.626530
-415.377896
-785.140770
-1174.743054
-1163.807946
-1022.432618
-1003.218071
-828.881203
-693.129645
-747.180323
-946.355508
-19.839411
3087.918344
4307.339126
2794.701228
-301.027908
-564.251584
2751.117011
4147.998977
3676.539598
3221.014233
4500.734325
4400.912409
1366.888527
-297.591159
1255.819071
3212.578578
2387.134123
502.390115
542.693799
1207.860810
-107.632708
-2503.358702
-2980.910499
-1732.433573
-1032.742863
-1986.128083
-2772.049932
-2055.644129
-1866.935404
-2815.946581
-4118.630401
-3621.395409
-1858.343533
-1353.922613
-1557.940489
-1456.087767
-589.558549
-449.120516
-1463.429911
-1540.912963
-277.595533
1093.354606
1321.585936
1020.401812
1160.996061
1303.933547
839.347663
254.319374
591.276923
1340.019404
1726.653587
1285.812510
712.031761
593.776376
212.141099
-359.452629
-889.180514
-641.422205
-123.098075
17.339957
191.676825
-174.961731
-867.778945
-1661.042938
-1602.305785
-832.474167
-510.357122
-389.758500
-298.684670
-243.384266
-773.424582
-1228.168868
-959.008990
-356.484528
37.648015
202.299502
416.783839
376.011507
273.065274
182.928739
154.341242
274.002569
553.004044
902.615075
683.131832
307.901404
303.214929
287.280914
-36.710720
-425.219494
-188.552509
73.733873
-157.465558
-416.471407
-440.684861
-461.617782
-847.939534
-1034.461237
-945.261997
-795.451015
-877.151895
-887.462140
-877.776758
-845.127649
-1002.280776
429.281105
3395.351101
3985.846944
2187.958938
-857.312484
-220.264323
2817.508739
3647.639669
3414.409432
3472.990369
4879.557717
3698.722246
370.700168
-373.199622
1704.158507
3483.456830
2290.748955
734.214409
1013.684531
1001.187265
-788.889950
-2648.951857
-2298.247315
-870.278398
-696.410177
-2060.486819
-2604.430345
-1969.256774
-2028.462574
-3017.308788
-4037.554384
-3003.874227
-1609.960361
-1568.875597
-1834.754943
-1652.451067
-663.761069
-932.452299
-1909.894758
-1587.465281
-210.578941
1036.804475
989.471078
749.992208
971.506257
949.167393
454.588070
143.874781
815.759073
1750.554609
1981.441608
1302.527604
697.347472
535.664087
301.808987
-107.164061
-431.155695
67.485239
414.753033
348.048873
235.729690
-226.825388
-721.717142
-1525.916243
-1428.281349
-656.731356
-369.606658
-318.055433
-489.111769
-570.968865
-1064.454677
-1513.731409
-1130.065326
-412.409796
-33.273972
37.335584
117.474305
162.776897
46.396102
-170.587688
-5.155122
351.173190
687.349659
808.104497
463.023725
283.687950
273.065274
267.597720
131.689946
-83.106822
129.346709
164.963918
-127.159687
-314.150037
-284.000382
-194.332495
-544.412173
-842.628196
-753.585172
-590.495844
-670.634565
-848.564397
-896.054010
-844.502786
-878.557837
-821.070411
1613.084677
3582.497667
3181.960275
587.527743
-1376.105261
1028.525036
2744.399730
3140.094432
3088.699423
4053.019752
4716.155957
1665.104549
-450.057811
408.660616
2790.639616
3385.040856
1756.959458
1362.670699
1423.126226
322.273261
-1539.975668
-2078.920287
-741.244121
129.971572
-767.957028
-2151.404433
-2176.398966
-1808.823115
-2110.319670
-3210.547772
-3239.447701
-1986.752947
-1705.720666
-2076.889482
-2381.510353
-1448.120759
-891.523751
-1812.728510
-2166.713585
-1513.418977
-145.593155
264.629619
31.555598
372.106111
536.288950
366.013694
-136.688853
98.259758
1128.346952
1752.272983
1576.530173
943.387407
686.412364
653.607040
418.189781
137.313716
422.095177
1096.010275
1250.039085
697.972336
-7.810792
-328.053246
-654.231903
-904.645881
-675.789688
-255.725316
-227.294035
-729.840365
-985.409466
-985.878113
-1202.080824
-1370.637707
-1047.583367
-407.254673
-261.661518
-392.570385
-223.076208
7.342144
-168.556882
-397.881723
-47.958260
499.734445
594.088808
358.359118
372.574758
446.621063
293.685763
119.817543
225.419445
528.790590
563.470505
364.920183
132.158594
15.621583
32.805325
-67.953887
-174.024436
-253.382079
-98.572190
-149.498551
-499.109582
-829.506066
-835.286052
-746.086812
-761.864611
-909.019924
119.036464
2361.670943
2772.518580
1508.576286
-881.057290
-620.020636
1375.636613
2025.025826
2578.810949
2927.953332
4139.094675
2786.265573
100.602996
-283.531734
1221.920235
3084.637812
2543.037523
1760.239991
1705.095802
1040.709870
-197.613027
-1302.371388
-694.691803
393.663896
228.543762
-914.643694
-1686.506118
-1438.591594
-1271.596870
-1933.327132
-2611.616273
-2198.269183
-1724.778997
-1904.270988
-2384.790886
-2004.717767
-1113.662664
-1399.537636
-2094.385655
-2366.669849
-1516.230862
-697.347472
-664.073500
-382.885003
-134.189399
92.479772
-312.119232
-686.568580
-149.967198
662.511342
1258.787171
1038.522849
667.041601
642.984363
595.494750
470.990732
371.637463
1104.289714
1913.487722
1380.323088
390.539579
-131.533730
366.169909
297.747375
-211.984884
72.952793
206.673545
-284.469029
-1128.659384
-720.154984
-205.267603
-798.262900
-1287.062237
-841.222253
-371.481248
-779.985647
-725.778754
82.638175
120.598622
-739.681963
-765.770007
10.310245
207.610840
-84.825197
239.635086
712.812840
213.547042
-299.778181
30.618303
473.490186
404.130356
374.293133
700.003142
589.402333
221.514049
252.288568
350.548326
201.362207
58.112289
315.243548
315.399764
-36.710720
-5.936202
215.265416
-19.370763
-499.734445
-452.088617
-137.938579
-353.047780
-538.319756
-474.583697
389.914716
1502.640085
1698.222306
1185.209515
-379.916903
-265.098266
730.309013
1350.017217
1689.318003
1920.517434
2898.897188
1743.056249
114.349989
-164.495271
931.358788
1937.544960
1372.356081
1346.736685
1263.942294
617.833614
-312.900311
-662.198910
-34.679915
258.537201
67.641455
-490.517711
-964.788976
-955.103595
-817.633663
-1057.268749
-1402.974384
-1441.247263
-1212.547285
-1429.843507
-1824.288482
-1376.417693
-871.996772
-1012.903452
-1727.747098
-1866.622972
-1304.714626
-1095.697843
-926.828529
-717.811746
-369.606658
-390.539579
-809.354224
-886.056197
-664.229716
-60.299311
285.874972
219.795675
89.980319
56.706347
120.129975
-61.080390
-19.839411
669.853486
1252.850970
890.898888
207.923272
125.597529
600.025009
460.055624
180.741717
490.517711
650.951370
181.210365
-454.900502
47.333397
407.567105
-72.327930
-539.257051
-268.378799
135.751558
-275.408511
-224.638366
189.958451
190.270883
-349.142384
-453.806991
65.454433
96.072736
-38.741526
135.282910
271.346900
-30.774519
-188.396293
181.522796
372.262327
179.023343
191.364394
390.070932
316.961922
156.059616
372.418543
666.729169
479.738819
282.125792
329.302973
307.745188
201.987070
257.599906
474.271265
349.767247
135.282910
167.150940
206.517329
112.787830
79.045211
258.537201
232.449157
-2.343237
15.621583
139.344522
124.347802
-33.742620
-30.930735
-30.305871
-207.767056
-98.259758
186.990350
415.221680
231.043215
45.927455
-13.590777
-218.545948
-144.812076
111.538104
474.271265
445.996199
256.975043
227.606467
55.456620
2.499453
80.138722
354.141290
458.024818
357.578039
380.541766
328.834326
189.177372
104.664607
172.149846
227.762683
121.692133
45.771239
12.184835
-132.783457
-239.791302
-299.153318
-338.051060
-478.176661
-591.745570
-575.499124
-640.641126
-665.791874
-674.383745
-704.689617
-855.281678
-983.691092
-879.807564
-776.861331
-760.458668
-782.328885
-749.992208
-747.024107
-782.485101
-698.753415
-557.534303
-466.304257
-423.188688
-384.447162
-319.617592
-269.472310
-127.784550
110.757025
171.524983
146.374234
71.546851
92.011125
107.007845
179.491991
412.722227
514.574949
493.642028
346.486715
342.268887
321.179750
292.279821
377.105018
486.299884
533.633281
430.999479
398.662802
372.418543
296.341433
213.078394
196.675732
190.739530
143.093702
157.465558
229.324841
230.574567
130.752651
49.989066
41.240980
76.389542
106.382981
166.682292
200.581128
195.894653
180.741717
168.713098
183.084955
221.514049
288.686857
265.723130
211.047589
234.167532
313.993822
307.588972
211.360020
172.306062
194.332495
193.082768
133.564536
126.534824
132.783457
58.424721
-45.771239
-85.606276
-50.770145
1.249727
-4.217827
-66.391728
-138.094795
-190.583315
-210.735157
-197.456811
-129.190493
-67.329023
-50.613929
-113.412694
-158.715285
-118.411600
-101.071643
-114.037557
-104.352176
-15.465367
65.610649
29.212361
-32.180461
-66.860376
-76.077110
-117.318090
-113.725125
-1.405942
79.670074
42.959354
-65.766865
-128.565629
-145.280723
-156.840695
-153.560162
-90.136535
-14.840504
-22.026432
-107.945140
-184.647113
-189.646020
-165.588782
-161.527170
-161.683386
-111.850535
-51.707440
-65.298218
-126.222392
-162.933112
-128.878061
-104.195960
-117.630521
-97.478679
-29.681008
28.275066
-12.653482
-90.448967
-112.162967
-81.076017
-40.772332
-13.434562
-5.467554
-5.623770
-62.017685
-143.406133
-168.244451
-116.380795
-40.928548
-68.266318
-130.596435
-157.153127
-123.566723
-118.724032
-156.059616
-144.343428
-111.225672
-79.045211
-85.293844
-74.358736
-35.460994
-25.775612
-27.493986
-0.781079
67.485239
131.377514
137.313716
134.970479
171.681199
224.013503
251.976136
251.819921
248.070741
247.445877
241.353460
254.475590
295.716569
313.212742
270.253389
185.115760
132.158594
145.124508
172.774710
156.528263
128.878061
99.197053
50.301498
-14.059425
-31.243166
47.177181
105.445686
56.706347
-27.962634
-64.829570
-41.240980
-16.715094
28.743713
118.099169
165.588782
128.409414
37.648015
22.026432
95.447873
163.557976
178.710911
167.619587
191.833041
202.299502
147.936393
80.294937
83.263038
133.876968
113.568910
29.837224
2.968101
33.898835
7.654576
-102.321370
-172.462278
-175.274163
-198.081675
-247.914525
-242.446971
-189.021156
-215.421632
-298.684670
-367.107204
-372.418543
-353.672643
-332.114858
-257.599906
-207.454624
-184.178466
-219.170812
-245.102640
-218.545948
-163.245544
-75.452247
-31.711814
6.248633
29.212361
34.211267
22.026432
30.774519
118.255385
200.268696
207.923272
157.621774
115.599715
78.888995
40.303685
47.333397
114.662420
147.467745
91.698693
5.467554
-43.896649
-52.488519
-49.832850
-38.741526
-52.957167
-70.921988
-92.792204
-81.076017
-69.672261
-73.733873
-80.138722
-114.662420
-121.692133
-94.510578
-18.902116
31.868030
31.243166
29.681008
43.428001
53.425814
45.615023
82.638175
145.749371
172.774710
146.686666
130.440219
150.748278
138.094795
99.821916
82.169527
97.634895
92.479772
46.708534
20.464274
19.839411
15.152936
-22.963727
-50.613929
-44.833944
-24.525886
-34.055051
-78.732779
-92.948420
-72.640362
-39.210174
-35.304778
-37.179368
-7.342144
14.840504
13.746993
21.714001
62.954980
105.914334
93.885715
67.641455
90.761398
137.469932
159.183932
132.939673
106.226766
101.696506
100.759211
91.854909
67.641455
74.046304
96.385168
83.731686
8.123223
-70.140908
-73.577657
-66.860376
-85.450060
-110.132161
-104.508391
-113.881341
-174.180652
-212.453531
-201.518423
-174.493084
-184.334681
-193.082768
-179.491991
-152.466652
-122.629428
-104.508391
-83.731686
-78.576563
-71.859283
-62.330117
-48.114476
-5.311338
50.457714
85.450060
87.168434
92.635988
115.755931
122.160780
99.040837
97.166247
123.410507
135.282910
122.160780
109.975945
108.101355
75.764678
33.117756
22.807511
42.334490
38.741526
-3.280532
-23.432375
-17.964821
-4.842691
-12.184835
-34.055051
-52.332304
-82.950607
-85.293844
-61.392822
-12.497267
26.556691
11.716187
-28.275066
-65.454433
-41.709627
6.248633
24.525886
21.089137
31.868030
51.863656
43.115570
13.746993
22.026432
56.237699
57.487426
28.118850
0.937295
19.058331
42.803138
49.832850
24.525886
-5.779986
-18.902116
-25.931828
-26.869123
-29.993440
-10.622677
-4.686475
-30.930735
-50.926361
-32.649109
-4.217827
-19.839411
-55.925268
-37.960447
0.937295
4.061612
-11.091324
-0.156216
41.240980
41.709627
13.434562
4.061612
12.653482
18.277252
4.686475
-3.905396
5.936202
19.526979
11.091324
-21.245353
-43.740433
-32.180461
-20.151842
-50.301498
-74.202520
-50.926361
-21.089137
-35.460994
-85.918707
-99.040837
-89.199240
-98.572190
-103.571096
-103.727312
-76.701973
-60.455527
-64.517138
-57.018779
-49.676634
-19.995626
-10.154029
-17.339957
2.499453
33.117756
56.393915
53.425814
59.518232
89.511672
101.540291
89.511672
92.635988
112.319183
117.942953
105.601902
92.792204
107.164061
114.037557
89.824103
68.891182
52.488519
62.017685
73.421441
62.017685
52.800951
28.743713
25.306965
32.336677
24.994533
18.433468
9.060518
9.841597
-5.467554
-35.460994
-32.492893
-1.249727
11.716187
-14.059425
-49.989066
-54.363109
-42.490706
-39.678821
-37.648015
-37.335584
-32.492893
-33.273972
-46.239886
-53.425814
-46.864749
-25.150749
-25.775612
-51.082577
-44.990160
-4.842691
21.401569
-4.686475
-38.429095
-21.245353
4.061612
6.873497
2.343237
22.338864
48.426908
25.150749
-9.060518
-17.808605
11.403756
30.149656
18.745900
7.342144
11.559972
18.745900
-9.216734
-26.244260
-5.311338
29.212361
13.590777
-24.057238
-12.809698
15.465367
7.654576
-40.616116
-43.271785
-4.842691
13.122130
-14.684288
-53.894462
-46.864749
-23.588591
-24.057238
-53.738246
-64.517138
-34.055051
-32.024245
-79.045211
-119.348895
-94.510578
-39.053958
-41.553411
-68.422534
-74.671168
-49.520419
-47.333397
-76.858189
-65.923081
-32.336677
-8.435655
-28.743713
-34.992346
-0.937295
24.213454
23.119943
13.434562
34.523699
47.645829
37.491800
22.182648
34.523699
54.831757
63.111196
69.359829
81.076017
109.507298
111.381888
87.012218
60.299311
75.608463
120.754838
129.190493
116.224579
108.726219
115.443500
104.820823
84.200333
98.728406
118.255385
111.538104
83.263038
56.862563
44.677728
37.804231
36.710720
32.492893
0.156216
-37.023152
-47.958260
-50.145282
-55.925268
-73.421441
-76.858189
-78.732779
-99.821916
-106.695413
-106.226766
-92.792204
-90.605182
-96.697600
-84.512765
-66.079297
-43.428001
-39.835037
-38.429095
-25.463181
-11.247540
0.000000
9.685382
36.242073
55.612836
56.550131
42.490706
35.460994
45.927455
56.081484
58.737153
48.583124
47.802044
52.957167
46.396102
21.557785
-7.185928
-22.807511
-31.711814
-40.459900
-47.802044
-54.675541
-62.173901
-82.481959
-114.349989
-124.660234
-112.787830
-94.354362
-100.134348
-110.288377
-98.884621
-96.541384
-109.194866
-115.443500
-83.575470
-52.644735
-53.425814
-57.643642
-40.928548
-10.622677
-3.436748
-7.967007
-7.185928
11.247540
34.836130
44.365296
44.833944
43.584217
50.926361
44.052865
33.117756
35.460994
52.800951
59.205800
47.489613
56.237699
68.891182
64.360923
33.430188
16.715094
31.711814
37.960447
41.553411
52.957167
75.608463
73.265225
31.711814
9.060518
21.401569
60.143095
90.136535
95.447873
96.072736
91.073830
87.480866
83.106822
84.356549
101.852722
115.599715
106.695413
87.324650
78.264132
80.607369
74.827383
53.582030
35.929641
13.122130
-14.215641
-29.368576
-29.368576
-29.837224
-53.425814
-83.106822
-99.665701
-108.570003
-113.256478
-112.944046
-110.600809
-113.725125
-119.192680
-113.412694
-98.103542
-88.730592
-83.419254
-74.358736
-64.517138
-54.050678
-41.553411
-22.651296
-7.967007
-4.998907
-0.468647
9.997813
24.525886
37.179368
45.771239
45.302591
34.367483
27.962634
36.554505
49.676634
52.176088
44.052865
28.587497
15.777799
9.529166
3.905396
0.000000
-10.778892
-26.088044
-47.333397
-61.861469
-53.425814
-41.240980
-42.178275
-60.767959
-78.264132
-81.544664
-84.356549
-81.388448
-73.577657
-57.174994
-40.928548
-43.896649
-46.708534
-44.677728
-31.086950
-23.901022
-23.432375
-6.717281
10.310245
19.214547
16.558878
22.963727
36.554505
38.897742
39.991253
37.960447
35.773425
34.211267
31.555598
30.462087
25.931828
33.586404
46.708534
33.117756
3.905396
-7.967007
10.935108
29.212361
25.775612
24.682101
30.618303
32.336677
30.149656
39.210174
63.579843
75.139815
68.734966
60.924174
63.892275
82.481959
97.478679
97.322463
89.511672
84.512765
85.918707
81.857096
78.420347
82.794391
74.514952
46.239886
13.903209
9.529166
22.807511
20.776706
9.529166
-4.686475
-22.026432
-45.615023
-63.736059
-62.017685
-61.236606
-60.767959
-57.018779
-52.800951
-54.519325
-64.048491
-62.642548
-61.392822
-68.422534
-64.517138
-42.646922
-16.715094
-8.435655
-15.934015
-24.994533
-32.492893
-30.149656
-18.121036
-7.029712
0.156216
4.998907
3.905396
-11.872403
-31.243166
-35.460994
-31.711814
-34.055051
-34.992346
-27.337771
-27.025339
-45.615023
-64.829570
-67.641455
-68.110103
-79.201427
-85.293844
-73.733873
-60.143095
-65.610649
-82.794391
-85.762492
-71.390635
-59.362016
-63.736059
-70.297124
-52.644735
-17.964821
2.187022
-2.030806
-6.873497
4.217827
14.215641
18.589684
34.836130
69.828477
96.853816
90.917614
69.516045
62.486333
70.921988
77.951700
81.700880
91.698693
100.134348
88.886808
64.048491
48.895555
51.082577
54.050678
44.209080
31.868030
33.117756
44.833944
44.365296
21.557785
2.499453
7.029712
17.339957
15.465367
17.183741
39.053958
55.612836
36.866936
8.123223
12.341051
40.772332
57.956074
54.363109
49.051771
49.832850
49.051771
42.022059
33.273972
24.213454
17.808605
9.997813
-4.530259
-15.152936
-12.028619
-9.997813
-28.587497
-53.425814
-58.424721
-51.863656
-53.425814
-58.112289
-53.269599
-42.646922
-39.053958
-40.459900
-39.210174
-33.273972
-24.369670
-17.964821
-17.496173
-9.997813
14.371857
30.774519
17.027526
-3.124317
-0.937295
12.028619
12.809698
11.559972
21.557785
23.276159
2.655669
-17.964821
-20.776706
-17.339957
-21.089137
-30.149656
-37.960447
-42.022059
-45.615023
-59.830664
-77.951700
-79.826290
-71.234419
-78.888995
-97.791111
-95.135441
-75.296031
-74.202520
-92.167341
-97.947326
-83.575470
-71.078203
-71.390635
-76.701973
-61.705253
-28.118850
-10.622677
-14.059425
-8.123223
8.904302
9.372950
3.905396
20.151842
52.800951
73.421441
71.703067
66.079297
68.734966
64.673354
65.142002
86.231139
79.045211
29.681008
35.148562
77.951700
54.831757
18.433468
48.583124
67.016592
19.839411
-16.715094
-1.718374
27.181555
40.616116
34.992346
19.214547
15.152936
27.337771
36.242073
39.835037
57.018779
80.138722
89.511672
78.576563
62.330117
68.891182
92.948420
99.821916
92.323556
97.634895
104.664607
92.323556
67.329023
53.113383
54.519325
48.426908
31.086950
21.089137
17.652389
0.468647
-24.994533
-42.022059
-55.144189
-67.485239
-75.452247
-81.232232
-85.918707
-89.043024
-95.604089
-108.413787
-116.537010
-114.974852
-109.975945
-102.790017
-91.854909
-77.951700
-73.109009
-76.233326
-72.796578
-63.267412
-54.206894
-38.116663
-13.903209
0.624863
0.468647
-1.405942
4.530259
12.497267
19.058331
24.213454
29.837224
33.117756
28.431281
21.245353
20.308058
25.463181
21.557785
2.343237
-17.027526
-21.714001
-18.433468
-16.558878
-20.620490
-33.586404
-51.707440
-65.610649
-70.297124
-64.985786
-52.957167
-43.740433
-43.584217
-46.864749
-50.301498
-50.613929
-41.397195
-24.369670
-10.310245
-0.312432
13.278346
23.744806
22.495080
19.370763
28.431281
46.864749
56.862563
54.987973
54.363109
59.674448
58.737153
46.552318
38.272879
43.584217
47.802044
40.459900
28.587497
22.807511
20.776706
17.652389
13.434562
12.184835
14.684288
13.590777
8.435655
7.498360
17.496173
31.243166
34.367483
29.212361
28.743713
36.554505
44.521512
50.145282
58.268505
65.766865
64.985786
61.392822
60.455527
60.611743
59.205800
57.643642
55.925268
51.551224
46.552318
43.428001
39.053958
25.150749
10.310245
3.749180
2.030806
-2.968101
-10.778892
-14.215641
-16.558878
-26.244260
-42.022059
-51.238793
-49.676634
-49.207987
-56.081484
-57.018779
-46.396102
-41.397195
-54.987973
-73.109009
-78.264132
-72.796578
-68.422534
-63.579843
-52.957167
-43.271785
-47.645829
-62.642548
-70.453340
-65.298218
-58.424721
-54.519325
-45.146375
-29.524792
-22.807511
-31.086950
-41.709627
-43.584217
-39.522605
-33.273972
-23.744806
-12.965914
-8.904302
-15.309152
-22.651296
-23.588591
-18.745900
-13.746993
-10.622677
-7.185928
-0.937295
4.686475
8.435655
13.434562
18.277252
21.870216
23.432375
29.524792
38.585310
44.365296
47.177181
51.395009
59.986879
63.736059
58.268505
49.989066
48.426908
52.176088
52.488519
47.333397
42.646922
38.741526
29.212361
15.465367
9.841597
14.996720
18.433468
8.123223
-7.185928
-11.559972
-4.217827
-0.468647
-3.124317
-3.905396
-0.781079
-2.655669
-6.873497
-2.499453
10.310245
18.745900
14.528072
8.748087
11.872403
27.337771
40.772332
42.646922
37.648015
36.398289
36.866936
31.086950
23.744806
26.400476
36.085857
39.053958
29.837224
19.058331
11.403756
6.404849
2.811885
0.312432
0.000000
-0.781079
-0.781079
-6.404849
-15.465367
-25.306965
-27.337771
-25.150749
-29.524792
-35.929641
-36.398289
-29.056145
-26.088044
-29.681008
-34.679915
-35.773425
-33.742620
-31.711814
-27.962634
-24.369670
-19.839411
-18.433468
-18.433468
-21.401569
-21.714001
-21.401569
-20.932921
-16.402662
-12.809698
-14.840504
-24.838317
-29.837224
-31.711814
-33.586404
-39.991253
-40.616116
-36.398289
-35.460994
-39.991253
-42.490706
-37.960447
-40.616116
-54.519325
-68.578750
-57.331210
-32.961540
-14.684288
-12.965914
-8.904302
2.655669
1.249727
-7.967007
-4.998907
23.119943
44.833944
52.176088
49.051771
42.022059
44.209080
42.646922
47.489613
55.612836
68.110103
68.578750
54.363109
48.895555
48.583124
43.584217
22.338864
16.558878
14.059425
31.243166
9.685382
9.372950
-21.557785
-3.749180
4.998907
171.993631
259.786928
211.360020
106.539197
12.341051
-18.902116
-116.537010
-177.148753
-227.294035
-173.868221
-132.158594
-29.524792
-16.715094
36.866936
44.990160
54.519325
27.025339
1.718374
-7.654576
-1.874590
11.403756
17.183741
37.648015
40.928548
60.455527
41.865843
51.082577
43.584217
46.396102
31.086950
26.556691
1.718374
-8.748087
-18.121036
-19.995626
-3.592964
-3.592964
-6.717281
-17.183741
-15.309152
-32.024245
-31.868030
-42.022059
-35.773425
-34.836130
-31.555598
-33.430188
-19.370763
-13.746993
-14.215641
-28.743713
-51.238793
-74.202520
-48.895555
-39.210174
-129.659140
32.180461
195.426005
259.786928
202.143286
141.843975
82.794391
4.530259
-100.446780
-209.641646
-253.225863
-220.420538
-102.633801
-42.178275
7.185928
21.089137
40.928548
1.093511
-70.609556
-140.906680
-132.471025
-114.037557
-74.514952
-32.805325
14.371857
60.455527
66.079297
65.923081
30.930735
17.339957
-5.311338
-108.101355
-82.325743
93.573283
33.117756
-26.712907
75.452247
94.823010
48.895555
34.367483
32.805325
-67.953887
-0.312432
99.197053
43.271785
58.268505
51.707440
26.400476
55.925268
57.174994
-8.279439
-9.997813
27.650202
65.610649
-19.995626
-16.715094
118.724032
31.555598
-77.483052
44.677728
114.506205
0.781079
-49.207987
76.701973
49.051771
15.152936
-30.462087
27.025339
19.526979
-0.781079
33.586404
-9.529166
0.781079
54.519325
-18.121036
-35.929641
57.174994
22.182648
-96.541384
-38.897742
66.079297
-34.523699
28.899929
-47.020965
65.923081
85.762492
-58.580937
-9.372950
-42.334490
16.090231
-42.490706
5.467554
25.150749
-65.142002
-8.123223
1.562158
-43.896649
-35.148562
-14.059425
29.368576
-1.093511
-63.579843
-2.968101
-53.113383
-176.055242
-33.430188
147.311529
24.057238
-106.382981
-111.538104
-6.092417
54.519325
-45.146375
-218.702164
-153.560162
251.976136
125.597529
-152.310436
-109.663514
-103.414881
156.528263
163.714192
-306.339246
-141.687759
151.841788
63.736059
-57.487426
34.836130
171.368767
-27.337771
-189.646020
155.434752
82.638175
-163.401760
18.745900
141.687759
74.514952
-60.299311
70.609556
-39.210174
-56.393915
48.270692
13.903209
-82.481959
95.135441
128.253198
-105.289471
-104.039744
9.685382
81.232232
-71.859283
-75.296031
25.306965
71.546851
131.846162
37.179368
-188.864940
54.519325
-131.221299
17.652389
90.136535
16.402662
29.056145
52.957167
212.609747
-97.791111
-216.671358
94.354362
144.499644
-49.676634
-14.059425
232.136726
175.899026
-208.548135
-23.276159
107.007845
109.663514
-240.884812
-12.028619
433.967580
37.335584
-293.529548
8.904302
327.740815
-1.093511
-221.514049
14.215641
98.884621
-34.055051
20.151842
-48.895555
-0.624863
4.061612
25.463181
-178.242264
83.887902
42.646922
-133.252104
86.387355
-95.916521
37.023152
-73.733873
114.662420
2.187022
-161.527170
-58.580937
-32.024245
105.914334
-51.863656
-213.547042
29.837224
14.840504
65.142002
-43.428001
-205.892466
107.788924
-187.771430
-81.857096
194.332495
27.181555
-211.203804
-1.405942
119.036464
-72.952793
-73.890088
-61.549038
9.997813
94.354362
58.268505
-111.069456
0.468647
-55.925268
15.934015
90.448967
60.455527
-147.780177
-84.356549
88.730592
9.685382
133.095889
-49.520419
-197.769243
286.187404
29.212361
-254.006942
134.658047
72.171714
-73.421441
175.274163
6.248633
-79.513858
153.716378
-143.562349
-104.352176
301.027908
-88.105729
-122.316996
248.070741
-63.579843
-35.460994
130.908867
-57.799858
100.446780
-76.389542
-148.561256
160.902307
367.575852
-252.757216
-470.834517
626.737917
104.820823
-388.352557
-87.793297
305.401951
56.550131
-78.264132
52.488519
-133.720752
14.840504
111.225672
-70.765772
-88.886808
63.423628
3.124317
131.846162
-102.477586
-148.561256
221.201618
-54.050678
-309.775994
-21.089137
385.228241
27.493986
-423.657335
-30.774519
403.974141
-5.623770
-250.726410
-16.090231
-57.643642
224.482150
262.598813
-376.323938
-138.875874
557.690519
-57.018779
-381.635277
17.808605
316.493275
116.537010
-118.567816
-379.604471
207.767056
307.588972
-155.903400
-246.352366
-44.365296
238.229143
109.038650
-102.321370
-400.224961
12.653482
501.140388
-191.208178
-458.805898
1.405942
366.169909
-70.140908
-229.481057
-39.053958
2.811885
-24.369670
179.179559
-225.263229
-118.724032
218.545948
-29.837224
-3.749180
-199.487617
17.964821
133.564536
322.898124
-369.450442
-221.982697
373.668269
127.628334
-248.383172
-254.006942
471.303164
77.951700
-486.612316
233.386452
413.659522
-363.670456
-227.450251
218.233517
98.415974
66.391728
-229.481057
73.577657
189.489804
-93.260851
-255.725316
30.618303
411.160069
-106.070550
-194.644926
-36.242073
247.289661
-103.571096
117.474305
-63.579843
-152.154220
509.576043
36.242073
-270.878252
-242.134539
181.835228
372.574758
-68.110103
-392.101737
172.462278
533.477065
-297.434943
-330.552700
254.006942
-17.808605
-6.561065
75.920894
-16.402662
132.627241
-94.823010
-73.733873
-97.322463
3.280532
25.775612
124.972665
-86.387355
-97.791111
159.496364
152.154220
-508.170100
-187.771430
638.297888
-350.079679
-292.592253
325.397577
126.534824
-98.259758
-118.255385
-220.732970
283.687950
-9.060518
-423.969767
228.387546
156.684479
-39.835037
21.557785
-23.744806
-238.072927
139.344522
134.033184
-256.350180
5.779986
342.112671
47.489613
-468.959927
164.807702
268.535015
-91.230046
-204.486524
-0.781079
439.903782
-192.926552
-127.003471
198.394106
-28.587497
-329.615405
292.436037
311.963016
-292.279821
-23.119943
225.731877
31.243166
-137.469932
-174.024436
109.507298
318.836512
-125.441313
-53.738246
-7.342144
-140.125601
124.660234
137.782364
-100.602996
-146.686666
-94.198146
183.553602
297.747375
-449.276732
-378.042313
638.297888
5.779986
-587.527743
233.542668
240.103733
-186.365487
-175.430379
-77.795484
-24.994533
266.035561
21.401569
-365.545046
-108.101355
321.492182
146.686666
-411.628716
64.673354
186.053055
-280.407418
103.414881
234.167532
-72.952793
-152.154220
37.960447
267.285288
-183.709818
22.338864
59.362016
-244.946424
286.343619
317.586786
-229.012409
-522.385741
271.346900
474.427481
-106.226766
-154.028810
-112.944046
240.572381
52.800951
-250.413978
92.948420
54.363109
80.294937
-41.865843
-237.916712
356.953175
18.433468
-226.512956
70.453340
-7.342144
284.937677
-53.738246
-303.527361
112.787830
291.498742
-150.435846
-256.037748
196.675732
99.978132
-169.962825
56.706347
22.026432
-55.769052
111.069456
-122.004565
149.342335
62.954980
-312.587879
151.216925
-142.781270
20.151842
207.142193
-182.303876
75.296031
67.797671
-185.584408
-53.582030
32.180461
42.959354
7.185928
-10.154029
69.828477
11.872403
-169.181746
-251.038841
225.419445
144.655860
-121.379701
68.110103
-279.001475
343.831045
236.354553
-504.108489
-133.095889
213.859474
243.540482
-250.413978
83.887902
-87.324650
-90.448967
210.735157
29.368576
-262.598813
72.796578
264.004755
-45.927455
-338.988355
46.708534
452.244833
-264.317187
-225.107013
56.862563
297.591159
54.363109
-394.757407
24.213454
270.722036
-192.614120
-165.901213
349.454815
300.090613
-266.035561
-361.952082
209.797862
386.946615
-340.550513
-188.083861
270.722036
230.105920
-14.059425
-343.206182
52.488519
223.388639
-313.212742
72.171714
275.564727
124.347802
-256.975043
-205.111387
367.575852
-72.171714
-315.243548
12.653482
199.175185
-162.464465
270.722036
-240.728597
-308.838699
152.935299
76.077110
-11.559972
-178.710911
179.023343
-23.119943
-84.044117
166.057429
20.308058
-228.856193
-30.930735
54.050678
216.515143
45.615023
-255.881532
16.246446
304.308440
-238.697791
-19.839411
278.689044
-164.026623
211.516236
128.409414
-553.004044
94.823010
692.036134
-213.859474
-544.099742
289.936584
317.274354
-177.304969
-287.905778
133.408320
268.691230
23.119943
-222.138913
26.712907
7.498360
-130.284004
154.185026
6.404849
-35.617210
-146.686666
183.084955
143.093702
-226.512956
-28.743713
-38.272879
139.500738
17.808605
-248.539388
445.527552
-66.391728
-318.680297
44.209080
238.541575
78.888995
-361.639650
30.618303
450.995106
-246.508582
-72.796578
-63.267412
147.311529
190.583315
-454.744286
195.894653
282.282008
-242.759402
-203.705444
293.060900
-43.896649
-229.637273
53.269599
46.396102
-199.956264
161.527170
75.608463
-8.904302
-256.818827
-277.439317
323.054340
257.599906
-336.332686
-171.368767
167.932019
44.677728
-3.124317
-2.811885
-101.852722
-145.436939
24.525886
350.704542
52.644735
-449.589163
-66.704160
356.328312
110.132161
-515.199813
-132.939673
651.732450
-156.840695
-409.441695
119.817543
221.982697
-41.084764
-256.662611
-61.549038
303.371145
207.923272
-196.050869
-340.394297
330.084052
419.908155
-549.879727
-134.501831
537.226245
137.469932
-320.554887
36.710720
301.808987
122.785644
-215.577848
-277.283101
310.713289
466.772905
-271.346900
-402.568198
530.040317
207.298409
-273.690137
-96.697600
124.035370
291.654958
-150.592062
-211.203804
299.934397
-9.529166
-210.422725
95.135441
-29.524792
-3.749180
-29.524792
-52.332304
42.959354
-232.605373
261.349086
206.048682
-491.611222
-146.999098
178.398480
27.962634
-224.950798
-127.159687
43.271785
14.371857
171.056336
-25.931828
-232.917805
-189.489804
139.969385
96.541384
-19.214547
-214.952984
112.162967
262.130165
-409.597911
-75.920894
294.466843
-88.105729
-299.778181
61.861469
337.269981
92.323556
-191.520610
-263.223676
240.728597
-82.481959
-25.931828
48.270692
107.788924
88.261945
45.771239
-241.509676
-168.400667
369.762873
47.333397
-159.183932
157.465558
171.212551
-332.739721
144.187213
263.223676
32.961540
-411.784932
63.267412
395.538486
22.807511
-132.158594
-11.091324
460.055624
-298.372238
-175.742811
220.576754
187.927645
-4.061612
-195.738437
55.925268
-6.404849
327.897031
-151.685573
-366.326125
292.748468
197.769243
-105.445686
-332.739721
286.812267
105.445686
-450.682674
18.902116
147.311529
131.377514
-127.784550
-404.911436
177.148753
288.843073
-285.874972
-240.884812
283.687950
93.729499
-363.045593
-108.257571
191.989257
9.685382
-151.216925
-84.668981
33.586404
-146.530450
148.405040
18.433468
-332.895937
159.183932
73.890088
-34.523699
-61.705253
-429.749753
200.893559
305.401951
-287.437130
-261.661518
160.433659
93.885715
82.013312
-297.278728
131.221299
281.188497
-374.293133
-56.706347
270.565820
85.918707
-150.279630
31.399382
-106.539197
179.179559
212.609747
-240.572381
69.516045
506.920374
-83.263038
-174.336868
24.994533
367.107204
150.748278
-428.031379
268.066367
348.361305
-18.902116
-6.561065
-30.462087
391.789306
32.961540
-176.523890
226.825388
-29.837224
57.174994
273.533921
-108.882435
-5.311338
83.731686
-148.405040
24.057238
200.581128
-142.156407
-193.551415
396.788212
-240.884812
-136.845069
41.865843
-117.942953
138.407227
-405.067651
206.361114
27.337771
-183.709818
-204.955171
33.742620
5.936202
-250.570194
82.169527
-86.699787
68.422534
-266.347993
-287.749562
166.526077
-1.093511
-238.697791
-328.521894
220.889186
46.864749
-70.921988
-63.423628
-418.970860
159.183932
67.485239
-142.312623
-181.210365
-10.466461
-64.360923
37.335584
-17.027526
-235.417258
-123.254291
66.704160
199.175185
-13.903209
-107.007845
-169.494177
183.709818
333.677016
-97.791111
-148.405040
-7.029712
248.070741
68.734966
143.249918
-137.782364
-86.074923
425.531925
208.079488
-54.519325
139.344522
215.890279
47.489613
-38.116663
222.763776
350.860758
-304.620872
153.872594
426.625436
-65.923081
-15.309152
196.675732
-86.387355
398.037939
157.621774
-351.016974
324.772714
93.729499
-247.445877
54.050678
239.166438
21.714001
-49.989066
-168.869314
253.382079
60.767959
-410.222774
-169.337961
227.918898
217.140006
-175.899026
-458.649682
70.453340
337.738628
-314.774901
-390.852011
14.059425
140.906680
-84.825197
-250.101546
-140.438033
-119.348895
96.853816
-246.977230
-308.838699
-79.982506
112.631615
101.540291
-587.683959
48.895555
141.687759
-216.046495
-72.015498
-159.340148
-60.455527
97.947326
-172.774710
-75.452247
-54.206894
-81.076017
106.695413
-391.008227
61.861469
358.671549
54.831757
-454.588070
-186.834135
505.826863
282.125792
-354.453722
-70.297124
228.231330
91.854909
260.724223
-31.711814
-8.591871
147.936393
95.291657
276.502022
-72.171714
172.462278
253.382079
-105.445686
257.131259
395.850917
-178.086048
-260.411791
590.183412
659.387025
-342.737535
-465.991826
245.883719
794.982367
251.507489
-757.490568
-154.341242
857.000052
310.088426
-465.523178
-390.695795
277.751749
383.822298
-49.051771
-266.816640
-164.807702
176.367674
111.694320
-112.631615
-542.693799
59.674448
353.985074
-344.768340
-167.619587
124.035370
-107.632708
-343.831045
-191.051962
56.081484
72.796578
-214.952984
-508.638748
40.147469
383.197435
-351.954269
-538.788403
18.121036
118.724032
-58.580937
-377.573665
-166.369861
476.926934
-315.399764
-717.967962
184.959545
440.372429
-181.366581
-433.030285
-171.212551
331.646211
373.824485
-447.245926
-495.672834
389.446068
440.684861
-32.961540
-391.164442
140.906680
449.120516
-95.916521
42.803138
99.509485
5.311338
77.639268
369.919089
390.070932
-307.432757
-96.228952
730.621445
87.637082
-182.303876
259.162065
118.411600
231.824294
104.820823
147.155313
59.205800
72.171714
-16.402662
447.089710
35.773425
-340.706729
182.928739
268.378799
132.783457
-51.238793
-114.506205
-195.113574
252.757216
241.041028
-212.765963
-293.529548
131.221299
-53.894462
-11.559972
-36.398289
-132.158594
-168.244451
-231.980510
279.313907
-41.865843
-460.836703
-142.468838
116.849442
-10.622677
-339.613218
-5.623770
-209.797862
-219.951891
52.800951
-221.826481
19.058331
-342.425103
-4.686475
-53.425814
-354.141290
108.413787
-19.214547
-286.968483
-311.494368
92.479772
136.688853
40.616116
-392.726601
-24.682101
-20.776706
-22.338864
248.070741
-126.222392
9.685382
-171.056336
228.075114
378.510960
-81.388448
-158.871501
72.171714
295.872785
114.506205
245.258856
91.698693
-84.825197
350.704542
187.146566
-123.566723
287.280914
227.137819
194.488710
222.607560
-187.146566
57.174994
565.969958
245.571287
-426.313005
-53.582030
521.917094
494.735539
-209.797862
-446.464847
131.846162
484.737726
111.069456
-341.644024
-77.483052
256.818827
14.059425
15.309152
-159.027717
-187.146566
44.209080
-51.082577
125.285097
-42.490706
-428.187595
-176.523890
252.913431
-82.638175
-154.341242
-291.967389
-147.780177
3.436748
-66.079297
-75.608463
-339.613218
-127.628334
78.264132
76.701973
-536.288950
-221.357833
196.519516
65.766865
-296.653864
-260.568007
3.436748
-34.211267
36.866936
-222.295128
-204.174092
71.859283
224.169718
-397.881723
19.214547
16.090231
-61.080390
200.268696
-105.758118
-138.251011
-32.805325
294.310627
70.921988
-96.385168
49.832850
-163.089328
429.593537
364.763967
-495.672834
-186.053055
688.911818
545.974332
-531.290043
-166.682292
699.846926
0.781079
-31.868030
324.304066
97.010031
201.518423
-79.045211
149.029903
313.368958
159.808796
-223.388639
211.203804
351.329405
-46.552318
-90.136535
3.592964
251.038841
192.770336
49.676634
-335.082959
-64.673354
261.349086
291.654958
-244.633992
-333.052153
37.491800
131.846162
26.088044
57.018779
-443.965394
-240.572381
220.264323
-15.777799
-146.530450
-315.555980
-172.306062
-4.217827
202.768149
-275.252295
-433.186501
113.412694
165.901213
-377.261233
-170.900120
7.185928
-106.382981
106.695413
-106.382981
-291.967389
-39.210174
14.528072
82.325743
-237.916712
-207.923272
386.634183
-208.704351
-128.565629
41.240980
106.851629
-119.661327
14.215641
47.177181
-129.034277
281.657144
123.410507
-132.939673
-236.042122
75.764678
346.486715
74.671168
-130.908867
18.902116
80.294937
205.892466
141.531543
-142.312623
-93.573283
290.249015
158.090422
168.244451
-50.613929
60.143095
308.057620
-156.372047
101.696506
174.336868
177.617401
-7.810792
-22.651296
100.602996
282.125792
49.364203
-420.533019
100.915427
391.945522
119.817543
-416.471407
19.683195
302.902498
-181.835228
-214.640553
77.795484
26.088044
-2.030806
-18.902116
-355.547233
115.443500
224.638366
-351.016974
-242.290755
70.297124
21.557785
-91.542477
-293.529548
55.456620
98.884621
-110.444593
-403.193061
-104.039744
112.944046
256.975043
-134.189399
-392.726601
61.705253
-46.396102
132.471025
74.046304
-198.237890
-121.692133
66.860376
-104.664607
324.928930
3.436748
-440.216214
62.642548
257.912338
-76.077110
-36.242073
154.341242
-56.237699
82.325743
-231.355647
243.852913
225.731877
-107.788924
-171.212551
-33.898835
450.682674
179.491991
-323.210556
-184.178466
190.270883
469.116142
9.060518
-503.171194
82.950607
764.051633
-33.117756
-507.389021
72.327930
516.449539
98.259758
-319.305160
77.639268
281.813360
210.891373
-78.888995
-205.111387
-81.076017
412.722227
15.777799
-266.035561
112.944046
7.498360
-27.181555
90.917614
29.056145
-273.533921
-142.156407
79.982506
39.053958
112.787830
-231.355647
-273.065274
88.105729
5.623770
-138.407227
-173.399573
-48.739339
-61.392822
-236.510769
86.699787
203.236797
-261.661518
-391.164442
77.639268
168.713098
-132.471025
-167.619587
159.496364
-79.982506
-204.017876
213.859474
142.312623
-294.466843
-84.044117
183.397386
25.931828
38.272879
157.621774
9.060518
-252.601000
51.082577
170.900120
145.905587
8.123223
-281.188497
295.247922
196.050869
-138.719658
70.297124
-72.484146
-73.421441
299.153318
109.507298
-377.573665
335.395391
287.124699
-195.269790
-217.140006
204.955171
191.051962
-163.245544
-1.562158
112.319183
188.240077
187.927645
-320.554887
-253.694511
475.520992
169.181746
-264.629619
-105.289471
136.688853
160.589875
197.456811
-325.241361
-199.643833
237.448064
96.697600
15.777799
-271.034468
3.592964
149.342335
13.122130
30.305871
-177.773616
-235.261042
1.562158
326.178656
-56.550131
-182.772523
-178.398480
9.841597
265.723130
-175.899026
-335.551606
54.206894
175.742811
-22.495080
-224.638366
36.866936
190.895746
-84.356549
-364.607751
-129.190493
418.189781
46.552318
-255.412885
-114.193773
192.457905
72.015498
-312.587879
-52.488519
69.984693
124.972665
-39.678821
-103.883528
191.676825
-7.029712
-97.791111
-20.932921
-139.656953
216.202711
169.025530
-47.020965
-132.314809
128.253198
217.452438
-295.091706
101.540291
87.324650
-42.959354
122.473212
173.087141
-127.628334
26.712907
148.092608
211.360020
-261.973950
-294.310627
386.634183
355.859664
-27.650202
-425.844357
43.584217
134.033184
227.294035
-184.334681
-163.870407
141.687759
-65.142002
44.052865
17.339957
29.993440
-94.979226
-194.020063
80.919801
107.320276
-123.098075
56.862563
0.624863
-93.104636
-176.211458
5.936202
203.549229
80.919801
-338.519707
-244.790208
393.663896
142.937486
-195.582221
-272.596626
116.693226
265.098266
-180.741717
-194.801142
155.278537
80.607369
-120.754838
58.424721
109.038650
-216.671358
69.984693
90.292751
-151.998004
23.276159
97.947326
98.415974
-101.852722
-15.309152
-15.621583
109.038650
-46.239886
-60.767959
46.396102
-59.205800
226.981603
81.076017
-313.212742
40.147469
268.691230
-144.812076
3.436748
104.039744
-25.775612
60.767959
147.780177
-161.527170
-102.165154
248.226956
15.309152
-73.265225
-40.459900
109.819730
40.303685
-71.234419
158.246637
-65.454433
-190.114667
127.003471
75.920894
74.514952
-141.531543
-250.882626
138.563443
169.650393
-151.373141
-173.243357
71.703067
63.423628
-113.568910
-44.833944
62.798764
-80.294937
-44.209080
40.147469
13.590777
-177.773616
46.396102
89.667887
-189.646020
82.169527
53.738246
-46.708534
24.213454
51.551224
-123.566723
-17.496173
154.653673
-7.029712
-112.944046
-11.716187
66.704160
84.825197
-8.435655
-83.887902
-84.825197
79.670074
103.571096
-43.896649
-130.284004
126.847255
-11.559972
-136.063989
124.191586
-27.962634
-13.590777
82.481959
-144.187213
-158.402853
245.571287
138.407227
-189.958451
-52.176088
118.880248
4.686475
40.459900
14.371857
-92.011125
62.017685
-7.185928
-40.303685
258.537201
59.049584
-114.193773
-168.088235
89.824103
332.895937
-60.299311
-206.361114
76.233326
163.557976
-67.641455
-110.600809
116.224579
85.762492
-105.133255
-99.197053
5.623770
182.303876
-20.776706
-209.954078
-48.270692
102.946233
-27.025339
-41.553411
107.007845
-13.903209
-114.037557
163.714192
115.287284
-130.752651
-160.121227
-98.415974
270.565820
172.306062
-298.372238
-310.713289
422.720040
260.568007
-281.500929
-159.027717
145.436939
210.422725
-214.952984
-126.847255
119.348895
191.833041
-96.228952
-177.929832
-46.552318
81.700880
69.359829
-124.504018
-94.041931
42.490706
-5.467554
-6.561065
19.058331
-63.423628
-31.086950
-31.711814
-143.562349
24.369670
134.033184
-181.991444
30.618303
-56.081484
-76.701973
185.271976
-10.154029
-61.236606
-43.740433
-47.020965
-9.060518
165.588782
12.184835
-135.126694
103.102449
48.895555
-59.205800
137.469932
36.398289
-107.945140
187.302782
-34.992346
-184.803329
270.409605
168.869314
-199.800049
-46.083670
135.126694
83.575470
-116.068363
-23.901022
181.679012
-20.464274
-147.780177
69.984693
197.144380
-203.705444
-124.035370
225.888093
-94.510578
-43.115570
62.954980
-60.611743
0.937295
-6.092417
-32.649109
-1.405942
9.841597
-42.803138
-35.148562
-14.684288
-88.105729
137.626148
13.590777
-134.970479
-17.652389
78.420347
31.399382
-111.538104
-27.025339
94.041931
-16.558878
-142.468838
115.287284
74.671168
-85.762492
-41.240980
-9.997813
155.903400
-70.140908
-64.517138
52.488519
18.589684
51.238793
-136.532637
114.662420
91.854909
-58.580937
48.739339
-71.859283
-47.645829
229.012409
84.668981
-123.410507
-89.824103
109.038650
6.404849
17.496173
74.358736
-10.622677
76.701973
-64.829570
-58.112289
178.867127
2.187022
-224.013503
73.109009
143.874781
-45.146375
29.212361
4.998907
-80.138722
106.695413
-51.863656
-182.147660
103.883528
126.534824
-70.453340
-51.082577
-83.887902
112.162967
109.975945
-268.222583
-99.353269
184.490897
-75.920894
-74.827383
-11.091324
72.640362
-27.493986
-228.856193
51.395009
146.061803
-103.883528
-168.869314
31.243166
10.310245
-102.790017
42.334490
15.777799
-127.628334
24.994533
34.367483
-52.957167
-168.556882
39.991253
234.792395
-99.353269
-188.396293
-25.150749
84.512765
120.442406
-127.315903
-70.453340
115.599715
78.107916
-44.990160
-62.486333
95.604089
-0.312432
-81.232232
13.590777
166.994724
36.085857
-69.984693
77.326837
73.733873
62.642548
-117.161874
26.712907
177.304969
-4.530259
-14.996720
114.193773
83.575470
-89.824103
20.464274
85.762492
-27.181555
31.086950
98.572190
-0.312432
-4.998907
36.398289
38.429095
58.112289
-22.651296
-99.509485
-38.741526
195.113574
99.197053
-161.683386
-46.396102
136.220205
-117.005658
-97.322463
153.716378
63.423628
-137.938579
-88.886808
69.984693
20.932921
-7.810792
-105.601902
-134.345615
87.012218
104.664607
-151.841788
-92.011125
63.423628
-5.623770
15.621583
-103.571096
-67.485239
13.903209
39.835037
28.275066
-131.689946
-92.635988
124.035370
18.433468
-131.846162
-6.561065
61.236606
52.957167
-90.917614
-32.180461
52.488519
-49.989066
-76.389542
54.363109
111.694320
-20.932921
-100.915427
2.499453
76.077110
-54.831757
22.338864
29.368576
-70.765772
58.580937
80.763585
-70.921988
0.000000
49.676634
-25.931828
45.615023
-41.553411
24.682101
93.885715
-25.619396
-50.770145
54.363109
108.413787
-13.590777
-95.447873
-19.839411
137.157500
-11.403756
-82.481959
81.700880
93.885715
-75.608463
-123.722939
64.829570
162.464465
-40.772332
-236.510769
80.607369
209.485430
-94.666794
-150.279630
12.653482
76.701973
-76.545758
17.027526
-9.372950
-62.798764
30.774519
92.011125
-33.898835
-216.202711
25.619396
107.632708
-30.462087
-4.530259
-52.019872
12.965914
69.984693
7.498360
-66.391728
-75.920894
-29.993440
69.203613
67.329023
37.648015
26.244260
-12.653482
-47.020965
-63.736059
20.151842
-45.927455
98.728406
168.088235
-117.942953
-41.709627
116.849442
9.997813
-92.011125
0.000000
29.837224
67.016592
25.463181
27.337771
23.588591
-89.199240
64.673354
94.666794
-107.164061
-65.298218
88.261945
122.160780
108.413787
-66.547944
-200.268696
76.545758
158.715285
-132.314809
-132.002378
151.373141
227.918898
-97.010031
-192.145473
5.311338
121.067270
-25.931828
-159.808796
0.468647
188.396293
-39.366390
-76.389542
10.466461
-37.179368
-26.244260
-22.338864
-9.060518
-66.704160
-73.421441
42.803138
163.089328
-103.727312
-155.278537
75.608463
25.931828
-121.067270
-88.105729
55.769052
99.509485
1.093511
-111.225672
-82.481959
61.236606
75.764678
-122.473212
-117.005658
189.177372
44.677728
-98.884621
-10.310245
11.403756
46.396102
-32.180461
-55.300404
57.956074
-7.810792
-13.278346
95.135441
-10.778892
-51.707440
4.842691
41.709627
-28.118850
-2.499453
35.929641
30.774519
9.216734
29.524792
56.081484
-50.457714
-66.547944
85.918707
83.575470
-18.902116
-66.547944
19.683195
122.004565
-4.374043
6.873497
-9.060518
-13.122130
67.329023
18.902116
-11.091324
-7.810792
-6.873497
59.362016
-24.525886
-18.745900
49.207987
19.839411
28.743713
-34.367483
-53.582030
10.154029
85.450060
-9.216734
-37.023152
-66.235513
-22.182648
134.814263
48.426908
-193.863847
-56.081484
199.331401
32.336677
-154.028810
-88.730592
114.974852
19.526979
-103.414881
-0.781079
97.634895
0.312432
-118.099169
-34.523699
74.514952
12.028619
-27.962634
-55.612836
-54.987973
35.148562
79.201427
-20.308058
-113.100262
-28.587497
43.428001
82.638175
-64.829570
-120.911054
72.796578
42.334490
-82.013312
-9.685382
-19.995626
45.927455
37.648015
-81.544664
-76.701973
49.520419
127.472119
-21.089137
-181.991444
-35.460994
206.985977
71.234419
-169.962825
-60.299311
135.595342
70.921988
-49.989066
-70.140908
26.244260
78.420347
33.898835
-51.707440
-22.338864
62.330117
59.362016
-38.116663
-47.489613
50.301498
21.089137
12.028619
5.155122
-9.372950
-5.467554
7.029712
-11.091324
-0.312432
35.148562
-4.686475
-92.167341
-5.311338
157.309342
-33.117756
-168.713098
7.029712
123.098075
-24.838317
-107.164061
-11.247540
90.136535
42.178275
-61.861469
-68.110103
-47.177181
51.863656
42.646922
-4.530259
-69.984693
-12.809698
124.816449
1.405942
-57.799858
-15.934015
11.872403
-22.963727
20.151842
53.894462
-26.088044
-1.718374
85.918707
41.240980
-78.732779
6.404849
93.573283
-72.015498
-105.133255
90.448967
102.790017
1.874590
-7.654576
-37.804231
28.899929
104.977039
-57.799858
-124.816449
18.589684
89.199240
57.487426
-50.301498
-102.165154
84.356549
163.089328
-51.707440
-151.216925
33.898835
148.561256
-20.776706
-125.128881
-29.524792
116.380795
84.044117
-82.638175
-52.488519
92.323556
72.952793
-78.732779
-128.096982
-2.968101
113.256478
-22.182648
-99.197053
-2.343237
56.706347
49.989066
-41.240980
-132.471025
-57.956074
49.051771
0.781079
-31.868030
-19.526979
-60.924174
2.968101
59.986879
-76.077110
-88.886808
12.028619
40.303685
-14.840504
-55.144189
-23.432375
54.519325
16.871310
-94.041931
-28.275066
66.704160
37.335584
-35.773425
-26.556691
-9.841597
17.808605
56.081484
-30.462087
-44.521512
42.178275
34.679915
12.497267
-20.776706
-42.803138
29.837224
38.116663
-23.744806
-4.061612
46.708534
4.998907
24.213454
19.370763
-45.146375
-5.936202
-2.187022
12.965914
81.076017
28.118850
-67.485239
29.681008
103.102449
-5.936202
-86.231139
-8.748087
88.261945
57.018779
-9.529166
-5.467554
55.612836
27.181555
-20.776706
0.156216
13.434562
47.489613
16.715094
-22.026432
24.682101
55.612836
35.304778
-42.646922
-35.773425
27.806418
28.743713
4.061612
-14.059425
-1.718374
6.092417
8.435655
-1.718374
-41.865843
-16.871310
17.339957
-33.430188
-4.061612
39.053958
-40.459900
-44.677728
23.432375
15.152936
-59.049584
-72.171714
-2.343237
39.991253
6.092417
-40.147469
-17.027526
-7.810792
-3.280532
-20.151842
-51.863656
-46.083670
-10.466461
23.276159
-3.592964
-32.649109
-19.995626
15.465367
9.841597
-54.987973
-42.803138
18.589684
-5.936202
-30.930735
-4.374043
11.559972
5.623770
18.589684
-3.124317
-11.247540
8.435655
-2.343237
11.716187
-2.811885
-12.028619
7.967007
32.336677
35.617210
-11.091324
2.655669
43.896649
13.746993
-42.334490
-1.874590
44.990160
18.902116
-6.404849
2.343237
32.336677
23.432375
-5.623770
-18.121036
-12.497267
15.309152
23.588591
-11.091324
-7.498360
29.993440
5.467554
-11.716187
-0.156216
-6.717281
-16.246446
-3.124317
10.466461
-5.311338
23.432375
22.963727
-18.433468
-26.400476
4.842691
35.617210
-2.030806
-29.681008
-7.654576
17.027526
38.741526
16.402662
-29.056145
-15.934015
29.993440
29.056145
1.562158
-21.714001
-24.213454
29.212361
35.929641
-10.935108
-8.591871
9.841597
11.872403
26.244260
-1.718374
-28.743713
-5.467554
26.088044
11.559972
-28.743713
-7.654576
42.646922
36.554505
-42.334490
-40.772332
27.650202
23.901022
-19.683195
-27.650202
-12.653482
8.904302
22.963727
-0.156216
-21.870216
-24.994533
13.434562
23.119943
-20.464274
-32.649109
-9.529166
-12.653482
-12.028619
6.873497
-1.718374
-15.777799
-4.686475
30.462087
2.499453
-38.116663
-23.432375
-3.749180
-10.466461
-14.684288
-8.279439
-5.155122
16.558878
14.684288
2.030806
-4.217827
-17.808605
-21.245353
-2.187022
1.874590
-21.245353
-12.965914
17.027526
19.370763
-8.279439
-1.405942
19.370763
3.592964
-22.182648
-14.528072
3.749180
-2.499453
2.187022
-0.624863
2.343237
10.154029
13.434562
1.874590
-7.029712
5.623770
1.718374
-5.936202
-8.279439
1.093511
12.497267
11.872403
-2.655669
1.562158
16.715094
12.809698
-2.187022
-14.059425
-7.810792
0.312432
3.749180
12.028619
13.746993
-2.187022
1.718374
16.715094
12.653482
10.622677
-0.937295
-11.716187
-3.124317
4.686475
15.465367
8.904302
-11.403756
4.686475
27.181555
26.712907
8.904302
-5.936202
7.810792
13.278346
-7.810792
-8.435655
-0.468647
-3.905396
10.778892
11.403756
-3.905396
6.561065
17.027526
9.372950
0.468647
-7.810792
-9.529166
5.623770
-3.436748
-16.402662
-2.968101
-7.029712
-7.029712
5.467554
4.842691
6.873497
4.842691
-5.936202
-9.529166
-6.248633
-8.591871
-20.308058
-16.715094
-8.123223
-7.810792
-1.405942
2.655669
-0.937295
1.874590
2.499453
-11.872403
-7.967007
-3.592964
-14.684288
-14.215641
-13.122130
-7.498360
0.156216
-0.156216
4.061612
6.404849
3.436748
-0.468647
-1.249727
-1.405942
-12.341051
-18.433468
-2.499453
9.529166
-0.937295
-6.404849
6.092417
15.309152
11.403756
0.937295
-5.936202
-2.499453
-2.811885
-6.717281
-2.187022
-0.781079
-3.280532
2.655669
10.935108
11.872403
2.343237
-3.436748
1.874590
7.342144
-0.937295
-11.403756
-3.592964
6.561065
1.562158
-4.842691
-1.874590
3.280532
7.498360
7.185928
-4.374043
-3.436748
12.965914
8.435655
-4.217827
-0.937295
4.842691
7.810792
2.655669
-1.718374
1.562158
3.280532
6.248633
0.781079
-6.092417
3.749180
10.154029
1.874590
-0.624863
1.249727
5.623770
7.498360
-2.811885
-1.093511
5.467554
-4.842691
-3.592964
2.030806
-6.092417
-0.937295
7.654576
3.124317
0.468647
1.874590
3.905396
4.061612
-3.905396
-12.497267
-3.905396
5.779986
-1.093511
-4.686475
1.562158
7.654576
3.124317
-6.092417
0.156216
4.686475
-3.749180
-4.061612
-2.187022
-6.092417
-0.781079
2.030806
-6.561065
-3.905396
2.499453
1.405942
2.499453
1.874590
0.468647
-2.343237
-4.842691
1.874590
-1.093511
-9.997813
-2.968101
4.374043
2.968101
-2.030806
-2.187022
2.811885
5.467554
-1.874590
-6.092417
2.343237
3.280532
-8.123223
-9.216734
3.280532
4.374043
-7.498360
-4.374043
6.248633
2.499453
-1.093511
2.811885
4.530259
-4.217827
-8.904302
-0.624863
2.030806
-3.905396
-6.717281
-0.937295
2.030806
-1.405942
3.124317
3.124317
-3.124317
3.749180
4.842691
-4.374043
-4.374043
2.343237
0.937295
-3.905396
-2.343237
0.624863
3.280532
3.749180
2.811885
2.655669
0.156216
2.030806
2.811885
-3.592964
-1.405942
2.343237
-2.655669
-0.312432
5.623770
3.749180
0.000000
1.874590
3.749180
1.874590
-1.562158
-0.312432
2.187022
-1.093511
-2.655669
2.655669
3.280532
-0.781079
-0.781079
1.093511
3.592964
0.937295
-0.312432
1.093511
-0.312432
-0.624863
1.405942
0.156216
-2.968101
0.156216
2.187022
-1.405942
-0.937295
2.811885
-0.781079
-2.811885
0.937295
1.405942
-1.718374
-2.499453
-1.093511
-1.405942
-0.156216
-1.874590
-2.187022
-0.468647
0.156216
-0.156216
0.156216
1.249727
-1.562158
-0.312432
2.187022
-2.187022
-4.842691
2.030806
1.093511
-3.436748
0.624863
1.405942
-0.937295
0.624863
2.030806
-1.718374
-0.156216
1.249727
-1.093511
0.156216
1.405942
-0.468647
-0.156216
1.405942
0.781079
-0.624863
0.312432
0.624863
-1.249727
0.624863
1.249727
-0.781079
-2.187022
1.405942
0.937295
-2.811885
-0.156216
1.249727
-1.562158
-1.405942
1.874590
0.468647
-0.781079
0.312432
0.312432
0.312432
1.405942
-0.624863
-1.562158
1.562158
1.405942
-0.312432
-0.468647
0.624863
-0.156216
0.781079
-0.156216
-1.562158
0.312432
1.718374
0.937295
0.156216
-0.312432
0.000000
2.187022
0.937295
-2.030806
0.156216
2.655669
0.624863
-2.030806
-0.937295
1.874590
1.718374
-1.874590
-1.874590
0.468647
2.030806
-0.468647
-2.968101
-0.781079
2.187022
0.468647
-2.499453
-1.874590
-0.781079
1.249727
0.312432
-1.718374
-0.624863
0.937295
0.624863
-1.093511
-0.937295
0.781079
0.937295
0.468647
0.781079
0.000000
-0.468647
0.781079
0.781079
-1.249727
-0.624863
0.624863
0.468647
-0.937295
-1.562158
1.562158
2.187022
-1.405942
-1.249727
1.249727
1.562158
0.000000
-1.405942
-1.249727
0.468647
0.781079
-1.249727
-0.937295
0.156216
1.405942
1.249727
-0.937295
-2.343237
0.156216
2.655669
0.312432
-2.030806
-1.093511
1.718374
1.562158
-1.405942
-1.249727
1.249727
0.781079
-0.781079
-0.937295
-0.312432
-0.624863
0.156216
0.156216
-0.312432
-0.468647
-0.468647
1.093511
-0.156216
-0.468647
0.156216
0.937295
0.000000
-0.312432
0.624863
0.000000
0.312432
0.000000
0.156216
0.000000
-0.624863
-0.781079
0.312432
1.093511
0.624863
-1.093511
-0.468647
1.718374
0.624863
-1.093511
0.000000
1.562158
0.624863
-0.781079
0.000000
1.093511
0.781079
0.312432
0.937295
0.468647
-0.156216
0.468647
0.312432
-0.468647
-0.937295
-0.468647
-0.312432
-0.624863
-0.781079
-1.093511
-0.468647
0.000000
-0.468647
-0.937295
0.312432
1.093511
-0.781079
-1.718374
0.312432
1.249727
-0.781079
-1.874590
-1.093511
0.624863
0.312432
-0.937295
-0.781079
0.312432
0.156216
-0.781079
-0.312432
0.624863
1.249727
0.468647
-0.468647
0.156216
0.781079
0.468647
-0.624863
-0.468647
0.624863
0.937295
-0.468647
-0.312432
0.624863
0.937295
0.468647
0.000000
1.093511
1.249727
0.624863
-0.156216
0.624863
0.781079
0.468647
-0.312432
-0.156216
0.937295
0.312432
0.000000
-0.624863
-0.312432
0.156216
-0.468647
-0.312432
-0.156216
-0.312432
-0.781079
-0.156216
0.156216
-0.468647
0.000000
0.468647
-0.156216
-0.468647
0.000000
0.000000
-0.468647
-0.624863
-0.312432
-0.156216
-0.156216
-0.312432
0.312432
0.312432
-0.468647
-0.468647
0.000000
-0.312432
-0.312432
0.312432
0.468647
0.468647
0.312432
0.781079
0.468647
-0.312432
-0.468647
-0.156216
0.000000
-0.156216
0.156216
0.312432
-0.156216
-0.624863
-0.624863
0.000000
-0.468647
-1.249727
-0.937295
-0.312432
0.000000
-0.624863
0.156216
0.156216
-0.312432
-0.624863
-0.937295
0.156216
0.000000
-1.093511
-0.781079
0.312432
0.468647
0.312432
0.156216
0.781079
0.937295
0.624863
0.624863
0.156216
0.781079
0.312432
0.312432
1.093511
1.093511
0.781079
0.624863
0.781079
0.156216
0.000000
0.156216
-0.156216
0.156216
0.468647
0.156216
-0.156216
0.000000
-0.156216
-0.156216
-0.156216
-0.156216
-0.312432
-0.156216
0.312432
0.156216
-0.156216
0.156216
0.156216
0.000000
0.156216
0.000000
-0.312432
0.312432
0.468647
-0.312432
-0.156216
0.156216
-0.156216
-0.468647
-0.312432
-0.312432
-0.937295
-0.468647
-0.156216
-0.312432
-0.312432
-0.624863
-0.156216
0.000000
0.000000
-0.156216
-0.312432
-0.468647
-0.312432
0.312432
-0.312432
-0.156216
0.156216
0.156216
0.000000
0.624863
0.312432
0.156216
0.312432
0.468647
0.312432
0.312432
0.000000
0.937295
0.312432
-0.468647
0.000000
0.000000
-0.468647
-0.468647
-0.624863
-0.781079
-0.624863
-0.624863
-0.937295
-0.624863
-0.781079
-0.468647
-0.624863
-0.781079
0.000000
0.000000
0.000000
-0.624863
0.000000
0.468647
0.156216
-0.624863
0.156216
0.624863
-0.312432
-0.468647
0.312432
0.468647
0.156216
-0.312432
-0.156216
0.624863
0.000000
0.000000
0.312432
0.156216
0.781079
0.937295
0.624863
0.937295
0.468647
0.312432
0.781079
0.624863
0.312432
0.624863
0.781079
0.468647
0.156216
0.156216
-0.156216
-0.468647
-0.156216
-0.312432
-0.156216
0.312432
0.468647
0.156216
-0.624863
0.000000
-0.156216
-0.156216
0.156216
0.312432
0.312432
0.000000
0.312432
0.000000
0.000000
0.156216
0.312432
0.468647
0.312432
-0.156216
0.000000
0.000000
-0.468647
-0.468647
-0.624863
0.000000
-0.312432
-0.156216
-0.156216
-0.468647
-0.156216
-0.468647
-0.312432
-0.468647
-0.468647
-0.156216
-0.312432
-0.312432
-0.937295
-0.156216
0.156216
0.312432
0.000000
-0.156216
0.000000
0.468647
0.312432
0.000000
0.156216
-0.312432
-0.156216
0.000000
-0.156216
-0.312432
0.000000
0.000000
0.156216
0.000000
0.000000
0.468647
-0.468647
0.156216
0.312432
0.156216
0.312432
0.156216
-0.156216
-0.156216
0.156216
-0.312432
-0.468647
-0.937295
0.000000
-0.156216
0.000000
0.000000
-0.156216
0.156216
0.156216
-0.156216
-0.156216
0.156216
-0.468647
0.312432
0.312432
0.468647
0.312432
0.156216
0.156216
-0.312432
-0.156216
-0.312432
0.000000
0.000000
0.000000
0.000000
0.156216
0.468647
0.000000
0.156216
0.156216
0.156216
0.156216
-0.156216
-0.156216
0.156216
0.156216
-0.156216
0.000000
0.156216
-0.156216
0.000000
-0.156216
0.000000
0.312432
0.156216
0.468647
0.781079
0.781079
0.624863
0.624863
0.468647
0.468647
0.781079
0.312432
0.156216
0.156216
0.000000
0.156216
0.000000
-0.156216
-0.312432
-0.312432
