-4.571777
-1.523926
0.000000
-0.761963
-2.285888
-0.761963
0.761963
0.761963
1.523926
2.285888
0.761963
-1.523926
-5.333740
-9.905517
-6.857665
-6.095703
-6.095703
-2.285888
0.761963
0.000000
3.809814
9.143554
12.191405
10.667480
7.619628
3.047851
3.047851
3.047851
-1.523926
0.761963
0.000000
0.761963
1.523926
-0.761963
-2.285888
3.047851
1.523926
1.523926
5.333740
3.047851
4.571777
4.571777
2.285888
6.095703
7.619628
4.571777
3.047851
1.523926
-3.047851
-6.857665
-10.667480
-14.477294
-12.191405
-6.857665
-0.761963
3.047851
3.809814
10.667480
12.191405
9.905517
12.953368
7.619628
6.095703
1.523926
-2.285888
-3.809814
-4.571777
-4.571777
-4.571777
-6.095703
-6.095703
-7.619628
-9.905517
-6.095703
-0.761963
0.761963
6.095703
9.143554
7.619628
7.619628
6.095703
2.285888
1.523926
-1.523926
-4.571777
-6.095703
-8.381591
-6.857665
-5.333740
-3.809814
-3.809814
-1.523926
-3.047851
-3.047851
-1.523926
1.523926
3.809814
1.523926
3.047851
5.333740
6.095703
6.857665
3.809814
3.047851
2.285888
-3.047851
-3.047851
-6.095703
-2.285888
-1.523926
-2.285888
-3.047851
-2.285888
-0.761963
-0.761963
0.761963
0.000000
2.285888
3.047851
5.333740
8.381591
7.619628
8.381591
2.285888
0.000000
1.523926
-2.285888
-3.047851
-4.571777
-6.095703
-5.333740
-3.809814
-1.523926
1.523926
0.000000
-0.761963
-5.333740
-3.047851
-2.285888
0.000000
0.000000
2.285888
3.047851
1.523926
3.809814
4.571777
2.285888
3.809814
1.523926
-5.333740
-6.857665
-12.191405
-8.381591
-5.333740
-2.285888
3.809814
6.857665
3.809814
4.571777
9.143554
6.095703
6.857665
5.333740
3.809814
1.523926
-1.523926
3.047851
5.333740
6.095703
3.809814
0.000000
0.761963
0.761963
-2.285888
-1.523926
-0.761963
-2.285888
1.523926
2.285888
6.857665
6.095703
2.285888
2.285888
0.761963
-0.761963
0.000000
-1.523926
0.000000
-0.761963
-5.333740
-6.095703
-8.381591
-11.429442
-6.857665
-4.571777
-4.571777
-4.571777
-4.571777
-0.761963
-0.761963
-3.047851
0.000000
-2.285888
0.000000
-1.523926
-2.285888
-3.047851
-5.333740
-5.333740
-5.333740
-4.571777
-3.047851
0.000000
-1.523926
3.047851
3.809814
2.285888
5.333740
6.857665
5.333740
6.095703
8.381591
3.047851
1.523926
-0.761963
-0.761963
-2.285888
-3.809814
-1.523926
-3.809814
-3.809814
-1.523926
-3.047851
1.523926
3.047851
5.333740
8.381591
9.143554
11.429442
9.143554
6.095703
3.047851
0.000000
-4.571777
-3.047851
-6.857665
-8.381591
-8.381591
-6.095703
-5.333740
-3.809814
1.523926
4.571777
6.857665
9.143554
4.571777
2.285888
3.047851
1.523926
2.285888
-1.523926
-0.761963
-1.523926
-3.809814
-3.809814
-3.047851
-1.523926
-1.523926
0.000000
2.285888
2.285888
7.619628
6.857665
3.809814
3.047851
3.809814
2.285888
0.761963
1.523926
-0.761963
1.523926
0.761963
0.761963
0.761963
-1.523926
-1.523926
-5.333740
-3.809814
0.000000
0.761963
0.761963
1.523926
3.809814
3.809814
3.809814
5.333740
6.095703
3.047851
2.285888
6.095703
3.047851
0.000000
-2.285888
-1.523926
-6.095703
-9.143554
-5.333740
-3.047851
-3.047851
-3.047851
-1.523926
-2.285888
-5.333740
-5.333740
-6.857665
-5.333740
-3.809814
-0.761963
0.761963
-0.761963
-0.761963
-0.761963
0.000000
-1.523926
0.761963
4.571777
6.095703
3.809814
1.523926
1.523926
-1.523926
-2.285888
-2.285888
0.000000
0.761963
-0.761963
0.761963
4.571777
6.095703
6.857665
6.095703
5.333740
4.571777
0.000000
-3.809814
-3.809814
-6.095703
-6.857665
-8.381591
-9.905517
-7.619628
-6.095703
-6.095703
-5.333740
-6.095703
-2.285888
0.761963
0.000000
-0.761963
-3.047851
-0.761963
0.000000
-3.047851
-4.571777
-2.285888
-5.333740
-3.047851
-3.047851
-6.095703
-6.857665
-6.095703
-1.523926
0.000000
2.285888
3.809814
3.047851
2.285888
3.809814
1.523926
0.761963
0.000000
-0.761963
0.000000
0.761963
0.000000
0.000000
-2.285888
-3.809814
0.000000
0.761963
3.047851
6.857665
5.333740
5.333740
5.333740
6.857665
10.667480
9.905517
7.619628
6.095703
1.523926
1.523926
3.047851
0.000000
1.523926
1.523926
0.000000
1.523926
6.095703
7.619628
6.857665
7.619628
4.571777
4.571777
1.523926
4.571777
6.857665
4.571777
5.333740
3.047851
2.285888
0.000000
-3.047851
0.000000
-1.523926
-2.285888
0.761963
0.000000
2.285888
4.571777
5.333740
9.905517
6.857665
4.571777
1.523926
0.000000
0.761963
-1.523926
-3.809814
-4.571777
-4.571777
0.761963
0.761963
0.761963
1.523926
0.761963
3.809814
4.571777
5.333740
6.857665
4.571777
2.285888
0.761963
-0.761963
-4.571777
-7.619628
-6.857665
-7.619628
-6.857665
-7.619628
-8.381591
-4.571777
-3.047851
-3.809814
0.000000
-1.523926
-1.523926
0.000000
0.000000
3.809814
1.523926
0.000000
0.761963
-2.285888
-1.523926
-1.523926
-3.809814
-6.095703
-7.619628
-6.095703
-5.333740
-6.095703
-6.857665
-5.333740
-3.809814
-5.333740
-6.095703
-3.809814
-1.523926
-0.761963
0.761963
0.761963
-1.523926
0.000000
0.000000
1.523926
-0.761963
0.000000
-4.571777
-3.809814
-2.285888
-4.571777
-5.333740
-5.333740
-3.809814
-3.047851
1.523926
4.571777
9.143554
11.429442
11.429442
6.095703
6.095703
5.333740
-1.523926
-2.285888
0.000000
-1.523926
-4.571777
-3.809814
-5.333740
-4.571777
-4.571777
1.523926
2.285888
0.761963
1.523926
1.523926
3.047851
1.523926
-0.761963
-0.761963
-1.523926
-1.523926
-0.761963
-1.523926
0.761963
2.285888
1.523926
0.761963
-6.095703
-6.857665
-2.285888
2.285888
5.333740
6.857665
6.095703
3.809814
3.809814
1.523926
-0.761963
1.523926
2.285888
4.571777
6.857665
6.095703
6.095703
0.000000
0.761963
3.047851
1.523926
0.761963
2.285888
2.285888
7.619628
6.095703
6.857665
12.953368
14.477294
12.953368
8.381591
6.857665
3.047851
-0.761963
-6.095703
-6.095703
-8.381591
-6.857665
-7.619628
-6.857665
-3.047851
0.000000
0.761963
2.285888
1.523926
3.809814
2.285888
1.523926
4.571777
0.761963
-4.571777
-6.857665
-9.905517
-8.381591
-6.095703
-6.095703
-4.571777
-4.571777
-3.047851
0.000000
0.000000
2.285888
6.095703
9.905517
6.095703
6.095703
8.381591
3.047851
1.523926
1.523926
0.000000
0.000000
-1.523926
0.761963
2.285888
4.571777
3.047851
0.000000
-0.761963
-0.761963
-1.523926
-1.523926
2.285888
3.809814
3.809814
3.809814
2.285888
0.761963
-1.523926
-3.809814
-1.523926
-4.571777
0.000000
-3.809814
-4.571777
-1.523926
-6.095703
-3.809814
-6.095703
-0.761963
4.571777
4.571777
3.809814
5.333740
4.571777
8.381591
8.381591
9.143554
9.905517
6.095703
3.047851
0.761963
-3.047851
-0.761963
-1.523926
-1.523926
-0.761963
-3.047851
0.000000
2.285888
2.285888
2.285888
-0.761963
-1.523926
-3.047851
-6.857665
-5.333740
-7.619628
-10.667480
-10.667480
-11.429442
-12.191405
-9.143554
-8.381591
-6.857665
-6.857665
-6.095703
-5.333740
-9.143554
-7.619628
-8.381591
-9.905517
-9.143554
-9.143554
-9.143554
-7.619628
-6.095703
-5.333740
-6.857665
-6.857665
-9.143554
-6.095703
-3.047851
0.761963
1.523926
0.000000
2.285888
0.000000
0.761963
-2.285888
-0.761963
-2.285888
-3.809814
-1.523926
-0.761963
0.761963
0.000000
0.000000
0.761963
-0.761963
-1.523926
0.761963
1.523926
4.571777
7.619628
8.381591
10.667480
9.905517
12.953368
13.715331
12.191405
9.143554
8.381591
7.619628
0.761963
-1.523926
1.523926
-0.761963
-3.047851
-3.809814
-2.285888
2.285888
5.333740
5.333740
9.905517
12.191405
9.905517
11.429442
11.429442
8.381591
9.905517
11.429442
7.619628
6.095703
0.761963
0.000000
0.000000
-0.761963
2.285888
0.000000
0.761963
-0.761963
0.761963
3.809814
6.095703
4.571777
6.095703
7.619628
3.047851
3.809814
3.047851
6.095703
3.047851
0.000000
0.761963
-1.523926
-4.571777
-6.095703
-6.095703
-3.809814
-1.523926
-0.761963
-1.523926
-1.523926
0.761963
-0.761963
-1.523926
-1.523926
-3.047851
-1.523926
0.761963
2.285888
1.523926
0.000000
1.523926
2.285888
0.761963
-1.523926
-6.857665
-8.381591
-7.619628
-4.571777
-3.809814
-5.333740
0.000000
0.000000
2.285888
4.571777
2.285888
3.809814
0.000000
-1.523926
0.000000
0.000000
-1.523926
-2.285888
-3.047851
-0.761963
-1.523926
0.000000
0.761963
2.285888
2.285888
1.523926
0.761963
3.047851
2.285888
3.047851
3.047851
0.761963
5.333740
1.523926
-0.761963
0.000000
-1.523926
-2.285888
-2.285888
-3.809814
1.523926
3.047851
4.571777
5.333740
1.523926
-1.523926
-5.333740
-6.095703
-7.619628
-6.095703
-5.333740
-6.095703
-6.095703
-3.047851
-5.333740
-3.809814
-3.047851
-0.761963
-3.809814
-4.571777
-5.333740
-8.381591
-6.095703
-6.857665
-6.857665
-4.571777
-3.047851
1.523926
-1.523926
0.000000
3.809814
2.285888
2.285888
6.095703
3.809814
5.333740
6.857665
4.571777
1.523926
-0.761963
0.761963
0.761963
-0.761963
0.000000
2.285888
0.761963
3.047851
5.333740
7.619628
6.857665
1.523926
0.000000
-0.761963
-0.761963
-3.047851
-5.333740
-6.857665
-6.095703
-6.095703
-3.809814
-1.523926
1.523926
4.571777
4.571777
6.857665
2.285888
0.761963
-0.761963
1.523926
0.761963
2.285888
6.857665
6.095703
6.857665
6.857665
9.143554
4.571777
3.809814
4.571777
1.523926
1.523926
1.523926
0.000000
-1.523926
-3.809814
-3.047851
-2.285888
-1.523926
0.761963
0.000000
1.523926
5.333740
6.857665
12.191405
16.001219
16.763182
15.239257
9.905517
6.857665
6.095703
5.333740
6.857665
6.095703
0.761963
1.523926
0.761963
0.761963
0.000000
-0.761963
-3.047851
-6.857665
-6.095703
-7.619628
-6.095703
-4.571777
-8.381591
-10.667480
-14.477294
-15.239257
-10.667480
-5.333740
-6.095703
-10.667480
-12.953368
-10.667480
-11.429442
-9.143554
-3.809814
0.761963
0.761963
1.523926
1.523926
3.809814
3.809814
6.857665
8.381591
10.667480
13.715331
12.953368
9.905517
11.429442
10.667480
6.095703
2.285888
0.000000
-0.761963
-3.047851
-1.523926
-2.285888
0.000000
0.000000
0.000000
0.000000
-3.809814
-6.095703
-9.905517
-13.715331
-19.049071
-21.334959
-22.096922
-24.382811
-26.668699
-24.382811
-21.334959
-18.287108
-10.667480
-6.857665
-0.761963
1.523926
6.857665
11.429442
13.715331
15.239257
13.715331
10.667480
3.047851
5.333740
2.285888
0.000000
0.761963
-3.047851
-1.523926
-3.047851
-1.523926
0.761963
0.761963
0.761963
4.571777
4.571777
5.333740
9.905517
12.953368
12.191405
12.191405
14.477294
15.239257
15.239257
12.953368
9.143554
1.523926
-0.761963
-4.571777
-9.905517
-9.143554
-4.571777
-3.809814
0.761963
3.809814
5.333740
7.619628
7.619628
8.381591
2.285888
3.047851
5.333740
5.333740
6.857665
9.143554
10.667480
11.429442
11.429442
9.143554
9.905517
12.191405
12.953368
12.191405
12.191405
14.477294
13.715331
13.715331
18.287108
23.620848
19.049071
15.239257
11.429442
-0.761963
-4.571777
-11.429442
-9.143554
-5.333740
-6.095703
-0.761963
0.761963
5.333740
9.143554
9.905517
13.715331
19.811034
12.191405
16.763182
19.811034
16.001219
18.287108
17.525145
9.143554
9.905517
14.477294
16.763182
22.096922
37.336179
45.717770
54.099361
62.480952
72.386469
80.768060
83.815911
78.482172
68.576655
67.814692
65.528803
64.004878
57.147212
67.052729
72.386469
76.958246
74.672357
76.958246
77.720209
72.386469
77.720209
73.910395
64.766841
64.004878
64.004878
66.290766
55.623287
41.145993
9.143554
-52.575435
-134.867421
-127.247793
-185.156968
-200.396225
-250.685771
-461.749476
-736.056095
-937.214282
-1011.886640
-1249.619043
-1211.520901
-1099.512365
-906.735769
-885.400810
-889.972587
-723.864689
-659.097849
-591.283157
-663.669626
-296.403541
125.723867
425.937223
693.386176
825.205746
1154.373689
1129.228916
1170.374908
1293.812887
1449.253305
1603.931759
1532.307253
1429.442271
1235.141749
1137.610507
1000.457197
731.484318
662.907663
507.467245
332.977757
49.527584
-60.195064
-106.674796
-294.879616
-363.456270
-463.273401
-307.832984
-351.264865
-346.693088
-526.516316
-640.810741
-536.421833
-515.848837
-603.474562
-708.625433
-527.278279
-578.329789
-531.088093
-427.461148
-276.592508
-60.195064
-103.626945
-115.056387
-9.143554
92.959465
-59.433101
16.001219
246.875957
377.933564
371.075899
505.943320
621.761670
563.090532
443.462368
287.259987
284.974099
128.009756
51.813473
42.669919
54.861324
-108.960685
-128.771718
-200.396225
-248.399883
-339.835423
-637.762890
-465.559290
-697.195990
-716.245061
-639.286815
-612.618116
-475.464807
-547.089313
-201.158187
-245.352032
-257.543437
-168.393786
-168.393786
-257.543437
-404.602263
-22.858885
50.289547
113.532462
117.342276
192.776596
299.451393
-9.905517
163.822009
244.590069
210.301741
95.245354
170.679674
313.928686
12.953368
118.104239
83.053949
-1.523926
-106.674796
-62.480952
-31.240476
-185.156968
-61.718989
-69.338618
-105.150871
-130.295644
105.912834
35.812253
27.430662
123.437979
97.531242
212.587630
54.099361
368.790010
522.706502
457.939661
562.328569
702.529730
743.675723
584.425491
690.338325
792.441344
800.060973
709.387396
681.956734
787.107604
566.900346
608.808302
657.573923
472.416955
441.176479
475.464807
482.322472
413.745817
346.693088
71.624506
-87.625726
-289.545876
-233.160626
-325.358129
-710.911321
-583.663529
-473.940881
-603.474562
-814.538266
-837.397151
-836.635188
-1222.188381
-1555.928101
-1587.168577
-1405.059460
-1359.341691
-1306.004292
-1261.048485
-895.306326
-572.996049
-486.894249
-192.014633
41.145993
455.653773
519.658651
367.266085
540.231647
835.111263
976.074387
960.835130
1166.565094
1337.244768
1408.869275
1367.723282
1343.340471
1343.340471
1158.945466
863.303888
585.187454
271.258768
64.766841
-125.723867
-366.504122
-609.570265
-691.862251
-781.773865
-1089.606848
-1083.511146
-1149.801912
-1407.345349
-1679.366080
-1675.556265
-1712.892444
-1760.134140
-1565.833618
-1447.729379
-1326.577289
-1274.001853
-1105.608068
-885.400810
-653.002146
-307.832984
-89.149651
35.812253
41.145993
269.734842
356.598605
291.069801
447.272182
761.962831
841.968928
872.447442
926.546803
1136.086581
1112.465733
941.786059
954.739427
886.924735
818.348081
802.346861
880.829033
982.932052
956.263353
848.064631
878.543144
843.492854
822.157895
914.355397
684.242622
671.289254
677.384957
629.381298
651.478221
763.486757
940.262133
829.015560
916.641286
972.264572
1176.470611
1016.458417
502.133506
353.550754
14.477294
25.144773
-280.402322
-741.389835
-682.718697
-729.960392
-691.100288
-1075.129555
-1315.909809
-1440.109751
-1726.607775
-2334.654114
-2678.299351
-2435.233208
-2459.616019
-2481.712941
-2490.094532
-1949.100922
-1321.243549
-1049.984781
-595.854934
-321.548315
203.444076
343.645237
432.794888
696.434028
1046.936930
1505.638554
1623.742793
1855.379494
2139.591630
2560.195112
2724.017121
2718.683381
2713.349641
2580.006146
2376.562070
1922.432223
1659.555046
1290.003073
941.786059
383.267304
-176.775377
-451.843959
-812.252378
-1174.184723
-1613.075313
-1889.667821
-2073.300863
-2336.178040
-2695.062533
-2906.888200
-2963.273450
-3105.760499
-3170.527340
-3179.670894
-2958.701673
-2611.246622
-2243.980537
-1843.950051
-1338.006731
-842.730891
-472.416955
-178.299302
201.158187
625.571484
852.636408
1043.889078
1248.095117
1566.595581
1822.615092
2000.914394
2269.125311
2382.657773
2443.614799
2400.182918
2102.255451
1914.050632
1790.612653
1573.453246
1396.677869
1243.523340
1106.370031
1011.886640
1008.838788
950.929613
995.123457
807.680601
697.957953
467.845178
438.128628
348.978977
250.685771
384.029267
376.409639
580.615677
665.193551
929.594654
1139.896395
1309.814107
944.833910
436.604702
281.926247
10.667480
-19.811034
-752.819277
-1110.941808
-1141.420321
-1255.714746
-1471.350227
-2107.589191
-1976.531584
-2249.314277
-2711.825716
-3351.112531
-3414.355446
-3173.575191
-3472.264621
-3679.518511
-3645.230184
-2896.982684
-2411.612360
-2023.773279
-1426.394420
-694.148139
92.959465
240.780255
621.761670
1107.893956
1654.221306
1891.953709
1876.714453
2237.122872
2677.537388
3028.802253
3165.955563
3460.073216
3791.527047
3878.390810
3676.470660
3476.074435
3221.578850
2704.968050
2093.111897
1387.534315
717.768987
20.572996
-571.472123
-1131.514804
-1585.644651
-2010.057948
-2401.706843
-2618.866250
-3102.712648
-3293.965319
-3574.367640
-3808.290229
-4079.548997
-4334.806546
-4231.179601
-4171.746500
-3844.864445
-3402.164041
-2696.586459
-2099.969562
-1443.919565
-686.528511
-9.905517
775.678162
1147.516024
1674.032340
1942.243256
2285.888493
2651.630652
2800.975367
2957.939710
3038.707770
3140.048827
3051.661138
3078.329837
2889.363055
2861.932393
2588.387737
2196.738842
1914.812594
1572.691283
1322.767475
886.924735
586.711380
332.977757
185.156968
94.483391
76.958246
218.683333
371.837862
446.510219
389.363007
540.231647
451.843959
595.854934
509.753134
488.418175
733.770206
147.058826
90.673577
-198.110336
83.053949
44.193844
-648.430369
-637.762890
-690.338325
-585.187454
-1221.426418
-1722.035998
-1786.802839
-2149.497146
-2782.688259
-3405.973855
-3139.286864
-3190.338373
-3204.053704
-3497.409394
-3075.281986
-2314.843081
-2047.394127
-1501.828740
-1115.513585
-261.353251
218.683333
353.550754
719.292912
1075.129555
1616.123165
1624.504756
1666.412711
2061.871421
2397.897029
2651.630652
2736.208526
3040.993659
3289.393542
3297.775133
3178.146968
3140.048827
2927.461197
2448.948539
1949.100922
1486.589483
905.973806
252.971660
-260.591288
-702.529730
-1247.333154
-1850.807717
-2226.455392
-2399.420955
-2720.969270
-3034.897956
-3310.728501
-3466.168918
-3711.520950
-4036.117116
-4212.130530
-4087.168626
-3957.634944
-3783.145456
-3410.545632
-2846.693137
-2067.967123
-1411.917126
-660.621774
63.242915
738.341983
1348.674211
1771.563582
2240.170723
2589.911663
2893.934832
2942.700453
2896.982684
2939.652602
2996.037852
2874.123799
2650.106726
2774.306668
2668.393834
2516.001268
2215.787913
2132.733964
2117.494707
1546.784547
1262.572411
873.971367
637.000927
324.596166
95.245354
206.491927
98.293205
280.402322
384.029267
634.715038
832.825374
1093.416663
1243.523340
1270.192039
1007.314863
463.273401
436.604702
-6.857665
65.528803
-575.281937
-1177.232574
-1088.844886
-1392.106092
-1352.484025
-2132.733964
-2273.697088
-2248.552314
-2903.078386
-3457.025364
-3705.425247
-3419.689186
-3748.857129
-4081.072923
-4107.741622
-3342.730940
-2845.931174
-2602.103068
-1891.953709
-1245.809229
-296.403541
-9.905517
531.088093
1300.670553
1827.186869
2231.027169
2133.495927
2372.752256
2703.444124
2890.886981
2980.798595
3009.753183
3355.684308
3433.404517
3415.117409
3453.215550
3472.264621
3326.729720
2909.174089
2464.187796
1920.908297
1228.284084
441.176479
-155.440418
-889.972587
-1584.120726
-2279.030828
-2676.775425
-2781.164333
-3179.670894
-3269.582508
-3385.400858
-3417.403297
-3559.890347
-3792.289010
-3619.323447
-3517.220428
-3490.551729
-3540.841276
-3297.013170
-2816.214623
-2250.838203
-1763.943954
-1078.177406
-303.261207
438.128628
1204.663236
1780.707136
2442.852836
3005.181406
3207.863519
3176.623043
3084.425540
3121.761719
2988.418223
2557.147261
2351.417297
2275.221013
2093.873860
1866.808936
1713.654407
1907.954929
1798.994244
1519.353885
1379.914687
1094.940588
1090.368811
733.770206
542.517536
457.939661
240.018292
262.877177
263.639140
393.172821
756.629091
927.308765
1216.854641
1363.913468
1090.368811
1091.892737
881.590995
701.005805
451.843959
-489.942100
-763.486757
-1075.129555
-1455.349007
-2013.105800
-2691.252719
-2745.352080
-3102.712648
-3697.805619
-3955.349056
-3823.529486
-3732.093946
-3959.158870
-4199.939125
-3732.093946
-3025.754402
-2738.494415
-2301.127750
-1810.423687
-872.447442
-263.639140
8.381591
848.826594
1542.974733
2225.693429
2349.893371
2574.672406
3185.766596
3383.114970
3538.555387
3557.604458
3669.612994
3809.814155
3607.894005
3543.889127
3489.027803
3308.442612
2976.988781
2531.240525
2059.585532
1589.454466
932.642505
259.829325
-460.225550
-1210.758938
-1829.472757
-2516.763231
-2951.844007
-3325.967757
-3748.095166
-3972.874201
-4164.888834
-4173.270425
-4280.707185
-4280.707185
-3924.108580
-3778.573679
-3637.610555
-3381.591044
-2938.128676
-2328.558412
-1940.719331
-1431.728159
-723.864689
-99.817131
545.565387
1172.660797
1782.993025
2381.133847
2747.637969
2935.080825
3132.429198
3195.672113
3249.771474
2993.751963
2654.678503
2483.236866
2201.310619
2024.535242
1655.745232
1515.544071
1635.172235
1329.625140
1153.611726
1123.895176
1117.799473
1163.517243
790.155456
880.829033
820.633969
701.005805
707.863470
646.144481
964.644944
997.409346
1142.182284
1341.816545
1208.473050
1089.606848
1107.131993
999.695234
864.065850
257.543437
-274.306619
-380.981416
-911.307546
-1372.295059
-2129.686113
-2692.014682
-2966.321301
-3716.092727
-4116.123213
-4341.664211
-4273.849519
-4366.808985
-4587.778206
-4372.904687
-3597.988488
-3102.712648
-2785.736110
-2271.411199
-1507.162480
-691.100288
-393.172821
250.685771
1043.889078
1707.558704
2115.208819
2274.459051
2974.702892
3466.168918
3744.285352
3898.963806
3973.636164
4285.278962
4263.182040
4130.600507
4094.788254
3841.816594
3537.031462
2992.228037
2437.519096
1909.478855
1280.097556
459.463587
-353.550754
-1061.414224
-1892.715672
-2346.083557
-3031.850105
-3312.252426
-3703.901322
-4129.076581
-4131.362470
-4385.858055
-4258.610263
-4318.043363
-4068.119555
-3827.339300
-3762.572460
-3352.636456
-3054.708990
-2355.227111
-2009.295985
-1487.351446
-927.308765
-272.782694
509.753134
1097.988440
1816.519389
2348.369445
2918.317643
3157.573972
3341.968977
3461.597141
3440.262182
3358.732159
2839.835471
2643.249061
2393.325252
1942.243256
1694.605336
1263.334374
1293.812887
1040.841227
736.818058
795.489196
662.907663
888.448661
653.002146
691.100288
774.916199
669.003366
845.016780
669.765328
893.020438
911.307546
1011.124677
1278.573630
1128.466953
1181.804351
1122.371250
1209.996976
1156.659577
752.057314
296.403541
86.863763
-131.057607
-800.060973
-1558.213989
-2269.887274
-2656.202429
-3323.681869
-4172.508463
-4326.424955
-4536.726696
-4603.779425
-4872.752304
-4821.700795
-4014.020194
-3625.419150
-3098.140871
-2772.782742
-2074.062826
-1190.185942
-783.297790
-123.437979
493.751915
1296.098776
1776.897322
2034.440759
2595.245402
3221.578850
3692.471879
3852.484074
4087.930588
4343.950100
4593.873908
4522.249402
4532.154919
4450.624896
4027.735525
3631.514853
2970.131115
2442.852836
1700.701039
956.263353
122.676016
-787.869567
-1629.076533
-2308.747378
-2707.253939
-3405.973855
-3770.954051
-4274.611482
-4428.527974
-4585.492317
-4791.222281
-4603.779425
-4671.594117
-4398.811423
-4312.709624
-3875.342959
-3420.451148
-2932.794937
-2274.459051
-1855.379494
-1192.471831
-611.856153
233.160626
900.640066
1394.391981
2002.438320
2576.196332
3020.420662
3140.810789
3441.024145
3523.316131
3402.164041
3113.380128
2795.641627
2741.542266
2304.175601
1987.199063
1633.648310
1334.196917
1155.135652
798.537047
857.970148
636.238964
611.856153
665.193551
534.135945
771.868348
658.335886
1023.316082
1006.552900
1120.085362
1286.955222
1305.242330
1639.744012
1318.195698
1374.580947
1081.987220
1048.460855
1093.416663
518.896688
390.124969
-24.382811
19.049071
-528.802205
-1286.193259
-1693.081411
-2193.690991
-2666.869909
-3700.091507
-3976.684015
-4218.988195
-4529.107068
-4855.989122
-5000.000097
-4298.232330
-4017.068045
-3557.604458
-3082.901614
-2410.088435
-1443.157602
-975.312424
-168.393786
428.985074
1246.571192
1814.233501
2126.638261
2636.391395
3063.852544
3576.653529
3626.943076
3868.485293
4110.789473
4302.804107
4468.912004
4368.332910
4469.673967
4157.269206
3862.389590
3428.070777
2885.553241
2224.169504
1426.394420
628.619336
-497.561729
-1334.958880
-2276.744939
-2714.111604
-3499.695283
-4175.556314
-4395.763572
-4832.368274
-4711.978147
-4988.570655
-4791.984244
-4681.499634
-4692.929076
-4325.662992
-4055.928150
-3447.119848
-3134.715087
-2506.857714
-2027.583093
-1487.351446
-848.064631
-106.674796
752.819277
1218.378567
1920.146334
2489.332569
3037.183844
3345.778791
3557.604458
3799.908638
3610.941856
3458.549290
3151.478269
2989.180186
2695.062533
2155.592849
1920.908297
1475.160041
1206.187162
987.503829
815.300229
736.056095
562.328569
536.421833
627.857373
676.622994
697.957953
860.256036
953.215502
1075.129555
1155.897615
1264.096337
1424.870494
1351.722062
1104.846105
1065.986001
947.119799
1049.984781
733.008243
254.495586
247.637920
-44.193844
-313.166724
-1136.086581
-1563.547729
-1810.423687
-2605.150919
-3248.247549
-3873.819033
-3905.821472
-4377.476464
-4794.270133
-4835.416126
-4465.864153
-4039.164967
-3884.486513
-3293.965319
-2640.201209
-1747.180772
-1190.185942
-499.847617
290.307839
920.451100
1619.171016
1805.851910
2365.894590
2807.833032
3117.189942
3426.546851
3443.310033
3847.150334
3982.017755
4088.692551
4254.800448
4221.274084
4093.264328
3757.238720
3498.933320
3060.804692
2483.236866
1766.991805
873.209404
117.342276
-986.741866
-1667.936637
-2383.419735
-3242.913809
-3775.525828
-4395.001609
-4532.154919
-4891.801375
-4919.232037
-4803.413687
-4763.029657
-4510.819960
-4313.471586
-3664.279254
-3441.786108
-2905.364275
-2396.373104
-1913.288669
-1376.866836
-1014.172528
-156.964343
357.360568
921.213063
1462.968636
2042.822350
2674.489537
2981.560558
3480.646212
3607.894005
3674.184771
3550.746793
3441.024145
3366.351787
2821.548363
2652.392615
2120.542559
1795.946393
1286.955222
1056.080484
993.599532
681.194771
726.912541
637.000927
803.108824
829.777523
929.594654
1008.838788
1052.270670
1071.319740
1068.271889
1213.044827
1066.747963
993.599532
763.486757
592.807083
632.429150
265.925028
53.337398
-60.957026
-187.442856
-393.172821
-1047.698893
-1363.913468
-1613.837276
-2148.735183
-2764.401151
-3393.020487
-3505.790986
-3950.777279
-4346.997951
-4475.769669
-4208.320716
-3867.723330
-3710.758987
-3221.578850
-2607.436808
-1824.139017
-1189.423979
-546.327350
202.682113
845.778742
1470.588264
1831.758646
2296.555973
2709.539827
3044.803473
3258.153065
3286.345690
3508.076874
3608.655968
3778.573679
3809.052192
3854.007999
3754.952831
3438.738256
3263.486805
2906.126238
2437.519096
1840.140237
1077.415443
371.075899
-581.377640
-1365.437393
-2087.016194
-2974.702892
-3610.179893
-4215.178381
-4486.437149
-4758.457880
-4978.665138
-4865.132676
-4730.265255
-4526.059216
-4281.469148
-3790.765084
-3251.295400
-2740.018340
-2316.367006
-1713.654407
-1132.276767
-705.577582
-133.343495
309.356909
899.116141
1290.765036
1723.559924
2212.740061
2487.808643
2938.128676
3130.905273
3284.059802
3342.730940
3305.394761
3285.583727
3008.991220
2724.779084
2275.982976
2013.105800
1606.217648
1248.095117
909.783620
710.911321
637.762890
458.701624
511.277060
573.758012
784.821716
934.928394
960.073167
1232.093898
1283.907370
1488.113409
1434.014048
1142.182284
1219.902492
893.020438
968.454758
482.322472
115.818350
158.488269
-205.729964
-387.077118
-1076.653480
-1238.951563
-1455.349007
-2019.201502
-2506.095751
-2890.125018
-2967.845227
-3524.078093
-3809.814155
-4033.831227
-3793.050973
-3738.189649
-3714.568801
-3238.342032
-2896.982684
-2154.068923
-1733.465441
-1088.844886
-355.074679
154.678455
934.928394
1245.047266
1850.045754
2353.703185
2626.485879
2958.701673
3006.705331
3284.821765
3397.592264
3465.406955
3530.173796
3529.411833
3385.400858
3245.199697
3135.477050
2753.733671
2413.136286
1781.469099
1320.481586
601.188674
-435.080777
-928.070728
-1788.326764
-2468.759573
-3364.827862
-4013.258231
-4084.120774
-4667.022340
-4865.894639
-4923.041851
-4667.784303
-4430.051900
-4420.908346
-3807.528267
-3240.627920
-2675.251500
-2333.130189
-1693.843373
-911.307546
-385.553192
148.582752
574.519975
1193.233793
1517.067997
1957.482513
2211.216136
2412.374323
2703.444124
2756.019560
2962.511487
2815.452661
3006.705331
3098.902834
2900.030535
2704.968050
2474.093312
2375.800107
1959.006439
1591.740354
1302.956441
995.123457
604.236525
435.080777
335.263646
381.743378
401.554412
563.852495
817.586118
730.722355
1114.751622
1233.617823
1229.046046
1078.177406
954.739427
1129.990878
733.770206
224.017072
118.866202
131.819570
-232.398663
-752.057314
-1072.081703
-1089.606848
-1423.346568
-2054.251792
-2187.595288
-2318.652895
-2602.103068
-3023.468513
-3343.492903
-3194.148188
-3178.146968
-3157.573972
-3072.996098
-2858.122579
-2324.748597
-1943.005219
-1542.974733
-981.408126
-408.412077
175.251451
490.704063
849.588557
1461.444710
1828.710794
2087.778157
2311.795229
2562.481001
2882.505390
2960.225599
3134.715087
3278.726062
3261.962880
3128.619384
3066.900395
2796.403590
2502.285937
2129.686113
1597.074094
1099.512365
220.207258
-243.066143
-908.259695
-1599.359982
-2352.941222
-3058.518804
-3296.251207
-3855.531925
-4090.216477
-4386.620018
-4318.043363
-4222.036047
-4226.607824
-3845.626408
-3516.458465
-2970.893078
-2621.152139
-2110.637042
-1588.692503
-987.503829
-341.359348
84.577874
629.381298
1032.459636
1593.264280
1927.765962
2159.402663
2508.381640
2638.677284
2783.450222
2676.775425
2766.687039
2806.309107
2623.438027
2442.090873
2249.314277
2275.221013
1945.291108
1671.746451
1510.210331
1276.287742
1021.030194
725.388615
704.815619
556.232867
408.412077
417.555631
518.134725
503.657431
564.614458
806.918638
729.960392
753.581240
686.528511
914.355397
927.308765
364.980196
452.605922
347.455051
201.920150
-264.401102
-714.721135
-701.005805
-1182.566314
-1638.982050
-1956.720550
-2085.492269
-2254.648017
-2570.100629
-2717.159455
-2744.590117
-2614.294473
-2589.911663
-2443.614799
-2391.039364
-2043.584313
-1643.553827
-1452.301156
-1079.701332
-751.295351
-166.869860
95.245354
263.639140
775.678162
1104.846105
1437.061899
1610.027462
1860.713233
2171.594068
2260.743720
2502.285937
2620.390176
2672.965611
2682.109165
2599.817179
2546.479781
2240.170723
1949.100922
1721.274035
1283.907370
623.285596
114.294425
-358.884493
-936.452319
-1523.925662
-2232.551095
-2480.189015
-3037.945807
-3428.832740
-3631.514853
-3813.623969
-3733.617872
-3882.200624
-3580.463343
-3356.446271
-3044.041510
-2615.818399
-2278.268865
-1735.751329
-1270.954002
-725.388615
-273.544656
173.727525
613.380079
1064.462075
1351.722062
1627.552607
1949.862885
2138.067704
2324.748597
2323.224672
2483.236866
2653.916540
2496.952197
2455.806204
2371.990293
2282.078679
2132.733964
1826.424906
1709.082630
1468.302375
1224.474269
1045.413004
927.308765
901.402029
768.820496
729.198429
803.108824
731.484318
854.160334
887.686698
761.962831
739.103946
548.613238
678.908882
480.798546
135.629384
110.484610
-1.523926
-152.392566
-577.567826
-790.917419
-862.541925
-1162.755280
-1597.836057
-1755.562363
-1836.330423
-2119.780596
-2343.035705
-2493.142383
-2304.175601
-2339.225891
-2337.701966
-2160.926589
-1997.104580
-1606.217648
-1418.012829
-1028.649822
-654.526072
-373.361787
54.861324
284.974099
598.902785
918.927174
1125.419101
1327.339252
1446.205453
1590.978391
1792.898541
1838.616311
1917.098483
2037.488610
2038.250573
2082.444417
2003.200283
1949.100922
1811.185649
1563.547729
1318.957660
912.069509
423.651334
89.911614
-386.315155
-883.876884
-1389.820204
-1889.667821
-2091.587971
-2605.150919
-2882.505390
-3026.516365
-3170.527340
-3170.527340
-3317.586166
-3046.327398
-2791.069850
-2573.148480
-2298.079898
-2010.057948
-1536.117067
-1108.655919
-710.911321
-297.165504
107.436759
502.895468
925.784840
1178.756500
1465.254524
1821.091166
1926.242037
2033.678796
2022.249354
2219.597727
2391.039364
2142.639481
2155.592849
2077.872640
2056.537681
1911.764743
1613.075313
1651.935418
1409.631237
1156.659577
950.167650
864.065850
864.827813
689.576362
637.762890
571.472123
680.432808
669.003366
554.708941
537.945759
460.225550
517.372762
383.267304
9.143554
-88.387688
-93.721428
-180.585191
-592.807083
-900.640066
-948.643725
-1076.653480
-1408.107312
-1681.651968
-1571.929320
-1700.701039
-1947.576996
-2168.546217
-2053.489830
-1800.518170
-1899.573338
-1824.139017
-1760.134140
-1401.249646
-1118.561436
-904.449880
-521.944539
-267.448954
127.247793
332.215794
560.042681
828.253597
1125.419101
1293.812887
1299.146627
1415.726940
1535.355105
1711.368518
1712.130481
1738.799180
1803.566021
1760.134140
1713.654407
1591.740354
1471.350227
1308.290181
1030.935710
736.818058
274.306619
-80.768060
-341.359348
-739.865909
-1094.940588
-1582.596800
-1829.472757
-2078.634603
-2368.180479
-2487.808643
-2624.961953
-2660.774206
-2767.449002
-2697.348422
-2509.905565
-2263.029608
-2037.488610
-1770.801619
-1416.488903
-1118.561436
-646.906444
-256.019511
112.770499
420.603483
700.243842
1066.747963
1231.331935
1413.441052
1634.410273
1767.753768
1830.234720
1734.227403
1905.669040
1983.389249
1931.575777
1850.045754
1806.613872
1754.038437
1603.931759
1427.156383
1380.676650
1239.713526
970.740647
944.833910
774.916199
820.633969
654.526072
642.334667
733.770206
636.238964
602.712599
409.174040
448.034145
336.025608
313.928686
-100.579094
-283.450173
-277.354470
-415.269743
-581.377640
-1022.554119
-940.262133
-1050.746744
-1269.430076
-1523.163699
-1541.450807
-1364.675430
-1674.794303
-1831.758646
-1815.757426
-1545.260621
-1462.206673
-1564.309692
-1404.297498
-1166.565094
-848.064631
-711.673284
-429.747037
-67.052729
223.255109
480.798546
619.475782
941.024096
1208.473050
1386.772352
1420.298717
1415.726940
1542.974733
1541.450807
1581.834837
1491.161260
1464.492561
1446.967416
1265.620262
1284.669333
1065.224038
1014.934491
797.013121
559.280718
282.688210
-163.822009
-329.167943
-726.150578
-1071.319740
-1520.877811
-1858.427345
-2026.059168
-2364.370665
-2513.715380
-2620.390176
-2564.004926
-2572.386518
-2525.144822
-2279.792790
-2020.725428
-1751.752549
-1556.690064
-1268.668114
-897.592215
-576.805863
-217.921370
15.239257
312.404761
571.472123
823.681820
1076.653480
1235.903712
1497.256963
1575.739135
1683.937857
1728.893664
1918.622409
2065.681235
1965.102141
1955.196624
1882.810155
1895.763524
1667.174674
1494.971074
1472.874152
1245.809229
1060.652261
774.154236
774.916199
656.811960
538.707722
448.034145
374.885713
482.322472
272.020731
175.251451
137.153310
60.957026
88.387688
-244.590069
-472.416955
-544.803424
-583.663529
-694.148139
-1040.079264
-1160.469392
-1154.373689
-1248.857080
-1509.448368
-1557.452027
-1391.344129
-1431.728159
-1605.455685
-1717.464221
-1370.009170
-1225.236232
-1177.994537
-1109.417882
-928.832691
-534.897907
-389.363007
-101.341057
183.633042
460.225550
739.103946
846.540705
1008.838788
1231.331935
1399.725721
1456.872933
1396.677869
1387.534315
1460.682747
1430.966197
1338.006731
1312.099995
1190.947905
1117.799473
900.640066
769.582459
676.622994
423.651334
213.349593
-111.246573
-342.883274
-586.711380
-802.346861
-1055.318521
-1363.151505
-1610.789425
-1811.185649
-1893.477635
-2042.060387
-2075.586752
-2147.973221
-2179.213697
-2103.017414
-1981.103361
-1716.702258
-1580.310912
-1329.625140
-1072.081703
-843.492854
-480.036584
-180.585191
211.825667
376.409639
584.425491
854.160334
1005.790937
1234.379786
1309.814107
1441.633676
1493.447149
1485.827520
1620.694942
1744.894883
1751.752549
1717.464221
1700.701039
1670.222526
1585.644651
1433.252085
1386.010390
1306.004292
1016.458417
856.446222
745.961612
683.480659
608.046339
420.603483
370.313936
346.693088
216.397444
50.289547
-16.001219
-110.484610
-89.911614
-467.083215
-667.479440
-702.529730
-747.485537
-807.680601
-1245.809229
-1238.189600
-1285.431296
-1395.915906
-1623.742793
-1690.795522
-1494.971074
-1568.119506
-1679.366080
-1690.795522
-1307.528218
-1128.466953
-944.071948
-830.539486
-551.661090
-133.343495
69.338618
377.171601
573.758012
873.971367
1069.795815
1109.417882
1282.383445
1379.914687
1535.355105
1498.780889
1394.391981
1463.730598
1402.773572
1403.535535
1289.241110
1216.854641
1154.373689
884.638847
792.441344
582.139603
465.559290
169.917711
-150.106678
-457.177699
-709.387396
-922.736988
-1218.378567
-1393.630018
-1716.702258
-1781.469099
-1985.675138
-2040.536461
-2016.153651
-2047.394127
-1946.053070
-2001.676357
-1803.566021
-1616.123165
-1382.200575
-1181.042388
-1032.459636
-734.532169
-499.847617
-200.396225
70.100580
326.882055
532.612019
710.911321
909.783620
1060.652261
1233.617823
1323.529437
1452.301156
1440.871713
1443.919565
1581.834837
1628.314570
1661.840934
1494.971074
1529.259402
1527.735476
1413.441052
1347.150285
1225.236232
1268.668114
1025.601971
877.019219
840.445003
745.961612
722.340764
423.651334
433.556851
333.739720
68.576655
-16.001219
-204.206039
-188.966782
-356.598605
-729.198429
-804.632750
-892.258475
-868.637627
-1100.274328
-1361.627579
-1394.391981
-1477.445929
-1606.217648
-1759.372177
-1679.366080
-1614.599239
-1658.793083
-1734.989366
-1555.166138
-1193.995756
-1026.363933
-784.821716
-680.432808
-255.257548
67.052729
338.311497
713.197210
903.687918
1274.001853
1386.010390
1518.591922
1673.270377
1787.564802
1888.905858
1766.991805
1647.363641
1632.886347
1568.881469
1434.776011
1250.381006
1097.226477
949.405687
705.577582
430.509000
297.927467
137.153310
-139.439198
-460.987513
-841.206965
-953.215502
-1209.996976
-1437.823862
-1686.985708
-1964.340178
-2018.439539
-2236.360909
-2217.311838
-2215.025950
-2128.924150
-2041.298424
-1994.056729
-1762.420028
-1506.400517
-1149.801912
-950.929613
-717.007024
-464.797327
-197.348373
135.629384
329.167943
567.662309
718.530950
945.595873
1109.417882
1195.519682
1363.151505
1455.349007
1562.785766
1480.493781
1471.350227
1594.788205
1570.405395
1514.782108
1339.530657
1387.534315
1344.102434
1149.039949
1091.892737
1008.838788
1037.031413
813.776304
723.864689
702.529730
688.052436
528.802205
472.416955
357.360568
330.691869
81.530023
-115.818350
-105.912834
-367.266085
-354.312716
-837.397151
-832.063411
-953.977464
-1030.935710
-1123.133213
-1466.016487
-1388.296278
-1656.507195
-1594.026242
-1828.710794
-1702.224964
-1707.558704
-1789.850690
-1715.940295
-1683.937857
-1228.284084
-1132.276767
-848.826594
-667.479440
-320.786352
130.295644
377.171601
809.204527
1052.270670
1380.676650
1569.643432
1677.080191
1893.477635
1972.721770
2083.968343
1917.860446
1834.806497
1770.039656
1693.081411
1632.124384
1401.249646
1299.908590
1122.371250
884.638847
685.004585
373.361787
272.020731
-94.483391
-468.607141
-793.203307
-1123.895176
-1209.996976
-1606.217648
-1791.374616
-2020.725428
-2129.686113
-2176.165845
-2287.412419
-2162.450514
-2144.163406
-2021.487391
-1952.910736
-1683.937857
-1440.109751
-1209.235013
-975.312424
-788.631530
-476.988732
-277.354470
97.531242
333.739720
514.324911
743.675723
941.786059
1241.999415
1275.525779
1430.966197
1565.833618
1610.789425
1607.741573
1523.163699
1681.651968
1659.555046
1614.599239
1425.632457
1469.064338
1358.579728
1251.142969
1107.131993
951.691576
998.171309
645.382518
672.051217
512.800985
531.088093
464.035364
333.739720
314.690649
254.495586
87.625726
-138.677235
-137.153310
-422.889371
-380.981416
-929.594654
-1026.363933
-1133.038730
-1283.145407
-1279.335593
-1734.989366
-1634.410273
-1808.899761
-1810.423687
-1904.907078
-1890.429784
-1741.847032
-1780.707136
-1774.611433
-1732.703478
-1322.005512
-1148.277986
-867.113702
-753.581240
-400.792449
84.577874
330.691869
830.539486
1088.082923
1503.352666
1752.514511
1870.618750
2178.451734
2238.646798
2398.658992
2253.886054
2102.255451
1984.913175
1853.855568
1747.180772
1475.160041
1286.955222
1046.174967
867.875665
583.663529
404.602263
275.830545
-11.429442
-311.642798
-715.483098
-874.733330
-1114.751622
-1405.821423
-1699.939076
-2003.962246
-2103.017414
-2332.368226
-2346.845520
-2368.180479
-2312.557192
-2222.645578
-2193.690991
-1893.477635
-1646.601678
-1322.767475
-1078.939369
-856.446222
-528.040242
-267.448954
85.339837
362.694308
599.664748
786.345642
966.168870
1144.468172
1270.192039
1380.676650
1453.063119
1512.496220
1456.872933
1458.396859
1545.260621
1629.838496
1622.218867
1510.972294
1475.922004
1446.205453
1341.054583
1219.140530
1120.847324
1012.648602
828.253597
697.957953
601.188674
612.618116
461.749476
432.032925
315.452612
251.447734
163.060046
-96.007317
8.381591
-314.690649
-257.543437
-683.480659
-842.730891
-889.210624
-1111.703770
-1123.895176
-1639.744012
-1622.218867
-1882.048193
-1931.575777
-2136.543778
-2195.214916
-2039.774499
-2145.687332
-2028.345056
-2030.630945
-1536.879030
-1328.863177
-1049.222818
-822.157895
-545.565387
-31.240476
213.349593
653.764109
942.548022
1262.572411
1573.453246
1679.366080
1958.244476
2123.590410
2324.748597
2343.797668
2234.836983
2208.168284
2179.213697
2124.352373
1918.622409
1713.654407
1463.730598
1220.664455
910.545583
637.000927
430.509000
157.726306
-206.491927
-573.758012
-851.112482
-1016.458417
-1243.523340
-1545.260621
-1827.948832
-2032.916833
-2146.449295
-2281.316716
-2356.751036
-2349.131408
-2346.083557
-2305.699527
-2200.548656
-1965.864104
-1668.698600
-1441.633676
-1193.233793
-909.783620
-585.949417
-227.826886
102.864982
409.174040
652.240183
883.876884
1123.895176
1286.193259
1402.011609
1514.782108
1572.691283
1598.598019
1527.735476
1568.881469
1680.890005
1642.791864
1619.171016
1506.400517
1550.594361
1469.064338
1367.723282
1239.713526
1180.280425
1008.838788
851.112482
725.388615
691.100288
671.289254
489.180138
504.419394
313.928686
339.073460
13.715331
11.429442
-124.199941
-287.259987
-507.467245
-937.214282
-860.256036
-1116.275547
-1104.084142
-1523.925662
-1655.745232
-1789.850690
-2010.057948
-2077.110677
-2338.463928
-2125.876299
-2336.178040
-2308.747378
-2355.989074
-2074.824789
-1686.985708
-1549.070435
-1195.519682
-934.166431
-374.123750
47.241696
457.177699
925.022877
1280.859519
1655.745232
1854.617531
2077.110677
2262.267645
2424.565728
2447.424613
2334.654114
2290.460270
2167.022291
2225.693429
1995.580654
1886.619970
1725.083849
1456.110970
1340.292620
952.453539
861.017999
547.089313
150.868641
-238.494366
-672.813180
-861.017999
-1169.612946
-1503.352666
-1827.186869
-2051.203941
-2237.122872
-2350.655334
-2461.901907
-2450.472465
-2413.136286
-2464.187796
-2337.701966
-2187.595288
-1893.477635
-1640.505975
-1458.396859
-1137.610507
-921.213063
-578.329789
-225.540998
116.580313
421.365446
608.808302
893.020438
1164.279206
1359.341691
1536.879030
1683.175894
1752.514511
1774.611433
1744.894883
1914.050632
1905.669040
1812.709575
1706.034779
1619.932979
1579.548949
1404.297498
1273.239891
1194.757719
1027.125896
806.156675
696.434028
626.333447
627.857373
417.555631
379.457490
278.116433
224.779035
136.391347
-77.720209
37.336179
-260.591288
-249.923809
-588.235306
-727.674504
-758.153017
-1001.219160
-1040.841227
-1483.541632
-1540.688844
-1771.563582
-1902.621189
-2090.826008
-2209.692210
-2163.212477
-2330.844300
-2310.271304
-2313.319155
-1923.194185
-1747.180772
-1540.688844
-1230.569972
-860.256036
-290.307839
25.144773
534.897907
915.879323
1286.193259
1613.075313
1790.612653
2081.682454
2208.168284
2320.938783
2285.888493
2203.596507
2177.689771
2131.972001
2105.303302
1956.720550
1840.140237
1722.035998
1525.449588
1373.818984
1181.042388
938.738208
691.100288
258.305400
-28.192625
-389.363007
-714.721135
-1033.983562
-1411.155163
-1745.656846
-2077.872640
-2243.218575
-2466.473684
-2522.858934
-2627.247841
-2571.624555
-2538.098190
-2518.287157
-2216.549875
-2033.678796
-1744.894883
-1648.887566
-1356.293839
-990.551680
-752.057314
-406.126189
-93.721428
279.640359
515.086874
762.724794
1075.891517
1313.623921
1510.972294
1612.313350
1761.658065
1779.945173
1838.616311
1919.384371
1911.764743
1879.000341
1721.274035
1745.656846
1600.883908
1489.637335
1315.909809
1246.571192
1088.844886
830.539486
733.770206
613.380079
613.380079
348.978977
330.691869
265.925028
222.493147
158.488269
-41.907956
127.247793
-112.008536
-115.056387
-388.601044
-566.900346
-543.279499
-836.635188
-864.827813
-1283.145407
-1379.152724
-1576.501097
-1801.280133
-1936.909516
-2138.067704
-2071.776938
-2317.890932
-2316.367006
-2359.798888
-2080.920492
-1908.716892
-1794.422467
-1402.773572
-1142.944247
-563.090532
-265.925028
278.116433
759.676943
1095.702551
1498.018926
1670.984488
1997.104580
2108.351153
2205.120433
2261.505682
2171.594068
2139.591630
2063.395346
2044.346276
1955.958587
1801.280133
1717.464221
1549.070435
1427.918345
1254.190820
1087.320960
900.640066
588.997268
272.020731
-50.289547
-380.219453
-742.151797
-1093.416663
-1522.401736
-1839.378274
-2145.687332
-2376.562070
-2510.667528
-2688.966831
-2655.440466
-2674.489537
-2576.958295
-2384.181698
-2220.359690
-1943.005219
-1768.515731
-1469.826301
-1123.133213
-846.540705
-480.798546
-175.251451
174.489488
436.604702
726.912541
1041.603190
1288.479147
1462.206673
1594.788205
1754.038437
1796.708356
1895.763524
1949.100922
2022.249354
1968.149993
1839.378274
1818.805278
1727.369738
1594.788205
1430.204234
1294.574850
1101.798254
866.351739
733.770206
703.291693
589.759231
448.796107
330.691869
367.266085
281.164285
224.779035
53.337398
102.103019
-78.482172
-181.347154
-356.598605
-574.519975
-555.470904
-862.541925
-887.686698
-1244.285303
-1394.391981
-1550.594361
-1818.043315
-1896.525486
-2141.115555
-2078.634603
-2275.982976
-2268.363348
-2276.744939
-2057.299644
-1877.476416
-1743.370957
-1405.059460
-1155.897615
-666.717477
-373.361787
124.961904
534.897907
875.495293
1268.668114
1477.445929
1777.659285
1898.811375
2027.583093
2139.591630
2051.965904
2073.300863
1957.482513
2010.057948
1927.765962
1834.044534
1805.851910
1619.932979
1586.406614
1356.293839
1267.144188
1059.128335
796.251158
485.370323
89.149651
-208.777816
-615.665967
-923.498951
-1431.728159
-1738.799180
-2082.444417
-2361.322813
-2512.191454
-2752.971708
-2688.966831
-2796.403590
-2695.824496
-2551.051558
-2363.608702
-2052.727867
-1882.810155
-1533.069216
-1258.762597
-937.214282
-617.951856
-264.401102
74.672357
293.355690
595.854934
874.733330
1158.945466
1287.717184
1476.683967
1686.223745
1774.611433
1858.427345
1922.432223
2082.444417
2046.632164
1981.865323
1937.671479
1904.145115
1751.752549
1518.591922
1338.768694
1104.846105
883.114921
635.477001
537.183796
357.360568
235.446515
99.817131
180.585191
169.155748
222.493147
131.819570
145.534901
186.680894
25.906736
67.052729
-306.309058
-270.496805
-531.850056
-670.527291
-925.022877
-1261.810448
-1310.576069
-1674.794303
-1785.278913
-2060.347495
-2025.297205
-2120.542559
-2228.741281
-2157.878737
-2061.871421
-1741.085069
-1701.463002
-1379.914687
-1133.038730
-801.584898
-428.985074
-156.964343
318.500463
565.376421
934.166431
1191.709868
1428.680308
1647.363641
1788.326764
1955.196624
1930.051851
1955.958587
1939.957368
1957.482513
1939.195405
1834.044534
1867.570899
1754.800400
1628.314570
1510.210331
1383.724501
1267.144188
932.642505
684.242622
303.261207
43.431881
-378.695527
-731.484318
-1064.462075
-1556.690064
-1815.757426
-2230.265206
-2342.273743
-2619.628213
-2761.353300
-2765.163114
-2844.407248
-2686.680942
-2634.867470
-2325.510560
-2149.497146
-1867.570899
-1580.310912
-1262.572411
-909.783620
-610.332228
-210.301741
62.480952
370.313936
663.669626
974.550461
1226.760158
1380.676650
1611.551388
1742.608995
1835.568460
1922.432223
2006.248134
2138.067704
1987.961026
1994.818692
1930.051851
1866.808936
1707.558704
1415.726940
1328.101214
1043.889078
853.398371
583.663529
488.418175
288.783913
178.299302
67.052729
115.818350
147.058826
125.723867
137.153310
89.149651
202.682113
109.722648
105.912834
-165.345934
-239.256329
-357.360568
-522.706502
-752.819277
-1072.081703
-1180.280425
-1478.969855
-1636.696161
-1917.098483
-1911.002780
-2021.487391
-2138.829667
-2112.160968
-2055.013755
-1744.894883
-1690.033559
-1354.769914
-1118.561436
-773.392273
-459.463587
-195.062485
223.255109
443.462368
743.675723
925.784840
1116.275547
1288.479147
1440.109751
1601.645871
1652.697380
1743.370957
1767.753768
1865.285010
1873.666601
1891.953709
1914.812594
1863.761085
1760.134140
1604.693722
1568.119506
1344.102434
1142.944247
755.867128
429.747037
185.918931
-290.307839
-591.283157
-1046.936930
-1400.487683
-1713.654407
-2145.687332
-2268.363348
-2516.001268
-2632.581581
-2759.829374
-2824.596215
-2701.920199
-2618.866250
-2436.757134
-2269.887274
-1988.722989
-1723.559924
-1376.104873
-1051.508707
-648.430369
-233.922589
83.053949
448.034145
701.005805
1113.989659
1357.055802
1553.642212
1701.463002
1773.087508
1958.244476
1962.054290
2057.299644
2043.584313
2013.867762
1959.768401
1849.283791
1769.277694
1623.742793
1382.200575
1171.136871
912.831472
702.529730
487.656212
319.262426
195.824448
99.055168
16.763182
67.052729
174.489488
223.255109
291.069801
112.770499
323.834203
247.637920
301.737281
60.195064
-179.061265
-119.628164
-352.788791
-459.463587
-869.399590
-905.973806
-1091.130774
-1358.579728
-1616.123165
-1766.229842
-1661.840934
-1927.004000
-2001.676357
-2076.348715
-1782.993025
-1694.605336
-1599.359982
-1365.437393
-1104.084142
-707.863470
-574.519975
-198.110336
100.579094
407.650115
655.288035
716.245061
961.597093
1079.701332
1303.718404
1367.723282
1380.676650
1472.112190
1614.599239
1728.131701
1722.797961
1871.380713
1904.907078
2008.534023
1799.756207
1702.986927
1730.417589
1489.637335
1226.760158
745.961612
472.416955
145.534901
-358.884493
-752.819277
-1148.277986
-1477.445929
-1924.718111
-2274.459051
-2461.139944
-2574.672406
-2765.163114
-2886.315204
-2881.743427
-2777.354519
-2628.771767
-2496.190234
-2209.692210
-1893.477635
-1610.027462
-1248.095117
-921.213063
-419.841520
-62.480952
260.591288
599.664748
872.447442
1206.187162
1368.485245
1568.119506
1702.986927
1814.995463
1889.667821
1962.054290
1977.293546
2036.726647
1959.006439
1962.054290
1807.375835
1675.556265
1515.544071
1251.904931
1037.031413
700.243842
577.567826
328.405980
281.926247
40.384030
125.723867
58.671138
152.392566
288.783913
300.213355
507.467245
291.069801
514.324911
445.748256
533.373982
308.594947
86.863763
117.342276
-121.914053
-238.494366
-683.480659
-697.195990
-990.551680
-1236.665675
-1523.925662
-1623.742793
-1569.643432
-1874.428564
-1944.529145
-2026.059168
-1806.613872
-1773.849471
-1751.752549
-1530.021365
-1341.816545
-1093.416663
-938.738208
-610.332228
-249.161846
5.333740
246.875957
428.985074
715.483098
921.213063
1136.848544
1306.004292
1421.060680
1568.119506
1687.747671
1854.617531
1928.527925
2061.871421
2144.163406
2109.113116
2055.013755
1898.049412
1875.190527
1644.315789
1264.096337
912.831472
505.181357
206.491927
-287.259987
-728.436466
-1080.463294
-1539.926881
-1926.242037
-2355.989074
-2565.528852
-2715.635530
-2898.506609
-3019.658699
-3025.754402
-2887.839130
-2692.776645
-2500.762011
-2251.600166
-1879.000341
-1575.739135
-1225.236232
-834.349300
-421.365446
30.478513
295.641578
616.427930
929.594654
1141.420321
1428.680308
1546.784547
1742.608995
1792.136579
1830.996683
1951.386810
1966.626067
1972.721770
1890.429784
1831.758646
1700.701039
1503.352666
1306.004292
1152.849763
854.922296
579.091752
336.025608
238.494366
127.247793
28.192625
5.333740
95.245354
160.012195
336.787571
523.468465
631.667187
703.291693
613.380079
852.636408
787.869567
775.678162
442.700405
340.597385
316.976538
31.240476
-185.918931
-544.803424
-577.567826
-941.024096
-1212.282864
-1460.682747
-1514.020145
-1635.172235
-1986.437100
-2026.821131
-2103.017414
-1932.337739
-2040.536461
-1963.578216
-1770.039656
-1602.407834
-1362.389542
-1222.188381
-824.443783
-553.946978
-246.113994
51.813473
262.877177
627.857373
841.968928
1177.994537
1369.247207
1530.783328
1781.469099
1949.100922
2146.449295
2163.212477
2336.178040
2310.271304
2336.178040
2169.308180
2031.392908
1930.051851
1535.355105
1254.952783
784.059753
432.032925
-33.526365
-556.994829
-950.167650
-1413.441052
-1838.616311
-2300.365787
-2550.289595
-2777.354519
-2920.603531
-3076.805912
-3064.614506
-2920.603531
-2818.500512
-2565.528852
-2286.650456
-1932.337739
-1626.028681
-1341.054583
-919.689137
-523.468465
-131.819570
163.060046
477.750695
782.535827
1009.600751
1266.382225
1462.206673
1616.123165
1703.748890
1766.229842
1846.997902
1884.334081
1862.237159
1843.188088
1771.563582
1625.266719
1486.589483
1270.954002
1129.990878
904.449880
653.002146
475.464807
255.257548
183.633042
76.958246
58.671138
90.673577
172.965563
265.163065
467.083215
653.764109
865.589776
881.590995
928.832691
1137.610507
1111.703770
1128.466953
784.821716
771.868348
662.145700
403.078338
154.678455
-196.586410
-314.690649
-778.726013
-1123.133213
-1480.493781
-1626.028681
-1874.428564
-2273.697088
-2432.185357
-2594.483440
-2467.235647
-2602.103068
-2439.043022
-2278.268865
-2078.634603
-1787.564802
-1594.026242
-1071.319740
-777.964050
-381.743378
-74.672357
221.731184
661.383737
944.071948
1310.576069
1518.591922
1731.941515
1970.435881
2165.498366
2317.890932
2415.422174
2483.998829
2489.332569
2458.854056
2215.787913
2234.075021
1962.816253
1703.748890
1307.528218
781.011902
524.992391
-58.671138
-483.846398
-1046.936930
-1513.258182
-1910.240817
-2387.229550
-2666.107946
-2903.840349
-2976.988781
-3130.143310
-3109.570313
-3044.803473
-2794.879664
-2583.815960
-2324.748597
-1944.529145
-1707.558704
-1321.243549
-1033.221599
-582.139603
-242.304180
28.192625
410.697966
672.051217
973.026535
1169.612946
1414.964977
1621.456904
1661.078972
1696.129262
1827.186869
1856.141456
1790.612653
1680.890005
1615.361202
1579.548949
1350.960099
1200.091459
1030.173748
873.971367
614.904005
468.607141
332.977757
323.834203
205.729964
144.772938
294.879616
226.302961
563.090532
538.707722
848.064631
1000.457197
1139.134432
1317.433735
1232.855861
1491.923223
1371.533096
1517.829959
1076.653480
989.789717
839.683040
562.328569
379.457490
-268.972879
-310.118872
-918.165211
-1270.954002
-1734.989366
-2061.109458
-2186.833325
-2751.447783
-2846.693137
-3106.522462
-2970.893078
-3011.277108
-2937.366714
-2649.344763
-2468.759573
-2035.202722
-1757.848251
-1225.998195
-822.919858
-348.217014
108.198722
436.604702
863.303888
1168.089020
1606.217648
1800.518170
2019.201502
2212.740061
2368.942442
2568.576703
2533.526413
2698.872347
2628.771767
2467.235647
2408.564509
2071.776938
2044.346276
1514.020145
1148.277986
784.821716
179.823228
-102.864982
-831.301449
-1068.271889
-1589.454466
-2013.867762
-2283.602605
-2633.343544
-2648.582801
-2893.172869
-2851.264914
-2940.414565
-2784.974147
-2642.487098
-2449.710502
-2193.690991
-2064.919272
-1600.883908
-1427.156383
-1027.125896
-761.962831
-422.127408
-13.715331
83.053949
544.041461
781.011902
1087.320960
1271.715965
1355.531876
1645.077752
1604.693722
1750.228623
1706.034779
1705.272816
1585.644651
1433.252085
1414.964977
1216.092678
1125.419101
903.687918
885.400810
658.335886
593.569045
563.090532
533.373982
583.663529
476.988732
712.435247
758.153017
918.927174
1018.744305
1199.329496
1410.393200
1469.064338
1643.553827
1675.556265
1646.601678
1592.502317
1528.497439
1459.920784
1115.513585
714.721135
502.895468
170.679674
-202.682113
-782.535827
-1162.755280
-1553.642212
-2112.160968
-2537.336227
-2861.932393
-2966.321301
-3345.016828
-3568.271938
-3635.324667
-3465.406955
-3281.773913
-3181.194820
-2762.115262
-2403.230769
-1921.670260
-1533.831179
-973.788498
-353.550754
134.867421
590.521194
944.071948
1411.917126
1757.086288
2064.157309
2266.077459
2403.992732
2564.766889
2605.912882
2644.772986
2589.911663
2598.293254
2512.953417
2371.228330
2067.967123
1929.289888
1706.796741
1445.443490
1062.938149
572.234086
355.074679
-150.868641
-537.183796
-1011.124677
-1389.058241
-1718.988147
-2231.027169
-2515.239305
-2698.110385
-2798.689478
-2963.273450
-3068.424321
-3008.229257
-2840.597434
-2660.774206
-2485.522755
-2141.115555
-1869.094824
-1539.926881
-1235.141749
-864.065850
-407.650115
-124.961904
179.061265
389.363007
693.386176
964.644944
1156.659577
1315.909809
1366.961319
1467.540413
1440.871713
1521.639774
1508.686405
1530.021365
1415.726940
1291.526999
1252.666894
1254.190820
1235.141749
1202.377347
1193.995756
1136.848544
1160.469392
1124.657139
1241.237452
1296.098776
1330.387103
1325.053363
1323.529437
1411.155163
1440.871713
1541.450807
1470.588264
1539.164919
1513.258182
1475.922004
1302.956441
1145.992098
1105.608068
865.589776
496.037803
-37.336179
-228.588849
-553.946978
-1003.505048
-1558.213989
-2000.152431
-2240.170723
-2773.544705
-3095.093020
-3326.729720
-3342.730940
-3494.361543
-3738.189649
-3545.413053
-3264.248768
-2902.316423
-2689.728794
-2267.601385
-1749.466660
-1235.141749
-759.676943
-268.972879
358.122531
743.675723
1158.945466
1403.535535
1711.368518
2004.724208
2197.500805
2333.130189
2312.557192
2369.704404
2384.943661
2407.802546
2336.940003
2260.743720
2243.980537
2029.868982
1841.664163
1631.362421
1454.587044
1352.484025
845.016780
631.667187
151.630603
-103.626945
-474.702844
-1006.552900
-1184.090239
-1722.035998
-1912.526706
-2417.708063
-2581.530071
-2614.294473
-2781.164333
-2788.021999
-2989.180186
-2708.015901
-2653.916540
-2445.900688
-2276.744939
-2003.200283
-1673.270377
-1551.356324
-1139.896395
-825.205746
-380.219453
-194.300522
130.295644
470.131067
654.526072
973.788498
1092.654700
1380.676650
1393.630018
1408.869275
1598.598019
1591.740354
1664.888786
1619.171016
1712.130481
1731.179552
1697.653188
1769.277694
1911.764743
1920.908297
1840.140237
1887.381932
1892.715672
1923.194185
1728.131701
1682.413931
1652.697380
1395.915906
1338.768694
1146.754061
1166.565094
995.885420
771.868348
766.534608
663.669626
579.853714
377.171601
131.057607
75.434320
-226.302961
-465.559290
-834.349300
-1101.798254
-1290.003073
-1664.126823
-1981.865323
-2339.225891
-2495.428272
-2730.112824
-2969.369152
-3111.094239
-3076.805912
-2976.988781
-3020.420662
-2827.644066
-2555.623335
-2096.921711
-1776.897322
-1487.351446
-944.833910
-585.949417
-84.577874
208.015853
627.857373
1020.268231
1193.995756
1489.637335
1568.119506
1822.615092
1903.383152
1962.054290
1994.056729
1931.575777
1972.721770
1939.195405
1917.860446
1812.709575
1782.231062
1673.270377
1588.692503
1404.297498
1293.812887
1116.275547
862.541925
580.615677
256.019511
55.623287
-354.312716
-597.378860
-940.262133
-1251.142969
-1536.879030
-1862.999122
-2000.914394
-2281.316716
-2411.612360
-2570.862592
-2621.914102
-2662.298132
-2685.918979
-2488.570606
-2406.278620
-2188.357251
-2079.396566
-1728.893664
-1408.107312
-1138.372470
-768.058534
-502.895468
-58.671138
198.110336
540.993610
806.156675
1044.651041
1307.528218
1443.919565
1654.983269
1728.131701
1931.575777
2001.676357
2104.541339
2195.214916
2299.603824
2453.520316
2439.804985
2491.618457
2510.667528
2516.763231
2415.422174
2270.649236
2138.829667
1965.864104
1667.936637
1405.059460
1095.702551
838.921077
562.328569
273.544656
73.910395
-184.395005
-348.217014
-454.129847
-508.991171
-574.519975
-691.862251
-787.869567
-774.154236
-864.827813
-933.404468
-1141.420321
-1307.528218
-1350.960099
-1558.213989
-1683.175894
-1915.574557
-2017.677577
-2119.018633
-2283.602605
-2330.844300
-2264.553534
-2147.211258
-2117.494707
-2013.105800
-1745.656846
-1370.009170
-1125.419101
-838.159114
-461.749476
-102.103019
237.732403
446.510219
773.392273
1087.320960
1192.471831
1330.387103
1329.625140
1448.491342
1469.064338
1421.060680
1389.058241
1283.907370
1244.285303
1204.663236
1166.565094
1139.134432
1127.704990
1136.086581
1113.227696
1036.269450
1062.176186
1096.464514
977.598312
781.011902
595.854934
406.888152
242.304180
-264.401102
-447.272182
-861.779962
-1171.898834
-1538.402956
-2008.534023
-2019.963465
-2433.709282
-2511.429491
-2669.917760
-2695.824496
-2570.862592
-2684.395054
-2352.941222
-2239.408760
-1921.670260
-1744.132920
-1421.060680
-1039.317302
-787.869567
-347.455051
-85.339837
351.264865
546.327350
915.879323
1225.998195
1427.156383
1750.990586
1850.807717
2173.117994
2223.407541
2358.274962
2573.148480
2580.768109
2756.781523
2652.392615
2733.922638
2661.536169
2535.812302
2427.613580
2192.167065
1978.055509
1646.601678
1315.909809
1013.410565
645.382518
342.121311
9.905517
-279.640359
-537.183796
-761.200868
-893.782401
-996.647383
-1072.843666
-1101.036291
-1084.273109
-1049.222818
-979.884201
-995.123457
-925.784840
-847.302668
-862.541925
-793.203307
-985.979903
-902.163992
-896.830252
-990.551680
-1014.934491
-1206.949124
-1080.463294
-1202.377347
-1267.144188
-1245.047266
-1117.037510
-1049.984781
-1123.895176
-1059.128335
-821.395932
-582.901566
-593.569045
-451.843959
-244.590069
-38.860104
52.575435
69.338618
323.072240
418.317594
446.510219
464.035364
528.040242
674.337105
646.144481
680.432808
690.338325
763.486757
837.397151
883.114921
941.786059
971.502610
1078.177406
1127.704990
1162.755280
1161.993317
1202.377347
1223.712307
1067.509926
925.784840
766.534608
607.284376
331.453831
-21.334959
-341.359348
-637.000927
-1046.174967
-1399.725721
-1707.558704
-1948.338959
-2192.167065
-2473.331349
-2499.238086
-2504.571826
-2424.565728
-2371.228330
-2173.879957
-1877.476416
-1603.169796
-1285.431296
-949.405687
-514.324911
-201.920150
110.484610
448.034145
781.011902
1104.084142
1322.005512
1562.785766
1752.514511
1913.288669
2043.584313
2196.738842
2311.795229
2316.367006
2338.463928
2333.130189
2352.941222
2299.603824
2176.927808
2058.061607
1850.045754
1657.269157
1405.059460
1130.752841
822.157895
476.226769
148.582752
-211.825667
-553.946978
-835.873226
-1095.702551
-1320.481586
-1542.974733
-1652.697380
-1662.602897
-1657.269157
-1555.928101
-1455.349007
-1252.666894
-985.979903
-734.532169
-483.846398
-304.785132
-33.526365
189.728745
314.690649
352.788791
332.215794
402.316375
335.263646
220.207258
58.671138
-56.385249
-182.871079
-448.796107
-588.235306
-693.386176
-718.530950
-881.590995
-1053.032632
-1016.458417
-972.264572
-931.118580
-1001.219160
-898.354178
-781.011902
-701.767767
-666.717477
-573.758012
-351.264865
-278.878396
-222.493147
-151.630603
24.382811
169.917711
259.829325
372.599824
514.324911
685.766548
800.060973
967.692795
1107.893956
1267.906151
1398.963758
1471.350227
1557.452027
1543.736696
1553.642212
1459.920784
1304.480367
1097.226477
831.301449
556.232867
201.158187
-150.868641
-501.371543
-848.064631
-1183.328277
-1487.351446
-1692.319448
-1853.855568
-1968.911955
-2017.677577
-1968.911955
-1862.999122
-1752.514511
-1554.404175
-1342.578508
-1071.319740
-851.874445
-628.619336
-333.739720
-110.484610
148.582752
326.882055
580.615677
815.300229
961.597093
1164.279206
1326.577289
1506.400517
1638.220087
1718.988147
1821.853129
1850.045754
1830.996683
1823.377055
1749.466660
1627.552607
1457.634896
1260.286523
1098.750402
828.253597
569.948198
326.882055
70.100580
-183.633042
-479.274621
-657.573923
-854.922296
-1024.078045
-1175.708648
-1257.238671
-1259.524560
-1279.335593
-1239.713526
-1110.179845
-946.357836
-736.056095
-520.420614
-290.307839
0.000000
227.064924
499.085654
716.245061
821.395932
960.835130
1000.457197
1039.317302
937.214282
726.912541
628.619336
435.080777
194.300522
-105.150871
-352.788791
-526.516316
-781.773865
-1060.652261
-1184.090239
-1254.190820
-1386.010390
-1527.735476
-1587.930540
-1469.826301
-1457.634896
-1455.349007
-1369.247207
-1228.284084
-1074.367592
-1033.221599
-823.681820
-589.759231
-411.459929
-278.878396
-128.771718
154.678455
358.122531
521.944539
732.246281
928.070728
1131.514804
1296.098776
1460.682747
1637.458124
1748.704697
1838.616311
1894.239598
1843.950051
1827.948832
1731.179552
1585.644651
1325.815326
1006.552900
825.205746
477.750695
138.677235
-249.923809
-543.279499
-755.867128
-1127.704990
-1328.101214
-1463.730598
-1522.401736
-1647.363641
-1737.275255
-1609.265499
-1479.731818
-1390.582167
-1343.340471
-1144.468172
-893.020438
-723.102727
-557.756792
-348.978977
-118.104239
35.812253
189.728745
386.315155
575.281937
695.672065
750.533389
857.208185
935.690356
1008.076825
1053.794595
1056.080484
1049.222818
988.265792
948.643725
898.354178
835.111263
742.913760
637.762890
502.133506
366.504122
268.210917
168.393786
35.812253
-108.960685
-246.113994
-338.311497
-425.175260
-534.897907
-563.090532
-581.377640
-587.473343
-591.283157
-555.470904
-404.602263
-311.642798
-156.202380
-52.575435
118.866202
294.117653
393.934784
573.758012
641.572704
795.489196
810.728452
755.867128
718.530950
646.906444
616.427930
403.840300
183.633042
-7.619628
-125.723867
-360.408419
-641.572704
-805.394712
-929.594654
-1097.226477
-1405.821423
-1488.113409
-1475.160041
-1535.355105
-1700.701039
-1740.323106
-1506.400517
-1440.109751
-1462.968636
-1358.579728
-1058.366372
-778.726013
-723.864689
-503.657431
-125.723867
161.536120
355.836642
529.564168
883.876884
1155.897615
1266.382225
1430.204234
1590.978391
1756.324326
1815.757426
1808.137798
1843.950051
1829.472757
1772.325545
1680.890005
1525.449588
1395.915906
1248.857080
1033.983562
768.058534
539.469684
351.264865
123.437979
-201.920150
-454.129847
-618.713819
-800.822935
-1021.792156
-1234.379786
-1270.192039
-1337.244768
-1446.967416
-1496.495000
-1440.871713
-1322.767475
-1363.151505
-1325.815326
-1168.850983
-985.217941
-909.021657
-826.729672
-637.762890
-448.796107
-344.407200
-239.256329
-27.430662
119.628164
238.494366
336.787571
486.894249
632.429150
688.814399
770.344422
857.970148
920.451100
947.881762
932.642505
950.167650
934.166431
881.590995
839.683040
751.295351
688.052436
584.425491
475.464807
368.028047
234.684552
127.247793
28.954588
-73.910395
-176.775377
-272.020731
-333.739720
-362.694308
-388.601044
-383.267304
-341.359348
-317.738501
-272.020731
-217.921370
-127.247793
-50.289547
1.523926
67.052729
108.960685
129.533681
128.009756
145.534901
153.916492
105.912834
21.334959
-23.620848
-98.293205
-155.440418
-236.208478
-332.215794
-338.311497
-467.845178
-478.512658
-557.756792
-557.756792
-569.186235
-660.621774
-620.999707
-681.194771
-627.857373
-672.813180
-638.524852
-590.521194
-591.283157
-499.847617
-479.274621
-303.261207
-219.445295
-65.528803
83.815911
239.256329
441.938442
578.329789
797.775084
906.735769
1060.652261
1141.420321
1219.902492
1279.335593
1232.855861
1256.476708
1172.660797
1104.084142
1000.457197
858.732111
800.060973
651.478221
527.278279
403.078338
283.450173
180.585191
38.098142
-77.720209
-193.538559
-329.167943
-479.274621
-621.761670
-745.961612
-877.019219
-1013.410565
-1137.610507
-1235.903712
-1308.290181
-1341.816545
-1335.720843
-1324.291400
-1237.427638
-1142.182284
-998.933271
-841.206965
-647.668406
-424.413297
-257.543437
-53.337398
130.295644
332.977757
463.273401
565.376421
681.194771
724.626652
780.249939
768.058534
783.297790
768.820496
705.577582
685.004585
615.665967
609.570265
541.755573
493.751915
439.652553
381.743378
331.453831
241.542217
189.728745
86.863763
16.763182
-86.863763
-177.537340
-243.066143
-332.215794
-372.599824
-451.081996
-464.797327
-480.798546
-463.273401
-448.034145
-438.128628
-367.266085
-324.596166
-254.495586
-223.255109
-165.345934
-102.103019
-76.958246
-40.384030
2.285888
60.957026
101.341057
125.723867
158.488269
227.826886
269.734842
316.214575
320.786352
369.551973
377.933564
378.695527
373.361787
329.167943
335.263646
239.256329
189.728745
110.484610
40.384030
17.525145
-111.246573
-126.485830
-194.300522
-211.063704
-236.970440
-266.686991
-211.825667
-208.777816
-177.537340
-201.920150
-137.153310
-106.674796
-99.817131
-86.863763
-95.245354
-28.192625
-62.480952
-35.812253
-6.095703
38.860104
92.959465
90.673577
188.204819
227.826886
303.261207
338.311497
371.075899
443.462368
428.985074
448.034145
400.792449
371.837862
320.786352
220.969221
147.058826
14.477294
-67.052729
-186.680894
-299.451393
-400.030486
-479.274621
-508.229208
-561.566606
-569.948198
-559.280718
-518.896688
-476.988732
-432.794888
-361.932345
-295.641578
-216.397444
-171.441637
-111.246573
-76.196283
-28.954588
2.285888
20.572996
42.669919
51.051510
92.959465
97.531242
121.152090
140.201161
164.583972
202.682113
202.682113
224.017072
224.017072
230.874738
213.349593
176.013414
146.296864
105.150871
79.244134
1.523926
-32.764402
-57.909175
-82.291986
-91.435540
-126.485830
-102.864982
-96.007317
-83.053949
-98.293205
-89.911614
-82.291986
-83.053949
-115.818350
-153.916492
-145.534901
-154.678455
-180.585191
-183.633042
-156.964343
-100.579094
-58.671138
0.000000
92.197503
195.062485
293.355690
354.312716
444.986293
507.467245
539.469684
556.994829
539.469684
528.040242
458.701624
403.840300
334.501683
243.066143
172.965563
103.626945
54.861324
1.523926
-38.860104
-57.909175
-56.385249
-80.006097
-81.530023
-83.815911
-96.769280
-115.056387
-157.726306
-162.298083
-213.349593
-262.877177
-290.307839
-338.311497
-345.169162
-377.933564
-369.551973
-322.310278
-310.880835
-259.067363
-207.253890
-130.295644
-66.290766
-29.716550
33.526365
64.766841
87.625726
83.053949
89.911614
91.435540
67.814692
33.526365
15.239257
-4.571777
-41.907956
-53.337398
-77.720209
-63.242915
-73.910395
-65.528803
-48.765621
-42.669919
-11.429442
-9.905517
9.143554
11.429442
13.715331
20.572996
-2.285888
-11.429442
-20.572996
-36.574216
-40.384030
-60.957026
-56.385249
-51.813473
-51.813473
-23.620848
-9.905517
12.953368
35.812253
65.528803
98.293205
121.152090
145.534901
161.536120
158.488269
147.820789
130.295644
102.864982
82.291986
32.002439
4.571777
-21.334959
-53.337398
-85.339837
-99.817131
-95.245354
-95.245354
-104.388908
-82.291986
-59.433101
-32.002439
-21.334959
8.381591
46.479733
67.814692
101.341057
124.199941
163.060046
182.109117
198.872299
219.445295
243.066143
249.161846
252.209697
268.972879
270.496805
259.829325
247.637920
243.828106
227.826886
195.824448
164.583972
140.201161
98.293205
48.003658
5.333740
-25.144773
-69.338618
-121.914053
-151.630603
-173.727525
-204.206039
-230.112775
-246.875957
-240.018292
-241.542217
-245.352032
-235.446515
-214.873518
-191.252671
-179.061265
-158.488269
-130.295644
-102.103019
-81.530023
-64.004878
-42.669919
-12.953368
13.715331
25.144773
50.289547
76.958246
99.817131
99.817131
106.674796
124.199941
127.247793
121.152090
107.436759
112.008536
95.245354
60.957026
27.430662
-19.049071
-74.672357
-144.772938
-224.779035
-288.783913
-358.884493
-422.127408
-488.418175
-532.612019
-560.042681
-580.615677
-582.139603
-571.472123
-544.803424
-497.561729
-444.986293
-378.695527
-300.975318
-213.349593
-121.914053
-40.384030
54.861324
140.201161
229.350812
297.927467
377.171601
441.938442
492.989952
537.945759
567.662309
591.283157
598.140822
598.902785
579.091752
551.661090
518.896688
482.322472
434.318814
379.457490
331.453831
276.592508
218.683333
165.345934
113.532462
63.242915
3.809814
-50.289547
-89.149651
-134.105458
-173.727525
-204.968002
-220.969221
-233.922589
-243.066143
-236.208478
-218.683333
-194.300522
-173.727525
-137.153310
-92.197503
-48.765621
-4.571777
41.907956
95.245354
131.819570
164.583972
191.252671
216.397444
231.636701
235.446515
230.112775
217.159407
203.444076
181.347154
152.392566
127.247793
102.864982
73.910395
46.479733
19.811034
0.000000
-19.811034
-43.431881
-66.290766
-87.625726
-112.008536
-135.629384
-155.440418
-173.727525
-194.300522
-213.349593
-229.350812
-239.256329
-247.637920
-247.637920
-246.875957
-236.208478
-216.397444
-187.442856
-151.630603
-115.056387
-75.434320
-40.384030
-8.381591
13.715331
34.288327
50.289547
58.671138
55.623287
41.145993
18.287108
-13.715331
-58.671138
-108.960685
-160.012195
-213.349593
-265.163065
-313.928686
-357.360568
-388.601044
-411.459929
-424.413297
-425.175260
-416.793669
-395.458709
-366.504122
-330.691869
-280.402322
-220.207258
-156.202380
-86.101800
-12.953368
66.290766
142.487049
219.445295
294.879616
369.551973
436.604702
489.180138
542.517536
585.187454
609.570265
621.761670
619.475782
611.094190
582.139603
542.517536
492.227989
438.128628
373.361787
304.023170
233.160626
162.298083
98.293205
28.954588
-29.716550
-86.101800
-134.105458
-179.061265
-219.445295
-250.685771
-272.782694
-289.545876
-296.403541
-299.451393
-288.021950
-268.210917
-238.494366
-202.682113
-155.440418
-101.341057
-47.241696
17.525145
80.768060
149.344715
213.349593
272.020731
326.120092
374.123750
411.459929
434.318814
442.700405
444.224330
428.223111
396.982635
353.550754
302.499244
241.542217
171.441637
96.007317
17.525145
-60.195064
-137.153310
-207.253890
-272.782694
-332.977757
-383.267304
-428.223111
-457.939661
-480.036584
-493.751915
-494.513877
-481.560509
-462.511438
-435.842739
-399.268523
-356.598605
-310.118872
-258.305400
-195.062485
-127.247793
-66.290766
-5.333740
53.337398
103.626945
151.630603
182.871079
210.301741
223.255109
220.969221
204.968002
177.537340
141.725087
89.911614
33.526365
-22.858885
-86.101800
-150.106678
-211.825667
-268.972879
-311.642798
-349.740939
-384.029267
-406.126189
-425.175260
-428.985074
-419.841520
-394.696746
-358.884493
-316.214575
-260.591288
-196.586410
-131.819570
-63.242915
6.095703
78.482172
146.296864
213.349593
272.020731
323.834203
368.028047
400.030486
424.413297
432.032925
436.604702
424.413297
411.459929
396.982635
368.790010
342.883274
303.261207
265.925028
224.779035
186.680894
152.392566
117.342276
82.291986
51.051510
19.811034
-11.429442
-32.002439
-49.527584
-65.528803
-78.482172
-80.768060
-73.910395
-66.290766
-50.289547
-24.382811
9.143554
50.289547
89.149651
138.677235
182.871079
233.160626
284.212136
329.929906
368.790010
399.268523
428.985074
445.748256
445.748256
435.080777
411.459929
371.837862
322.310278
265.925028
197.348373
126.485830
51.051510
-30.478513
-110.484610
-187.442856
-260.591288
-323.072240
-388.601044
-437.366665
-476.226769
-504.419394
-524.992391
-538.707722
-533.373982
-521.944539
-507.467245
-483.846398
-448.796107
-409.936003
-371.075899
-324.596166
-274.306619
-227.826886
-173.727525
-118.104239
-63.242915
-13.715331
35.050290
73.910395
108.960685
140.201161
163.822009
180.585191
189.728745
199.634262
199.634262
192.776596
179.823228
154.678455
134.105458
106.674796
67.814692
26.668699
-12.191405
-54.861324
-97.531242
-134.867421
-170.679674
-200.396225
-225.540998
-240.780255
-248.399883
-243.828106
-231.636701
-217.159407
-192.014633
-162.298083
-133.343495
-105.150871
-70.100580
-36.574216
-9.143554
19.811034
43.431881
64.004878
81.530023
92.959465
102.864982
115.818350
120.390127
121.152090
117.342276
118.866202
118.866202
114.294425
110.484610
102.103019
96.769280
90.673577
81.530023
71.624506
61.718989
51.051510
38.860104
34.288327
29.716550
28.954588
28.954588
37.336179
49.527584
64.766841
83.053949
102.103019
124.961904
146.296864
172.203600
192.776596
214.111556
230.112775
240.780255
249.923809
245.352032
243.066143
231.636701
215.635481
200.396225
176.013414
156.964343
128.009756
97.531242
68.576655
35.812253
2.285888
-28.954588
-56.385249
-85.339837
-111.246573
-139.439198
-168.393786
-186.680894
-210.301741
-238.494366
-251.447734
-261.353251
-265.163065
-263.639140
-260.591288
-247.637920
-234.684552
-220.207258
-197.348373
-171.441637
-143.249012
-113.532462
-89.149651
-60.195064
-32.764402
-5.333740
21.334959
45.717770
64.004878
87.625726
105.150871
121.914053
131.819570
142.487049
156.964343
154.678455
159.250232
158.488269
152.392566
134.867421
115.818350
90.673577
64.004878
32.764402
-3.047851
-33.526365
-67.052729
-103.626945
-132.581533
-153.154529
-174.489488
-195.062485
-215.635481
-220.207258
-226.302961
-225.540998
-217.921370
-211.063704
-188.966782
-172.965563
-157.726306
-134.105458
-112.008536
-89.149651
-57.909175
-36.574216
-9.905517
8.381591
32.002439
54.861324
77.720209
104.388908
123.437979
148.582752
166.869860
185.918931
199.634262
216.397444
226.302961
233.922589
234.684552
233.922589
228.588849
219.445295
206.491927
195.062485
182.871079
171.441637
157.726306
136.391347
123.437979
105.912834
88.387688
71.624506
56.385249
46.479733
37.336179
32.764402
28.954588
19.811034
18.287108
12.191405
6.095703
-1.523926
-8.381591
-20.572996
-36.574216
-54.099361
-72.386469
-89.911614
-107.436759
-128.771718
-147.820789
-164.583972
-180.585191
-192.776596
-197.348373
-201.158187
-200.396225
-201.158187
-195.062485
-183.633042
-179.061265
-162.298083
-150.868641
-133.343495
-116.580313
-102.864982
-85.339837
-70.100580
-48.003658
-24.382811
-5.333740
17.525145
39.622067
58.671138
76.196283
102.103019
119.628164
137.153310
155.440418
169.917711
181.347154
182.871079
183.633042
179.061265
166.107897
150.868641
128.009756
108.198722
83.053949
48.765621
12.953368
-17.525145
-48.765621
-80.006097
-102.864982
-133.343495
-150.868641
-166.869860
-179.823228
-186.680894
-189.728745
-182.871079
-173.727525
-160.012195
-142.487049
-121.914053
-103.626945
-81.530023
-57.909175
-34.288327
-8.381591
13.715331
36.574216
58.671138
80.006097
92.959465
105.150871
115.056387
120.390127
128.009756
128.771718
130.295644
127.247793
118.104239
105.912834
88.387688
74.672357
53.337398
37.336179
22.096922
4.571777
-8.381591
-24.382811
-38.860104
-48.003658
-54.861324
-55.623287
-53.337398
-50.289547
-41.907956
-26.668699
-9.143554
10.667480
28.954588
41.145993
58.671138
75.434320
87.625726
100.579094
113.532462
121.914053
123.437979
124.961904
121.914053
112.770499
99.817131
83.053949
67.052729
47.241696
26.668699
9.905517
-10.667480
-28.192625
-48.003658
-66.290766
-85.339837
-102.864982
-113.532462
-124.961904
-135.629384
-140.963124
-142.487049
-136.391347
-131.057607
-122.676016
-105.150871
-85.339837
-67.052729
-39.622067
-15.239257
12.953368
37.336179
60.957026
85.339837
99.817131
118.866202
129.533681
135.629384
134.867421
132.581533
126.485830
115.818350
100.579094
89.149651
75.434320
59.433101
39.622067
19.049071
1.523926
-21.334959
-41.907956
-60.957026
-80.006097
-92.197503
-110.484610
-121.914053
-131.057607
-140.963124
-145.534901
-147.820789
-143.249012
-137.153310
-130.295644
-118.104239
-104.388908
-93.721428
-75.434320
-61.718989
-44.955807
-27.430662
-11.429442
9.143554
27.430662
43.431881
59.433101
73.148432
84.577874
90.673577
96.007317
96.769280
99.817131
100.579094
97.531242
98.293205
93.721428
87.625726
76.958246
66.290766
52.575435
39.622067
24.382811
17.525145
7.619628
-0.761963
-1.523926
-11.429442
-16.763182
-23.620848
-30.478513
-32.002439
-32.764402
-32.764402
-31.240476
-37.336179
-35.812253
-38.098142
-42.669919
-41.145993
-44.955807
-49.527584
-50.289547
-53.337398
-56.385249
-57.909175
-59.433101
-56.385249
-58.671138
-58.671138
-58.671138
-57.909175
-60.957026
-54.861324
-45.717770
-41.907956
-34.288327
-24.382811
-18.287108
-11.429442
-2.285888
7.619628
14.477294
19.811034
28.192625
32.764402
44.955807
54.861324
64.766841
76.196283
80.768060
83.815911
86.863763
92.959465
96.007317
93.721428
94.483391
96.769280
92.959465
86.863763
78.482172
72.386469
65.528803
60.195064
51.813473
44.193844
42.669919
34.288327
25.906736
17.525145
7.619628
0.761963
-8.381591
-14.477294
-16.763182
-19.049071
-20.572996
-25.906736
-32.764402
-35.812253
-44.193844
-51.813473
-54.099361
-63.242915
-71.624506
-77.720209
-87.625726
-94.483391
-102.103019
-106.674796
-108.198722
-111.246573
-106.674796
-104.388908
-99.055168
-89.149651
-80.768060
-67.052729
-49.527584
-30.478513
-10.667480
9.143554
30.478513
50.289547
72.386469
91.435540
112.008536
128.771718
144.010975
156.964343
165.345934
173.727525
178.299302
176.775377
172.203600
164.583972
155.440418
147.058826
134.105458
121.914053
105.912834
83.053949
60.957026
36.574216
8.381591
-19.049071
-50.289547
-80.768060
-105.912834
-137.153310
-163.822009
-188.966782
-211.063704
-224.017072
-236.970440
-246.113994
-241.542217
-238.494366
-226.302961
-208.015853
-187.442856
-161.536120
-134.867421
-106.674796
-77.720209
-49.527584
-22.096922
6.095703
29.716550
59.433101
88.387688
115.056387
135.629384
154.678455
168.393786
174.489488
177.537340
176.775377
175.251451
171.441637
161.536120
150.868641
137.153310
121.152090
102.103019
82.291986
60.195064
34.288327
12.191405
-9.143554
-26.668699
-38.098142
-50.289547
-57.909175
-60.957026
-64.004878
-64.004878
-59.433101
-57.147212
-51.813473
-47.241696
-38.098142
-29.716550
-25.144773
-12.953368
0.000000
1.523926
5.333740
6.095703
-1.523926
-2.285888
-12.191405
-23.620848
-29.716550
-41.145993
-49.527584
-59.433101
-67.814692
-76.958246
-86.863763
-95.245354
-96.769280
-103.626945
-105.912834
-99.817131
-96.007317
-87.625726
-77.720209
-62.480952
-46.479733
-32.764402
-14.477294
7.619628
32.764402
56.385249
83.815911
106.674796
119.628164
141.725087
157.726306
175.251451
185.918931
197.348373
207.253890
209.539779
208.777816
201.920150
187.442856
172.203600
154.678455
127.247793
99.817131
70.100580
33.526365
0.761963
-31.240476
-64.766841
-94.483391
-120.390127
-144.010975
-172.965563
-188.966782
-205.729964
-220.969221
-224.017072
-224.779035
-220.969221
-218.683333
-206.491927
-195.062485
-176.013414
-152.392566
-131.819570
-108.198722
-85.339837
-60.195064
-30.478513
-4.571777
25.144773
52.575435
75.434320
99.817131
119.628164
138.677235
152.392566
166.107897
169.155748
169.155748
173.727525
170.679674
166.107897
159.250232
146.296864
130.295644
108.960685
89.911614
68.576655
44.193844
27.430662
9.143554
-7.619628
-21.334959
-39.622067
