-0.305185
-0.152593
-0.762963
-0.152593
0.457778
0.915555
0.762963
0.305185
0.457778
0.457778
0.610370
0.610370
-0.152593
0.305185
0.305185
0.152593
0.152593
0.152593
0.152593
0.000000
0.152593
0.000000
-0.152593
-0.305185
0.305185
0.152593
-0.152593
0.000000
-0.152593
0.152593
0.305185
0.000000
-0.152593
0.000000
-0.457778
-0.762963
-0.457778
-0.152593
0.305185
0.152593
0.152593
0.152593
0.915555
0.152593
0.305185
0.152593
0.457778
0.152593
0.000000
0.305185
0.305185
0.152593
0.000000
0.305185
-0.457778
-0.305185
-0.152593
-0.305185
-0.152593
0.000000
0.000000
-0.457778
-0.305185
0.000000
0.152593
-0.152593
0.152593
-0.610370
-0.305185
0.000000
-0.457778
0.305185
-0.305185
0.000000
-0.152593
0.152593
-0.152593
-0.915555
-0.610370
-0.915555
-0.152593
0.305185
0.000000
0.152593
0.457778
0.457778
0.915555
0.305185
-0.152593
0.152593
0.305185
0.000000
-0.610370
0.000000
-0.457778
-0.305185
0.152593
0.152593
0.457778
0.305185
-0.152593
0.152593
0.305185
0.305185
0.152593
0.305185
0.000000
-0.457778
0.457778
0.000000
-0.305185
-0.152593
-0.457778
0.000000
-0.152593
0.305185
-0.152593
-0.152593
0.305185
0.152593
0.457778
0.152593
0.305185
0.152593
-0.152593
0.305185
0.000000
-0.610370
-0.152593
-0.610370
-0.152593
-0.152593
-0.305185
0.152593
0.000000
-0.305185
0.000000
0.305185
-0.305185
-0.762963
-0.610370
0.000000
-0.305185
-0.457778
0.152593
0.457778
0.000000
0.000000
-0.305185
0.000000
0.305185
0.305185
-0.152593
0.152593
0.000000
0.000000
0.000000
0.000000
0.305185
0.305185
0.000000
0.000000
0.457778
0.152593
0.152593
-0.152593
0.152593
0.610370
0.000000
0.000000
0.000000
0.457778
0.457778
0.762963
0.457778
0.457778
0.762963
0.610370
0.915555
0.762963
0.457778
0.305185
0.610370
0.305185
0.000000
-0.152593
0.152593
-0.305185
-0.457778
-0.305185
-1.068148
-0.762963
-0.762963
-0.305185
-0.457778
-0.610370
-0.610370
-0.305185
-0.610370
-0.915555
-0.762963
-0.762963
-1.068148
-0.762963
-0.610370
-0.762963
-0.152593
-0.457778
-0.610370
0.000000
-0.610370
-0.152593
0.000000
0.000000
0.000000
0.152593
0.305185
0.457778
0.762963
0.457778
0.305185
0.305185
0.762963
0.610370
0.457778
0.762963
0.610370
0.305185
0.762963
0.915555
0.457778
0.305185
0.457778
0.610370
0.152593
0.000000
-0.305185
-0.457778
-0.305185
-0.305185
-0.305185
-0.305185
-0.305185
0.152593
0.305185
0.762963
0.152593
0.000000
-0.305185
-0.305185
-0.610370
-0.762963
-0.152593
-0.610370
-0.457778
-0.152593
0.152593
0.152593
-0.305185
0.000000
-0.152593
-0.457778
0.000000
0.305185
0.000000
0.152593
0.000000
0.305185
0.305185
0.305185
0.000000
0.305185
0.610370
0.152593
-0.152593
0.457778
0.305185
-0.305185
0.000000
-0.457778
-0.305185
-0.762963
-0.305185
0.000000
0.000000
-0.305185
-0.305185
0.305185
-0.152593
0.000000
-0.457778
-0.610370
-0.305185
-0.762963
-0.610370
-0.457778
0.152593
0.457778
0.305185
0.000000
0.152593
0.457778
0.610370
0.000000
0.305185
0.305185
0.000000
0.305185
0.305185
0.610370
0.457778
0.457778
0.000000
-0.152593
-0.152593
-0.457778
-0.152593
-0.152593
-0.305185
-0.457778
-0.152593
0.762963
-0.305185
-0.457778
-0.305185
0.457778
0.305185
-0.457778
0.152593
0.305185
0.915555
0.762963
0.457778
0.457778
0.305185
0.457778
0.457778
0.457778
0.610370
-0.152593
-0.610370
-0.305185
-0.610370
-0.610370
-0.457778
-0.152593
-0.305185
-0.610370
-0.152593
0.152593
0.000000
-0.305185
0.000000
-0.305185
-0.762963
-0.457778
0.152593
-0.305185
-0.457778
-0.152593
-0.152593
-0.152593
-0.152593
-0.152593
-0.457778
-0.610370
-0.457778
0.000000
0.152593
0.000000
0.152593
0.457778
0.000000
0.152593
0.610370
-0.152593
-0.152593
0.305185
-0.305185
-0.610370
-0.457778
-0.305185
0.000000
-0.305185
0.152593
-0.152593
-0.152593
-0.152593
0.000000
-0.457778
-0.152593
0.152593
0.000000
0.610370
0.305185
0.762963
0.762963
0.457778
0.610370
0.762963
0.610370
0.000000
0.305185
0.305185
-0.152593
0.457778
0.762963
0.152593
-0.610370
0.457778
0.000000
0.305185
0.762963
0.152593
-0.152593
-0.152593
0.305185
0.610370
0.457778
0.000000
0.000000
0.000000
-0.305185
-0.457778
-0.762963
0.152593
0.152593
-0.305185
0.000000
0.000000
-0.152593
-0.305185
0.305185
0.152593
-0.305185
-0.305185
-0.152593
0.000000
-0.152593
-0.152593
-0.305185
-0.610370
0.152593
0.305185
0.152593
0.610370
0.305185
0.000000
-0.152593
-0.305185
-0.152593
0.000000
0.000000
-0.457778
-0.457778
-0.915555
-0.610370
0.152593
-0.457778
-0.762963
-0.610370
-0.152593
-0.610370
-0.305185
0.152593
-0.457778
-0.305185
0.000000
0.152593
-0.152593
0.152593
0.305185
-0.305185
-0.305185
0.000000
0.000000
-0.305185
-0.152593
-0.152593
0.152593
0.457778
0.305185
0.457778
0.305185
0.152593
0.305185
0.762963
1.068148
0.305185
0.305185
0.152593
0.305185
0.610370
0.152593
0.610370
0.305185
0.000000
0.000000
0.305185
0.305185
0.152593
0.762963
0.610370
0.457778
-0.152593
0.457778
0.000000
0.457778
0.457778
-0.152593
0.000000
-0.305185
-0.152593
-0.610370
-0.457778
-0.610370
-1.068148
-0.610370
-1.068148
-0.610370
-0.152593
-0.305185
-0.152593
-0.305185
-0.762963
-0.915555
-0.305185
-0.305185
0.152593
-0.610370
-0.152593
-0.152593
-0.152593
0.305185
0.305185
0.762963
0.152593
0.000000
-0.152593
0.305185
0.305185
0.305185
0.457778
0.152593
0.610370
0.457778
0.457778
0.305185
0.152593
0.305185
-0.152593
0.152593
-0.152593
-0.457778
0.000000
0.000000
-0.152593
-0.152593
-0.457778
-0.152593
-0.610370
0.000000
0.000000
-0.762963
-0.457778
0.152593
0.152593
-0.305185
-0.305185
0.305185
0.305185
-0.305185
0.000000
-0.305185
0.305185
0.457778
0.915555
0.610370
0.457778
0.762963
0.457778
0.457778
0.610370
0.305185
0.000000
-0.457778
-0.152593
0.000000
-0.152593
0.000000
0.152593
0.457778
0.305185
0.000000
0.152593
0.152593
-0.152593
-0.152593
0.000000
0.305185
0.000000
0.305185
0.152593
0.305185
0.305185
0.305185
-0.610370
-0.762963
-0.152593
-0.457778
-0.457778
-0.457778
-0.305185
0.000000
-0.152593
-0.152593
-0.152593
0.457778
0.610370
0.305185
0.610370
0.457778
0.305185
0.000000
0.152593
-0.152593
0.305185
-0.457778
-0.762963
0.000000
-0.305185
0.152593
-0.610370
-0.152593
-0.152593
-0.762963
0.305185
0.152593
-0.305185
-0.305185
-0.305185
-0.305185
-0.610370
-0.152593
0.610370
0.152593
0.152593
0.152593
0.000000
-0.457778
-0.152593
0.152593
0.000000
-0.152593
-0.152593
0.152593
0.305185
0.457778
0.305185
0.000000
0.305185
0.000000
0.305185
0.305185
-0.152593
-0.457778
0.000000
-0.305185
-0.152593
-0.305185
-0.152593
0.610370
-0.152593
-0.305185
0.000000
0.152593
-0.762963
-0.610370
-0.762963
0.000000
0.305185
0.000000
-0.152593
0.152593
0.000000
0.000000
0.457778
0.152593
0.457778
0.000000
0.000000
0.152593
0.457778
0.152593
-0.152593
0.000000
0.305185
0.305185
0.610370
0.762963
-0.152593
0.000000
0.305185
0.610370
0.152593
0.457778
0.762963
0.000000
-0.152593
0.000000
0.610370
-0.152593
-0.305185
0.000000
0.000000
-0.457778
-0.457778
-0.152593
0.152593
0.305185
0.000000
-0.152593
-0.152593
-0.457778
0.152593
-0.762963
-1.068148
-0.610370
-0.457778
-0.152593
-0.152593
0.152593
-0.152593
0.000000
0.152593
1.068148
0.915555
0.457778
0.305185
0.457778
0.762963
-0.152593
-0.305185
-0.305185
0.000000
0.152593
0.305185
0.152593
0.000000
0.000000
-0.610370
0.152593
-0.305185
0.305185
-1.220740
-1.220740
-1.983703
-1.068148
0.152593
-0.305185
0.152593
-1.068148
-1.983703
-1.220740
0.305185
-1.831111
-1.983703
-1.373333
0.457778
-1.068148
0.305185
2.899259
1.220740
-1.831111
1.525926
0.915555
-1.525926
0.762963
3.204444
2.746666
-3.509629
0.457778
3.662221
2.288888
-0.305185
-1.983703
0.762963
-2.899259
-0.305185
-0.457778
1.068148
2.288888
-3.357036
-8.239998
-3.662221
2.441481
-2.594073
3.357036
2.288888
5.035554
1.983703
3.357036
0.000000
-0.457778
6.103702
1.831111
3.357036
-0.152593
0.457778
1.525926
6.256295
6.103702
4.882962
2.441481
-0.610370
9.308146
3.204444
1.983703
0.152593
-0.610370
-10.681479
-10.681479
-4.577777
-4.882962
-1.831111
-3.357036
3.814814
-3.814814
-5.798517
-1.983703
7.171850
6.256295
3.509629
-1.373333
-0.152593
1.678518
3.051851
-7.324443
-8.545183
-0.305185
-1.525926
-3.814814
-3.814814
1.678518
-5.645925
3.357036
6.714072
7.782220
5.493332
1.983703
7.171850
-1.525926
-10.071109
-2.288888
1.525926
7.019258
2.136296
4.425184
4.272592
5.951110
10.528886
3.509629
9.765924
-6.103702
4.882962
-16.022218
-1.983703
-6.866665
10.223701
-5.645925
13.885922
-16.022218
21.362958
-19.837032
200.048839
69.734797
406.659158
968.810130
-299.996963
-229.804387
252.540678
-6.408887
260.322898
654.164282
275.124376
-423.444339
-310.525849
-231.025128
-333.567325
-298.471037
-260.322898
-268.257711
-293.588075
-118.259230
-82.705165
-183.874028
-118.717008
-158.391072
-115.207379
-141.453298
-103.152567
-2.899259
-61.799985
-28.839993
26.551105
34.485917
56.001468
54.475542
138.248855
119.327378
106.662196
158.238479
127.719968
155.949591
137.791077
176.549586
164.189589
129.398486
199.438469
195.623655
147.404408
145.268112
161.595515
139.774780
52.797024
71.718501
85.146646
59.358504
31.434066
-7.324443
40.437027
12.054812
20.752587
81.789609
59.205911
27.161475
0.152593
-26.245919
-94.149606
-146.488853
-125.736265
-126.499228
-133.060708
-140.842928
-90.334792
-99.795531
-138.706632
-72.481463
-59.358504
-77.364425
-88.198497
-62.105170
-46.235544
-78.585166
-41.657767
-7.782220
-56.764430
-55.848875
-12.207404
-13.122960
-33.722955
-27.466660
-24.262216
-68.056279
-86.977756
-99.337753
-102.694789
-132.755523
-152.287370
-140.537743
-165.410329
-196.081433
-172.582179
-133.060708
-153.355517
-174.871068
-181.127362
-200.354024
-253.303641
-278.481412
-287.331780
-343.791026
-405.285825
-431.989522
-463.881366
-529.038387
-614.032440
-678.273906
-751.365739
-840.022014
-892.056075
-893.124223
-928.525695
-959.959762
-931.882731
-911.435329
-895.565703
-820.795352
-711.844268
-607.928738
-432.905078
-243.842902
-22.736291
205.694764
429.700634
668.355390
878.322745
1102.633800
1350.749294
1570.482573
1731.925496
1814.783253
1841.639543
1856.441020
1853.694354
1898.251380
1942.350629
1886.806939
1816.766956
1778.313632
1724.448461
1690.725506
1627.094411
1546.830727
1516.312216
1439.252976
1269.722648
1138.187865
1018.402710
877.559782
844.294605
816.370168
750.907962
730.155374
682.546497
547.196901
413.983601
280.617708
122.837007
-70.497760
-197.912543
-306.558442
-506.759874
-657.673911
-795.770173
-978.270868
-1158.330083
-1322.214486
-1519.058882
-1706.442539
-1854.609910
-1932.584705
-1980.956545
-2065.798005
-2119.663177
-2170.171313
-2217.627597
-2224.494262
-2164.983166
-2120.578733
-2085.177260
-2047.792084
-2037.720975
-2085.329852
-2089.907629
-2104.403922
-2132.328359
-1990.112098
-1834.467692
-1672.719584
-1447.492974
-1181.066373
-994.750864
-864.284230
-682.241312
-501.876912
-317.545106
-143.284409
-36.774806
83.010350
236.060682
415.967304
596.331704
760.521293
989.715310
1208.838218
1339.915223
1494.186296
1618.701820
1800.897330
1975.158028
1998.046911
1936.246926
1931.058780
2005.981724
1948.606923
1901.913602
1840.113617
1714.529944
1488.235186
1232.490064
1054.109368
872.371635
755.790923
717.337600
714.438341
766.167217
801.568690
776.238326
747.093148
759.758330
806.604244
903.805701
1079.897510
1187.933038
1191.900445
1150.090085
1095.309358
995.819012
870.235339
682.851682
417.188045
258.186603
78.127388
-148.472556
-228.431054
-336.771768
-523.392463
-720.999821
-933.103472
-1097.903431
-1222.113770
-1320.993746
-1405.835206
-1421.399647
-1368.602623
-1322.672264
-1279.946349
-1212.500440
-1146.885641
-1101.718245
-1027.710856
-968.504945
-842.921272
-697.805753
-589.159854
-393.536199
-139.927373
110.629602
333.262139
509.201355
615.253181
744.499074
850.550900
895.718296
946.226432
974.761239
959.654576
892.056075
847.346456
834.986459
828.272387
824.762758
838.190903
810.419058
741.447223
731.681300
726.340560
673.696129
529.496165
389.111014
252.388085
51.271098
-199.896247
-476.241363
-1020.233821
-1808.832143
-1878.109163
-1926.633595
-2751.548946
-3094.119231
-3145.390330
-3483.230246
-3412.427300
-3002.258513
-2702.414144
-2539.292703
-2299.874984
-2037.110605
-1967.986178
-1917.478042
-1552.781837
-1014.435304
-638.905026
-399.945086
-200.506617
-199.133284
-509.353948
-673.085759
-480.819140
-482.955436
-537.430978
-170.293291
116.580712
89.724422
184.636991
497.756913
447.553963
147.404408
383.617682
867.946451
1166.264895
1501.358146
2071.596522
2842.646701
3454.390253
3706.015376
3815.729423
3731.650925
3224.128088
2682.424519
2642.903047
2750.480798
2718.436362
2647.328231
2804.193378
2445.600874
1141.544902
875.881264
1511.124069
1657.612922
1607.867749
1463.057414
1203.802664
1154.362676
1251.411541
1027.558263
670.339093
584.582077
537.888755
274.666598
-111.239972
-399.182123
-526.749499
-563.524304
-502.334690
-321.054735
-211.645873
-473.036920
-872.676820
-1100.955282
-1357.921144
-1690.267728
-1961.119513
-2140.720950
-2298.196466
-2439.191987
-2455.214205
-2369.152004
-2099.673553
-1637.012927
-1437.116680
-1546.372949
-1413.464834
-1055.482701
-987.884199
-1422.467795
-1560.716649
-1247.138949
-1046.784925
-729.087226
-514.084317
-802.789430
-1162.144897
-1196.630814
-1215.857476
-1411.633723
-1525.162584
-1439.710753
-1257.057466
-1003.753825
-750.144999
-496.230988
-209.967355
46.693322
248.878457
488.753953
890.835334
1328.165596
1643.726999
1784.875112
1813.715105
1808.832143
1753.898824
1715.750685
1701.254392
1630.146262
1469.008524
1284.218940
1132.847126
1001.159751
878.780522
794.854617
765.099069
738.395372
636.005768
421.155451
136.722929
-152.287370
-404.980640
-662.251687
-965.758279
-1268.959685
-1441.847049
-1427.655942
-1295.815974
-1143.986382
-994.293086
-817.133130
-705.130195
-675.985017
-629.749473
-532.548016
-410.168787
-240.333274
-48.219247
10.986664
52.644431
68.514057
-164.494774
-379.955461
-406.353973
-438.245817
-475.020623
-435.956929
-392.315458
-387.279904
-314.645848
-193.639952
-49.745173
174.413290
467.848773
756.248701
947.752357
1028.016041
1029.541966
1045.716777
1141.239717
1223.181918
1207.770070
1254.463392
1399.731504
1726.737349
2381.206816
2577.440841
1982.329878
1552.171466
1631.519595
1454.207046
575.579116
57.985171
353.251764
511.642836
476.699141
417.493230
791.192396
1281.930052
571.153932
-86.214793
4.577777
-268.715489
-556.047269
-445.722852
-402.691752
-417.645822
-237.586608
-113.986638
-144.199964
-243.842902
-417.798415
-665.608724
-892.513852
-1039.002705
-1127.048609
-1167.485636
-1221.503400
-1275.215980
-1333.353743
-1332.590780
-1315.653007
-1314.890044
-1273.690054
-1178.624892
-1016.876784
-856.502009
-734.427966
-723.288709
-737.937594
-695.974642
-630.207251
-554.216159
-512.253206
-467.390995
-434.736188
-369.884353
-229.651795
-111.087380
-83.925905
-173.039957
-279.854745
-364.238428
-448.469518
-535.599867
-559.099120
-483.108028
-342.417693
-93.691829
143.437001
261.543639
168.462180
56.917023
192.571804
389.111014
635.547990
789.361285
676.900573
478.682844
212.866614
13.885922
-15.411848
-72.023686
-145.573297
-160.832553
-212.561429
-283.364374
-269.478452
-205.999949
-134.434041
-51.576283
55.391097
135.959966
154.728850
207.983652
284.737707
366.985094
458.998405
571.153932
679.799831
736.259076
791.802766
854.060529
904.721257
924.710881
947.599765
949.430875
864.589415
771.660549
708.334639
645.008729
582.750966
593.279853
642.262063
676.290202
740.989446
811.182021
885.647187
885.647187
780.663510
610.522811
314.493255
-35.096288
-242.316977
-326.090289
-321.970290
-176.244401
-47.151099
-25.482957
-43.641471
-176.396993
-398.876938
-373.088796
-133.671078
-38.148139
-139.164410
-295.571778
-404.675455
-547.807271
-623.645771
-571.916895
-559.556898
-452.284332
-191.198471
25.177772
18.463699
-202.337728
-447.248778
-691.091680
-885.036817
-977.050128
-1040.528630
-1091.799729
-1090.578988
-904.568664
-509.048762
-215.918465
-319.681402
-574.053191
-604.113924
-451.979147
-357.066578
-384.685830
-405.285825
-321.054735
-146.946630
30.213326
189.062175
354.625097
529.190980
712.607230
781.579065
682.088719
572.985043
502.945060
371.868056
255.592529
253.761418
262.611787
222.327352
168.919958
139.622188
149.540704
203.558468
268.410304
295.114001
275.734746
235.602904
211.035503
198.065136
159.764405
93.691829
41.352582
10.681479
-8.239998
-55.543690
-105.441455
-125.888858
-146.336260
-147.099223
-108.493306
-71.565908
-68.514057
-46.693322
-19.989625
1.373333
12.665182
0.000000
-17.853329
-37.079991
3.357036
72.328871
157.628109
223.700685
240.791051
271.004377
290.078446
303.353999
298.013259
283.211782
259.865121
249.336234
308.999923
387.585089
440.839890
446.028037
448.164333
419.019155
339.213249
280.007338
218.054761
140.232558
10.071109
-197.302173
-361.186577
-236.365867
56.306653
176.854771
192.419211
168.767365
-10.071109
-213.782169
-226.599944
-215.918465
-233.619201
-131.382190
-84.536275
-128.025153
-182.042918
-206.762912
-284.585114
-715.811674
-1076.845658
-1044.801222
-1093.478247
-1163.213044
-1055.635293
-971.251611
-892.208667
-684.377608
-482.955436
-470.137661
-519.425056
-579.088745
-747.398333
-936.460508
-1047.395295
-946.226432
-669.270945
-500.198394
-432.447300
-284.279929
-123.142192
-46.388137
9.460738
42.573323
77.211833
178.533289
304.422147
430.768782
559.404305
666.066501
765.099069
847.499049
905.331627
986.968644
1054.719738
1117.740463
1193.426370
1228.370065
1230.353768
1219.367105
1198.461925
1154.973046
1098.818986
1085.238249
1067.384920
1002.380492
940.122729
891.903482
836.054607
732.291670
644.398358
559.556898
439.161372
314.645848
229.041425
150.608851
38.300731
-9.308146
-48.982210
-144.047372
-207.220689
-206.915504
-204.321431
-219.428094
-208.136245
-156.254776
-141.605891
-166.783662
-160.679960
-125.583673
-150.608851
-190.588101
-198.675506
-207.831059
-245.826606
-260.475491
-243.385125
-284.737707
-337.839916
-369.273982
-386.516941
-450.453221
-518.967278
-536.515422
-572.985043
-644.093173
-683.309460
-682.699090
-692.312421
-709.707972
-705.587973
-714.743526
-745.719815
-767.998328
-769.982031
-772.270919
-782.647213
-791.497581
-794.702025
-788.445730
-784.478324
-741.294631
-696.432420
-666.829464
-607.623553
-525.528758
-465.254699
-411.084342
-362.712502
-330.973251
-280.312523
-234.076979
-194.860692
-141.300706
-77.822203
-14.038515
29.145178
90.487385
174.718475
223.090315
267.036971
336.313991
402.081382
426.343598
443.128779
498.672469
537.430978
525.376166
531.632461
563.676897
564.287267
547.959864
547.807271
525.223573
496.841358
449.385074
416.425082
380.718424
322.428068
303.201406
274.056228
254.371789
242.164384
233.924386
241.096236
259.102158
261.085861
282.601411
302.285851
305.795480
283.822152
252.235493
298.623630
353.251764
414.288786
517.441353
656.910948
838.038310
981.627904
1139.866384
1333.048558
1498.306294
1591.235160
1571.398128
1505.478145
1378.215954
1204.413034
940.427915
604.419109
270.699192
-37.690361
-350.047320
-659.047244
-849.024974
-960.112354
-1060.213070
-1132.847126
-1118.808611
-1046.937518
-999.023456
-954.924207
-907.620515
-855.891639
-827.662017
-807.367207
-793.481284
-761.589440
-690.176125
-676.900573
-671.559833
-620.593920
-515.915427
-474.105067
-510.727281
-363.170280
-206.152541
-172.124402
-137.180707
-48.371840
10.071109
-137.638484
-224.921426
-295.114001
-471.968772
-639.210212
-715.201304
-774.712400
-890.682742
-840.632384
-745.567222
-717.337600
-654.316875
-477.004326
-309.152516
-272.225118
-145.268112
-0.762963
40.131842
26.245919
58.442948
107.425159
55.391097
62.715540
134.128856
198.980691
243.232532
337.382138
443.586556
473.647290
520.035426
569.475414
553.910974
478.988029
428.327301
404.217677
314.035478
234.382164
209.814763
175.634030
129.398486
103.457752
90.182200
61.952577
35.248880
14.801478
-37.842954
-74.922944
-102.542197
-145.725890
-248.115494
-386.059163
-501.266542
-694.448716
-496.536173
459.456182
1540.269247
2043.366900
2356.029044
3348.796205
4396.191501
4591.052193
4491.104070
4598.987006
4289.071527
3039.033319
1780.907706
970.183463
-21.362958
-1241.340432
-2211.066117
-2897.885206
-3599.200587
-3812.067201
-3423.566557
-3099.307378
-2865.230399
-2333.445346
-1674.855880
-1490.371482
-1331.217447
-787.682767
-534.989497
-854.213121
-1196.630814
-1189.611556
-1319.773006
-1528.367028
-1368.144845
-1067.995290
-927.762733
-706.808713
-122.684414
367.442872
690.176125
1148.869344
1486.098890
1377.147806
1040.986408
945.768654
734.275373
141.911076
-397.503605
-739.463520
-1121.860462
-1570.635165
-1655.781811
-1474.501856
-1312.753748
-1078.371584
-675.985017
-166.020700
241.706607
833.155349
1363.109291
1556.596650
1573.687017
1523.941844
1433.149274
1018.860488
670.186500
401.165826
47.914062
-355.235467
-589.159854
-538.651718
-523.850240
-410.473972
-254.982159
-60.121467
114.444416
298.776222
522.019130
587.328743
642.872433
618.610217
502.182097
317.850291
186.315509
106.204418
-92.623681
-243.079940
-326.853252
-343.791026
-381.023609
-365.001391
-273.140673
-237.128830
-206.152541
-186.773287
-105.746640
-14.954070
86.977756
171.208846
187.383657
198.522914
262.001416
290.536224
219.733279
129.856264
43.641471
-79.348128
-338.297694
-516.525798
-643.635396
-864.742007
-1130.253053
-824.915351
365.306576
1533.402582
2115.543178
2526.627521
3624.836137
4723.044753
4927.671369
4798.730660
4752.647708
4364.757434
3032.166654
1610.156637
635.090213
-355.845838
-1496.322591
-2540.360850
-3228.705865
-3798.791649
-3871.730890
-3474.685063
-3089.541455
-2712.332660
-2195.959455
-1593.981826
-1409.192243
-1229.133028
-801.873875
-622.577623
-907.467923
-1274.147832
-1316.873747
-1397.747801
-1428.571497
-1193.884148
-853.297566
-587.328743
-242.164384
356.608800
805.536096
1140.324161
1522.873696
1698.049949
1410.718168
934.324212
692.617606
325.022141
-354.167319
-991.699013
-1402.325578
-1783.196594
-2173.223164
-2207.098711
-1972.411362
-1692.861802
-1430.402608
-1068.605660
-659.352429
-258.949565
292.367335
713.522786
1028.779004
1261.940427
1569.567018
1723.685498
1571.092943
1532.792212
1416.974463
1176.030819
648.976135
246.742161
-4.730369
-375.072499
-652.790949
-863.673860
-873.134598
-913.571625
-791.039804
-555.284307
-322.428068
2.746666
277.871042
536.973200
627.918363
774.712400
818.048686
639.210212
400.555456
151.219222
-63.478503
-391.399903
-570.696155
-645.924284
-694.448716
-680.562794
-569.170229
-326.700660
-100.405901
222.327352
507.065059
706.656121
839.106458
946.684209
1005.279750
869.319784
693.533161
516.068020
246.131791
-113.986638
-448.011741
-680.105016
-899.075332
-925.168659
135.349596
1632.740335
2326.273496
2427.137175
3113.651078
4544.969241
4944.151364
4551.225536
4390.850761
4274.880420
3172.856990
1416.516685
502.945060
-230.262165
-1361.888551
-2529.984557
-3164.616992
-3550.065785
-3834.193122
-3414.563596
-2869.502991
-2503.128267
-2140.415765
-1531.724064
-1161.839711
-1169.621932
-801.721282
-508.590985
-701.467974
-1171.147857
-1272.774499
-1200.598220
-1307.718194
-1073.183437
-683.614645
-419.324340
-204.321431
351.420653
912.656070
1076.845658
1326.487078
1538.895914
1278.420423
602.435406
213.934762
-9.765924
-669.728723
-1391.338914
-1789.605481
-2021.240979
-2377.544595
-2441.023097
-2056.184674
-1702.017355
-1417.127055
-1047.242703
-567.644303
-198.980691
215.308095
782.799806
1073.641215
1172.216005
1340.830778
1592.150716
1559.190724
1364.330031
1399.578912
1302.530047
884.579040
433.362855
260.170306
22.125920
-373.851759
-608.844293
-730.460559
-884.426447
-973.998277
-770.134624
-559.404305
-389.416200
-74.922944
251.625123
426.801375
550.096160
800.347949
842.463494
602.587998
401.165826
238.196978
-62.868133
-375.988055
-479.140622
-567.339118
-732.291670
-737.174632
-516.373205
-308.084368
-101.168864
256.965862
556.047269
673.696129
783.867953
936.002730
898.770147
655.537615
483.565806
268.105119
-93.234051
-518.051723
-726.493153
-875.270894
-600.604295
672.017611
1811.731402
2213.965376
2352.977193
3595.538366
4901.120264
4732.047713
4378.185579
4369.945581
4109.622683
2483.901605
924.405696
355.845838
-504.623578
-1810.358069
-2959.074821
-3326.670285
-3645.130946
-3701.285007
-3231.452531
-2771.691163
-2357.860155
-1951.353589
-1355.327071
-1153.599713
-959.044206
-530.716905
-492.110989
-830.561275
-1203.192294
-1127.658979
-1135.136014
-1135.136014
-796.990913
-482.497658
-229.346610
118.869600
781.121287
1184.118224
1372.570029
1657.765514
1651.509219
1154.057491
537.736163
309.457701
-154.576258
-978.881238
-1628.925521
-1954.558033
-2256.691291
-2582.628988
-2395.092738
-1991.638024
-1680.654397
-1354.258923
-871.761265
-300.607333
218.054761
752.739072
1049.836776
1069.368623
1096.987876
1143.833790
1019.776043
947.752357
1077.303436
1028.016041
697.042790
529.953942
656.300578
576.799857
345.774729
272.988080
130.008857
-219.275501
-437.330262
-372.020648
-418.256192
-539.872458
-467.696180
-382.396942
-390.789533
-210.272540
170.293291
310.068071
249.794012
316.934736
356.456208
154.576258
-15.411848
-6.408887
-146.336260
-455.793961
-601.214665
-537.278385
-482.192473
-383.922868
-122.837007
114.749601
230.719943
398.876938
622.577623
717.337600
668.507982
633.106509
489.516915
188.451805
-85.604423
-302.591036
-500.503579
-504.776171
490.127286
1572.771461
1917.783227
2034.363939
2996.307404
4517.960359
4580.981084
4192.327848
4239.784132
4208.197473
3024.384434
1317.026340
710.165750
36.774806
-1228.370065
-2597.583058
-3227.790309
-3450.880624
-3737.754627
-3513.901349
-3155.766624
-2697.531182
-2319.712016
-1797.082517
-1354.106330
-1079.592324
-591.448742
-448.774703
-584.124299
-891.293112
-919.980512
-863.979045
-908.383478
-692.922791
-531.327275
-305.948072
15.411848
536.668015
956.144948
1165.959710
1526.230732
1593.066271
1210.669329
694.143531
484.328769
142.216261
-683.462052
-1372.875215
-1759.239563
-2085.024667
-2503.280860
-2437.360876
-1958.525439
-1648.304776
-1376.079658
-908.078293
-184.331806
327.768807
745.109445
1140.476754
1231.879694
1149.937492
1022.370116
994.140494
789.056100
531.785053
352.641394
112.613305
-81.637017
-131.382190
24.262216
54.933320
41.047397
98.117013
133.060708
139.317002
145.115520
260.780676
201.422172
57.832578
-9.308146
-5.645925
14.954070
-7.934813
70.039983
38.911101
-51.423691
-78.432573
-55.848875
-72.023686
-157.933294
-182.500695
-285.958447
-400.097678
-392.468051
-266.426600
-161.748108
-133.213300
1.983703
127.872561
181.279955
282.296226
372.478426
361.033984
229.651795
103.915530
-51.271098
-290.841409
-275.124376
636.158360
1778.161040
2185.277976
2199.926861
2833.796333
4296.243377
4720.298087
4305.551523
4231.544134
4254.890795
3394.268786
1634.113668
787.530175
348.063617
-736.564261
-2201.300194
-3141.117738
-3388.928047
-3677.175383
-3639.485022
-3315.378436
-2904.751871
-2566.301585
-2194.280936
-1731.925496
-1375.621881
-853.755343
-558.336158
-617.847254
-877.407189
-927.610140
-751.518332
-706.503528
-509.048762
-338.145101
-189.214768
80.111091
545.060605
1004.211602
1203.650071
1504.409997
1656.697366
1315.500414
744.956852
513.931724
334.025102
-408.948047
-1234.626360
-1674.550695
-1927.549151
-2382.885334
-2568.285288
-2192.144641
-1704.764021
-1437.421865
-1127.201201
-505.081356
169.835513
706.198343
1005.584935
1205.023404
1230.048583
1116.519723
907.925700
645.313914
456.862109
220.038464
-57.374801
-320.749550
-358.745096
-205.236986
-62.562947
19.531847
110.934787
274.208821
353.251764
380.565831
409.711009
428.937671
316.476958
81.789609
-70.802945
-107.272566
-104.220715
-142.063668
-185.552547
-181.432548
-134.434041
-79.042943
-32.197029
15.564441
33.875547
-1.068148
-83.162942
-130.314042
-131.992560
-107.577751
-98.879975
-99.337753
-118.259230
-84.078498
23.346661
52.034061
39.063694
-0.305185
-12.970367
-143.894779
-289.315484
-13.885922
1143.223420
2209.540192
2456.434945
2496.414195
3367.107312
4764.092150
4737.998823
4213.538213
4215.064138
4186.834516
2963.194819
1173.894523
633.106509
207.983652
-1035.035298
-2518.387523
-3158.055512
-3273.110298
-3590.350219
-3567.461336
-3248.390304
-2811.212635
-2563.707511
-2265.846845
-1894.131381
-1533.860360
-1012.604193
-830.561275
-936.613101
-1121.707870
-993.530124
-766.167217
-629.139103
-323.801401
-106.204418
105.746640
415.051749
903.958294
1249.885615
1380.504842
1670.125511
1658.070699
1128.574534
567.186526
470.900624
213.171799
-674.459092
-1406.903354
-1657.460329
-1892.605456
-2383.495704
-2317.880906
-1757.561045
-1473.128523
-1440.778901
-1079.897510
-262.459194
273.140673
564.592452
847.651641
1022.675302
965.147908
817.743501
761.742033
621.967253
426.496190
217.902168
-7.019258
-194.860692
-124.210340
106.051826
129.398486
96.133309
193.639952
337.229546
312.051774
282.143634
411.999898
357.219171
86.977756
-112.308120
-116.275527
-114.291823
-192.266619
-194.097730
-181.890325
-193.639952
-168.309588
-60.426652
21.057773
27.008882
45.319989
-5.188147
-114.139231
-134.586633
-64.699243
-76.754055
-183.721436
-162.968848
-89.877015
-105.441455
-128.482931
-30.060733
-28.687400
-187.841435
-348.826580
-392.162866
-387.432496
337.534731
1721.854387
2352.366823
2301.706095
2603.686761
4220.252285
4947.508401
4307.382634
4144.413785
4406.110017
3886.684960
1913.358043
904.110887
824.610166
-75.685907
-1698.202541
-2826.777076
-2911.465943
-3194.830318
-3430.280629
-3291.421405
-2902.462983
-2580.797877
-2442.091245
-2144.840949
-1869.258795
-1289.407087
-978.881238
-1103.549356
-1305.276713
-1245.002654
-932.798287
-862.147934
-565.202823
-225.531796
-23.499253
252.235493
754.875368
1292.611531
1463.057414
1736.045495
1951.048404
1582.079607
935.697545
690.786495
648.060580
-117.648860
-1073.336030
-1474.044078
-1633.808483
-2128.055768
-2376.323854
-1897.183232
-1510.971477
-1519.974437
-1357.310774
-602.740591
-52.644431
191.503656
568.712451
827.051646
728.019078
495.620618
603.350961
567.186526
248.725864
122.226636
71.260723
-127.719968
-225.989573
136.417744
369.273982
228.431054
278.786597
529.496165
497.299136
307.626590
487.990990
531.937646
114.749601
-186.315509
-94.912569
-124.820710
-376.751018
-311.746589
-169.225143
-317.545106
-371.257686
-101.016271
74.922944
-39.979249
-0.457778
115.054786
-79.805906
-176.244401
15.106663
102.542197
-129.551079
-159.764405
61.037022
25.330364
-106.204418
65.767391
200.964395
-15.869626
-281.533263
-322.122883
-362.559910
211.798466
1575.670720
2232.581668
2043.672085
2250.587589
3968.169385
4803.003251
4052.400475
3920.407915
4413.434459
3959.166424
1884.975828
910.519774
1063.417514
224.005870
-1487.624816
-2678.151927
-2735.221543
-3008.514808
-3333.689542
-3261.208079
-2895.138540
-2546.769738
-2467.726794
-2266.152030
-1979.278027
-1311.075230
-979.186423
-1191.747852
-1407.208539
-1297.952270
-1002.838269
-983.764200
-693.685754
-321.970290
-148.930333
94.149606
608.996886
1160.618971
1370.128549
1703.695873
1966.155067
1590.624790
994.293086
874.507931
861.079786
73.397019
-865.810155
-1222.571548
-1425.214461
-1979.278027
-2206.793526
-1685.232174
-1379.436694
-1476.943337
-1353.343368
-582.750966
54.322949
175.481438
429.090264
628.833918
633.564287
374.614722
314.340663
375.530277
148.014778
-49.745173
-224.616241
-260.170306
-166.631070
130.924412
342.722878
309.610293
420.087303
614.642810
629.139103
492.873952
600.756888
604.571702
168.156995
-207.678467
-198.828099
-117.801452
-360.728799
-461.287293
-332.651769
-328.379178
-388.500644
-251.777715
29.297771
54.780727
7.934813
16.327403
-43.336286
-79.195536
2.136296
53.865172
-111.087380
-158.696257
-35.859250
-3.051851
-82.399980
62.105170
249.488827
117.343675
-141.453298
-231.635498
-78.890351
996.429382
2069.155042
2357.554970
2045.655788
2689.138591
4441.358897
4389.172243
3679.922049
3732.871665
4255.806350
3120.670336
963.316798
746.940555
891.445704
-253.456233
-2114.932808
-2719.046732
-2517.929745
-2965.941485
-3286.233258
-3098.849601
-2563.860104
-2479.018643
-2490.005307
-2308.725352
-1827.906213
-1180.913781
-1147.343419
-1350.138924
-1475.417411
-1102.176023
-891.140519
-821.100537
-383.922868
-74.465167
116.885897
343.485841
914.029403
1332.743373
1469.618894
1812.799550
1799.676590
1213.415995
717.337600
804.162763
568.102081
-435.193966
-1127.658979
-1226.691547
-1537.675174
-2122.104658
-1961.729883
-1371.654474
-1303.445602
-1511.276662
-1039.002705
-273.445858
-17.700736
158.543664
542.313939
679.952424
384.075460
275.887339
471.816179
351.115468
100.711086
30.365918
-77.059240
-222.022167
-38.758509
360.576207
358.439911
270.088822
498.214691
616.931699
397.503605
426.801375
680.105016
423.444339
-124.057747
-219.275501
-70.650353
-270.699192
-455.488776
-299.386592
-292.214742
-498.825061
-446.028037
-134.281448
-57.679986
-125.583673
-26.856290
-94.759976
-251.777715
-142.216261
74.770352
-42.725915
-223.090315
-80.874054
-2.594073
-145.725890
-86.519979
172.124402
136.570336
-205.847356
-167.241440
16.022218
680.105016
1882.229162
2508.316414
2614.215647
2661.519339
4097.720464
4821.619543
4119.083421
3863.033114
4024.628630
3603.015401
1558.732946
544.908013
658.436873
-115.359971
-1672.109214
-2785.271901
-2704.245254
-2906.277797
-3221.686607
-3126.011075
-2718.894139
-2421.338658
-2459.029019
-2312.692759
-2054.048379
-1410.412983
-1185.186372
-1407.666317
-1547.746282
-1337.015964
-940.733100
-893.276815
-477.004326
18.463699
252.845863
483.413213
962.553835
1541.032210
1683.095878
1860.255834
1945.402480
1469.924079
838.496088
624.866511
514.847280
-287.179188
-1130.710830
-1412.091501
-1625.110707
-2138.584654
-2304.910539
-1812.036587
-1527.298880
-1657.002551
-1529.435176
-879.848670
-351.725839
-171.819217
134.739226
429.395449
474.562845
366.374724
427.564338
672.475389
646.382062
834.070904
1009.857527
973.387906
1044.038259
1266.670796
1508.835181
1092.410099
792.565729
780.053140
310.220664
-362.102132
-554.673936
-431.836930
-943.784951
-1423.078165
-1104.922688
-734.885743
-847.346456
-644.245766
37.537768
181.585140
28.077030
287.942151
606.555405
319.223624
32.044436
109.103677
-258.034010
-699.484271
-639.973174
-423.749524
-636.158360
-670.186500
-106.204418
93.691829
16.632588
376.751018
901.059035
763.267959
403.149529
565.202823
481.887288
-40.131842
-323.496216
-8.239998
899.838295
1368.297438
1770.989190
1948.912108
2812.128190
4259.010794
4326.914481
3967.101237
3883.327924
4279.458196
3134.403666
1212.347847
843.226457
596.484296
-805.078319
-2705.618587
-3038.422949
-2818.079300
-3380.077679
-3669.545755
-3175.451063
-2501.297156
-2442.396430
-2181.310569
-1700.796615
-1231.727101
-900.906443
-892.971630
-1023.438264
-1256.904873
-992.156791
-873.592376
-897.091629
-653.096134
-308.694738
47.761470
310.068071
932.187917
1440.626309
1636.707742
1891.232123
1873.836572
1441.389272
982.848645
896.328666
419.476933
-668.813167
-1332.285595
-1436.658902
-1823.481029
-2475.966792
-2296.060170
-1602.069232
-1480.758151
-1493.423333
-893.734593
1.220740
258.949565
335.856213
744.346482
895.260518
658.742059
367.290279
410.626565
266.579193
-21.668143
-153.813295
-189.519953
-132.145152
25.940734
319.071032
406.811751
497.756913
727.561301
796.990913
603.808739
499.893209
572.679858
283.516967
-211.645873
-370.189538
-293.893260
-437.482854
-671.559833
-507.980615
-297.860667
-312.967330
-297.250297
-37.385176
147.709593
54.475542
5.951110
-1.678518
-74.159982
-161.595515
-147.099223
-199.133284
-276.497709
-174.260697
-40.742212
-53.559987
37.842954
275.124376
342.265100
209.509578
136.875522
201.879950
-103.457752
649.433913
1960.051365
2375.866076
1976.378768
2149.876503
4148.533784
4427.320382
3520.768014
3480.178395
4124.729346
3523.667273
1172.216005
669.576130
996.887160
72.328871
-1794.488443
-2683.950444
-2327.646829
-2707.602290
-3237.098455
-3176.671804
-2547.685293
-2343.058677
-2551.805292
-2459.486796
-1984.466174
-1280.404126
-1324.655967
-1514.481105
-1518.601104
-1186.864890
-979.644201
-943.174581
-342.112508
42.725915
184.789584
420.850266
1012.604193
1476.485559
1507.309255
1802.118071
1888.943234
1302.072269
719.626488
708.182046
576.494672
-382.549535
-1122.623425
-1171.147857
-1371.654474
-2022.766905
-1990.417283
-1298.410048
-1103.549356
-1328.013003
-1129.795275
-251.319938
7.782220
-11.597034
235.602904
455.183591
330.820659
-73.397019
45.472581
151.371814
4.730369
-138.706632
-168.919958
-22.431106
134.586633
401.928789
542.161347
601.825036
730.155374
745.262037
575.731709
465.102107
573.442821
343.333248
-147.251815
-374.767314
-254.066604
-330.362881
-585.802817
-451.521369
-249.183642
-313.577700
-399.639901
-153.813295
107.119973
-6.714072
-112.918490
-99.032568
-163.426626
-207.068097
-183.721436
-159.001442
-221.869575
-186.315509
-60.426652
-41.199990
30.060733
255.134751
342.417693
125.888858
30.213326
44.709619
610.370219
1785.943260
2490.310493
2527.237891
2398.754960
3738.670182
4785.760293
4157.689338
3697.470193
3974.425679
3921.323470
1905.575823
483.565806
770.134624
355.693245
-1357.005589
-2791.680788
-2638.477863
-2594.836392
-3225.654014
-3330.179914
-2762.230425
-2353.740156
-2586.291209
-2631.153420
-2232.276483
-1588.335902
-1408.581872
-1640.675148
-1716.666240
-1487.777408
-1121.402684
-1036.256039
-586.718373
14.648885
310.068071
529.343572
982.085682
1632.282558
1852.168429
1956.846921
2064.119487
1644.489962
975.371610
671.712426
568.102081
-152.745147
-1082.338990
-1354.411515
-1472.365560
-1989.959506
-2229.529817
-1573.076646
-1119.266389
-1397.137431
-1366.618920
-585.039855
0.610370
-153.508110
1.068148
463.118403
369.121390
-97.354050
-76.448870
343.333248
245.979198
-68.514057
-8.087405
200.354024
272.835488
430.921374
711.386490
789.361285
758.232404
751.060554
643.635396
459.456182
521.103574
468.306550
-61.647392
-445.112482
-300.302148
-207.220689
-532.700608
-584.276892
-237.739200
-262.154009
-543.687272
-379.039906
37.232583
16.632588
-261.238454
-219.580686
-139.927373
-240.943644
-243.079940
-106.051826
-116.885897
-163.579219
-62.410355
35.096288
77.974795
263.985120
433.057670
271.919932
90.029607
93.539236
22.431106
39.826657
1182.592299
2303.994983
2362.437932
2067.018746
3068.025905
4714.194385
4396.954463
3746.604995
3977.782716
4146.702674
2663.655635
821.558314
804.925726
634.174657
-822.626462
-2426.831990
-2772.454126
-2599.414169
-3056.276278
-3288.216961
-2918.180016
-2422.559398
-2442.854208
-2569.506028
-2282.174248
-1692.251431
-1360.057440
-1604.815898
-1726.279571
-1610.461822
-1334.727076
-1180.303411
-808.740540
-193.029582
64.851836
337.229546
854.670899
1476.027782
1763.054377
1910.001007
2146.672059
1825.617324
1096.530098
728.019078
661.641317
98.727383
-878.017560
-1319.162635
-1409.802613
-1765.953635
-1999.878022
-1604.358120
-1162.297489
-1219.977475
-1157.109342
-610.827996
-148.014778
-99.032568
16.632588
213.476984
96.896272
-165.105144
-170.293291
-12.817775
-68.666650
-144.962927
-74.159982
25.330364
209.814763
504.318393
760.673885
819.727204
855.739047
900.601258
745.414630
581.225041
562.913934
428.785079
-20.142217
-336.313991
-306.100665
-316.324366
-479.903584
-462.813218
-286.568818
-332.956954
-435.193966
-271.767340
-44.862211
-75.685907
-214.239947
-224.158463
-259.865121
-315.103625
-246.436976
-162.816256
-193.792544
-169.225143
-59.205911
30.060733
85.451831
258.491788
357.371763
238.196978
57.222208
104.068122
146.641445
761.284255
2024.140238
2592.547504
2592.242319
2671.437855
4136.784158
4854.274350
4119.541199
3834.498307
3951.689389
3469.344323
1463.057414
419.019155
582.598374
-170.293291
-1775.109189
-2863.551881
-2678.457112
-2716.910436
-3184.301431
-3094.729602
-2574.388990
-2307.809797
-2563.707511
-2546.006775
-2119.052807
-1606.189231
-1633.198113
-1870.784720
-1821.344733
-1572.008498
-1239.051544
-1012.604193
-374.919907
199.591062
462.965811
822.473870
1366.008550
1907.101748
2029.938755
2095.095776
2020.020239
1418.652981
765.099069
485.854694
235.602904
-521.561352
-1282.387830
-1486.098890
-1641.132926
-1984.466174
-1901.455824
-1254.158207
-974.150869
-1223.944881
-1102.786393
-392.925828
-26.398512
-214.087354
-113.986638
183.416251
36.164435
-377.971758
-216.376243
249.031049
184.789584
-73.854796
77.517018
455.336183
577.105042
658.742059
917.233846
1001.922714
832.392386
643.177618
537.430978
452.284332
381.633979
183.874028
-216.223650
-430.311004
-289.468076
-211.645873
-411.847305
-386.059163
-151.982184
-237.586608
-491.958396
-360.881392
-30.060733
-159.916997
-466.475440
-437.177669
-306.100665
-375.377685
-367.137687
-150.914037
-33.722955
-52.034061
-3.967406
171.361439
277.260672
383.617682
389.568792
228.278462
20.294810
-12.359997
39.368879
763.115366
2005.218761
2559.434920
2531.510482
2766.960794
4319.742631
4912.564706
4178.289332
3896.908662
4031.342702
3350.932501
1264.381908
374.309537
521.103574
-361.186577
-2049.928380
-2954.344451
-2659.077858
-2744.529689
-3172.246619
-2948.698527
-2368.541634
-2213.355006
-2496.261602
-2435.682358
-1995.758023
-1607.715156
-1728.415867
-1962.950624
-1923.276559
-1667.378845
-1351.207072
-1041.444186
-326.548067
253.151048
542.466532
927.762733
1537.827766
2053.743194
2102.115033
2111.117994
1960.356550
1285.897458
583.971707
304.116961
48.066655
-699.942048
-1405.835206
-1516.312216
-1587.878124
-1766.564006
-1592.761086
-1055.787886
-832.850163
-943.021988
-712.302045
-283.059189
-136.722929
-217.139205
-158.085887
-171.971809
-388.653237
-515.305057
-352.336209
-148.319963
-89.571830
-5.340739
166.478477
417.951007
685.598348
914.944958
1016.571599
983.764200
900.296073
705.740565
504.623578
408.948047
310.220664
52.949616
-257.423640
-329.599918
-252.082900
-258.186603
-295.876964
-197.759951
-139.011817
-255.592529
-338.297694
-245.674013
-161.595515
-288.857706
-441.145076
-489.516915
-443.739149
-407.574714
-333.567325
-209.051800
-70.497760
32.654807
89.571830
209.204392
340.891767
419.782118
345.774729
152.897740
109.714047
43.031100
511.795428
1820.734363
2587.511950
2789.544492
2723.319324
3929.563468
5000.000239
4418.927791
3931.394579
3864.864225
3637.653911
1793.878073
239.265126
242.164384
-163.426626
-1606.799601
-2905.972611
-2864.009659
-2571.337139
-2967.467411
-3055.513315
-2502.670489
-2078.768373
-2303.842391
-2561.418623
-2307.046834
-1825.312139
-1803.491404
-2110.202439
-2128.818730
-1853.236577
-1426.740386
-1146.580456
-497.451728
321.359920
783.562768
1110.721206
1552.934429
2119.815770
2276.223138
2138.126876
1974.242473
1423.841128
618.305032
98.727383
-154.118480
-642.719840
-1336.405594
-1573.534424
-1547.593690
-1732.688458
-1761.986229
-1288.491532
-900.296073
-972.472351
-1066.164180
-709.707972
-402.081382
-514.084317
-440.382113
-168.309588
92.776273
22.583698
127.262191
593.127260
910.824959
961.943465
901.669406
1011.383452
1026.642708
810.419058
607.318368
522.934685
327.311030
5.798517
-247.199939
-258.186603
-161.290330
-131.534782
-140.995521
-99.948123
16.174811
130.924412
94.302199
8.239998
-6.256295
-129.551079
-444.349519
-726.798338
-719.626488
-688.955384
-842.616087
-886.104965
-670.949463
-424.359895
-284.279929
-63.936280
278.023635
461.439885
496.078395
498.672469
533.921349
465.712477
296.639926
142.826631
-84.078498
-198.675506
-274.971784
-33.112584
1281.014497
2428.357915
2853.633365
2788.781529
3523.362088
4872.890641
4623.096629
3859.981263
3486.587282
3362.834720
1998.504689
61.799985
-373.546574
-395.214717
-1321.451524
-2589.190468
-2793.359306
-2238.227592
-2209.845377
-2406.994958
-2062.593562
-1598.407010
-1639.912185
-2078.158002
-2276.223138
-2028.260237
-1907.406934
-2199.774268
-2406.231995
-2190.466123
-1606.036638
-1156.498972
-613.116885
297.860667
1050.141961
1451.307788
1710.104760
2096.926887
2296.212763
2054.963934
1658.833662
1117.740463
329.142140
-303.811776
-624.103549
-899.838295
-1281.930052
-1462.752229
-1308.938934
-1231.727101
-1116.824908
-754.417590
-355.693245
-393.383606
-572.679858
-520.645797
-450.300629
-570.848747
-719.473895
-612.964292
-603.808739
-629.291696
-477.004326
-64.394058
307.168813
471.358401
667.439834
852.992381
946.379024
938.444211
920.896068
839.259051
632.801324
375.072499
197.149581
100.253308
78.737758
104.831085
77.517018
35.401473
43.641471
100.863679
77.822203
-27.619252
-88.198497
-209.814763
-445.265075
-640.583545
-652.027986
-594.958371
-636.463546
-620.899105
-485.702102
-303.048814
-146.641445
17.242959
220.954019
321.817698
370.647315
319.986587
279.549560
248.420679
194.250322
70.650353
-104.831085
-203.253283
-208.136245
-107.882936
896.176074
2231.818705
2839.747443
2826.166705
3135.166629
4533.524800
4733.878824
3862.270152
3276.619927
3178.655507
2336.344605
333.414732
-567.186526
-388.042867
-788.445730
-2056.947637
-2715.384511
-2226.020188
-1791.589185
-2105.166884
-2226.477965
-1790.368444
-1577.959608
-2058.320970
-2669.911929
-2519.760856
-2065.492820
-2210.608340
-2580.187507
-2362.132747
-1541.337395
-930.814584
-582.140596
224.768833
1181.371558
1635.639594
1636.402556
1799.371405
2060.762451
1899.166936
1364.330031
839.869421
321.207328
-212.256244
-570.543562
-745.872407
-822.473870
-938.749396
-906.399775
-870.845710
-855.281269
-765.556847
-532.090238
-457.777664
-673.085759
-883.663484
-928.067918
-793.633877
-854.670899
-721.305006
-504.013208
-316.629551
-225.989573
-6.866665
486.312472
732.902040
740.989446
726.035375
784.630916
675.985017
519.577649
490.279878
495.162840
315.866588
156.254776
201.422172
263.985120
333.567325
374.462129
377.819165
255.592529
125.736265
63.478503
-125.125895
-339.823619
-442.823594
-551.164308
-757.011664
-840.937569
-631.580584
-455.336183
-440.382113
-344.706581
-83.620720
67.445909
87.740719
173.650327
308.999923
277.260672
138.554040
83.620720
100.405901
38.758509
-33.875547
-13.428145
-70.650353
-58.748134
84.078498
1265.602649
2541.734183
3050.172576
2966.704448
3234.809567
4481.490739
4476.912962
3561.815412
2889.645208
2832.423000
2039.857271
124.210340
-757.164256
-402.233974
-559.251713
-1813.104735
-2527.848261
-1983.245433
-1448.561122
-1965.697289
-2351.603860
-1957.915069
-1723.227720
-2335.581642
-3102.969600
-2852.412625
-2223.120929
-2265.694252
-2558.519364
-2200.842416
-1149.479714
-457.777664
-169.377736
496.383580
1407.818910
1829.432138
1583.758125
1491.134444
1671.651437
1557.207021
928.830880
382.702127
100.253308
-161.137738
-443.586556
-581.682818
-494.705062
-497.909506
-530.869498
-606.555405
-633.259102
-651.722801
-678.273906
-851.924233
-1173.284153
-1334.269298
-1308.481156
-1163.976007
-1004.364195
-622.577623
-218.665131
37.079991
244.605865
635.547990
995.513827
1006.347898
862.453119
748.313888
636.463546
389.111014
238.044385
230.414758
224.921426
173.497735
190.740693
319.528810
472.426549
593.585038
597.705037
447.096185
265.816230
114.902194
-104.831085
-413.525823
-607.165775
-659.962799
-760.979070
-862.453119
-760.521293
-463.423589
-281.075486
-216.834020
-90.792570
104.678493
165.257737
115.207379
118.106637
112.918490
74.770352
-37.537768
-54.628135
4.882962
93.844421
135.502189
137.180707
181.585140
202.337728
233.924386
445.875445
1581.469237
2629.169717
2914.670387
2599.719354
2963.347412
4082.918986
3906.369400
3009.277771
2414.319400
2488.784567
1654.713663
-21.668143
-605.639850
-201.727357
-414.136193
-1639.301815
-2251.350552
-1732.078088
-1357.005589
-1919.614338
-2335.276457
-2067.018746
-1892.300271
-2429.426063
-3052.156279
-2736.900061
-2079.836520
-1985.839507
-2199.163898
-1844.233616
-801.873875
-142.063668
80.416276
533.158386
1276.894498
1577.044053
1254.768577
1093.783432
1233.405620
1155.125639
624.713919
185.094769
10.223701
-103.610345
-238.196978
-307.779183
-307.931775
-397.351012
-436.109521
-539.109496
-749.229444
-971.861981
-1060.365663
-1154.667861
-1469.924079
-1567.430722
-1390.728543
-1080.813065
-871.456080
-531.479868
32.807399
424.359895
722.983524
1037.629372
1450.850010
1622.058856
1504.257404
1281.624867
1104.159726
938.749396
654.011689
345.622136
125.583673
28.534808
-93.081458
-171.361439
-135.044411
-7.171850
21.820735
-80.874054
-157.322924
-174.108105
-177.617734
-296.182149
-443.891742
-496.993951
-489.822101
-491.500619
-526.749499
-434.125818
-295.876964
-256.050307
-311.136219
-269.020674
-113.071083
-28.077030
-22.278513
-4.119999
135.654781
224.768833
258.186603
321.665105
395.214717
478.225066
413.831008
326.395474
249.794012
227.515499
132.755523
-56.001468
-163.579219
314.951033
1502.273701
2278.206841
2468.337165
2313.455722
3052.766649
3805.810906
3433.179888
2617.725276
2088.839481
2047.486899
985.290126
-380.260646
-782.342028
-397.503605
-536.515422
-1496.017406
-1890.316567
-1366.771512
-951.261986
-1358.531514
-1797.998072
-1754.051416
-1679.433657
-2208.319451
-2837.153369
-2667.623041
-2104.251329
-1868.343240
-2033.906161
-1729.178830
-748.008703
58.137763
392.773236
596.942074
1072.573067
1313.364118
1064.638254
709.555379
592.364297
560.625046
235.297719
-177.159956
-417.798415
-325.327327
-133.365893
-36.622213
-89.571830
-150.761444
-121.921451
-227.515499
-456.862109
-671.254648
-749.839814
-881.374596
-1154.667861
-1291.695975
-1112.094539
-778.374621
-406.506566
-6.561480
316.171773
561.388009
687.124274
868.099044
885.952373
735.801299
574.510968
351.115468
103.457752
-86.977756
26.245919
197.454766
207.678467
198.675506
366.679909
510.879873
494.094692
439.924335
392.925828
231.635498
-80.111091
-283.822152
-378.582128
-430.616189
-430.921374
-396.130272
-355.082875
-312.814737
-145.115520
21.362958
36.317028
-16.632588
-51.118506
-91.555533
-212.256244
-246.894753
-167.851810
-56.306653
-23.346661
50.355543
209.051800
365.001391
493.484322
508.438392
475.020623
317.697699
196.996988
-14.648885
-222.327352
-448.622111
-140.690335
1022.827894
2053.590601
2516.861597
2256.843884
2813.654116
3817.865718
3907.590140
3080.233309
2126.072064
2017.273573
1345.408555
-0.610370
-916.165698
-750.602777
-438.093225
-1031.678262
-1714.987722
-1602.832194
-947.141987
-882.747929
-1384.014471
-1820.886955
-1895.809899
-2081.057261
-2650.074897
-2955.565192
-2716.452659
-2167.577239
-1926.023225
-1808.984736
-1249.580430
-334.635472
488.601360
817.438315
921.201253
976.134572
964.842723
799.432394
493.331729
208.136245
12.359997
-52.186654
-177.922919
-271.156970
-162.205886
235.602904
520.798389
365.916946
45.625174
-124.668117
-171.666624
-486.617657
-980.407164
-1321.909301
-1406.598169
-1425.824831
-1523.026288
-1344.035222
-794.244247
-51.576283
456.862109
585.192447
776.238326
1006.042713
1242.713765
1165.501933
999.481233
897.701999
745.567222
516.525798
288.247336
298.471037
390.789533
430.616189
238.502163
33.875547
-32.654807
65.157021
68.666650
-131.992560
-292.977705
-310.525849
-289.010299
-359.508059
-325.479919
-135.349596
9.308146
-42.725915
-152.897740
-166.478477
-130.314042
-140.690335
-248.115494
-388.195459
-475.020623
-406.048788
-244.911050
-103.305160
57.679986
284.585114
484.633954
525.070981
507.370244
534.226534
539.414681
376.140647
102.999974
-132.297745
-282.601411
-343.028063
-411.236935
-441.450261
-354.777690
541.093199
1803.949182
2709.891179
2727.591915
2474.440867
3115.024411
3472.701360
3150.731069
2002.319503
1284.524125
1071.810104
443.586556
-288.705113
-736.411669
-411.084342
-170.903661
-388.805829
-875.270894
-1057.618997
-916.470883
-993.682716
-1495.864814
-2248.756478
-2676.626002
-2836.542999
-2871.181509
-2798.242268
-2506.485303
-1926.938781
-1357.921144
-844.752383
-446.180630
-14.648885
471.358401
764.946477
679.799831
242.927347
-44.709619
-21.515550
92.776273
35.554065
-36.317028
127.872561
444.502112
685.750941
756.096108
811.792391
831.629423
655.537615
188.299212
-378.582128
-690.328717
-819.116834
-893.429408
-1097.140468
-1199.835258
-1026.032338
-700.857604
-279.702153
-24.567401
261.543639
433.210263
515.457650
409.711009
169.072551
42.878508
-22.125920
-1.373333
-142.521446
-233.466609
-131.839967
187.078472
519.730241
633.716880
643.940581
616.168736
593.890223
481.429510
299.234000
112.765898
1.983703
-68.056279
-151.829592
-200.354024
-154.576258
43.031100
205.236986
208.594022
88.961459
-18.768884
-41.810360
-101.016271
-232.093276
-388.805829
-471.053216
-454.420628
-382.396942
-253.303641
-94.149606
121.768859
280.922893
339.671027
327.311030
273.751043
268.105119
155.339221
23.499253
-170.140698
-290.231039
-359.508059
-389.111014
-377.361388
-187.994027
780.358325
2004.303206
3018.585917
2928.861495
2638.020085
2931.302976
3247.932527
3173.162175
2106.540217
1295.968567
717.795377
279.396968
-65.614799
-377.666573
-319.071032
-336.924361
-378.124351
-612.964292
-954.466430
-1218.451549
-1426.130016
-1651.051442
-2171.086868
-2761.467462
-3141.422923
-3065.431831
-2649.311935
-2200.079453
-1792.809925
-1427.198164
-887.936076
-379.802869
-10.376294
195.928840
340.891767
413.068046
211.340688
-30.671103
-149.693296
28.839993
299.081407
519.272464
685.750941
770.744994
914.792365
1037.171594
1067.842698
844.752383
430.921374
8.545183
-354.472505
-657.673911
-927.457547
-1052.278257
-992.614568
-816.980538
-677.358350
-546.739123
-356.151023
-78.585166
132.297745
163.579219
48.371840
-171.056254
-348.368802
-430.463597
-356.151023
-258.491788
-172.276994
-39.216287
179.448844
452.131740
649.891690
781.884250
815.149427
736.564261
579.241338
386.364348
222.632537
109.714047
62.562947
69.887390
75.685907
90.334792
159.764405
247.810309
288.399928
240.028089
126.804413
-26.245919
-214.850317
-381.481387
-496.993951
-550.553937
-550.401345
-501.724320
-382.396942
-227.973277
-35.096288
145.573297
278.634005
329.294733
299.386592
229.651795
127.262191
39.216287
-28.687400
-73.702204
-104.220715
-126.041450
-95.217754
-69.887390
94.912569
779.137584
1809.137328
2821.436336
3021.790360
2779.473384
2624.897126
2585.223062
2589.800838
2040.925419
1467.635191
741.905001
198.828099
-54.475542
-153.355517
-60.579244
-231.330313
-339.365842
-549.028012
-754.875368
-1057.618997
-1472.060375
-1781.823261
-2205.572785
-2511.368265
-2781.457087
-2821.894114
-2589.800838
-2248.756478
-1733.146236
-1310.312267
-858.943490
-525.376166
-284.585114
-117.496267
-32.044436
69.734797
36.774806
-10.071109
-99.337753
-61.189614
131.687375
424.359895
747.245740
910.214589
973.998277
935.544953
859.706453
707.419084
446.180630
108.188121
-250.862160
-486.312472
-632.953917
-671.712426
-700.094641
-660.115392
-562.608749
-453.657665
-317.850291
-264.748082
-272.530303
-348.673987
-385.448793
-382.702127
-374.462129
-379.039906
-323.648808
-204.779208
-31.739251
183.416251
369.579167
511.032466
564.439860
599.688740
606.097627
566.728748
504.013208
430.616189
358.592504
286.416225
278.328820
329.599918
399.792493
435.346559
432.599893
415.967304
344.553988
239.417718
101.321456
-58.442948
-222.632537
-354.472505
-424.512487
-435.346559
-403.454715
-350.810283
-250.251790
-147.862185
-44.709619
54.322949
118.869600
160.069590
148.777741
128.330338
112.460713
110.477010
103.305160
126.804413
150.761444
177.922919
205.542171
219.122909
224.005870
152.439962
62.868133
123.294784
506.759874
1102.938985
1785.943260
2238.075000
2463.911981
2396.160886
2048.402454
1658.986255
1151.005640
719.473895
256.813270
-65.004428
-195.776248
-240.180681
-204.321431
-230.262165
-234.076979
-378.734721
-570.238377
-790.124248
-1016.266414
-1207.159700
-1519.364067
-1766.716598
-1992.400987
-2067.171338
-1965.086919
-1746.726974
-1374.706325
-1022.217524
-645.313914
-377.513980
-202.185135
-181.890325
-293.282890
-421.460636
-563.524304
-542.008754
-476.546548
-322.885846
-131.229597
73.702204
322.122883
485.854694
635.395398
688.039829
668.507982
542.619124
332.499177
119.785155
-124.668117
-303.811776
-470.900624
-529.648757
-498.214691
-386.822126
-205.847356
-67.445909
59.205911
113.376268
110.629602
48.829618
-49.439988
-143.894779
-222.937722
-257.118455
-194.097730
-2.288888
240.180681
467.543588
634.785028
738.547965
765.556847
673.696129
506.149504
301.065110
108.340714
-43.031100
-109.103677
-69.429612
63.936280
225.226611
371.715463
484.939139
525.833943
521.256167
418.408785
251.472530
46.540729
-155.644406
-312.204367
-425.885820
-469.679883
-450.148036
-348.063617
-193.639952
-29.145178
110.934787
198.217729
231.788091
221.259204
160.679960
79.195536
59.968874
99.948123
117.038489
72.939241
71.260723
170.598476
289.925854
366.985094
371.105093
359.813244
308.542146
184.789584
75.991092
-6.103702
-98.422198
-205.389579
-286.874003
-331.431029
-385.753978
-357.371763
-236.823645
12.665182
333.262139
665.608724
962.553835
1091.799729
1112.552316
967.741982
762.810181
479.445807
197.454766
22.125920
-43.031100
61.799985
222.632537
417.798415
538.499125
572.527265
489.822101
281.228078
34.791102
-249.794012
-488.753953
-695.669457
-842.463494
-926.541992
-977.813090
-936.765693
-892.971630
-833.765719
-795.770173
-747.093148
-682.393905
-683.004275
-709.707972
-789.208693
-852.076825
-918.454587
-938.291619
-888.851631
-789.056100
-616.473921
-430.616189
-206.457726
-19.226662
124.057747
196.844396
182.805881
135.502189
47.608877
-14.343700
-46.082952
-18.311107
45.319989
128.940709
251.167345
396.893235
541.856162
612.811700
619.983550
568.254674
482.802843
389.568792
272.225118
165.868107
73.854796
15.411848
-1.678518
15.869626
76.296277
131.687375
169.530328
170.293291
164.647367
136.265151
78.127388
26.398512
-23.651846
-29.450363
-7.171850
34.028140
80.263684
132.755523
161.595515
151.066629
101.321456
48.371840
42.573323
59.358504
115.054786
137.638484
111.392565
94.759976
150.303666
210.882911
232.093276
224.616241
216.528835
239.722903
233.924386
254.371789
265.511045
243.842902
170.903661
75.228129
13.733330
-39.216287
-86.672571
-131.534782
-120.242933
-94.912569
-137.485892
-186.925879
-194.250322
-171.514031
-149.845889
-144.505149
-132.755523
-143.284409
-155.949591
-137.485892
-127.719968
-138.401447
-143.742187
-133.518485
-148.014778
-170.903661
-129.245894
1.678518
204.626616
436.719892
656.758355
810.571651
884.731632
895.565703
834.986459
698.110938
514.999872
345.164359
210.577725
133.823670
125.278487
174.565883
233.161424
250.709567
223.700685
146.946630
32.044436
-136.112559
-328.073993
-516.068020
-683.309460
-805.841281
-879.848670
-886.715335
-857.875342
-796.990913
-725.730190
-658.131688
-602.435406
-564.745045
-543.839865
-561.540601
-591.601335
-607.165775
-603.808739
-589.465039
-559.556898
-489.822101
-376.751018
-235.145127
-89.571830
33.570362
134.891818
207.068097
238.654756
231.635498
187.688842
133.060708
76.601462
41.962953
54.933320
98.727383
174.565883
258.949565
345.164359
419.019155
467.390995
474.410253
437.482854
366.069539
260.933269
144.352557
23.651846
-59.816281
-110.324417
-114.444416
-77.059240
-1.678518
93.386643
175.634030
234.382164
243.690310
234.839942
196.691803
150.761444
126.194043
121.158488
120.242933
124.057747
168.004403
250.709567
294.961408
289.620669
268.105119
247.352531
218.359946
170.293291
113.223676
-11.597034
-124.973302
-165.257737
-117.038489
-63.631095
-51.881469
-45.930359
-22.278513
40.284434
39.674064
27.771845
2.899259
5.340739
10.986664
-29.755548
-76.754055
-94.302199
-45.319989
-5.188147
27.619252
42.115545
18.005921
6.408887
55.391097
101.016271
90.487385
28.687400
3.204444
-2.899259
-36.774806
-70.955538
-83.315535
-89.419237
-138.248855
-155.186628
-150.456259
-154.118480
-166.020700
-144.962927
-72.939241
28.077030
135.654781
228.278462
314.798440
385.448793
447.859148
472.579142
452.894702
404.217677
347.453247
289.468076
235.297719
200.201432
182.805881
166.936255
133.976263
89.419237
28.382215
-38.148139
-118.717008
-202.795505
-295.266593
-393.536199
-470.595439
-528.733202
-558.641343
-565.050230
-548.570234
-530.411720
-515.152465
-490.127286
-481.124325
-480.513955
-493.942100
-506.149504
-499.893209
-495.925803
-473.342105
-442.671001
-375.682870
-295.114001
-207.678467
-115.665156
-41.657767
20.447402
37.842954
56.154060
61.799985
63.478503
55.085912
54.017764
87.435534
120.548118
175.786623
218.665131
271.462155
301.980666
324.106586
344.248803
341.807323
338.908064
308.236960
306.863627
289.468076
265.968823
237.891793
253.914011
330.210288
387.127311
424.817672
399.792493
341.654730
238.502163
124.210340
12.207404
-85.299238
-131.992560
-154.118480
-128.025153
-56.306653
28.229623
73.244426
92.623681
112.155528
115.207379
91.708125
60.121467
44.099248
16.632588
-40.742212
-84.078498
-39.216287
-6.866665
-66.988132
-105.899233
-21.973328
93.844421
90.639977
62.562947
53.407394
24.872586
-25.940734
-63.173318
-54.628135
-59.816281
-50.202950
-71.108130
-77.059240
-44.862211
-27.161475
-42.725915
-82.552572
-78.127388
-84.536275
-105.594048
-136.875522
-147.557000
-133.976263
-113.528861
-101.626641
-98.269605
-62.105170
-11.291849
27.771845
50.508136
45.319989
22.278513
-12.207404
-29.297771
-24.109624
-26.398512
1.525926
43.488878
95.065162
140.842928
183.416251
248.878457
320.444365
384.533238
393.688791
370.189538
342.265100
317.087329
282.906596
241.401422
219.733279
206.457726
199.591062
159.154035
101.168864
40.894805
-27.161475
-100.253308
-175.939216
-231.025128
-292.214742
-350.047320
-390.484347
-433.668040
-468.459143
-486.465064
-485.244324
-487.533212
-479.750992
-452.436925
-431.684337
-414.746564
-399.945086
-390.331755
-398.419160
-388.348052
-357.524356
-307.626590
-242.316977
-180.669585
-110.629602
-62.562947
-6.408887
32.959992
56.764430
85.909608
99.185161
122.989599
133.823670
152.897740
178.533289
214.087354
261.085861
296.487334
313.119922
314.340663
308.084368
279.091783
258.491788
243.385125
244.148088
227.362906
184.026621
154.881443
133.213300
137.638484
124.057747
91.708125
54.780727
31.128881
27.466660
27.008882
41.810360
71.718501
101.779234
89.114052
55.085912
16.479996
-4.577777
-16.479996
1.068148
31.739251
51.271098
98.574790
88.961459
-14.648885
-104.068122
-85.909608
-33.875547
-9.613331
2.746666
6.866665
-58.900726
-122.684414
-92.318496
2.899259
98.879975
52.339246
-56.306653
-82.705165
3.509629
52.797024
6.103702
-25.635549
-35.096288
-53.559987
-91.250348
-54.780727
23.651846
44.251841
34.791102
64.088873
53.254802
-44.099248
-64.699243
9.002961
36.011843
44.862211
98.879975
53.254802
-43.336286
-23.499253
11.444442
8.392591
45.625174
65.614799
43.183693
25.788142
-8.697776
-21.057773
-2.441481
-0.762963
-12.054812
4.882962
29.755548
37.690361
86.825164
133.976263
137.485892
160.527368
174.413290
155.644406
130.619227
101.474049
84.231090
75.075537
70.192575
62.257762
39.826657
11.139256
-15.106663
-25.025179
-26.856290
-49.897765
-77.822203
-96.285902
-116.122934
-145.420705
-170.598476
-181.432548
-201.879950
-215.460687
-223.700685
-246.894753
-257.118455
-246.284383
-231.330313
-229.804387
-239.265126
-253.456233
-269.783637
-283.211782
-273.445858
-245.063643
-223.548093
-189.214768
-151.066629
-131.077004
-139.774780
-138.096262
-91.860718
-38.300731
-18.768884
-16.479996
-3.509629
0.457778
5.493332
31.128881
78.890351
114.291823
97.811828
65.309613
83.773313
108.645899
90.182200
81.026647
80.111091
62.562947
85.146646
111.239972
64.546651
70.497760
170.751069
186.010324
160.374775
167.851810
146.946630
128.482931
117.038489
75.838500
63.936280
142.063668
227.362906
202.185135
112.918490
61.494800
142.521446
259.865121
235.908090
136.722929
69.887390
98.269605
75.685907
52.034061
203.253283
239.112533
167.546625
128.635524
50.202950
-3.357036
43.488878
91.555533
56.764430
12.207404
-43.488878
23.346661
65.004428
87.740719
133.976263
43.641471
-34.028140
-82.857757
-83.315535
-59.968874
-1.831111
96.133309
37.385176
-52.034061
-89.571830
-119.479970
-141.605891
-47.456285
4.272592
-83.620720
-121.463674
-155.034036
-182.195510
-178.380696
-153.965888
-96.743680
-68.971835
-70.192575
-97.811828
-111.087380
-102.084419
-133.213300
-127.872561
-110.324417
-109.714047
-66.072576
-57.679986
-59.053319
-21.668143
5.798517
2.136296
-14.038515
20.905180
53.712579
52.491839
41.199990
8.239998
-26.398512
-37.995546
-42.115545
-42.420730
-29.755548
-6.866665
29.755548
38.605916
22.278513
-0.610370
-25.177772
-45.625174
-62.410355
-57.374801
-59.968874
-57.832578
-60.884429
-74.465167
-76.906648
-54.475542
-41.047397
-38.758509
-26.093327
-42.878508
-61.647392
-75.991092
-78.432573
-78.127388
-75.228129
-46.693322
-47.761470
-64.394058
-71.413316
-74.465167
-66.988132
-43.946656
-24.109624
-2.746666
33.875547
34.028140
0.762963
-29.755548
-23.346661
26.703697
51.576283
51.118506
67.445909
46.540729
35.706658
97.811828
132.908115
87.740719
26.856290
29.450363
79.958499
67.903687
32.349622
39.521472
39.826657
59.816281
94.759976
104.983678
109.866639
112.765898
104.373307
126.041450
173.039957
139.622188
74.465167
106.357011
120.853303
107.882936
120.700711
69.277020
14.648885
46.998507
122.837007
117.038489
69.429612
68.666650
82.399980
66.225169
27.924438
4.119999
11.291849
62.868133
71.413316
57.527393
25.940734
-24.719994
3.509629
22.125920
-3.204444
-76.754055
-87.588126
25.482957
43.641471
-28.229623
-70.345168
-35.096288
-32.959992
-31.891844
6.561480
-66.530354
-97.201457
-30.671103
-38.148139
-69.734797
-28.839993
-8.087405
-22.583698
-52.644431
-99.642938
-128.635524
-96.743680
-45.167396
-40.284434
-39.368879
-71.108130
-116.733304
-104.678493
-55.391097
-42.878508
-79.805906
-70.345168
-50.050358
-79.042943
-123.905154
-138.706632
-121.005896
-91.860718
-39.368879
-30.213326
-7.782220
-0.305185
-12.970367
-5.493332
-24.262216
-35.248880
-42.573323
-62.410355
-75.838500
-32.349622
4.119999
-15.564441
-24.109624
-18.921477
-13.733330
-5.493332
-12.359997
-0.762963
9.918516
27.924438
14.801478
-24.414809
-12.359997
15.717033
21.668143
17.242959
35.859250
44.709619
32.654807
40.742212
41.810360
-7.782220
-34.943695
-3.051851
26.703697
15.564441
13.885922
39.521472
66.072576
42.573323
6.256295
29.755548
47.761470
62.868133
100.100716
92.165903
61.647392
56.917023
39.368879
1.983703
-36.011843
-15.564441
1.068148
-18.311107
21.515550
96.438495
120.700711
85.451831
55.391097
60.884429
48.982210
20.752587
32.502214
4.425184
-48.829618
-91.555533
-76.754055
46.998507
93.234051
72.939241
87.282941
39.979249
-2.441481
39.979249
86.519979
45.319989
-7.019258
-24.719994
0.000000
43.031100
59.205911
108.951084
95.980717
20.599995
14.648885
33.265177
0.610370
-14.496293
37.995546
47.914062
21.362958
3.357036
3.662221
69.429612
71.565908
17.853329
-16.785181
-42.725915
-10.528886
25.788142
18.768884
-19.989625
-46.235544
-65.919984
-65.004428
-47.914062
-93.997014
-126.499228
-126.804413
-96.438495
-10.528886
8.392591
-71.108130
-168.156995
-174.108105
-92.318496
-42.573323
-57.527393
-111.850343
-112.918490
-88.808867
-75.991092
-27.924438
13.122960
-12.817775
-43.946656
-19.684440
6.561480
0.457778
-59.968874
-71.871093
-15.564441
-9.918516
15.259255
20.142217
-5.493332
33.875547
70.955538
75.075537
50.202950
16.937774
11.597034
-1.220740
-21.515550
33.265177
49.134803
-0.915555
3.204444
11.749627
6.103702
24.872586
37.385176
42.268138
33.112584
8.545183
14.343700
15.869626
-39.826657
-48.219247
-25.482957
-58.900726
-86.062201
-77.669610
-20.447402
15.869626
1.525926
0.610370
21.057773
38.605916
12.817775
15.717033
37.842954
-16.174811
-34.638510
17.242959
45.625174
59.968874
78.890351
53.712579
17.242959
-7.629628
15.411848
69.582205
75.838500
72.328871
34.485917
12.665182
87.740719
125.888858
72.786649
19.837032
8.392591
48.066655
68.819242
32.197029
-25.330364
-53.712579
-9.918516
97.354050
134.128856
59.968874
11.749627
1.220740
-11.749627
32.807399
109.103677
79.042943
46.998507
63.783688
-7.782220
-46.388137
9.765924
22.736291
48.829618
54.322949
-14.496293
-66.835539
-89.419237
-57.222208
-4.577777
-4.577777
-37.232583
-82.399980
-98.269605
-85.146646
-94.912569
-92.928866
-50.813321
-32.502214
-78.737758
-83.468127
-65.004428
-79.500721
-93.081458
-108.188121
-112.155528
-124.668117
-120.700711
-45.319989
11.444442
2.746666
-18.768884
-44.404433
-98.117013
-109.256269
-64.546651
-41.810360
-8.392591
11.749627
-15.564441
-22.125920
28.229623
41.962953
45.319989
91.402940
76.143685
52.949616
57.679986
28.687400
32.654807
50.965913
72.634056
81.179239
64.394058
68.971835
65.919984
99.032568
148.930333
151.371814
88.351089
-16.937774
-30.823696
1.678518
-59.816281
-80.111091
6.714072
39.063694
10.223701
23.194068
52.949616
33.722955
24.414809
26.245919
-53.102209
-119.632563
-102.237012
-103.305160
-95.675532
3.051851
78.585166
64.241466
41.810360
29.297771
28.839993
35.096288
13.428145
-35.096288
-91.250348
-100.100716
-51.118506
-29.297771
-8.087405
39.216287
28.992585
34.791102
116.428119
121.463674
26.856290
-44.709619
-70.802945
-88.656274
-82.247387
-56.611838
-42.420730
6.256295
84.994053
93.539236
34.638510
23.651846
45.930359
37.842954
24.414809
-26.398512
-88.808867
-84.078498
-47.761470
-18.005921
1.068148
36.927398
67.293317
32.044436
25.025179
86.519979
87.588126
24.567401
-7.324443
-15.411848
-4.577777
1.373333
-23.804439
-24.109624
23.651846
85.451831
92.013310
34.485917
-36.011843
-34.943695
29.297771
25.025179
-21.210365
-86.825164
-127.414783
-86.062201
-51.423691
-26.245919
8.087405
-9.308146
-40.589620
-9.155553
-17.242959
-83.010350
-108.188121
-118.411822
-106.051826
-91.250348
-102.389604
-85.757016
-27.161475
40.589620
52.644431
45.319989
52.797024
15.411848
-28.534808
-7.171850
-19.074069
-69.429612
-25.177772
18.768884
0.000000
-2.746666
9.765924
32.807399
82.094794
123.447377
106.509603
47.761470
9.002961
24.719994
51.423691
46.845914
29.602956
-9.308146
2.746666
55.391097
37.995546
10.376294
29.450363
50.202950
45.777766
56.917023
80.111091
57.679986
6.256295
2.441481
23.041476
15.259255
19.379254
22.125920
12.512589
23.651846
31.891844
34.943695
31.891844
4.577777
-26.245919
-36.774806
-37.079991
-34.943695
-6.408887
19.684440
-11.902219
-49.897765
-40.589620
-23.804439
-12.054812
-18.311107
-29.602956
-21.515550
-29.602956
-25.025179
-5.188147
-23.346661
-50.660728
-59.968874
-48.066655
-18.768884
-14.954070
-37.385176
-50.508136
-45.625174
-29.602956
-25.635549
-26.703697
-3.814814
7.934813
7.477035
22.583698
17.548144
-19.837032
-43.031100
-25.177772
-7.782220
-7.934813
11.291849
50.660728
71.565908
64.699243
45.625174
15.869626
-1.831111
-0.152593
-3.662221
-7.934813
-20.142217
-30.823696
-11.291849
8.087405
3.814814
-0.915555
-4.425184
-21.210365
-14.801478
13.733330
23.651846
16.327403
-7.171850
-9.918516
5.188147
-9.765924
-18.616292
3.204444
16.632588
23.041476
31.891844
26.398512
8.392591
-11.597034
-17.090366
-7.477035
-10.223701
-16.022218
-6.714072
-2.899259
-2.594073
1.373333
-5.035554
-4.882962
-8.545183
-24.414809
-12.359997
2.594073
-20.599995
-44.862211
-24.719994
19.531847
26.398512
6.103702
13.428145
18.158514
-3.967406
-5.035554
2.441481
-1.678518
18.921477
33.417769
20.294810
12.665182
-2.136296
-10.986664
13.275552
29.297771
27.008882
43.031100
58.290356
57.527393
41.199990
8.392591
-5.798517
9.155553
24.567401
22.736291
9.002961
2.594073
9.155553
14.191108
15.411848
14.648885
20.905180
39.674064
40.437027
27.619252
14.496293
-4.272592
-15.411848
-26.093327
-30.060733
-25.177772
-28.839993
-26.093327
-20.447402
-26.245919
-32.807399
-39.368879
-43.794063
-43.183693
-48.677025
-44.099248
-19.837032
-8.392591
-0.152593
11.139256
-0.305185
-20.599995
-34.638510
-41.810360
-29.450363
-13.733330
-8.087405
7.782220
25.330364
25.635549
-8.697776
-50.508136
-29.602956
11.902219
11.139256
1.831111
-14.801478
-35.859250
-23.957031
-6.103702
-2.594073
12.054812
33.722955
44.404433
24.719994
-22.278513
-43.183693
-25.177772
1.678518
23.499253
17.700736
-13.428145
-44.099248
-54.170357
-22.125920
25.788142
49.134803
49.439988
37.232583
13.122960
-15.869626
-36.927398
-40.589620
-23.194068
2.441481
14.343700
4.119999
-18.463699
-18.921477
12.817775
36.164435
38.605916
31.739251
13.580737
2.288888
-0.915555
-8.697776
-3.509629
14.648885
30.060733
34.485917
22.431106
0.152593
-17.090366
-3.662221
35.859250
51.576283
34.333325
13.885922
-7.782220
-22.431106
-0.305185
35.248880
42.573323
39.216287
43.641471
30.976289
1.373333
-9.765924
4.272592
19.379254
27.314067
26.093327
6.866665
-13.885922
-12.359997
-6.256295
-10.681479
-3.509629
19.379254
30.671103
21.820735
7.171850
-4.425184
-11.291849
-8.239998
-0.915555
-3.204444
-5.645925
2.441481
8.850368
0.762963
-15.259255
-21.668143
-11.444442
-3.051851
-5.798517
-10.986664
-13.428145
-15.869626
-18.158514
-18.005921
-16.632588
-18.768884
-21.515550
-21.515550
-23.346661
-27.619252
-27.619252
-23.651846
-24.872586
-32.502214
-38.911101
-41.047397
-34.638510
-19.837032
-7.171850
-2.899259
-9.155553
-21.515550
-25.330364
-18.005921
-9.460738
-10.528886
-14.191108
-9.155553
-2.746666
-2.899259
-3.662221
-2.136296
-0.457778
0.000000
-2.594073
-8.545183
-7.934813
9.460738
32.349622
44.099248
44.709619
37.690361
27.771845
17.853329
7.477035
0.152593
-4.882962
-10.528886
-18.463699
-23.194068
-14.801478
0.152593
6.561480
6.714072
6.103702
4.882962
8.087405
11.597034
10.376294
7.629628
2.899259
-7.019258
-17.853329
-22.583698
-16.632588
-3.509629
9.613331
22.431106
36.927398
54.780727
62.562947
51.881469
37.079991
29.145178
23.957031
18.616292
12.970367
13.275552
23.041476
32.807399
31.128881
18.463699
5.798517
3.204444
9.460738
13.885922
8.545183
-2.441481
-9.155553
-8.392591
-3.967406
-2.594073
-6.561480
-13.885922
-19.837032
-20.752587
-16.174811
-8.239998
0.152593
5.798517
5.951110
3.814814
-1.831111
-10.681479
-17.242959
-19.074069
-16.785181
-12.817775
-6.408887
-0.610370
0.305185
-1.831111
-3.509629
-4.730369
-4.577777
-1.831111
-0.305185
-0.762963
-3.662221
-6.103702
-6.103702
-6.561480
-8.239998
-10.223701
-11.139256
-10.376294
-6.256295
-1.068148
1.831111
-0.610370
-7.019258
-11.749627
-12.970367
-14.648885
-18.463699
-24.567401
-28.229623
-27.161475
-21.362958
-13.885922
-8.392591
-9.308146
-14.648885
-18.311107
-19.074069
-18.921477
-20.142217
-20.294810
-17.090366
-10.071109
-1.373333
3.509629
4.882962
7.019258
10.528886
12.817775
10.376294
5.035554
4.119999
7.629628
12.970367
15.564441
14.648885
11.597034
10.834071
11.902219
12.817775
11.749627
8.697776
6.561480
7.324443
11.139256
13.275552
13.428145
10.834071
5.798517
0.457778
-3.814814
-4.119999
-0.610370
3.967406
7.019258
8.545183
11.291849
16.937774
21.973328
21.820735
15.411848
7.019258
2.746666
3.662221
5.798517
6.714072
6.256295
6.866665
8.087405
10.071109
10.376294
9.308146
8.392591
5.645925
2.288888
0.152593
-0.457778
0.457778
0.915555
1.068148
2.288888
5.035554
7.019258
8.087405
9.002961
10.528886
11.291849
9.460738
3.967406
-2.136296
-6.866665
-8.697776
-10.376294
-12.512589
-11.902219
-10.681479
-9.155553
-9.002961
-11.291849
-12.817775
-12.970367
-12.817775
-14.191108
-17.700736
-20.905180
-21.820735
-20.294810
-18.158514
-15.717033
-12.359997
-8.392591
-3.662221
-1.373333
-2.136296
-3.357036
-4.272592
-3.509629
-3.357036
-2.899259
-1.525926
0.305185
-0.152593
-3.662221
-7.019258
-7.019258
-3.509629
0.915555
3.509629
2.441481
-0.305185
-1.373333
-0.610370
-1.525926
-3.814814
-6.866665
-8.392591
-7.629628
-5.493332
-2.288888
1.983703
6.256295
9.765924
11.444442
9.460738
6.408887
2.899259
0.152593
-1.983703
-3.662221
-4.425184
-2.899259
1.983703
6.408887
8.392591
7.171850
4.119999
2.136296
1.373333
0.915555
0.915555
1.220740
2.441481
3.204444
4.119999
5.340739
6.103702
7.324443
8.392591
10.071109
11.291849
12.054812
12.512589
12.054812
10.528886
6.866665
3.967406
1.525926
-0.610370
-2.136296
-2.746666
-1.983703
-0.457778
1.525926
2.746666
2.746666
2.746666
1.983703
0.000000
-2.288888
-4.577777
-4.272592
-2.899259
-0.915555
0.915555
2.594073
4.577777
6.103702
7.477035
6.866665
5.645925
5.035554
4.119999
3.357036
2.594073
1.068148
0.152593
-0.457778
-0.305185
0.457778
0.457778
0.152593
0.152593
-0.305185
-0.457778
-1.068148
-2.899259
-5.340739
-8.392591
-10.986664
-12.512589
-12.054812
-9.002961
-6.408887
-5.035554
-3.662221
-4.577777
-4.882962
-4.425184
-5.340739
-6.866665
-9.765924
-11.444442
-11.597034
-10.376294
-7.934813
-5.951110
-4.882962
-3.662221
-3.051851
-2.746666
-1.525926
-1.525926
-1.068148
-1.525926
-3.357036
-3.814814
-4.577777
-5.035554
-3.662221
-2.136296
-0.762963
0.152593
0.152593
0.762963
0.305185
0.152593
-0.152593
-1.373333
-2.594073
-2.288888
-1.831111
-0.610370
1.373333
2.441481
3.509629
4.119999
4.119999
4.882962
4.882962
4.577777
4.272592
4.577777
5.798517
6.103702
7.171850
8.545183
9.613331
10.681479
11.902219
12.512589
11.749627
10.528886
8.850368
8.087405
6.866665
6.103702
5.340739
5.340739
5.340739
5.340739
5.493332
4.425184
3.051851
2.441481
1.831111
1.068148
0.610370
-1.678518
-2.899259
-3.814814
-4.425184
-5.035554
-5.035554
-5.340739
-5.493332
-4.882962
-4.272592
-4.119999
-3.814814
-3.814814
-3.967406
-3.814814
-4.425184
-4.577777
-5.035554
-4.882962
-4.730369
-4.882962
-4.577777
-3.967406
-3.051851
-0.762963
0.457778
0.762963
0.762963
0.000000
-0.305185
-0.762963
0.457778
0.305185
-0.152593
-0.305185
-1.220740
-1.525926
-1.068148
-0.762963
-0.610370
0.305185
0.000000
0.305185
-0.305185
0.152593
0.000000
0.000000
-0.457778
-0.762963
-0.915555
-1.678518
-2.136296
-0.915555
0.915555
1.831111
2.899259
2.594073
2.746666
2.136296
1.678518
1.068148
0.610370
-0.762963
-2.136296
-2.288888
-1.831111
-1.068148
-0.457778
0.457778
0.762963
0.457778
-1.068148
-2.136296
-2.899259
-3.357036
-3.051851
-2.594073
-2.746666
-2.899259
-2.594073
-1.678518
-0.762963
0.305185
1.678518
1.831111
1.678518
1.220740
0.762963
0.915555
1.068148
0.762963
1.068148
1.678518
1.678518
2.441481
2.899259
3.814814
4.577777
4.425184
4.119999
4.119999
4.272592
2.746666
1.983703
1.678518
0.915555
1.220740
0.915555
1.068148
0.915555
1.220740
1.525926
1.220740
1.525926
1.220740
1.068148
0.457778
-0.610370
-1.068148
-1.068148
-1.220740
-1.068148
-1.068148
-0.457778
-0.152593
-0.152593
-0.305185
-0.610370
-0.610370
-1.068148
-0.762963
-0.610370
-0.610370
-0.610370
-0.305185
-0.305185
0.152593
0.305185
0.305185
0.152593
-0.610370
-1.068148
-1.068148
-2.441481
-3.051851
-2.441481
-2.746666
-2.441481
-2.136296
-2.136296
-1.525926
-0.610370
-0.762963
-0.762963
-0.762963
-1.678518
-2.136296
-2.441481
-2.288888
-1.983703
-1.220740
-0.457778
0.000000
0.457778
1.068148
1.373333
1.373333
2.288888
1.983703
1.678518
1.068148
0.610370
0.762963
0.457778
0.762963
1.373333
1.373333
1.525926
0.762963
0.457778
0.610370
0.000000
0.000000
0.762963
0.762963
-0.457778
-0.152593
-0.152593
0.152593
0.305185
0.762963
0.762963
0.152593
-0.305185
-0.305185
-0.152593
0.152593
0.305185
0.610370
0.762963
0.152593
-0.305185
-0.457778
0.000000
-0.305185
0.152593
0.305185
0.000000
0.152593
-0.305185
0.000000
0.152593
0.152593
0.000000
0.457778
0.305185
0.610370
0.762963
0.762963
0.915555
1.068148
0.762963
0.915555
1.068148
0.610370
0.762963
0.762963
0.915555
1.068148
0.915555
0.457778
0.000000
0.152593
-0.152593
-0.457778
-0.610370
-0.762963
-1.068148
-0.915555
-0.915555
-1.068148
-0.610370
-0.610370
-0.305185
-0.610370
-0.762963
-0.610370
-1.068148
-1.220740
-1.220740
-1.373333
-1.068148
-0.610370
-0.610370
-0.610370
-0.457778
-0.305185
-0.305185
-0.610370
-0.915555
-0.610370
-0.305185
-1.068148
-0.305185
0.152593
-0.152593
-0.152593
0.152593
-0.152593
0.000000
0.762963
0.610370
0.610370
0.610370
0.610370
1.220740
0.610370
1.220740
1.373333
1.525926
1.373333
1.068148
0.762963
0.305185
0.762963
0.305185
0.610370
0.457778
-0.457778
-0.457778
-0.610370
-0.610370
-0.457778
-0.457778
-0.305185
-0.610370
-0.762963
-0.915555
-0.762963
-0.915555
-0.457778
-0.305185
-0.457778
0.000000
0.152593
0.305185
0.152593
0.152593
0.152593
0.152593
0.152593
0.152593
0.305185
0.000000
0.000000
-0.152593
0.457778
0.305185
0.610370
0.610370
0.457778
1.068148
1.831111
1.678518
1.678518
2.288888
2.136296
1.831111
0.610370
0.610370
1.068148
0.610370
0.305185
0.152593
0.152593
0.305185
0.152593
-0.305185
-0.457778
-0.305185
-0.457778
-0.610370
-1.068148
-1.831111
-1.678518
-1.373333
-0.610370
-0.762963
-0.457778
0.000000
0.000000
-0.305185
-0.915555
-1.068148
-0.762963
-0.762963
-0.610370
-1.068148
-0.915555
-0.915555
-1.068148
-0.762963
-0.915555
-0.762963
-0.915555
-0.762963
-0.762963
-0.457778
0.000000
0.000000
0.305185
0.457778
0.610370
0.000000
0.152593
0.305185
0.152593
0.000000
0.152593
0.610370
0.915555
0.610370
0.762963
0.457778
0.305185
0.152593
-0.305185
-0.152593
-0.305185
-0.152593
-0.457778
-0.152593
-0.152593
0.152593
0.457778
0.305185
-0.305185
-0.305185
-0.305185
-0.152593
0.305185
0.457778
1.068148
0.762963
0.457778
0.457778
-0.152593
0.457778
0.762963
0.610370
0.915555
0.457778
0.457778
0.762963
1.220740
0.915555
0.915555
1.068148
0.610370
0.457778
0.762963
0.457778
0.305185
-0.152593
-0.152593
0.000000
0.152593
0.305185
-0.152593
-0.152593
0.152593
-0.152593
0.305185
-0.152593
-0.610370
0.152593
0.305185
-0.305185
-0.152593
0.152593
0.152593
0.305185
0.152593
0.152593
0.457778
0.152593
0.457778
0.610370
-0.305185
0.000000
-0.457778
-0.457778
-0.457778
-0.305185
-0.152593
-0.152593
-0.152593
-0.152593
0.000000
-0.610370
-0.762963
-0.762963
-0.762963
-0.610370
-0.762963
-0.915555
-1.068148
-0.762963
-0.762963
-0.762963
-0.762963
-1.220740
-1.220740
-1.220740
-1.220740
-0.762963
-1.068148
-0.762963
-0.305185
-0.305185
0.152593
-0.152593
0.000000
-0.152593
-0.457778
-0.305185
0.305185
0.152593
0.000000
0.457778
0.762963
0.305185
0.457778
1.068148
0.457778
0.915555
0.915555
0.762963
0.610370
0.305185
0.610370
0.457778
0.305185
0.305185
0.457778
0.762963
0.457778
0.915555
0.915555
0.152593
-0.152593
0.152593
-0.152593
-0.610370
-0.457778
-0.610370
-0.610370
-0.457778
0.152593
0.610370
0.610370
0.762963
1.525926
1.373333
0.610370
0.915555
0.305185
0.000000
0.000000
-0.152593
0.000000
0.152593
0.305185
0.305185
0.610370
0.610370
1.068148
0.762963
0.305185
0.610370
0.610370
0.915555
0.305185
-0.305185
-0.305185
-0.305185
0.152593
0.000000
0.152593
0.152593
0.305185
0.000000
0.152593
0.000000
-0.305185
0.000000
-0.305185
-0.305185
0.152593
0.152593
-0.305185
-0.610370
-0.305185
-0.610370
-0.305185
0.000000
-0.610370
-0.305185
-0.305185
-0.610370
-0.305185
-0.610370
-0.457778
-0.457778
-0.457778
-0.152593
-0.457778
-0.762963
-0.610370
-0.762963
-0.610370
-0.762963
-0.610370
-0.762963
-0.457778
-0.152593
-0.305185
-0.305185
-0.457778
-0.610370
-0.457778
-0.152593
-0.305185
-0.305185
-0.457778
-0.152593
0.152593
0.610370
0.915555
0.762963
0.762963
0.457778
0.305185
0.305185
0.610370
0.152593
0.000000
-0.305185
-0.457778
-0.457778
-0.457778
-0.152593
-0.152593
0.305185
0.610370
0.915555
0.152593
0.000000
0.000000
0.152593
0.000000
0.000000
0.305185
0.305185
0.152593
-0.152593
0.610370
0.762963
0.762963
0.457778
0.610370
0.915555
0.457778
0.305185
0.152593
-0.610370
0.000000
0.000000
0.000000
0.915555
0.762963
0.762963
0.762963
0.610370
0.305185
0.000000
0.000000
0.000000
-0.152593
0.610370
