-748.359560
-148.634219
91.713723
-292.690383
-403.784543
32.198994
315.122857
-24.721503
-224.172144
284.907687
836.105634
448.191686
-483.900523
-648.252735
150.312840
813.673160
534.411741
33.877615
198.229826
826.644318
1044.254582
672.363830
359.987806
394.018023
429.116453
269.647501
357.851380
805.890464
966.427630
756.447459
610.102268
649.931355
536.090362
69.739054
-577.445468
-1059.056963
-871.356666
-360.293010
-196.551206
-306.271949
-147.108201
161.757980
264.764241
198.840234
15.260187
-139.325505
-151.075849
-58.599117
-88.814287
-114.909207
-95.070964
-263.238222
-562.490485
-712.192918
-636.349789
-603.692989
-654.509411
-648.710541
-448.649492
-83.015416
172.745314
134.900051
-28.231346
-36.166643
55.852284
33.114605
-119.945068
-259.117972
-322.600349
-325.957590
-307.950569
-332.061665
-373.111567
-496.566478
-582.633932
-580.955311
-553.944781
-648.863142
-862.353156
-758.278682
701.968592
3486.037071
4954.677447
3389.134885
912.406568
920.647069
2276.209462
1527.697300
-1286.738950
-2813.368037
-1339.997002
504.196572
238.058914
-1024.568941
-818.556419
338.928749
47.001375
-1324.736815
-1237.906353
558.980642
1256.981586
-83.473222
-850.450210
851.518423
2884.022702
2184.343137
-305.508940
-1427.743076
-425.911813
152.754470
-982.756029
-2105.142768
-1682.435594
-749.580375
-894.094344
-1336.334557
-752.174607
315.275459
179.765000
-1008.240541
-1312.070860
-105.905696
890.431899
195.635595
-971.005686
-729.742132
611.780888
1085.304485
156.416915
-708.835676
-530.901898
-5.951473
-200.213651
-646.574114
-418.281720
245.383804
356.172760
-87.898676
-34.335420
659.240069
952.693461
220.204495
-606.745027
-449.870307
368.228307
691.744267
245.536405
-18.007020
392.492004
900.198419
804.822251
405.920969
304.745930
421.028554
302.762106
30.978179
141.461932
782.389777
1211.964035
879.139361
433.236703
329.009627
289.790947
-282.008252
-920.647069
-1073.096335
-749.885579
-249.656656
-6.256677
64.397988
186.937288
360.903418
221.425310
-69.891656
-124.980930
-17.396613
-55.699682
-225.240357
-270.715714
-229.818413
-171.066694
-325.499784
-653.441198
-816.114790
-687.624017
-473.828800
-426.064415
-351.289500
-162.215786
57.988710
178.849389
180.680612
142.682746
96.291779
22.585076
-154.127887
-279.414020
-307.797968
-313.749440
-428.811249
-578.818885
-551.197947
-446.970871
-422.554572
-523.577009
-653.899004
-737.524828
-775.370091
335.266304
3045.933284
4927.972121
3749.427895
1000.000040
607.050231
2121.471168
1910.270183
-873.035286
-3062.109082
-1989.928358
223.409135
456.584789
-999.237031
-1192.125792
216.084245
511.368859
-865.557795
-1323.821204
319.853515
1503.128399
419.655137
-950.709637
122.691902
2471.845056
2589.501097
195.330391
-1570.120619
-799.175982
235.464682
-610.254870
-2091.408600
-2082.252488
-936.975469
-646.879318
-1159.926798
-924.004310
298.947059
741.797680
-377.842225
-1271.783967
-472.150179
819.929836
547.382900
-766.519183
-1052.952889
162.978795
1086.372698
470.929364
-612.238694
-737.219624
-161.605378
-153.364877
-643.369475
-640.317438
77.979555
543.720455
206.928133
-0.457806
484.205727
992.522549
573.783023
-415.534886
-708.072667
-30.978179
623.836436
432.626296
36.624448
205.707318
711.429908
834.579616
477.033439
216.542051
273.615149
339.233952
153.670081
75.843128
550.282336
1302.914748
1229.971055
470.471559
4.120250
18.312224
-220.051894
-871.814471
-1131.848054
-926.903746
-367.160094
165.420425
326.873201
302.762106
411.109432
408.973006
-2.136426
-226.155968
-86.830463
-53.105450
-307.797968
-445.902658
-354.188935
-218.983680
-194.414780
-498.397701
-786.967833
-715.855362
-412.330247
-309.018783
-303.372513
-131.848014
67.755229
217.457662
298.641856
298.489254
206.775531
89.424695
-123.454911
-359.072195
-409.888617
-341.065175
-441.172000
-622.310417
-589.195812
-446.818269
-374.027178
-443.918834
-569.967977
-688.844832
-801.922816
-47.153977
2389.287446
4741.645240
4392.186962
1607.813280
286.128502
1533.343569
2048.222271
-162.368387
-2915.458687
-2770.334310
-536.242964
489.394190
-594.689479
-1279.719264
-32.504198
882.038797
-198.992836
-1311.765657
-250.572267
1438.425207
1072.485928
-609.644462
-542.957446
1723.790700
2875.782201
1074.317150
-1334.045529
-1377.384460
-110.941558
-340.454767
-1862.200594
-2391.881678
-1259.575818
-425.911813
-811.689335
-993.438160
109.110336
1154.433131
381.199466
-1075.537965
-997.711012
426.827425
875.476916
-308.103171
-1184.037893
-367.923104
913.474781
744.239310
-450.633316
-932.092209
-364.565862
-127.727763
-686.708406
-855.791275
-53.868459
757.973478
551.197947
0.610407
224.782551
942.926942
905.844688
-138.104690
-844.651339
-424.690998
376.774012
511.826665
161.300174
166.488638
581.565719
787.883444
497.482089
215.016032
267.816278
376.011003
163.131397
92.171528
644.437688
1253.319141
1202.960525
417.671312
-196.551206
-317.411885
-326.873201
-642.759068
-1076.606178
-917.289828
-299.557467
247.672832
414.161470
463.604475
499.313312
377.384419
109.873345
-129.711588
-126.354347
-98.733409
-251.182675
-539.752807
-546.619891
-285.823299
-210.285374
-441.935009
-749.732977
-747.596551
-504.196572
-233.175654
-145.429580
-113.840993
54.021061
245.383804
355.257149
323.515960
221.730514
18.770030
-207.843744
-358.766991
-439.340778
-487.868172
-555.318197
-635.128974
-687.624017
-659.392671
-587.974997
-579.734496
-675.415867
-704.105019
778.879934
3571.951922
5000.000202
3286.281226
588.432803
589.195812
1941.400964
1437.967401
-1355.562393
-3125.133653
-1768.655649
227.376783
157.027322
-1244.315631
-998.474022
570.883588
662.597310
-862.353156
-1243.857825
535.785158
1747.749193
618.800574
-875.324314
162.826193
2464.825371
2446.513146
-77.674351
-1771.402483
-871.204064
72.180684
-855.791275
-2280.024509
-2040.134372
-624.446844
-269.800102
-911.033151
-765.603571
577.903274
1032.962044
-277.430196
-1312.833870
-521.440583
810.468520
571.188792
-678.620507
-900.808826
280.634835
967.190639
101.175038
-924.309514
-809.247706
-178.544185
-355.257149
-847.703376
-528.918074
453.837955
860.521933
324.278969
13.734168
477.796448
906.302494
343.354203
-579.581894
-674.652858
-5.951473
455.821779
264.611639
114.909207
414.314071
754.768839
623.378630
258.354962
222.340922
401.190311
388.066550
175.644750
523.424407
1188.921153
1267.511115
488.325977
-267.816278
-390.355578
-387.456143
-539.142399
-901.724438
-926.140736
-429.116453
211.048383
428.811249
325.652386
424.538397
457.958206
246.909822
-10.529529
-40.134291
-5.188464
-121.471087
-397.680468
-610.254870
-435.220527
-226.003366
-385.014513
-765.756173
-807.569085
-526.323842
-274.378159
-160.994971
-146.802997
-10.224325
218.068069
363.650251
289.638345
168.014657
53.258052
-216.389449
-433.236703
-459.789428
-383.946300
-422.401970
-530.291491
-642.301262
-687.929221
-623.531232
-632.687344
-835.495227
-439.340778
1882.649244
4487.410528
4642.606628
2032.809482
150.007636
1082.557651
1995.879830
482.221903
-2323.973846
-2738.593122
-643.674679
612.543898
-379.826049
-1424.080631
-358.919593
829.238550
20.601252
-1397.070101
-755.379246
1292.232617
1635.281617
-35.708837
-756.905265
1156.874761
2804.211925
1512.437113
-1084.083670
-1669.922241
-364.871066
-135.510459
-1483.747962
-2343.049080
-1329.314871
-119.029457
-405.005357
-1002.289068
-288.875336
960.018351
524.492620
-1009.461356
-1325.347223
37.692661
965.206815
82.252407
-974.973334
-477.338643
812.757549
725.927086
-569.052365
-1190.752375
-577.445468
-89.424695
-545.093872
-793.529713
-17.701817
965.817222
804.211844
-9.461316
-48.222190
647.489726
793.682315
-127.117356
-834.121810
-440.714195
398.290875
573.325218
147.413404
76.911341
477.033439
697.390536
390.202976
163.131397
367.617900
727.453104
799.328584
763.619747
940.485312
941.095719
528.002463
-282.313456
-781.016360
-729.742132
-550.740141
-598.809730
-728.826521
-366.854890
226.613774
539.752807
430.947675
266.595463
253.471703
255.913332
143.598358
-74.469712
-119.334661
-78.132156
-151.991460
-409.736015
-542.194437
-495.193061
-513.657887
-643.522077
-793.834917
-672.211228
-333.282480
-37.234856
-4.730658
-54.326265
128.490773
326.720599
298.641856
48.679996
-204.181299
-300.473078
-303.982921
-360.750816
-501.297136
-513.047480
-493.209237
-524.187416
-646.726716
-680.756933
-736.914420
-295.742420
1995.269423
4463.909840
4554.860554
1847.856019
-80.268583
878.986759
1875.629559
541.278825
-2181.138498
-2551.350630
-459.179021
791.393287
-224.172144
-1278.193246
-254.692518
759.499497
-180.985815
-1594.536918
-786.204823
1382.725525
1738.287877
-3.967649
-736.914420
1231.802278
2765.603652
1315.275500
-1332.672112
-1815.962228
-459.026419
-249.504054
-1482.221943
-2082.557691
-859.606322
175.186944
-435.373129
-1145.277019
-327.941414
919.273652
304.745930
-1299.710109
-1467.419562
127.880365
1106.973950
179.765000
-927.819357
-511.826665
613.306907
394.475829
-790.325074
-1224.629990
-525.408231
-66.839618
-467.572123
-551.503151
262.017407
1112.925423
751.258996
-146.802997
-227.987191
422.249369
644.132484
-54.631469
-601.403961
-292.079975
412.788053
585.228163
256.371138
133.374033
310.392199
434.762722
237.906312
175.797352
449.870307
1179.154633
1542.041875
985.197659
532.122713
471.692374
290.859160
-493.056635
-974.210325
-862.658359
-611.780888
-296.352827
-165.573027
-95.376167
172.897916
515.641712
309.476588
37.845263
224.019542
386.235328
199.908447
-73.401498
-115.061808
-114.909207
-77.979555
-389.745171
-858.690711
-856.401683
-624.446844
-597.131109
-693.117684
-500.076321
-211.353587
61.956358
242.636970
193.041363
120.250272
151.686257
3.357241
-353.731130
-425.606610
-335.876711
-310.697403
-405.157959
-508.316822
-588.585405
-565.389921
-531.512306
-705.631037
-911.796161
305.814143
3159.774277
4972.531866
3735.693727
664.123329
-125.286134
1291.164404
1602.167011
-461.925854
-2499.160791
-1659.240110
276.667187
539.295001
-749.427773
-940.790516
352.662917
453.074946
-1076.758780
-1655.425063
209.369763
1977.415004
1262.933059
-492.141024
-88.966889
2061.040828
2402.869012
186.021677
-1759.041731
-1250.267104
-298.336652
-866.473406
-1881.886235
-1503.281001
-106.363502
22.127271
-940.027506
-1030.825618
233.023052
743.476300
-555.318197
-1630.093153
-813.825762
799.786390
939.569701
-168.014657
-658.934866
27.620938
352.968120
-469.708549
-1165.420465
-877.765944
-231.497034
-320.311321
-562.795689
-79.352971
764.230155
874.713907
68.060433
-381.657272
-4.883260
499.008108
341.980786
-97.359992
-81.641999
291.927373
513.352684
353.425926
204.639105
193.346567
179.459797
65.008396
129.864190
689.150036
1367.312737
1406.226213
780.558554
361.971631
338.470943
206.470327
-280.177029
-717.991789
-779.490341
-509.995443
-106.210900
64.092785
97.359992
193.956974
212.879606
33.419809
-29.909966
146.955599
260.643990
192.278354
25.331910
-29.909966
71.112470
101.327640
-268.121482
-782.694981
-930.718792
-800.396797
-656.951041
-595.757692
-506.332998
-306.729755
-11.139936
199.298039
200.976660
138.867700
60.430340
-142.987950
-324.584173
-320.769126
-250.114462
-291.622170
-448.191686
-607.660638
-617.732361
-558.370235
-629.635307
-832.290588
-544.025659
1735.998849
4344.117374
4569.662935
1886.311689
-309.171384
593.773868
1778.879974
874.561305
-1489.089027
-1885.853884
-81.794601
837.936857
-233.023052
-1271.631365
-377.842225
364.718464
-703.952417
-1938.959334
-779.032536
1585.991213
1941.095760
220.204495
-595.299887
1151.838899
2422.249449
1098.733449
-1170.761531
-1500.381565
-358.461788
-328.704423
-1237.295945
-1424.233233
-303.525115
121.623689
-907.981114
-1627.651523
-777.048711
337.707934
-152.601868
-1254.845160
-1070.502103
396.612255
1074.469752
327.941414
-452.617140
-227.071579
201.281864
-351.289500
-1007.630134
-849.992404
-119.029457
33.877615
-385.624920
-325.194581
290.859160
659.087468
84.083629
-571.341393
-458.568613
162.063184
454.600965
251.030073
165.725629
370.517335
595.910294
417.213507
156.722118
97.817797
243.552581
260.796592
271.478723
802.685825
1365.023708
1422.707215
652.525587
2.289028
-118.571651
-10.376927
-132.153218
-558.370235
-609.186657
-277.735400
114.146197
131.085005
70.654665
91.103315
96.749584
0.763009
-57.683506
142.682746
330.077840
343.506805
73.554100
-46.085764
24.874104
9.461316
-282.160854
-739.966458
-910.880550
-795.055732
-533.343528
-438.425167
-404.852756
-286.433706
-101.480242
45.627959
40.439495
-6.714482
-99.496418
-160.842369
-221.272708
-209.217161
-124.065319
-148.176414
-290.401355
-604.455999
-736.609216
-778.727332
-707.004454
-782.389777
52.189839
2850.755495
4851.671187
3792.003816
368.228307
-751.564199
925.835533
1809.705552
236.990701
-1827.559970
-1046.238406
914.085189
1068.060474
-639.859632
-1160.079400
-101.938048
-80.115981
-1515.489150
-1867.694261
321.532136
2091.408600
1325.805028
-608.423647
-272.699538
1737.067062
1912.101405
-47.459181
-1543.873098
-809.247706
-59.056923
-563.558698
-1189.989366
-619.716186
228.444996
-366.702289
-1483.595360
-1355.104587
-99.954223
56.157487
-984.129446
-1440.256429
-361.361223
843.583126
652.372985
-144.971775
-435.373129
-35.251031
-167.404249
-717.533983
-806.958678
-295.895022
144.513969
-35.251031
-178.544185
1.983824
336.029313
170.608888
-323.973766
-556.386410
-271.173519
226.766376
406.836580
331.756461
178.086380
301.693893
429.421656
333.740285
82.099805
47.916987
313.596839
581.413117
1153.059714
1470.776803
1133.526675
472.302781
2.136426
-93.850149
-141.309330
-156.264313
-373.874576
-521.745786
-234.854275
158.248137
106.821308
-118.113846
-204.486503
-172.287509
68.670841
310.544801
384.404105
285.823299
290.096151
184.495658
3.052037
-24.111095
-157.027322
-428.811249
-653.288597
-696.017120
-626.735872
-409.888617
-288.875336
-366.854890
-412.025043
-241.721359
-94.765760
-109.262937
-150.312840
-243.247377
-211.048383
-85.914852
-24.721503
-128.643375
-201.739669
-365.786677
-532.275315
-639.401827
-610.712675
-692.202073
-133.221431
2509.995523
4653.746564
3823.745004
298.184050
-1262.170050
548.145910
1947.199835
717.076177
-1529.528522
-1023.805932
961.544370
1184.800902
-663.970727
-1337.555372
-190.904937
49.748209
-1373.264209
-1799.786430
540.058011
2438.883053
1501.754982
-846.787765
-725.621882
1375.248034
1757.363111
-90.950713
-1505.112223
-661.834301
155.959109
-423.775387
-1190.752375
-633.145150
109.873345
-532.885723
-1654.204248
-1418.129159
-52.495043
157.027322
-797.039556
-1346.101077
-407.446987
643.674679
519.151555
-188.463307
-505.722590
-195.788197
-184.037853
-382.267679
-414.619275
-126.201745
63.482377
-1.983824
-135.815662
-182.817038
-58.599117
-80.878990
-244.010387
-487.715570
-314.512450
212.879606
616.969352
473.676198
25.637114
49.137801
397.680468
560.048855
236.380293
285.823299
1007.324930
1341.675623
1088.356522
541.278825
149.855034
-77.521749
-94.765760
-98.123001
-220.051894
-95.376167
143.140552
33.572411
-211.811393
-109.568141
-42.881125
-77.063943
-94.155353
23.042882
219.746690
440.256389
392.797208
0.305204
-70.044257
80.115981
-26.705327
-328.246618
-482.069301
-531.359704
-482.984912
-426.980026
-490.615005
-464.214882
-245.994211
-77.521749
-164.352212
-103.616668
-13.123761
-80.573786
-188.005501
-261.101796
-268.426686
-208.606753
-204.333901
-352.510315
-487.257764
-439.951185
-433.236703
-485.731746
-591.484840
-1.678621
2609.797145
4710.667061
3677.094609
3.662445
-1364.108097
729.284327
2278.651092
1110.636395
-1052.647685
-745.307523
790.019870
648.710541
-1212.879646
-1586.601621
-355.867556
-177.475972
-1450.633356
-1354.188976
1058.904361
2437.357034
1123.760155
-1044.101980
-645.811105
1268.579328
1500.991973
-21.822067
-853.960053
-118.113846
56.157487
-794.445324
-1270.715754
-613.917315
-304.440726
-1004.578096
-1717.228820
-1125.438776
-18.770030
-83.778425
-808.637298
-1065.771446
-374.637586
127.880365
127.575162
-73.096295
-186.326881
-182.359232
-233.938664
-212.574402
-129.558986
15.717992
46.543570
96.749584
-57.988710
-276.361983
-271.020917
-16.175798
65.160998
-243.552581
-248.283239
146.039988
488.936385
227.376783
-135.510459
-80.115981
261.101796
338.470943
619.563584
1273.615190
1354.188976
895.925567
352.968120
173.508324
98.886010
257.134147
267.663676
-29.909966
-117.045633
110.025947
60.735543
-262.780417
-356.783167
-416.908303
-300.625680
3.052037
264.611639
247.215026
323.515960
318.785302
-12.818557
-135.205255
-8.240501
20.601252
-157.332526
-311.765616
-459.179021
-371.432947
-253.471703
-457.195196
-690.981258
-488.020774
-168.472462
-258.049759
-352.205111
-276.667187
-157.332526
-72.333285
-26.094919
-42.270717
47.459181
50.663820
-177.170769
-456.584789
-440.103787
-437.051750
-632.534743
-842.972718
136.731274
3014.649901
4609.644624
2729.894815
-979.398788
-1334.198131
1389.592609
2771.860329
1213.032248
-586.601580
92.476732
1181.596263
293.911198
-1537.769023
-1322.295185
-91.561121
-330.077840
-1652.525628
-1007.324930
1317.564528
1777.506557
-173.813528
-1840.683731
-586.143775
1432.321132
1502.365390
179.001991
-207.233337
364.718464
89.424695
-816.419993
-977.720168
-331.146053
-387.456143
-1091.103356
-1547.230339
-996.948003
-470.624161
-786.357425
-1296.352868
-1261.254438
-536.853371
22.279873
239.127127
25.942318
-296.810633
-386.082726
-121.318485
79.200369
40.286893
108.194724
329.467433
420.112942
-57.378302
-403.479339
-230.276219
134.747449
-77.369147
-479.322467
-173.660926
517.015128
627.193677
81.184194
-111.094160
173.203120
497.482089
506.638201
586.601580
727.147901
730.352540
446.513066
61.803757
66.534414
312.223422
414.924479
123.302309
-22.737678
142.530145
317.564487
192.583557
-40.592097
-108.194724
26.857929
175.034342
70.807267
-73.554100
-102.090650
-63.024571
-207.233337
-319.853515
-228.444996
-75.995730
-76.758740
-311.002607
-491.683218
-401.648116
-205.859920
-234.243867
-367.923104
-317.106682
-75.537925
28.536549
-107.126511
-270.105306
-271.020917
-200.366253
-226.766376
-274.530760
-220.051894
-145.734784
-161.757980
-291.927373
-262.627815
-239.279729
-229.513209
-429.116453
916.679421
3443.918955
3875.629639
1050.663861
-1827.712572
-438.272565
2493.209318
2933.313105
674.652858
-524.187416
451.091122
924.919921
-555.470799
-1607.508077
-495.498265
458.263409
-343.506805
-1340.454808
-41.965514
1366.702329
502.823155
-1455.516616
-1683.046001
286.433706
1464.214923
768.197803
-290.859160
-226.613774
-109.568141
-567.373745
-820.692846
-202.044873
146.497793
-414.314071
-952.540860
-934.076034
-523.271805
-727.605706
-1167.251688
-1338.928789
-993.132956
-483.137514
-197.466817
-274.835964
-754.616237
-1024.568941
-620.326593
163.131397
346.558842
210.895781
303.677717
622.005214
386.387930
-237.295905
-224.782551
376.316206
667.480570
181.291019
-52.647644
253.319101
423.470183
11.750344
-301.541291
-112.467577
316.801478
592.247849
504.043970
295.437216
226.613774
352.205111
162.826193
31.588587
264.611639
563.558698
525.255629
344.269814
287.349317
221.120107
189.531520
126.506949
26.094919
2.899435
171.982305
109.262937
-156.264313
-275.446372
-218.831079
-192.278354
-262.475213
-303.525115
-310.544801
-197.009011
-206.775531
-437.814759
-591.179636
-386.693133
-190.599733
-236.532895
-299.099661
-221.730514
-92.781936
-114.756605
-206.622929
-300.625680
-214.100421
-40.134291
-1.831222
-50.816422
-61.040747
-64.550590
-162.520989
-294.521605
-381.809874
-254.387314
1543.110088
3466.504032
2756.447540
-394.475829
-1829.696396
723.943261
3261.559723
2610.102349
263.390824
-150.160238
882.344000
715.244955
-814.741373
-904.166067
420.418146
539.905409
-879.291963
-1292.537821
383.030688
959.407944
-576.682459
-1885.243476
-839.462875
1106.973950
1337.860576
135.815662
-641.690855
-511.063656
-556.996818
-671.143015
-305.051134
317.259283
-79.505573
-916.221615
-1126.201785
-794.903130
-584.617756
-826.796920
-915.000800
-911.185753
-795.666139
-590.721831
-393.255014
-640.317438
-1152.144103
-1137.036518
-298.641856
418.434322
172.287509
-259.423175
-157.637730
215.931643
81.489397
-43.796736
372.653761
896.535974
715.855362
95.528769
-23.653290
334.350693
573.783023
400.885107
281.397844
282.313456
374.637586
290.096151
106.821308
12.971159
101.022437
280.177029
320.769126
362.887242
357.851380
265.527250
143.750960
210.590578
319.700913
442.240213
499.160710
403.937144
160.079359
-10.224325
40.439495
10.529529
-84.846639
-170.608888
-161.147573
-166.488638
-256.218536
-467.877327
-568.289356
-470.013753
-355.867556
-343.048999
-361.971631
-321.684738
-415.382284
-502.670553
-439.188176
-252.861295
-118.266448
-145.124376
-240.347942
-274.988566
-183.274843
-102.090650
-100.869835
-83.473222
-13.428964
20.906456
-94.155353
-179.307195
-211.353587
1216.999897
2954.066959
2432.473775
-355.562352
-1656.645878
949.183618
3513.963212
2749.580456
275.751575
-256.065934
630.703520
568.747162
-542.347039
-259.728379
1073.248937
842.209709
-896.535974
-1423.012418
307.797968
962.307379
-524.645222
-1621.242245
-487.868172
1081.184234
841.904505
-446.818269
-954.829888
-533.953936
-363.345048
-316.954080
-12.055548
384.709309
-231.344432
-1192.583598
-1304.135563
-755.989654
-372.043354
-554.860392
-810.621122
-1083.168058
-1101.175079
-783.000184
-473.218392
-777.048711
-1175.034383
-897.146381
-101.022437
185.106066
-365.481474
-637.875808
-278.498409
99.038612
-69.433850
29.604762
636.197187
783.610592
66.229211
-361.056019
243.399979
935.449450
873.187888
361.971631
242.179164
455.211372
621.700010
420.875952
140.241117
164.352212
314.359848
210.743180
45.933162
240.347942
435.373129
274.835964
59.209525
252.556091
522.203592
534.259140
309.781792
130.474597
197.314215
403.021533
420.418146
149.397229
-27.926142
-47.916987
-105.142687
-275.598973
-340.454767
-342.896397
-344.269814
-372.501160
-469.403346
-519.456758
-467.419521
-409.583413
-474.744411
-465.893503
-347.627055
-301.693893
-372.958965
-432.931499
-365.786677
-255.150323
-135.968264
-144.666571
-183.427445
-149.092025
-61.651155
-87.898676
-135.205255
-130.932403
202.197475
1755.379287
2643.522158
1249.656696
-1208.911998
-877.460741
2168.014737
3531.665029
1743.934147
-143.750960
119.792466
748.054357
289.943549
-168.472462
837.021246
1387.761387
78.895166
-1424.538437
-750.038181
947.047192
615.595935
-904.929077
-1038.455711
307.492764
720.280817
-229.055404
-906.455095
-561.269670
-213.795217
-280.634835
-181.901427
56.310089
-90.645510
-874.561305
-1110.178589
-610.712675
-116.893031
-243.094776
-655.882828
-996.642799
-1280.940079
-1142.987991
-587.059386
-321.074330
-866.320804
-1253.166539
-873.798296
-298.947059
-382.115077
-687.471415
-432.015888
9.461316
42.118116
-174.881741
36.624448
344.727620
174.576537
-116.282623
207.233337
786.662629
834.579616
363.039844
69.586452
291.011762
619.105778
673.126839
380.283855
233.175654
320.006117
311.613014
157.179924
213.642615
406.531376
346.864046
142.835348
168.625064
385.777522
454.906168
390.813384
271.631325
248.741045
328.399220
369.906928
238.364118
55.699682
10.376927
51.274228
73.248897
-1.526019
-200.976660
-403.174135
-373.111567
-241.263553
-222.493523
-338.928749
-450.022908
-481.764097
-440.714195
-349.610879
-325.041979
-363.497649
-398.901283
-420.265544
-434.915324
-362.734640
-216.694652
-162.673591
-186.021677
-241.568757
-215.168634
-202.197475
-150.618044
-126.354347
732.336364
2085.762331
1815.199219
-244.162989
-1283.839515
969.784871
3390.203098
2663.970808
279.414020
-316.954080
536.242964
724.706271
274.683362
716.160566
1439.340818
479.322467
-1220.967545
-1289.027978
520.982777
1266.137698
-37.692661
-1041.507749
-401.495514
340.759971
-96.749584
-590.569229
-306.882356
6.256677
-332.519470
-438.882972
-148.634219
-133.374033
-738.135235
-1095.071004
-591.179636
-66.839618
-188.615909
-720.891224
-986.876280
-1056.004926
-952.388258
-553.639577
-162.673591
-501.144534
-1230.428861
-1266.748106
-618.037565
-168.777666
-312.833829
-389.745171
-267.205871
-308.255773
-473.676198
-266.595463
209.827568
364.413261
125.591337
14.649779
284.297280
499.160710
462.994067
283.839474
307.187560
537.158575
628.567094
401.495514
144.971775
185.869075
343.964610
348.390064
328.551822
436.441342
372.958965
191.057539
170.303685
367.465298
511.674063
468.335133
314.207246
150.007636
128.948578
229.971015
262.627815
148.023812
34.182818
-40.897301
-54.784071
-47.459181
-86.677861
-154.433090
-134.289644
-54.784071
-150.465442
-345.795833
-376.468808
-262.170009
-227.376783
-273.920353
-311.613014
-379.826049
-464.672688
-450.480714
-338.776147
-278.345807
-250.114462
-262.627815
-238.364118
-215.016032
-178.238982
-176.102556
-163.894406
-154.890896
535.479955
1669.311833
1390.660822
-365.328872
-1181.901467
939.569701
3199.755966
2430.032145
156.111711
-255.455527
750.648588
915.916411
494.887858
1046.085805
1707.309698
473.065791
-1283.686913
-1053.105490
900.961428
1474.286646
-108.805132
-1218.525915
-617.427158
40.134291
-428.200841
-731.573355
-140.851524
149.855034
-581.107913
-926.598542
-334.198091
59.056923
-411.414636
-816.725197
-371.890752
15.870594
-346.406240
-974.820732
-1083.320660
-842.209709
-639.554428
-508.622026
-452.922344
-753.853227
-1238.058954
-1138.409935
-511.216258
-79.200369
-213.032208
-400.579903
-410.193821
-475.812624
-483.137514
-113.077984
336.487119
289.790947
-61.651155
-153.059674
185.716473
469.403346
482.069301
358.003982
359.224797
509.690239
534.411741
404.852756
335.724109
477.643847
506.638201
322.142543
191.362742
284.449882
310.392199
191.820548
202.960484
391.271189
504.959581
360.750816
171.829703
109.720743
246.299415
412.177645
408.667802
223.256533
67.297424
21.822067
-17.549215
-76.453536
-152.601868
-166.336036
-147.718608
-194.872585
-363.955455
-446.818269
-302.304300
-148.481617
-226.613774
-345.185425
-266.442861
-216.847254
-319.853515
-394.781032
-261.864805
-162.520989
-267.511074
-408.973006
-332.214266
-115.672216
-30.367772
-185.258668
-321.684738
-274.683362
403.631941
1369.143959
1132.611064
-264.764241
-814.741373
1038.303109
2862.048033
2014.497258
17.854419
-169.388073
896.841178
1042.118156
622.768223
1082.099845
1569.510211
324.126367
-1144.514009
-600.488350
1234.091306
1497.482130
-150.312840
-1095.834013
-462.841465
104.532280
-358.614390
-587.974997
-55.699682
6.104075
-895.162557
-1224.172184
-442.545417
43.949338
-446.207862
-889.668890
-448.191686
-102.548455
-518.541147
-984.282048
-828.017735
-475.507420
-457.805604
-600.030545
-663.970727
-828.322939
-1083.473262
-922.936097
-424.843600
-176.102556
-446.513066
-706.241445
-567.831551
-349.916083
-233.023052
-61.193349
147.871210
85.151842
-163.741804
-140.393718
239.737534
506.790803
443.613630
298.184050
315.733265
452.159335
488.173375
434.457518
423.164980
475.965226
474.439207
369.601724
322.447747
401.953320
426.980026
340.607369
338.165739
453.685353
473.981402
309.934394
194.872585
233.633460
273.157344
236.685497
190.141927
148.481617
59.667330
-19.380437
-31.588587
-4.578056
-36.777050
-91.255917
-105.905696
-114.298799
-182.359232
-276.514585
-284.297280
-253.013897
-297.573642
-378.300031
-356.172760
-288.264928
-313.291635
-374.179780
-336.029313
-227.834589
-207.538540
-257.744555
-272.394334
-226.461172
-188.310705
-233.480858
-250.724869
-169.540675
386.845735
1067.755270
763.009340
-336.487119
-497.787293
1171.829744
2467.114399
1514.420937
-46.238366
92.171528
1088.966929
1133.679277
724.401067
1078.895206
1321.226972
194.872585
-828.780745
-73.401498
1371.890793
1219.441527
-253.624304
-836.105634
-210.132772
84.083629
-396.307051
-495.040460
-27.926142
-126.812152
-961.239166
-1171.524540
-430.795073
-31.893790
-490.615005
-842.820116
-484.663532
-287.349317
-716.313168
-992.827753
-638.333613
-296.505429
-470.013753
-738.593041
-752.785014
-742.102884
-855.638673
-708.072667
-342.133388
-280.787437
-620.021389
-834.427014
-596.368100
-273.767751
-175.644750
-166.183434
-102.090650
-106.210900
-168.014657
-98.428205
188.005501
444.987047
432.473694
290.859160
283.534271
454.143159
566.000328
505.722590
443.613630
489.699394
501.907544
408.973006
349.610879
406.378774
452.311936
398.748681
376.926614
414.466673
400.732505
319.853515
291.469568
316.801478
283.839474
192.888761
156.111711
159.011146
97.512594
5.646269
-38.150467
-37.692661
-77.521749
-127.269958
-98.733409
-67.297424
-132.305819
-245.994211
-255.913332
-180.528010
-163.131397
-254.692518
-325.804988
-304.440726
-315.885867
-358.309186
-354.036334
-279.414020
-242.484368
-291.469568
-328.704423
-271.631325
-183.580047
-179.765000
-229.513209
-119.639864
496.871682
909.812337
303.372513
-580.802709
-53.410654
1711.429949
2160.232042
699.374361
-296.200226
506.943405
1317.411926
929.040172
649.168346
1233.938704
1131.085045
-158.248137
-557.759827
706.851852
1627.346319
653.746402
-631.161326
-493.667043
179.307195
-15.107585
-545.246474
-298.031448
109.110336
-398.290875
-1211.048424
-997.253207
-192.736159
-133.831838
-714.787149
-815.504382
-380.131253
-441.477204
-968.564056
-967.953648
-404.852756
-245.841609
-686.861007
-939.417099
-746.070532
-641.080447
-751.258996
-586.601580
-258.812768
-302.151698
-669.006589
-732.946772
-348.084861
-70.807267
-136.883876
-265.222046
-230.428821
-164.504814
-157.790331
-88.661685
116.587827
289.333142
267.816278
187.089890
273.615149
482.832310
517.015128
406.683978
439.340778
594.689479
570.578384
380.741660
395.849245
590.111423
607.202832
412.940655
359.377399
480.238078
478.406856
332.366868
282.618659
350.526491
289.943549
122.691902
55.852284
106.363502
113.993595
26.247521
-53.105450
-88.051278
-114.756605
-122.386698
-80.115981
-72.180684
-179.612399
-308.560977
-295.284614
-176.865565
-154.280488
-254.997721
-308.408375
-260.186185
-246.452017
-276.361983
-262.322611
-199.298039
-192.278354
-277.277594
-333.892887
-287.044114
-220.204495
-220.051894
-267.816278
-77.216545
458.416011
616.206343
-6.104075
-492.598830
361.971631
1760.415148
1669.006629
336.334517
-86.372657
852.128830
1356.172800
852.128830
722.722446
1232.412685
899.130206
-206.928133
-207.691142
1022.737719
1460.857682
322.142543
-576.377255
-181.748825
277.124992
-105.447891
-465.893503
-132.458421
35.403633
-599.725341
-1159.774196
-786.204823
-185.869075
-293.758596
-779.032536
-789.562065
-472.150179
-580.497506
-955.287693
-874.561305
-429.421656
-373.569373
-778.269526
-969.632269
-758.889089
-643.064271
-703.494611
-545.551678
-251.793082
-322.295145
-703.494611
-730.047336
-298.336652
-25.942318
-162.826193
-300.167874
-185.563871
-97.512594
-185.411270
-148.023812
168.167258
369.754326
209.217161
34.945828
215.321236
510.148044
506.638201
357.088371
413.398460
561.117068
496.566478
373.874576
489.546792
692.965082
634.671169
425.606610
414.619275
550.434938
544.636067
397.680468
340.302165
354.036334
283.992076
154.127887
124.523124
171.677101
150.160238
40.286893
-42.575921
-45.780560
-54.784071
-98.733409
-134.442246
-150.770645
-212.727004
-291.622170
-286.586308
-229.818413
-215.779041
-267.205871
-284.907687
-262.780417
-270.410510
-292.842985
-264.001231
-190.447131
-177.170769
-237.295905
-291.316966
-259.880981
-204.028697
-195.940798
-234.243867
-184.953464
156.722118
483.595319
266.442861
-273.920353
-92.171528
1014.497218
1625.515097
867.236415
10.682131
347.627055
1095.834013
1014.344616
641.080447
945.063368
1184.037893
417.366109
-276.514585
373.416771
1386.998377
1077.979595
-58.446515
-319.395710
186.632084
174.423935
-327.941414
-318.022293
54.936672
-197.924623
-926.903746
-1042.423360
-462.841465
-194.414780
-564.321708
-864.642184
-682.130350
-539.905409
-790.477676
-970.853084
-709.140880
-415.840090
-559.591050
-862.200554
-848.313784
-645.505901
-633.450354
-683.808970
-485.884347
-250.267063
-397.070060
-705.478435
-622.463019
-216.542051
-59.362127
-234.243867
-267.511074
-107.584317
-105.142687
-230.886626
-57.530904
315.428061
366.091881
113.230586
101.632844
382.115077
480.085476
360.903418
387.761346
557.759827
497.634691
306.729755
382.267679
632.382141
641.996058
462.994067
456.432187
602.166971
582.939135
415.077081
382.878087
460.705039
414.924479
258.812768
191.515344
204.181299
152.144062
39.676486
4.730658
19.227835
-14.497177
-82.710212
-125.438735
-146.345191
-182.817038
-213.032208
-211.048383
-209.369763
-237.143303
-259.423175
-264.153833
-252.556091
-260.033583
-276.056779
-264.306435
-233.633460
-215.626439
-223.409135
-248.130637
-253.166499
-222.646125
-197.924623
-203.113086
-240.500544
-163.283999
104.379678
315.885867
197.161613
-73.248897
92.629334
759.041691
1145.429621
805.432659
371.585548
494.430052
826.491717
781.626767
646.726716
883.870019
1030.520414
575.461644
114.451401
393.407615
961.544370
842.820116
197.619419
-53.715858
126.354347
94.155353
-193.041363
-238.058914
-83.320620
-237.448506
-644.132484
-742.560689
-502.060145
-406.226172
-590.721831
-741.645078
-690.828656
-662.444709
-768.045201
-826.949522
-753.853227
-679.383516
-705.783639
-757.363070
-726.995299
-658.782264
-620.784399
-591.637442
-523.577009
-433.541907
-393.712819
-417.671312
-424.538397
-360.140408
-279.566622
-242.789572
-230.734024
-192.888761
-148.329016
-105.753094
-22.737678
93.544945
182.817038
229.055404
278.193205
327.025803
345.032823
373.721975
453.532751
525.255629
510.148044
459.942030
478.406856
546.314687
564.169106
534.869547
543.110048
571.493995
527.849861
428.048239
394.628430
432.168490
415.382284
319.853515
247.367628
237.906312
197.466817
102.701057
43.338930
65.160998
77.216545
13.886770
-67.450026
-112.772780
-133.068829
-153.212275
-160.994971
-172.287509
-212.269198
-252.708693
-250.114462
-244.773396
-265.985056
-278.498409
-249.809258
-215.473837
-235.006877
-263.543426
-266.442861
-261.559602
-262.933018
-258.049759
-243.705183
-239.890136
-248.435841
-229.055404
-169.540675
-86.220055
54.478867
222.035718
351.747306
401.342913
397.070060
421.944165
488.936385
587.822395
698.916555
742.713291
679.536118
594.079072
590.264025
693.728092
804.669650
824.507892
743.323699
574.698635
408.515200
348.084861
361.361223
337.707934
200.061049
-4.425454
-178.391584
-300.930884
-362.734640
-349.916083
-332.061665
-403.631941
-561.422272
-688.997434
-694.948906
-658.477060
-667.022765
-709.293482
-760.415108
-815.656984
-855.486072
-828.017735
-734.167587
-659.240069
-658.324458
-680.756933
-657.256245
-581.107913
-507.553813
-473.218392
-441.935009
-393.255014
-374.790188
-401.495514
-390.202976
-276.972390
-141.919737
-111.094160
-124.217920
-35.861439
103.769270
152.601868
143.293154
221.883116
358.309186
392.797208
359.987806
410.499025
500.839330
502.517951
471.539772
535.174751
635.281576
632.076937
564.626911
556.539012
575.309042
534.106538
473.676198
468.792938
472.150179
398.290875
295.589818
262.475213
271.478723
241.263553
185.411270
148.939423
112.467577
40.439495
-18.007020
-9.766520
-0.763009
-65.924007
-153.822683
-168.930268
-150.160238
-189.684122
-256.828944
-253.929508
-214.558226
-243.857785
-308.866181
-319.090506
-291.316966
-315.122857
-362.429436
-345.948435
-290.096151
-287.807123
-328.704423
-327.331007
-283.992076
-253.166499
-205.707318
-35.556235
200.213651
323.058154
306.729755
287.654521
349.000472
432.626296
546.162085
713.261131
793.224509
666.717561
499.771117
533.801334
716.770974
822.676670
786.967833
714.634547
609.034055
459.331622
368.075705
386.845735
391.728995
236.685497
7.935297
-146.650395
-213.947819
-257.134147
-274.988566
-285.670697
-370.975141
-523.119203
-637.112799
-649.778754
-627.193677
-623.531232
-650.846967
-725.774484
-832.137986
-874.408703
-798.412973
-698.458749
-676.789284
-707.920065
-701.815991
-659.850477
-619.105778
-555.470799
-462.383660
-404.852756
-425.454008
-455.363974
-418.586924
-334.045489
-258.812768
-198.382428
-143.750960
-94.307954
-37.692661
29.909966
96.596982
153.975285
209.522365
258.660166
295.437216
340.607369
404.700154
449.107297
461.468049
496.108673
572.409607
623.683834
609.339259
586.448978
595.757692
596.215498
553.486975
510.605850
495.040460
457.500400
373.416771
292.690383
266.442861
275.293770
266.290260
224.477348
172.592713
116.740429
66.076609
39.981689
29.604762
-6.409278
-81.489397
-134.900051
-134.594848
-136.426070
-182.054028
-216.694652
-202.960484
-202.807882
-254.845119
-288.264928
-258.965370
-251.793082
-311.765616
-352.815519
-323.210756
-297.878846
-328.857025
-349.153074
-308.408375
-284.755086
-322.142543
-332.824674
-226.308570
-23.042882
162.978795
261.559602
306.729755
340.912573
378.452632
432.321092
529.833685
669.616996
742.713291
676.789284
585.533367
601.861767
689.150036
735.846207
728.979123
724.553669
663.360320
488.173375
332.061665
330.840850
388.524356
315.428061
101.785446
-83.015416
-179.307195
-259.423175
-324.278969
-322.295145
-323.058154
-438.882972
-625.057251
-703.189407
-636.960197
-584.465154
-640.470040
-736.914420
-789.562065
-796.581751
-786.357425
-752.785014
-695.864518
-658.782264
-664.428533
-676.941886
-639.401827
-543.567854
-462.688864
-462.383660
-497.939895
-480.848486
-406.683978
-344.422416
-299.099661
-219.441486
-130.321995
-101.022437
-86.220055
8.698306
148.023812
213.032208
213.490013
253.624304
325.957590
347.321851
350.984296
419.807739
506.790803
512.742276
486.494755
533.038325
606.592425
598.504526
549.671928
555.623401
583.091737
546.925095
479.017263
457.347798
447.733880
376.468808
289.027938
269.494899
278.193205
227.376783
142.682746
106.516104
107.584317
69.739054
2.289028
-28.536549
-39.371282
-86.983065
-151.228451
-169.388073
-150.312840
-158.858544
-203.265688
-238.058914
-252.250888
-260.949194
-260.796592
-255.760731
-271.783927
-318.480098
-353.425926
-336.944924
-292.079975
-268.884491
-282.160854
-308.255773
-307.034958
-266.595463
-223.714338
-205.707318
-158.400739
-0.915611
220.051894
359.377399
386.845735
401.953320
446.207862
482.374504
542.347039
688.844832
803.601436
721.043826
549.061521
543.567854
698.306148
783.000184
728.673919
664.275931
598.962332
449.717705
302.151698
294.369003
329.925238
214.100421
-23.500688
-193.346567
-252.861295
-292.690383
-331.909063
-346.558842
-393.712819
-520.524971
-653.899004
-695.101508
-660.460884
-634.976372
-658.934866
-724.553669
-804.364446
-843.430524
-805.737863
-730.657744
-686.250600
-678.315303
-665.801950
-643.674679
-617.121954
-556.996818
-468.335133
-425.911813
-445.597454
-435.525731
-350.984296
-271.783927
-243.247377
-197.924623
-110.636354
-50.511218
-20.448650
61.345951
183.122241
242.026563
243.094776
287.044114
372.653761
416.297896
427.132628
470.013753
515.031304
510.453248
510.300646
565.695124
606.745027
575.156440
539.905409
557.149420
560.964466
510.148044
471.387170
476.270430
450.633316
366.244483
303.067310
299.099661
280.634835
198.992836
118.419050
97.970399
90.798111
39.066078
-24.874104
-51.121626
-67.602627
-117.808642
-168.472462
-177.628574
-179.917602
-216.084245
-254.539916
-260.338787
-261.864805
-286.128502
-307.187560
-306.424551
-308.103171
-328.704423
-348.084861
-350.526491
-338.013137
-312.833829
-282.618659
-260.491389
-249.046248
-229.513209
-190.141927
-151.381053
-125.896541
-60.277738
107.279113
319.700913
439.645981
441.782408
435.373129
482.374504
544.025659
616.664148
727.605706
790.172472
703.494611
568.441958
570.425782
690.218249
756.294857
716.770974
637.265400
520.830175
363.650251
265.222046
276.819788
271.326121
130.779801
-71.265072
-211.506189
-291.011762
-347.321851
-362.734640
-362.582038
-439.340778
-592.553053
-701.510787
-701.358185
-664.886339
-669.006589
-712.345519
-774.301878
-834.427014
-846.482561
-796.429149
-742.255486
-726.384891
-718.602196
-692.202073
-665.191542
-621.242204
-523.271805
-421.638961
-408.667802
-442.850621
-397.985672
-282.618659
-216.694652
-207.233337
-150.007636
-48.374792
0.000000
15.260187
106.210900
244.620794
301.541291
284.297280
315.275459
403.174135
448.496890
445.750056
475.660022
528.307667
537.158575
526.934250
560.811865
602.624776
586.754182
551.503151
556.691614
566.152930
527.239454
476.270430
455.211372
428.963851
371.890752
330.535646
321.532136
283.992076
198.077225
137.036477
131.085005
111.551965
39.371282
-28.078744
-57.836108
-96.902186
-160.231961
-192.430955
-187.242492
-218.220671
-295.132013
-330.840850
-297.878846
-280.177029
-317.564487
-347.321851
-333.282480
-321.837339
-339.233952
-346.253638
-325.957590
-305.966745
-295.437216
-273.004742
-238.974525
-209.217161
-182.969640
-147.871210
-107.431715
-81.031592
-63.634979
0.763009
161.452776
363.955455
484.358329
488.631181
466.046105
484.968736
533.496130
607.355434
706.394047
743.171097
639.554428
504.196572
508.164220
622.463019
679.536118
631.619131
558.065031
474.897013
356.935769
267.968880
263.085620
249.656656
118.571651
-77.369147
-215.931643
-287.654521
-340.607369
-378.300031
-401.800718
-473.065791
-602.166971
-696.932731
-693.728092
-661.681699
-683.961572
-742.408087
-784.984009
-812.757549
-831.069773
-807.721687
-747.749153
-711.124704
-719.365205
-712.345519
-651.609976
-568.289356
-500.991932
-453.837955
-424.233193
-397.680468
-342.133388
-259.117972
-193.956974
-154.280488
-97.970399
-23.805891
30.520374
86.830463
188.005501
283.686872
300.015272
291.774771
351.899907
437.509555
456.126983
443.003223
476.423032
515.641712
501.297136
499.008108
568.136754
622.615621
583.396941
531.817510
555.776003
590.874433
552.418762
488.783783
468.640336
450.022908
382.420281
316.648876
305.203736
291.622170
215.473837
128.643375
101.175038
95.986575
46.085764
-32.809402
-89.882500
-130.321995
-176.560361
-215.168634
-238.974525
-274.072955
-320.158719
-338.165739
-327.941414
-331.756461
-352.052509
-350.831694
-328.399220
-323.363358
-334.655896
-324.431571
-290.248753
-263.696028
-243.094776
-207.996346
-173.508324
-163.589202
-152.754470
-107.584317
-55.547080
-38.760874
-38.150467
-13.886770
37.692661
130.016791
288.875336
452.922344
506.180396
460.094632
443.766232
499.618516
557.454623
606.134619
670.990413
675.415867
558.065031
447.276075
488.478579
596.978507
611.475685
544.178261
479.475069
386.998337
253.319101
189.378918
223.409135
198.687632
20.753854
-181.901427
-284.907687
-335.113702
-389.745171
-416.908303
-437.967361
-544.636067
-706.546648
-777.506517
-732.488966
-703.342009
-753.242820
-808.332094
-826.186513
-837.173847
-831.527578
-772.928461
-705.173232
-695.559314
-705.783639
-655.577625
-559.591050
-484.358329
-433.236703
-383.183290
-346.711444
-320.158719
-259.270574
-173.660926
-123.607513
-101.480242
-42.423319
44.101940
101.175038
148.481617
230.276219
306.577153
331.298655
363.497649
445.444852
500.076321
474.591809
450.175510
493.972246
546.772493
557.759827
571.951801
610.865277
616.664148
578.513681
571.188792
609.186657
610.865277
539.905409
466.809114
440.714195
419.349933
363.955455
307.492764
275.141168
233.786062
166.336036
111.704567
87.593472
47.001375
-32.962003
-111.246762
-157.027322
-195.177789
-240.653146
-273.615149
-292.537781
-320.769126
-352.510315
-359.072195
-348.084861
-345.948435
-344.117212
-326.262794
-308.103171
-303.067310
-292.385179
-262.933018
-235.159478
-222.493523
-207.538540
-174.729139
-135.205255
-107.431715
-90.340306
-67.755229
-32.351596
-0.915611
11.445140
17.701817
26.705327
29.757364
56.920497
175.339546
361.056019
473.676198
448.039084
390.813384
406.073571
467.877327
532.427917
603.235184
629.024900
535.785158
403.021533
396.001847
510.453248
589.043210
559.133244
478.101652
377.537021
265.222046
205.707318
217.762866
184.953464
26.247521
-164.810017
-272.699538
-331.298655
-403.937144
-457.805604
-476.880837
-542.499640
-675.263266
-756.142256
-726.995299
-692.659878
-732.488966
-779.337739
-779.948147
-784.678805
-804.364446
-770.639433
-695.101508
-667.480570
-679.688720
-636.197187
-536.853371
-463.299271
-417.060905
-350.984296
-292.842985
-274.072955
-236.990701
-149.244627
-79.963379
-61.040747
-19.838243
68.518239
134.442246
168.625064
235.617284
325.652386
372.043354
393.102412
449.107297
504.806979
500.076321
480.238078
514.420897
566.000328
574.546033
568.441958
591.027034
609.034055
587.211988
567.068541
585.838571
593.468664
534.564343
449.717705
408.515200
395.238838
347.779657
273.615149
220.509699
180.528010
119.792466
60.125136
35.403633
11.445140
-57.073099
-137.799487
-178.238982
-192.888761
-222.188320
-262.780417
-294.979411
-315.580663
-323.821164
-311.918218
-291.927373
-285.823299
-287.807123
-276.361983
-253.319101
-234.549071
-224.629950
-213.032208
-203.113086
-201.281864
-194.567382
-168.319860
-134.289644
-117.350836
-109.720743
-81.489397
-37.387458
-16.786205
-18.007020
-1.831222
35.708837
45.780560
20.753854
10.071723
47.916987
121.623689
225.392959
334.961100
392.339402
378.452632
359.224797
392.797208
454.906168
517.472934
559.896253
541.736631
441.172000
363.345048
396.612255
475.965226
466.656512
389.439967
323.058154
259.575777
162.673591
94.918362
91.255917
41.355106
-118.419050
-288.112327
-353.425926
-381.962475
-442.850621
-507.553813
-527.544657
-572.104403
-657.408847
-703.647213
-668.243580
-641.690855
-681.367340
-719.670409
-713.566334
-704.868028
-719.365205
-695.559314
-632.687344
-580.192302
-554.402586
-495.193061
-411.719840
-345.948435
-305.661541
-253.471703
-191.057539
-138.715098
-90.187704
-40.286893
2.441630
39.218680
96.139177
166.946443
233.480858
284.449882
330.993452
366.854890
400.885107
439.188176
477.491245
496.261274
497.787293
498.855506
507.248609
524.492620
546.314687
554.860392
535.937760
513.352684
509.385035
512.131869
492.751431
455.669178
415.840090
374.027178
322.905553
273.767751
231.954839
187.089890
129.101180
70.349461
31.741189
10.682131
-18.312224
-68.060433
-112.162373
-129.406384
-137.494283
-164.962619
-197.924623
-217.915467
-236.838099
-260.491389
-262.170009
-235.159478
-216.847254
-229.818413
-244.315591
-231.954839
-209.522365
-204.333901
-211.353587
-205.554716
-184.190455
-166.336036
-164.199610
-157.485128
-128.643375
-93.239741
-75.385323
-65.160998
-39.523884
-8.087899
6.256677
10.529529
23.958493
36.624448
31.741189
19.685641
20.448650
32.656800
40.592097
34.793226
35.251031
89.424695
205.707318
309.018783
343.354203
348.084861
355.867556
332.061665
295.742420
338.928749
425.301406
402.258524
279.871826
228.902802
271.478723
271.478723
226.308570
232.565247
229.818413
110.941558
-21.669465
-29.452161
-11.292538
-104.532280
-224.019542
-256.828944
-284.449882
-377.689623
-433.999712
-401.342913
-404.394950
-494.277450
-549.519326
-518.388545
-508.011618
-560.201457
-579.734496
-540.058011
-526.171241
-550.129734
-533.801334
-475.965226
-446.665667
-437.509555
-378.605234
-283.992076
-220.051894
-184.495658
-136.120866
-89.119491
-69.128646
-46.085764
7.019686
59.209525
82.405009
100.564631
138.409894
182.511834
218.068069
251.182675
286.433706
319.243108
346.558842
370.975141
391.423791
404.547552
412.330247
417.823914
419.349933
416.755701
416.603099
422.859776
427.437832
418.281720
396.307051
374.332382
353.578528
323.210756
284.297280
252.556091
228.750200
196.703808
154.585692
121.928892
100.412029
70.502063
33.267207
13.428964
5.951473
-20.601252
-65.466201
-93.850149
-100.564631
-117.961244
-157.332526
-191.820548
-204.639105
-209.674967
-215.321236
-211.963995
-197.619419
-188.768511
-195.330391
-203.723494
-193.956974
-172.592713
-166.336036
-176.712963
-173.355722
-150.160238
-135.510459
-135.663061
-123.912717
-96.291779
-78.437360
-69.281248
-46.390968
-18.464826
-6.561880
-3.967649
7.324890
18.922632
19.990845
20.906456
27.315734
27.620938
20.906456
21.669465
28.383947
24.874104
16.633604
29.909966
72.028082
125.591337
183.274843
238.821923
257.897157
222.035718
179.001991
184.037853
217.152458
227.224181
216.694652
202.655281
168.777666
121.928892
121.776291
173.203120
188.615909
127.117356
59.056923
34.793226
16.481002
-21.364262
-43.644134
-56.615293
-110.178549
-188.158103
-220.509699
-210.590578
-225.545561
-269.647501
-296.810633
-310.086996
-344.575018
-381.809874
-386.998337
-382.878087
-399.511690
-412.482849
-395.696644
-379.826049
-394.170625
-405.615765
-376.926614
-327.025803
-284.755086
-240.347942
-184.037853
-139.783311
-121.013281
-99.343816
-56.157487
-11.750344
16.328400
38.455671
63.024571
85.609648
117.656040
168.930268
218.220671
241.873961
255.760731
282.466058
311.613014
327.636210
340.912573
356.783167
360.293010
353.578528
358.309186
372.653761
371.280345
353.883732
341.828184
338.318341
325.652386
302.456902
280.940039
257.134147
220.967505
184.495658
168.014657
161.452776
135.815662
95.070964
69.739054
65.008396
52.647644
25.026706
3.052037
-10.987334
-37.082254
-75.843128
-104.227076
-120.402874
-146.039988
-184.495658
-213.184809
-221.883116
-221.883116
-221.272708
-213.642615
-198.687632
-190.904937
-194.567382
-196.703808
-187.089890
-171.829703
-160.384563
-154.585692
-149.244627
-142.682746
-133.068829
-118.266448
-102.701057
-91.408519
-81.947203
-68.518239
-49.748209
-31.893790
-20.143447
-9.766520
-1.526019
1.831222
2.289028
9.003510
22.890280
33.114605
34.945828
36.624448
41.355106
44.559745
44.101940
41.202504
38.760874
38.760874
42.575921
47.306579
56.615293
77.674351
101.938048
113.077984
114.298799
123.607513
137.952089
142.987950
149.397229
168.014657
179.154593
167.099045
152.754470
151.381053
143.903561
126.354347
119.182059
117.198235
93.850149
61.345951
47.153977
33.419809
-6.104075
-47.611783
-63.634979
-77.216545
-113.840993
-148.634219
-161.757980
-176.865565
-210.132772
-237.601108
-244.620794
-248.893647
-262.475213
-271.326121
-268.274084
-267.511074
-272.089130
-270.257908
-260.033583
-247.215026
-228.444996
-197.924623
-164.962619
-148.023812
-143.903561
-127.880365
-94.918362
-67.907831
-54.631469
-38.760874
-13.428964
6.409278
23.653290
57.836108
96.291779
110.636354
111.704567
132.000616
166.488638
180.985815
183.274843
206.012522
234.091265
233.328256
223.256533
238.364118
256.218536
250.572267
264.764241
332.366868
366.244483
285.823299
174.271333
157.027322
216.694652
237.448506
183.580047
115.824818
77.674351
55.547080
29.909966
-0.305204
-24.721503
-25.484512
-7.172288
-4.578056
-47.306579
-107.584317
-130.932403
-123.149707
-131.237606
-155.653905
-157.027322
-130.932403
-117.503438
-130.321995
-139.478107
-135.815662
-136.883876
-133.374033
-104.990085
-70.044257
-62.719368
-80.115981
-94.155353
-99.649020
-106.058298
-96.749584
-64.855794
-35.708837
-27.773540
-25.026706
-13.123761
-5.646269
-10.071723
-6.104075
18.312224
48.069588
66.992220
73.248897
66.534414
46.848773
29.909966
40.439495
65.771405
73.706702
65.771405
65.771405
72.333285
63.329775
47.153977
53.105450
68.518239
62.108960
45.170153
46.085764
49.137801
23.805891
-9.156112
-9.766520
7.782695
4.730658
-14.191974
-15.107585
2.136426
8.393103
-6.867084
-25.026706
-27.620938
-20.753854
-14.191974
-7.324890
-4.730658
-17.701817
-42.728523
-54.173663
-48.374792
-43.033727
-46.390968
-45.170153
-41.965514
-51.121626
-65.771405
-70.349461
-66.687016
-67.144822
-62.871970
-46.390968
-34.945828
-47.459181
-68.976044
-74.469712
-61.498553
-42.728523
-28.231346
-20.753854
-24.416299
-33.419809
-31.741189
-15.260187
-2.289028
-1.373417
8.850908
36.166643
48.527394
36.624448
36.471846
54.784071
52.952848
35.708837
50.053413
73.401498
49.290403
10.071723
18.312224
44.407144
35.556235
14.497177
15.107585
19.380437
13.428964
10.682131
7.935297
-2.289028
-1.373417
12.971159
14.802381
-0.305204
-6.256677
-2.899435
-10.834733
-23.348086
-20.601252
-12.971159
-19.990845
-33.267207
-34.640624
-29.909966
-32.809402
-39.523884
-37.997865
-29.452161
-20.296048
-11.139936
-8.087899
-14.039372
-17.549215
-7.477492
9.461316
22.127271
34.182818
48.985200
59.667330
65.771405
75.843128
88.356482
94.002751
92.934538
95.528769
99.191214
93.697547
79.047768
67.450026
67.144822
70.502063
63.940183
45.780560
33.572411
38.760874
46.543570
40.744699
28.383947
21.211660
19.227835
15.870594
11.139936
2.289028
-12.818557
-24.721503
-23.805891
-18.312224
-21.822067
-33.267207
-43.949338
-46.543570
-42.881125
-40.897301
-42.728523
-39.218680
-31.893790
-38.608273
-59.667330
-71.112470
-67.602627
-68.670841
-75.843128
-71.875480
-62.871970
-68.670841
-81.947203
-82.710212
-76.606138
-74.164508
-69.891656
-61.651155
-58.904321
-61.651155
-59.514728
-48.374792
-32.656800
-22.432475
-22.279873
-21.211660
-5.951473
10.834733
11.750344
6.256677
11.292538
21.669465
28.078744
37.845263
48.222190
49.595607
49.290403
61.345951
74.622313
70.807267
56.767895
50.053413
54.631469
64.703192
70.502063
64.092785
51.121626
43.033727
41.507708
43.033727
46.848773
45.475357
29.452161
9.766520
7.935297
21.974669
28.841753
18.312224
1.068213
-9.613918
-10.071723
-7.324890
-9.766520
-19.380437
-29.757364
-36.014041
-36.929652
-37.540060
-43.186329
-54.478867
-63.482377
-62.414164
-58.751719
-60.125136
-64.703192
-67.602627
-69.281248
-68.670841
-62.108960
-54.478867
-57.683506
-69.128646
-68.823442
-53.563256
-39.371282
-33.267207
-31.435985
-28.078744
-20.601252
-8.393103
2.441630
4.272852
7.019686
20.601252
34.488022
37.845263
38.303069
43.796736
50.053413
56.615293
68.213035
78.895166
75.843128
64.855794
63.634979
72.485887
79.200369
76.758740
70.044257
65.618803
68.823442
81.336796
89.272093
79.505573
62.566766
56.767895
57.530904
54.631469
47.153977
38.303069
28.841753
22.127271
17.091409
5.951473
-6.256677
-10.987334
-17.701817
-32.046392
-36.777050
-35.098430
-45.322755
-57.378302
-56.920497
-54.478867
-58.446515
-60.582942
-59.514728
-60.582942
-55.241876
-42.423319
-45.933162
-60.735543
-60.277738
-46.848773
-38.608273
-32.962003
-27.773540
-30.062568
-30.825577
-17.091409
-2.441630
-1.831222
-2.289028
6.256677
12.055548
14.802381
19.227835
21.669465
18.007020
15.565391
17.396613
18.617428
15.565391
11.292538
7.935297
4.730658
4.730658
4.120250
-0.152602
-4.578056
-6.104075
-4.425454
0.610407
5.341065
3.815047
-3.052037
-7.324890
-3.357241
5.035862
9.919121
9.919121
8.698306
9.613918
11.445140
12.665955
13.276363
12.055548
10.224325
10.071723
11.597742
10.224325
3.967649
-1.220815
-2.136426
-4.425454
-10.529529
-13.886770
-12.665955
-12.818557
-14.954983
-17.396613
-20.906456
-27.773540
-32.809402
-28.231346
-22.432475
-26.400123
-35.861439
-38.760874
-32.046392
-24.568901
-23.653290
-27.315734
-27.468336
-20.143447
-9.003510
-1.678621
1.373417
5.035862
9.461316
13.734168
18.922632
26.857929
33.267207
34.488022
34.030217
36.014041
36.777050
34.335420
32.351596
34.030217
38.150467
41.965514
41.507708
37.082254
33.419809
35.098430
39.066078
37.234856
29.452161
25.026706
24.874104
23.195484
16.786205
7.172288
-1.831222
-7.782695
-9.003510
-8.240501
-11.445140
-21.059058
-31.741189
-37.997865
-37.540060
-32.809402
-31.130781
-35.403633
-40.897301
-42.575921
-39.829088
-35.556235
-32.656800
-32.504198
-33.877615
-33.725013
-31.893790
-28.841753
-26.247521
-26.094919
-24.721503
-19.533039
-12.513353
-7.172288
-2.899435
3.204639
10.071723
13.428964
14.649779
18.617428
26.400123
33.877615
35.556235
33.267207
30.978179
31.130781
35.098430
40.439495
43.338930
41.202504
37.997865
38.608273
40.592097
40.897301
39.829088
38.455671
35.403633
30.978179
28.536549
29.299559
28.536549
23.195484
16.328400
11.597742
7.935297
2.136426
-4.120250
-7.782695
-11.750344
-18.007020
-26.552725
-32.504198
-36.471846
-40.286893
-45.017551
-47.916987
-47.611783
-47.764385
-49.290403
-52.342441
-55.089274
-56.767895
-55.699682
-52.037237
-49.290403
-50.511218
-51.274228
-47.459181
-41.202504
-36.929652
-33.877615
-28.231346
-19.838243
-11.292538
-4.272852
1.678621
4.883260
7.324890
12.513353
20.601252
28.994355
33.877615
34.945828
35.403633
37.540060
39.523884
41.355106
43.033727
43.644134
44.864949
45.627959
45.475357
42.881125
39.829088
39.676486
40.439495
40.897301
39.523884
37.692661
36.014041
32.504198
27.926142
25.026706
23.958493
22.585076
20.143447
17.091409
13.428964
7.935297
1.068213
-3.662445
-6.256677
-8.698306
-12.818557
-17.549215
-23.653290
-28.994355
-32.656800
-36.624448
-41.507708
-45.627959
-47.764385
-48.832598
-50.206015
-53.258052
-56.462691
-57.836108
-56.615293
-53.715858
-50.816422
-48.222190
-44.864949
-40.897301
-37.692661
-34.182818
-29.757364
-24.568901
-18.464826
-11.597742
-3.815047
1.831222
4.883260
7.782695
13.581566
21.211660
27.773540
32.046392
36.166643
39.523884
42.118116
45.170153
47.611783
50.511218
52.647644
55.547080
58.141312
58.293914
56.615293
53.868459
53.258052
55.089274
54.326265
51.732033
48.527394
44.864949
40.439495
34.335420
27.163132
20.753854
14.497177
9.613918
4.120250
-3.509843
-12.971159
-22.737678
-30.520374
-35.556235
-39.218680
-42.881125
-47.459181
-51.426829
-54.326265
-56.310089
-57.378302
-58.141312
-57.988710
-56.462691
-52.800246
-48.985200
-47.306579
-46.390968
-44.559745
-41.660310
-37.997865
-34.182818
-29.452161
-25.331910
-21.516863
-17.701817
-14.191974
-10.834733
-7.630093
-3.815047
0.763009
6.104075
10.529529
14.344576
16.175798
18.464826
20.753854
23.958493
29.146957
33.267207
36.166643
37.692661
39.676486
42.270717
43.949338
44.864949
45.627959
47.306579
48.985200
50.053413
49.443005
47.153977
44.101940
41.660310
39.676486
37.234856
33.725013
28.994355
23.348086
17.396613
11.597742
5.951473
0.305204
-5.188464
-10.376927
-14.344576
-18.464826
-23.348086
-28.383947
-32.351596
-34.488022
-35.861439
-36.319245
-37.234856
-37.997865
-38.303069
-37.845263
-36.319245
-34.335420
-32.198994
-30.367772
-28.536549
-25.942318
-22.890280
-20.753854
-18.922632
-16.938807
-15.412789
-13.734168
-11.597742
-10.071723
-8.393103
-6.561880
-4.578056
-2.899435
-0.915611
1.068213
3.967649
6.561880
9.461316
11.902946
14.344576
17.091409
19.380437
21.822067
22.890280
24.416299
25.942318
26.857929
26.552725
25.331910
23.805891
21.974669
19.685641
17.396613
14.497177
11.292538
8.087899
4.883260
2.136426
-0.457806
-3.204639
-5.188464
-7.172288
-9.003510
-10.529529
-11.597742
-12.513353
-13.581566
-14.039372
-14.344576
-14.039372
-13.734168
-13.428964
-12.513353
-11.445140
-10.071723
-9.308714
-8.393103
-6.714482
-5.341065
-4.272852
-3.509843
-2.594232
-1.983824
-1.068213
-0.152602
0.610407
0.915611
1.373417
1.983824
2.594232
3.204639
3.815047
4.883260
5.798871
7.477492
8.240501
9.308714
10.834733
12.818557
14.649779
16.175798
17.854419
18.770030
19.685641
20.906456
21.211660
21.211660
20.906456
19.990845
18.464826
17.244011
15.260187
12.360751
9.461316
6.104075
1.831222
-2.441630
-6.867084
-11.139936
-15.717992
-19.838243
-23.805891
-27.620938
-30.672975
-33.267207
-35.556235
-36.929652
-37.082254
-37.540060
-36.471846
-34.182818
-32.046392
-28.994355
-25.179308
-21.211660
-16.786205
-12.360751
-8.087899
-3.204639
1.220815
5.035862
8.545705
12.055548
14.802381
17.396613
19.685641
21.364262
22.890280
23.958493
24.568901
24.874104
24.568901
24.568901
24.263697
24.263697
23.195484
22.279873
21.822067
20.906456
19.838243
18.770030
17.701817
16.023196
14.802381
13.123761
11.445140
9.461316
7.019686
5.341065
3.204639
0.457806
-1.983824
-4.272852
-6.104075
-8.393103
-10.834733
-12.971159
-14.954983
-16.938807
-19.075233
-20.753854
-21.974669
-23.500688
-24.874104
-25.942318
-27.010531
-26.705327
-26.857929
-26.705327
-25.789716
-24.874104
-23.042882
-20.448650
-18.922632
-16.175798
-13.276363
-10.987334
-7.782695
-4.120250
-0.915611
2.441630
5.646269
9.156112
11.597742
13.581566
15.565391
17.854419
19.838243
20.601252
21.516863
22.127271
22.432475
22.279873
22.127271
21.669465
20.601252
19.380437
18.312224
17.396613
16.023196
14.497177
12.818557
11.292538
10.224325
9.003510
7.935297
7.172288
5.798871
5.341065
4.578056
3.357241
2.594232
1.983824
0.915611
-0.457806
-1.220815
-2.594232
-4.120250
-5.493667
-6.256677
-7.935297
-9.613918
-10.682131
-12.055548
-13.276363
-14.191974
-15.260187
-16.175798
-16.633604
-17.396613
-17.396613
-17.396613
-17.701817
-17.701817
-17.396613
-16.175798
-14.802381
-13.428964
-12.208149
-10.376927
-8.850908
-6.867084
-5.035862
-3.662445
-1.831222
-0.457806
0.763009
1.983824
3.052037
3.509843
4.883260
5.493667
6.104075
6.714482
7.172288
7.477492
7.477492
8.240501
7.782695
8.240501
8.545705
8.698306
8.698306
8.698306
8.393103
8.240501
8.240501
8.240501
7.782695
7.172288
6.867084
5.951473
5.035862
4.272852
3.357241
3.204639
2.441630
1.831222
1.068213
0.152602
-0.152602
-0.915611
-1.373417
-2.289028
-2.746834
-3.509843
-3.357241
-3.662445
-4.120250
-3.967649
-4.120250
-3.967649
-3.815047
-4.120250
-3.967649
-3.357241
-2.899435
-2.441630
-2.289028
-1.678621
-1.220815
-1.068213
-0.305204
0.610407
1.220815
1.831222
2.746834
3.204639
3.662445
3.815047
3.967649
3.967649
3.815047
3.967649
3.815047
3.967649
3.357241
2.594232
2.136426
1.983824
1.526019
0.763009
0.763009
0.152602
-0.305204
-0.610407
-0.915611
-1.831222
-2.289028
-2.746834
-3.204639
-3.815047
-3.967649
-4.120250
-4.730658
-4.425454
-4.730658
-5.188464
-4.883260
-4.425454
-3.967649
-3.815047
-3.509843
-3.052037
-2.136426
-1.831222
-1.220815
-0.610407
0.610407
0.915611
1.526019
1.983824
2.289028
3.052037
2.899435
3.204639
3.815047
4.120250
3.662445
4.272852
4.272852
4.272852
3.967649
3.052037
2.746834
1.983824
1.373417
0.610407
0.152602
-0.457806
-1.220815
-1.526019
-1.983824
-2.289028
-3.204639
-3.357241
-3.357241
-3.509843
-3.815047
