1.242352
111.190483
75.162282
-233.406839
-11.802342
244.277417
-34.785850
-188.682175
42.395254
128.428114
0.310588
-154.983383
22.362332
156.225735
-131.068112
-25.002329
141.317514
-92.244619
-65.534056
91.002267
72.522285
-57.148181
-142.249278
100.941081
55.439948
-54.197596
8.385874
36.028201
-57.148181
-14.597633
36.494083
76.094046
-45.811722
-153.430444
81.218747
189.613939
-119.421064
-195.670404
253.750349
0.776470
-202.813927
101.562257
191.632761
-234.338603
-130.757524
298.785601
68.639935
-279.529148
-2.950585
159.797496
26.244681
-14.131751
-182.781004
18.790571
166.475137
63.670528
-171.910426
-22.672920
138.056340
-64.602292
-87.896388
60.254061
160.263378
-178.122185
-33.232910
121.595180
-25.312917
-67.397584
-41.929372
203.745690
26.555269
-350.809081
12.268224
452.216044
-155.604559
-343.976146
247.849178
189.769233
-243.190359
-138.522222
210.578625
116.470478
-185.576296
-57.303475
161.505730
16.150573
-186.818647
-6.367053
270.522098
-50.004659
-315.712644
182.315122
192.564524
-210.578625
-108.239898
237.755070
67.242290
-224.399789
-97.524614
208.715097
128.893996
-221.915085
-59.477591
163.990434
28.884679
-183.712768
72.832873
179.830419
-197.689225
-70.192875
132.931639
111.656365
-107.618722
-208.404509
210.578625
171.133956
-228.437432
-126.564587
219.119794
-34.319968
-7.143523
45.967016
-107.774016
-53.421126
186.352766
-73.609342
-139.298692
246.296238
-6.056465
-292.884430
104.512843
243.966829
-161.350436
-129.049290
172.531602
-21.275274
-80.131689
30.903500
30.127030
86.809330
-130.136348
-39.289375
24.381153
122.216355
-44.103488
-39.910551
-0.621176
-20.498804
55.905830
-38.668199
22.828214
-21.585862
7.143523
79.355219
-113.209305
-11.491754
60.875237
7.143523
0.465882
28.108209
-74.385812
-117.402242
223.623319
83.858745
-244.588005
-100.475199
307.482063
-3.105879
-281.082088
130.602230
143.491629
-115.228127
-120.663416
188.837469
-43.016430
-102.649315
109.948132
46.898779
-94.108147
-118.178712
141.783396
97.058732
-91.934031
-76.559928
51.091717
26.089387
-20.032922
99.388142
-163.213964
-87.430506
270.522098
61.185825
-249.868000
-55.905830
143.957511
107.774016
-149.703388
-107.774016
286.051495
-71.590521
-275.336211
289.312669
7.143523
-259.185638
157.623381
138.056340
-141.783396
-40.531727
-8.075287
52.023480
105.599900
-77.646986
-71.901109
-10.559990
34.319968
62.272882
35.251731
-61.341119
-131.844582
148.926918
88.206976
-301.736186
234.183309
84.169332
-255.924465
27.331739
240.860949
-129.204584
-112.432835
113.054011
-2.639998
0.000000
-103.270491
97.835202
131.378700
-241.016243
-18.635277
302.046774
-142.559866
-274.249153
240.084480
228.592726
-334.503214
-155.759853
519.303040
-112.588129
-422.089014
182.625710
282.790322
-173.929248
-157.623381
147.529273
106.686958
-95.816380
-159.797496
59.788179
321.147933
-221.449203
-338.851445
436.997235
123.303413
-393.049041
-58.235239
444.296052
-119.731652
-370.531416
197.223344
216.169208
-85.101096
-103.736373
-29.350561
-78.889337
254.682113
111.345777
-477.528962
83.237569
519.303040
-303.133832
-356.399664
314.159704
171.755132
-177.966891
30.437618
-94.729322
-40.687020
163.835140
2.795291
-51.868186
8.696462
-43.327018
-46.432897
197.533931
-129.515172
-152.188092
168.804547
108.705780
-87.896388
-95.195204
82.926981
-52.799950
-50.625835
186.508060
-128.117526
-59.788179
231.388017
-117.402242
-198.776283
169.115135
95.039910
-189.769233
102.649315
97.835202
-167.872783
-57.769357
173.308072
-22.983508
-12.268224
-67.086996
-23.294096
123.303413
-75.938752
-30.903500
38.668199
163.058670
-113.519893
-184.799826
-43.327018
321.303227
137.590459
-464.639562
-6.677641
419.449016
-93.797559
-383.265521
271.919744
222.846849
-292.263254
-104.512843
118.023418
119.886946
-31.214088
82.771687
-59.943473
-329.999689
215.392738
163.213964
-91.157561
20.343510
-65.378762
-52.644656
116.159891
-48.762307
15.218809
-9.007050
-54.974066
244.743299
-251.265646
-141.317514
254.837407
118.178712
-45.811722
-245.675063
-33.232910
159.797496
118.489300
-49.849365
-84.479920
-75.006988
-58.856415
392.893747
-154.983383
-280.771500
150.169270
104.046961
-23.759978
-12.578812
-139.764574
114.917539
243.190359
-381.557287
-8.851756
160.263378
-11.336460
124.856353
-27.021151
-222.536261
-77.957574
328.446749
11.802342
-380.625524
261.980930
252.507997
-336.522036
-261.049166
252.973879
479.392489
-302.823244
-495.853650
326.893810
180.141007
-82.461099
47.364661
-71.590521
-273.938565
334.813802
206.540982
-484.983072
-43.171724
359.039662
216.169208
-303.755008
-270.677392
36.183495
305.929123
150.479858
-209.646861
-190.856291
-122.061061
524.272447
81.374041
-554.399478
-90.381091
437.307823
200.329223
-483.119545
-187.750411
534.521849
164.922198
-395.689039
-187.750411
158.089263
6.056465
239.618598
2.174116
-293.039724
-11.647048
205.764512
43.171724
-244.743299
110.569308
95.505792
-162.748082
16.150573
214.150386
-40.997608
-279.373854
97.679908
319.594993
-291.176196
-228.903314
380.004348
62.583470
-274.870329
119.265770
133.086933
-337.453800
155.293971
150.479858
-144.112805
76.870516
-75.317576
-44.569370
84.479920
61.185825
-41.152902
-35.717613
-2.484704
-40.997608
-47.985837
186.973941
-42.550548
-55.129360
4.192937
-27.487033
39.444669
-8.696462
-34.785850
90.225797
-16.927043
-169.115135
38.357611
303.755008
-94.263441
-426.281951
271.609156
356.244370
-310.898531
-184.799826
28.263503
230.456253
-15.218809
-29.195267
10.715284
-172.686896
127.341056
197.378638
-336.211448
-125.011647
395.999627
150.013976
-345.373792
-238.842128
314.470292
310.898531
-335.279684
-185.731590
175.948069
34.009380
112.432835
-236.823306
-37.270553
441.656054
-73.298754
-626.921762
177.345715
682.517004
-377.053762
-516.352455
614.498244
92.244619
-637.481752
304.065596
502.220703
-543.218312
-99.388142
260.427990
-2.950585
-241.792713
286.983259
304.376184
-671.180544
-76.404634
512.935987
139.609280
-472.093673
-57.458769
336.522036
210.889213
-630.182936
-85.411684
959.561449
-141.783396
-1123.551882
307.016181
888.281516
-160.108084
-683.604062
234.493897
340.093797
-85.101096
-288.225611
-208.404509
535.764201
93.331677
-218.809206
-358.573780
131.068112
578.470043
-302.978538
-271.453862
92.244619
88.051682
-118.644594
36.959965
447.712519
-250.333882
-493.834829
240.550362
359.660838
-128.428114
-227.505668
-60.719943
274.559741
119.576358
-198.310401
-176.103363
-1.242352
146.286921
269.124452
-98.145790
-348.634966
-56.527006
327.514985
55.129360
0.000000
-160.108084
-339.006739
366.804360
266.018573
-99.232848
-267.105631
-190.390409
248.936236
358.884368
-291.486784
-211.044507
139.298692
25.934093
283.722086
-381.091406
-50.159953
391.030220
-199.242165
-258.098580
213.839798
178.743361
-175.637482
-108.861074
120.352828
263.844457
-120.508122
-582.973568
290.555020
561.543000
-465.571326
-152.343386
393.514923
-202.969220
53.110538
130.912818
-549.895952
430.630182
268.503276
-586.855918
174.705718
346.460850
-233.096251
-79.821101
40.842314
23.449390
203.124514
-313.227940
-115.228127
223.312731
106.531664
117.557536
-218.964500
-38.357611
15.218809
-36.183495
-87.119918
237.133894
20.032922
-287.293847
437.928999
-295.524427
24.225860
-94.263441
-129.204584
599.279435
-383.576109
-149.082212
5.435289
422.089014
-279.529148
-74.385812
445.538404
-585.147684
-121.439886
473.646612
243.811535
-478.771314
-274.870329
631.580581
254.526819
-789.048668
-352.206727
1075.876633
8.851756
-897.909742
139.143398
794.328663
-274.404447
-380.625524
-62.738764
244.898593
159.797496
-176.879833
-20.343510
-174.084542
547.255955
-150.790446
-659.844084
492.437183
309.656179
-409.510202
-134.639873
94.574029
360.903189
-73.919930
-245.985651
18.945864
67.552878
-23.138802
-227.039786
351.585551
104.668137
-368.046712
135.105755
372.860825
-577.538279
-17.082337
421.778426
-201.571575
-24.691741
-20.654098
31.679970
260.893872
-79.510513
-470.696027
385.284343
161.505730
-468.987793
-88.672858
619.157064
-61.496413
-165.698667
-279.063266
193.651582
168.338665
-236.512718
43.948194
-101.717551
264.310339
216.324502
-529.552442
-44.569370
506.413640
-65.378762
-654.408795
291.486784
721.806379
-563.872410
-408.889026
630.804111
80.442277
-656.738205
215.858620
509.830108
-368.512594
-95.661086
-99.543436
361.058483
123.303413
-343.354971
-286.362083
295.213839
329.223219
-126.564587
-407.025499
132.155170
678.945243
-853.340372
-226.573904
1020.126097
-20.498804
-1074.789575
234.028015
823.058048
-103.115197
-826.629809
325.962046
591.204149
-284.187967
-613.100599
124.856353
570.239463
79.044631
-110.258720
-595.707674
176.879833
347.392614
230.766841
-465.416032
-275.180917
446.004286
358.418486
-856.446252
143.957511
1138.304810
-1012.671987
-473.957200
596.484144
636.394694
-476.907786
-583.905332
391.185514
468.677205
-597.726496
67.397584
91.778737
174.084542
-42.239960
-305.307948
351.740845
-154.517501
127.651644
-165.388079
-59.477591
-25.468211
199.086871
11.647048
-146.131627
162.903376
13.665869
-98.301084
-210.578625
334.192626
-386.992576
195.204522
539.801844
-610.926483
-233.406839
461.533683
223.157437
-162.592788
-423.331366
-3.571761
438.084293
-191.011585
-87.430506
365.096127
21.585862
-556.573593
60.098767
318.973817
-100.009318
181.538652
-135.416343
-387.303164
340.559679
274.715035
-347.547908
-47.209367
362.766717
-128.272820
-581.265335
61.341119
1202.751808
-501.754821
-1008.944932
557.194769
635.307637
-285.740907
-766.220454
509.674814
644.004099
-533.124203
-739.509891
571.637108
938.130881
-638.102928
-890.921513
525.204211
793.552193
-678.634655
-482.808957
954.436748
21.119980
-674.752305
-38.978787
415.721961
50.625835
-340.249091
200.639811
-164.611610
243.345653
185.110414
-523.651271
5.590583
598.037083
-275.646799
-707.053451
507.966580
667.764077
-260.272696
-896.822684
407.957263
684.691119
-411.373730
-593.378264
379.072584
600.677081
-436.997235
-391.961984
354.225549
452.216044
-488.088952
-440.568997
482.187781
191.788055
-100.319905
-258.564462
57.303475
385.594931
-248.936236
-183.091592
-22.517626
263.378575
99.077554
-306.860887
-285.896201
776.159269
119.265770
-1026.493150
161.039848
894.803863
-333.416156
-856.135664
718.389911
452.837220
-545.237133
-368.667888
440.413703
180.296301
-171.599838
-88.051682
-131.999876
146.752803
209.180979
-166.475137
-160.573966
184.644532
216.324502
-483.740721
-9.628226
449.731341
-43.637606
-182.159828
-157.468087
143.491629
160.573966
-78.423456
-265.863279
221.293909
236.202130
-319.750287
-185.265708
412.926670
48.296425
-321.303227
122.992825
-105.289313
50.159953
294.903251
-268.192688
-245.675063
430.319594
55.905830
-303.910302
37.891729
6.988229
122.371649
-1.552940
-303.133832
100.630493
373.637295
50.625835
-420.846662
-148.771625
403.143149
50.625835
-358.418486
-16.771749
325.806752
-28.108209
-116.625772
101.406963
-28.729385
-192.875112
200.950399
-106.686958
-208.715097
278.286797
214.305680
-150.479858
-156.381029
-120.508122
309.966767
175.171600
-589.185327
-100.319905
579.246513
-33.232910
-252.818585
278.907972
-15.684691
-235.580954
-122.837531
2.484704
21.275274
329.533807
213.218623
-448.333695
-209.646861
435.910177
-32.456440
-389.632574
299.251483
82.461099
-314.314998
101.096375
241.171537
77.802280
-158.865733
-256.700935
92.555207
68.639935
52.178774
-126.564587
218.343324
144.733981
-356.554958
-59.632885
247.693884
40.997608
-156.225735
-90.846973
-12.423518
187.905705
60.098767
-50.936423
55.750536
-46.898779
-321.613815
49.228189
287.449141
79.665807
-131.999876
-81.218747
85.256390
-68.639935
-106.376370
199.397459
109.637544
-257.011523
-37.891729
170.046899
-17.548219
-78.889337
123.769295
22.983508
-199.397459
48.451719
50.004659
-100.319905
120.508122
250.023294
-252.663291
-257.632698
255.147995
95.971674
-189.148057
19.256452
262.602105
-211.044507
-198.931577
284.653849
114.606951
-260.117402
-77.491692
185.265708
29.039973
-104.046961
16.461161
103.425785
-73.143460
-94.263441
42.239960
83.858745
-4.037643
-43.792900
-51.557598
27.487033
84.014038
51.557598
-88.206976
-149.082212
93.486971
98.301084
-40.842314
-4.658819
72.522285
-26.089387
-216.013914
48.141131
216.169208
-1.552940
-132.931639
12.112930
6.522347
-80.131689
68.639935
49.383483
-15.839985
-55.284654
41.308196
-31.835264
-76.404634
99.232848
142.249278
-118.799888
-107.929310
134.950461
-57.303475
-35.407025
152.653974
63.204646
-98.145790
-60.409355
12.112930
50.470541
57.924651
31.679970
-34.941144
-33.232910
-28.574091
-29.816442
134.484579
112.432835
-141.628102
-238.065658
71.745815
191.011585
70.037581
-152.498680
-83.703451
99.698730
-1.708234
-195.204522
21.430568
298.164425
-32.767028
-311.364412
166.941019
215.082150
-305.307948
-157.157499
250.644470
36.959965
-175.792776
79.976395
44.103488
-86.809330
-121.905767
12.268224
72.366991
-149.082212
-160.729260
147.373979
133.552815
-146.286921
-84.945802
103.115197
-65.068174
-223.933907
85.566978
159.797496
-81.529335
-115.072833
127.651644
123.458707
-143.957511
-91.468149
99.854024
-58.079945
-63.825822
134.484579
78.578749
-43.637606
-44.569370
19.101158
-98.766966
-17.858807
156.381029
-30.282324
-139.764574
93.331677
60.564649
-152.964562
-109.016368
90.846973
64.602292
-80.131689
-44.569370
41.618784
-44.258782
-65.844644
-7.298817
-55.595242
8.075287
84.169332
-58.390533
-28.729385
53.265832
-47.830543
-91.623443
-76.559928
27.797621
63.204646
-5.590583
-66.465820
123.458707
133.708109
-101.406963
-35.872907
154.517501
83.392863
91.002267
242.258595
281.392676
239.308010
240.395068
247.538590
270.522098
393.825511
441.190172
390.719632
422.244308
498.959530
464.950150
405.938441
409.044320
421.933720
332.639687
287.604435
339.162033
325.030282
161.350436
43.016430
6.988229
-52.334068
-130.136348
-226.729198
-275.180917
-332.950274
-437.618411
-523.495977
-582.041804
-647.420566
-687.486411
-733.919308
-769.947510
-742.771065
-704.568748
-733.919308
-763.425163
-728.018137
-712.644034
-715.594620
-640.277044
-531.415970
-498.183060
-469.764263
-422.089014
-392.893747
-371.773767
-279.529148
-266.018573
-216.479796
-85.101096
-129.204584
-95.505792
-20.809392
-0.621176
-36.338789
46.898779
115.849303
35.872907
68.174053
171.133956
145.665745
73.764636
62.583470
78.423456
19.877628
-10.559990
100.009318
66.310526
-81.218747
29.350561
-19.877628
-87.275212
-127.651644
24.070566
6.056465
255.924465
1433.984531
2491.381182
2483.461189
1134.888342
508.432462
1456.812745
2471.348259
2253.936699
1805.913592
2299.282539
2961.611327
2543.870544
1676.087832
1414.572785
1395.626920
888.747398
474.733670
724.601670
1340.808148
1168.276546
-5.745877
-1093.269558
-1432.897473
-1239.556479
-1410.690435
-1847.532377
-1968.195792
-1636.953751
-1666.459606
-2213.715561
-2754.138581
-2886.138457
-2791.098546
-2786.750315
-2589.682265
-2041.494547
-1503.400936
-1423.269247
-1828.431218
-1968.195792
-1593.626733
-1107.867191
-855.514488
-669.006428
42.705842
782.992203
901.326209
523.030095
419.293723
820.573344
1135.198930
1359.598719
1707.457214
2109.513306
2045.221602
1519.706803
1178.991830
1132.403639
1002.577879
685.001707
613.721775
776.469857
639.655868
75.938752
-446.936049
-663.415845
-895.890920
-1116.874242
-1028.356678
-672.267602
-634.997049
-948.380283
-1107.401309
-1072.926048
-1135.198930
-1198.403577
-894.027393
-486.225424
-323.787930
-375.500823
-357.952604
-306.550299
-355.778488
-269.435040
-20.032922
252.042115
452.216044
520.079510
468.521911
331.863217
214.460974
210.268037
222.380967
304.997360
330.154983
218.964500
-53.731714
-161.350436
-261.359754
-402.211386
-671.646426
-527.844208
-407.180793
1727.490137
4114.358476
3581.389566
447.091343
-1509.302107
1308.662296
4023.822090
2956.331332
1220.921202
2546.044659
4638.475629
3867.285767
1344.535204
922.135602
1806.845356
1403.702207
445.538404
1091.406030
2563.592878
2628.350464
1.397646
-2241.513182
-2172.407365
-919.185016
-911.886199
-2253.160230
-2409.851847
-1152.591855
-946.516755
-2651.178678
-3933.285705
-3801.596417
-3051.215948
-3027.766558
-3059.601823
-2045.687484
-1213.932974
-1432.897473
-2551.790536
-3145.013507
-2162.623844
-1099.481317
-863.589774
-980.681429
-144.268099
1067.180171
1019.660216
-85.256390
-520.079510
346.926732
1005.373170
1124.173058
1220.300026
2172.407365
2880.703168
1983.880483
570.084169
261.825636
1365.189302
1859.334718
1209.118861
1030.841381
1442.370405
764.667515
-721.185203
-1055.067241
-385.129049
-630.338230
-1470.012732
-911.730906
104.512843
-607.354722
-1847.066495
-1783.551260
-1090.008385
-1245.147062
-1195.452991
-135.882225
376.587880
-291.952666
-688.107587
-291.020902
-256.545641
-519.613628
-215.858620
457.961921
626.921762
472.870143
464.328974
162.282200
-179.053949
-64.136410
181.849240
151.411622
202.658633
535.298319
301.425598
-331.707923
-701.773456
-622.573531
-812.187470
-920.116780
-683.293474
-261.980930
-514.023045
653.632325
3761.064691
4223.064256
1325.744633
-1703.419571
332.018511
4315.153581
4294.033600
1972.699317
2027.673383
4342.951201
4775.134324
2178.619123
552.846538
1659.471377
2514.209395
1547.193836
1015.933160
2079.230982
2967.978379
837.810975
-2216.510852
-2578.501099
-993.104946
-367.114948
-1842.252382
-2663.136314
-1669.099604
-1047.768424
-2542.938780
-4249.308937
-4304.748884
-3189.738171
-2588.129326
-2858.962012
-2423.673010
-1556.200886
-1504.177406
-2443.861226
-3271.888681
-2340.746029
-906.761498
-410.752554
-570.705345
-172.686896
954.126160
1163.151845
208.559803
-463.552504
302.512656
1419.386898
1746.746589
1591.142030
1787.588904
2258.906107
1710.407800
649.284094
305.618536
935.490883
1553.250301
1302.761125
1069.354286
1170.140074
722.116967
-475.044258
-1233.500014
-988.912009
-593.533558
-832.375686
-948.224989
-547.721837
-781.905145
-1627.636113
-2038.543961
-1583.843213
-1093.424852
-979.439077
-507.345404
103.270491
46.588191
-475.199552
-555.641829
-242.724477
-62.428176
55.905830
411.063142
803.335714
673.820541
299.717365
13.510576
-84.324626
33.388204
117.557536
201.105693
258.409168
255.303289
-46.588191
-531.260676
-791.999254
-728.328725
-770.568686
-1018.107276
-862.036835
-694.940522
-555.641829
-699.754635
1289.716432
3964.965675
3512.904925
523.185389
-1195.918873
1808.708884
4697.642632
3589.309559
1656.986674
2598.844610
4826.226040
4360.344126
1722.054848
795.105133
2104.543899
2497.748234
1510.078577
1249.184705
2201.757925
2385.936575
-63.981116
-2296.953130
-2067.739228
-637.015870
-653.787619
-2198.807340
-2576.171690
-1586.172623
-1455.415099
-3084.138270
-4308.010058
-3944.000989
-2828.213805
-2438.270643
-2648.072799
-2152.374442
-1613.970244
-1711.184270
-2499.301174
-2782.557378
-1598.596141
-433.736062
-126.098705
-275.491505
243.190359
1102.587196
998.074354
149.703388
-72.522285
882.690933
1741.466594
1863.061774
1566.760876
1620.492591
1722.365436
1075.721339
320.526757
508.743050
1324.812869
1420.008074
658.446438
330.620865
633.288815
232.319781
-810.945118
-1093.269558
-617.138242
-605.335900
-1070.286050
-982.855544
-696.027579
-1232.878838
-1848.464140
-1570.487932
-897.133272
-791.533372
-817.467465
-399.260800
-71.124639
-235.580954
-401.124328
-116.936360
146.131627
239.463304
375.966705
564.804174
662.794670
472.093673
193.340994
35.872907
148.926918
341.180855
214.616268
-26.089387
-47.054073
-48.762307
-463.552504
-794.018075
-740.131067
-622.573531
-910.643848
-1219.678851
-1015.777866
-777.712208
-943.566170
-137.279871
2727.272724
4085.629091
2141.037982
-836.413329
-130.291642
3480.293191
4225.393665
2303.320182
1803.584183
3890.113981
4999.999994
2942.510168
783.147497
1233.344720
2448.675339
2062.614527
1212.380034
1621.269060
2524.458797
1313.942291
-1436.003353
-2433.767118
-1368.761063
-442.277230
-1402.615149
-2461.409445
-1933.254649
-1269.062333
-2196.633224
-3833.431682
-4162.965489
-3160.542904
-2277.386089
-2314.346054
-2251.451996
-1691.461935
-1429.170418
-1889.617043
-2572.599929
-2055.315710
-697.891107
90.070503
103.736373
119.421064
811.566294
1164.549491
590.738267
12.268224
448.178401
1481.504486
1975.028727
1729.508958
1426.685714
1497.655059
1251.979997
493.990123
26.089387
359.816132
1242.662358
1313.165821
524.893623
-25.778799
-218.498618
-425.971363
-921.359132
-968.568499
-526.446563
-498.183060
-934.093237
-1042.333135
-964.686150
-1273.099977
-1676.398420
-1398.266918
-600.211199
-352.051433
-420.380780
-232.940957
-174.705718
-360.282013
-320.837345
178.122185
533.745379
484.361896
545.081839
708.295803
548.498307
180.917477
89.138740
180.762183
309.035003
380.625524
313.383234
-17.392925
-405.006677
-488.244246
-580.488865
-747.429884
-733.764014
-621.020591
-874.770940
-1278.069384
-1294.996427
-930.521476
-819.796874
434.667826
2864.086713
3511.507279
1404.168088
-865.298008
544.926545
3481.690837
3696.151811
2166.661488
2476.007078
4549.647477
4789.887251
2370.717766
664.347609
1518.464451
2542.628192
2060.285117
1401.528091
1938.534644
2440.289465
639.966456
-1900.332327
-2391.682452
-1174.954187
-632.512345
-1687.734880
-2311.706057
-1705.127805
-1534.770318
-2835.512622
-4176.941946
-4080.193802
-2946.547811
-2194.614402
-2240.892006
-2071.932165
-1650.309033
-1596.111437
-2155.790910
-2543.249368
-1663.353727
-348.790260
300.649128
288.536199
410.441966
921.669720
973.072024
416.032549
148.616331
822.126284
1785.880670
2123.489764
1734.788953
1370.314003
1307.264650
914.215609
281.858558
23.449390
566.978289
1046.681367
693.232288
-24.536447
-138.522222
395.533745
-251.576234
-1121.688355
-1226.045903
-536.540671
-466.037208
-1204.304747
-976.954373
-626.611174
-1142.497747
-1743.640710
-1101.655432
-338.230269
-543.528900
-766.996924
-143.181042
292.884430
-208.870391
-159.176321
393.204335
488.399540
361.369071
531.571264
934.714413
585.458272
201.726869
263.999751
240.239774
92.710501
187.750411
268.658570
-122.526943
-352.206727
-358.884368
-560.766530
-960.803800
-994.502592
-791.222784
-1153.057737
-1501.692702
-1347.175201
-929.900300
-740.907537
960.493212
3309.935704
3070.006519
479.081901
-1201.820044
1193.278875
3921.483363
3569.587224
2216.821440
3012.237161
4905.736553
4270.894799
1579.805570
555.331241
2067.118052
2946.858399
2121.470942
1533.993849
2206.882626
2245.861413
-250.489176
-2457.371802
-2166.972076
-701.462868
-528.465384
-1831.071216
-2159.517965
-1654.191382
-1995.372237
-3561.201350
-4470.292258
-3731.403542
-2427.555359
-1964.158149
-2246.637883
-2067.739228
-1752.803054
-1890.238219
-2436.872998
-2396.185977
-1108.022485
138.677516
541.975960
364.009069
438.860763
842.314500
763.891045
326.272634
422.865484
1384.756342
2207.814390
2160.760317
1514.271514
1211.292976
1145.758920
699.444047
205.919806
278.131503
924.154423
1156.474204
410.752554
-75.162282
3.571761
-137.279871
-707.208745
-1233.500014
-834.860390
-533.124203
-847.283907
-1091.561324
-1014.069633
-1173.556541
-1523.899740
-1455.725687
-853.340372
-464.173680
-601.298257
-438.860763
-186.818647
-143.957511
-151.256328
-12.734106
380.625524
567.599465
593.222970
679.721712
617.448830
423.641954
256.856229
171.755132
222.225673
385.129049
344.131440
98.301084
-204.522160
-316.644407
-425.194893
-741.528713
-920.893250
-846.352144
-853.185078
-1075.255457
-1474.826845
-1507.127991
-1217.660029
-137.124577
2469.018850
3489.300241
1845.202967
-760.008696
-480.013665
2585.023446
3807.652882
2755.225639
2558.468177
4319.967694
4858.527186
2735.658598
686.088765
1427.617478
2903.220793
2661.583374
1911.047611
2036.369846
2582.072861
1162.375375
-1539.118550
-2327.546042
-1250.892939
-272.540920
-1024.163741
-1905.146440
-1704.351335
-1713.668973
-2965.183088
-4285.647726
-4067.149108
-2893.281979
-2031.089851
-2143.367392
-2250.520232
-2024.878092
-2051.433361
-2392.303628
-2674.938656
-1855.452369
-400.192564
390.253750
350.809081
143.025748
422.710190
603.938254
323.477342
226.108022
996.055532
1978.911076
2254.402581
1724.384257
1143.274217
1074.789575
870.888591
448.488989
327.670279
799.298070
1325.744633
823.989812
-62.894058
-594.465322
-345.529086
-140.696338
-489.797185
-429.077243
-352.206727
-525.204211
-1315.650525
-1526.384444
-1076.653103
-962.822622
-1197.005931
-959.872037
-332.018511
-477.373668
-916.700313
-833.462744
-273.317389
-131.378700
-89.449327
520.700686
793.552193
575.985340
314.159704
395.223157
457.806627
238.997422
394.446687
599.590023
548.343013
269.590334
96.748144
-176.413951
-451.439575
-411.529024
-422.865484
-552.225362
-730.502841
-639.345280
-785.942789
-1319.377580
-1632.916108
-1516.135042
-1215.020031
-542.286548
1892.722922
3708.885917
2724.166845
-282.790322
-1249.495293
1523.899740
3697.394163
3358.076835
2740.006830
4048.203244
4977.171780
3084.604152
599.900611
847.749789
2776.966795
3150.914678
2243.066121
1948.784046
2442.152993
1480.106840
-1192.657700
-2427.400065
-1586.017329
-253.284467
-517.594806
-1550.610303
-1738.360715
-1894.120568
-2914.867841
-4239.991298
-4217.007791
-2987.079538
-1905.767616
-1879.212347
-2238.562596
-2283.597848
-2326.148396
-2499.301174
-2664.533960
-1947.231106
-512.625399
439.792527
486.380718
46.588191
67.086996
319.750287
317.576171
350.187905
1015.001396
2029.381617
2391.837746
1802.186537
1012.361399
842.003912
853.495666
677.237009
628.008820
965.152032
1436.003353
1015.001396
-4.192937
-674.441717
-621.020591
303.599714
322.234990
-346.150262
-944.653227
-1048.855482
-1099.636611
-1606.360839
-1421.095131
-740.596949
-699.444047
-1274.031741
-1060.813118
-623.350001
-794.173369
-1137.528340
-569.152405
365.717302
211.510389
116.936360
555.331241
604.093548
200.173929
69.416405
613.411187
672.422896
387.303164
518.681864
655.961735
242.103301
-127.806938
-31.990558
-132.621051
-241.792713
-284.653849
-234.338603
-582.352392
-955.834393
-860.173307
-1020.902567
-1311.612882
-1451.532750
-1180.700064
-647.575860
1540.205607
3544.274307
2825.573808
-87.275212
-1479.640959
1137.838928
3454.824980
3356.523896
2919.681954
4014.349158
4696.244986
2697.145694
398.173742
812.187470
2900.580796
3486.194362
2557.691707
1970.214614
2108.270954
1288.784668
-1085.815447
-2118.520356
-1204.304747
112.898717
-142.559866
-1388.172809
-1780.600675
-2057.955708
-2961.921915
-4029.257379
-3878.311639
-2661.893962
-1708.388978
-1831.847685
-2443.550638
-2650.402208
-2619.498708
-2570.891695
-2561.108175
-1858.092367
-491.505419
287.449141
145.976333
-414.479609
-381.401994
40.687020
234.028015
441.811348
1115.476596
1998.788705
2145.852095
1445.476285
700.531105
725.999316
986.893188
963.288504
975.090846
1227.754137
1496.568001
870.733297
-131.844582
-562.785352
6.522347
680.498182
370.686709
-387.924340
-829.890983
-974.159082
-1437.711586
-1620.803178
-1044.351957
-511.227754
-896.356802
-1367.208123
-1082.864862
-929.434418
-1227.598843
-1053.824889
-135.882225
320.526757
-28.263503
64.912880
474.267788
375.345529
1.087058
241.171537
727.552256
641.053514
421.001956
555.331241
616.361772
248.004472
-16.461161
-17.082337
-18.635277
-54.197596
-29.816442
-202.348045
-526.757151
-666.521725
-755.815758
-1038.606080
-1263.782338
-1196.074167
-1016.399042
-1022.455507
255.613877
2873.559645
3413.050901
1218.281205
-1374.506940
-412.771376
2550.858773
3550.330772
3109.761775
3487.281420
4534.428668
3452.029688
782.526321
12.112930
2181.725003
3866.043416
3356.679190
2248.190823
1799.080658
1413.175139
-331.552629
-1736.963069
-1209.118861
99.232848
543.063018
-680.964064
-1833.711213
-2265.583747
-2683.790412
-3381.060343
-3636.208338
-2846.538494
-1788.986549
-1619.716121
-2435.630646
-3001.832465
-2974.656020
-2619.964590
-2409.696553
-2118.986238
-1087.213093
-140.075162
-50.159953
-704.879336
-1002.267291
-430.474888
131.689288
367.736124
763.891045
1584.619683
1953.132277
1403.391619
570.705345
468.987793
1005.994346
1254.775288
1279.932911
1318.756404
1505.264464
1122.154237
371.463179
84.479920
254.371525
522.564213
282.324440
0.776470
-309.500885
-772.898095
-1247.476471
-1331.801098
-1040.314314
-889.213280
-969.344969
-1087.989563
-1018.417864
-1131.316581
-1197.005931
-874.305058
-379.227878
-50.781129
-88.051682
69.105817
296.611485
226.729198
57.769357
170.046899
523.340683
585.924154
426.592539
396.931391
521.632450
421.001956
199.086871
132.776345
197.533931
203.279808
-2.018822
-155.604559
-283.566792
-356.554958
-443.519582
-617.138242
-818.865111
-954.592042
-1118.582475
-1147.311860
-1067.490759
135.261049
2758.176224
3351.088607
1486.473893
-1208.187097
-806.286299
1894.120568
3047.644187
3047.023011
3594.278966
4516.725155
3120.166471
354.070255
-352.517315
1930.148769
3764.015276
3484.952010
2537.348197
1747.833647
1022.610801
-604.559430
-1563.344409
-769.792216
446.625461
905.519147
-395.999627
-1786.035964
-2381.277756
-2627.573994
-2944.063108
-3027.766558
-2363.418949
-1540.826783
-1608.690249
-2592.477557
-3103.705310
-2956.331332
-2431.437709
-2193.682639
-2061.838057
-1230.394135
-532.658322
-501.288939
-1056.775475
-1237.692951
-578.004161
-29.505855
172.531602
507.811286
1211.137682
1530.732675
1040.003726
361.058483
415.877255
997.142590
1279.777617
1358.511661
1364.102244
1454.949217
1009.876695
307.326769
686.088765
1109.109543
1051.340186
77.957574
-329.844395
-165.077491
-596.328850
-962.977916
-706.276981
-242.413889
-829.735689
-1477.311549
-1366.897535
-874.770940
-1071.217814
-1000.403763
-262.757399
-95.039910
-480.945429
-672.422896
-89.294033
231.853899
-19.411746
152.653974
415.100785
344.442028
69.882287
123.303413
321.613815
342.267913
331.242041
451.128987
411.684318
236.512718
190.390409
27.952915
-129.515172
-96.748144
30.748206
-3.416467
-282.945616
-458.583097
-610.305307
-908.003850
-1074.478987
-874.926234
-673.509954
6.211759
2342.764851
3182.128766
1784.172436
-1012.982575
-1195.142403
1322.172872
2641.861040
3009.907752
3449.389691
4231.916012
2773.860915
88.983446
-686.865235
1371.401061
3400.006208
3613.535418
2883.653753
1638.661985
488.399540
-938.441469
-1412.553963
-433.736062
712.022858
1367.829299
178.898655
-1536.944434
-2651.955148
-2780.693850
-2435.475352
-2154.548558
-1618.473769
-1127.278938
-1399.819857
-2617.790474
-3289.281606
-3006.646578
-2102.990959
-1707.612508
-1773.457152
-1326.676397
-989.999067
-1029.599030
-1526.229150
-1525.607974
-700.996986
-163.990434
-64.602292
35.251731
531.881852
848.526259
545.081839
83.082275
266.329161
786.098083
1087.368387
1132.714227
1095.598968
1270.459979
1258.657637
948.380283
622.728825
507.190110
734.229896
877.255644
725.378140
431.096064
-34.164674
-548.653601
-842.159206
-617.138242
-283.256204
-326.117340
-580.488865
-613.411187
-709.538155
-966.549677
-866.695654
-298.319719
76.404634
-152.809268
-238.065658
-50.936423
-111.345777
-324.719694
-146.597509
291.797372
287.138553
21.275274
56.992887
214.771562
99.388142
4.192937
225.176258
421.312544
334.658508
223.002143
271.919744
175.948069
-7.143523
-2.018822
81.063453
17.703513
-83.392863
-149.082212
-220.517439
-516.973630
-562.008882
-631.269993
-555.797123
-646.488803
821.660402
2681.771590
2393.390686
567.910053
-1352.299902
-72.056403
1370.314003
2115.103889
2592.011675
3438.208525
3244.556942
947.603813
-773.053389
-200.950399
1876.727643
2866.105534
2959.903093
2205.329686
951.020280
-405.317265
-1305.401123
-689.039351
254.371525
1273.255271
1170.450662
-285.275025
-1809.330060
-2465.757676
-1906.078204
-1514.271514
-1178.215360
-819.486287
-726.620492
-1762.431280
-2874.180821
-2855.545544
-1990.402830
-1327.763455
-1527.937384
-1491.909182
-1415.504548
-1506.351522
-1752.647760
-1674.379599
-976.488492
-527.999502
-520.545392
-740.131067
-557.971239
-126.409293
149.703388
84.014038
22.207038
238.065658
377.830232
458.117215
431.561946
853.340372
1324.036399
1360.685777
849.458023
400.037270
667.453489
1060.657824
1083.641332
941.392054
853.806254
414.634903
-275.025623
-369.133770
268.658570
450.818399
-22.517626
-200.329223
-94.884616
-449.886635
-796.036897
-260.427990
409.665496
26.399975
-534.211261
-286.206789
-30.748206
-400.037270
-458.117215
165.388079
249.246824
-397.552567
-519.924216
3.261173
79.821101
-155.604559
112.588129
441.656054
169.581017
-83.082275
299.251483
601.608845
401.279622
320.682051
482.032487
378.917290
143.336336
270.211510
512.004223
364.164363
82.461099
149.703388
103.115197
-92.710501
-200.484517
35.562319
-82.150511
-371.152591
-667.453489
-299.096189
1160.201260
1647.513742
1270.770567
-428.300773
-721.806379
61.807001
647.886448
1135.043636
1690.064290
2415.442430
1455.259805
-158.555145
-864.832126
117.402242
1234.276484
1880.765286
1861.508834
1227.909431
354.846724
-589.185327
-614.498244
-295.835015
590.427679
1237.227069
807.528651
-369.910240
-1401.993973
-1220.921202
-942.944994
-816.069819
-668.851134
-358.107898
-743.702829
-1699.692516
-2112.153304
-1724.384257
-1220.300026
-1311.147000
-1365.034008
-1429.481006
-1417.678664
-1536.323258
-1495.946826
-1208.187097
-988.912009
-804.112183
-983.787308
-1062.831940
-851.476845
-364.009069
-54.197596
-154.672795
-233.562133
-157.312793
-14.287045
-24.381153
297.853837
727.707550
1351.368138
1259.434107
774.295741
607.044134
543.994781
837.966269
762.959281
1214.554150
1337.391681
883.777991
267.726807
213.684505
414.790197
256.079759
217.411560
524.738329
552.691244
-117.246948
-176.413951
138.522222
189.303351
-289.312669
-205.609218
159.797496
-172.997484
-459.048979
-200.329223
112.588129
-302.357362
-502.997173
-66.621114
111.501071
-119.265770
25.778799
459.359567
328.757337
-18.790571
150.945740
555.331241
425.816069
398.018448
697.114637
653.011149
252.663291
132.465758
456.408982
414.634903
202.658633
299.717365
390.253750
71.590521
-193.651582
-13.355282
103.115197
-76.249340
-148.305743
-8.075287
-113.985775
-341.025561
-347.858496
-198.776283
-268.503276
-379.227878
-297.232661
-236.823306
-77.957574
57.614063
162.748082
49.228189
-84.324626
23.449390
62.583470
119.886946
287.604435
566.512407
573.500636
310.432649
168.649253
230.456253
272.075038
276.889151
439.171351
548.498307
462.310153
191.477467
50.470541
-18.479983
-38.668199
21.275274
34.164674
-52.489362
-252.507997
-356.865546
-463.863092
-584.837096
-584.992390
-488.399540
-503.773643
-657.980556
-737.180482
-722.116967
-749.448705
-838.121563
-782.526321
-712.333446
-685.312295
-689.660527
-630.493523
-551.448892
-529.552442
-468.677205
-383.420815
-310.743237
-255.458583
-188.216293
-93.642265
-31.679970
-15.529397
35.407025
102.028139
195.825698
213.839798
255.303289
297.543249
295.213839
251.731527
236.046836
301.736186
315.867938
303.444420
309.345591
313.383234
243.345653
165.698667
178.588067
253.750349
269.124452
255.613877
264.776221
241.948007
194.272758
171.444544
214.926856
250.489176
231.077429
252.352703
277.044445
250.178588
194.893934
192.098642
247.228002
259.340932
262.291518
283.722086
264.620927
200.639811
161.505730
195.670404
189.303351
165.853961
181.693946
177.190421
120.508122
51.557598
103.891667
98.301084
39.755257
6.832935
22.362332
3.727055
-32.611734
10.094108
59.322297
27.952915
-22.828214
-31.214088
-54.352890
-87.896388
-74.385812
0.310588
9.007050
-54.663478
-109.171662
-116.625772
-113.519893
-113.675187
-104.823431
-74.075224
-81.839923
-116.159891
-170.823368
-226.418610
-231.698605
-190.390409
-144.578687
-186.818647
-257.477404
-274.715035
-252.507997
-260.583284
-260.583284
-217.722148
-190.856291
-221.138615
-221.138615
-157.778675
-103.736373
-100.009318
-109.326956
-99.854024
-100.164611
-88.517564
-31.679970
38.047023
74.541106
69.726993
38.512905
22.517626
39.599963
99.543436
158.399851
189.303351
179.364537
124.079883
51.091717
19.567040
54.663478
119.576358
144.112805
119.421064
63.049352
-7.764699
-38.978787
-33.698792
2.174116
21.896450
20.188216
-0.310588
-54.663478
-109.948132
-125.322235
-92.089325
-67.397584
-63.359940
-71.124639
-71.745815
-90.225797
-90.070503
-59.477591
-24.847035
-5.901171
4.969407
42.861136
47.209367
31.524676
31.524676
70.658757
105.444607
102.494021
86.032860
74.230518
67.708171
65.999938
64.757586
59.011709
68.174053
76.249340
64.136410
33.854086
14.752927
17.082337
-1.552940
-3.261173
23.759978
50.470541
40.842314
2.329410
4.037643
8.385874
15.374103
37.270553
81.063453
99.077554
74.075224
45.656428
41.618784
44.103488
41.152902
71.745815
109.016368
128.117526
95.505792
30.903500
-2.018822
14.908221
67.552878
85.722272
68.639935
54.508184
36.649377
-7.919993
-59.943473
-75.783458
-55.284654
-44.414076
-57.148181
-82.616393
-109.948132
-114.762245
-111.501071
-105.444607
-111.035189
-104.823431
-102.959903
-115.228127
-115.072833
-70.037581
-23.294096
-38.357611
-88.517564
-100.009318
-57.303475
-22.207038
9.472932
53.887008
95.039910
79.355219
37.115259
22.828214
48.917601
78.889337
95.505792
109.948132
103.115197
80.752865
52.799950
38.668199
42.395254
52.489362
51.402305
36.804671
4.969407
-9.628226
-14.752927
-22.983508
-36.649377
-67.397584
-95.350498
-122.682237
-121.595180
-83.237569
-55.595242
-58.856415
-91.312855
-114.606951
-106.065782
-89.138740
-60.564649
-28.884679
-3.105879
-3.261173
-25.623505
-30.437618
-3.727055
30.748206
48.607013
47.830543
47.209367
47.830543
49.072895
53.576420
65.999938
98.145790
109.948132
92.399913
40.221139
4.348231
3.261173
19.101158
36.028201
40.997608
36.494083
-1.708234
-45.811722
-65.534056
-48.141131
-29.816442
-16.771749
-1.397646
0.155294
-21.275274
-56.682300
-54.974066
-44.879958
-27.176445
-6.522347
5.901171
-7.143523
-44.258782
-37.581141
-8.385874
5.901171
-4.348231
3.882349
28.108209
30.748206
8.075287
-15.995279
-22.828214
-19.877628
1.397646
6.367053
3.571761
0.621176
3.416467
-3.727055
-37.891729
-43.171724
-20.964686
6.367053
6.988229
-2.639998
-3.882349
-7.609405
-12.423518
-12.268224
10.094108
24.691741
20.654098
-4.503525
-10.249402
21.119980
63.981116
87.896388
75.472870
54.818772
36.649377
29.039973
38.668199
79.821101
129.825760
143.025748
106.065782
58.235239
43.637606
60.719943
89.138740
106.065782
108.239898
86.032860
48.607013
10.870578
-9.783520
-7.143523
2.018822
1.552940
-13.510576
-36.804671
-61.341119
-84.324626
-102.183433
-101.096375
-89.138740
-77.025810
-87.119918
-102.804609
-103.581079
-86.498742
-64.136410
-58.701121
-58.079945
-60.564649
-45.656428
-24.847035
-4.037643
6.832935
10.870578
10.715284
1.863528
12.578812
38.823493
68.329347
61.185825
35.251731
21.119980
21.119980
24.691741
13.665869
13.665869
25.468211
29.971736
6.056465
-31.524676
-48.762307
-40.531727
-23.915272
-17.237631
-23.138802
-48.141131
-75.783458
-88.051682
-79.510513
-63.825822
-53.421126
-44.879958
-47.519955
-58.545827
-69.726993
-70.348169
-61.185825
-37.581141
-6.367053
9.938814
-6.832935
-35.096438
-40.065845
-29.816442
-19.877628
-10.715284
17.703513
41.774078
37.891729
6.988229
-11.802342
-1.552940
15.839985
24.847035
22.207038
30.437618
37.115259
33.077616
10.094108
2.484704
23.138802
45.190546
45.345840
32.767028
42.239960
53.421126
53.421126
47.675249
65.068174
86.809330
89.294033
82.150511
85.722272
97.214026
94.884616
93.952853
107.308134
132.931639
136.813989
114.606951
86.188154
79.199925
89.915209
89.449327
71.745815
45.811722
28.418797
6.211759
-12.423518
-21.896450
-22.672920
-32.767028
-55.439948
-76.249340
-95.816380
-105.755194
-101.096375
-85.722272
-86.188154
-104.978725
-119.576358
-120.508122
-115.849303
-110.414014
-95.505792
-75.162282
-63.049352
-61.341119
-55.905830
-31.835264
-2.174116
10.404696
2.484704
1.242352
20.654098
39.599963
47.209367
53.731714
65.844644
58.545827
32.145852
15.684691
27.331739
44.569370
39.599963
22.517626
7.764699
-3.727055
-25.623505
-46.432897
-51.712892
-49.538777
-62.894058
-85.411684
-86.809330
-76.094046
-82.461099
-106.997546
-113.519893
-92.244619
-71.435227
-68.018759
-69.261111
-56.061124
-35.096438
-19.722334
-16.305867
-14.597633
-1.242352
16.616455
24.381153
23.759978
36.183495
58.390533
68.950523
60.875237
54.818772
60.564649
57.458769
42.550548
34.941144
48.296425
58.079945
45.501134
21.275274
12.268224
19.877628
23.294096
15.374103
3.727055
3.727055
10.249402
13.510576
9.472932
10.094108
22.517626
33.698792
29.350561
21.741156
35.096438
57.924651
66.465820
61.030531
67.552878
90.381091
106.221076
107.152840
107.929310
115.072833
107.929310
79.976395
56.837593
59.167003
72.677579
71.745815
48.917601
16.616455
-8.385874
-23.294096
-36.649377
-48.917601
-49.538777
-44.103488
-54.197596
-84.169332
-106.686958
-103.270491
-93.797559
-98.611672
-107.463428
-102.028139
-89.138740
-87.585800
-94.884616
-92.710501
-72.832873
-50.159953
-42.705842
-44.724664
-37.115259
-18.169395
-6.988229
-9.007050
-3.571761
19.256452
41.308196
44.414076
35.717613
29.505855
33.543498
40.065845
45.811722
47.209367
41.463490
30.437618
15.218809
1.708234
-10.094108
-17.858807
-22.828214
-27.021151
-33.543498
-48.141131
-66.776408
-78.889337
-78.578749
-82.461099
-95.661086
-95.039910
-70.658757
-48.607013
-56.837593
-72.677579
-68.329347
-52.489362
-44.258782
-30.282324
2.639998
35.407025
44.414076
33.854086
27.021151
27.952915
34.319968
45.967016
61.030531
72.056403
76.559928
74.385812
59.788179
37.115259
22.207038
23.604684
31.214088
36.028201
40.997608
45.811722
39.134081
17.548219
2.018822
4.814113
18.169395
34.009380
55.439948
69.882287
61.651707
41.929372
34.319968
45.656428
62.117589
76.404634
91.468149
101.406963
91.623443
70.969345
59.322297
58.390533
63.359940
70.658757
72.056403
62.738764
46.122309
24.381153
5.901171
-3.882349
-10.094108
-11.647048
-11.336460
-16.461161
-34.785850
-60.254061
-81.684629
-92.244619
-87.896388
-75.472870
-72.056403
-79.665807
-82.616393
-81.839923
-86.809330
-99.854024
-106.065782
-92.089325
-66.776408
-48.762307
-45.190546
-47.519955
-48.762307
-46.743485
-47.830543
-48.607013
-35.096438
-9.628226
2.174116
-3.105879
-2.795291
-1.397646
-9.472932
-10.870578
-4.814113
-2.018822
4.037643
11.647048
4.658819
-13.821163
-24.691741
-17.392925
-13.199988
-27.642327
-29.039973
-14.752927
-15.529397
-24.070566
-31.524676
-27.797621
-6.367053
-6.367053
-15.063515
-2.018822
-15.839985
-17.858807
22.051744
-0.931764
43.637606
232.940957
122.061061
-223.778613
-110.258720
250.489176
156.846911
-113.364599
-31.835264
172.221014
160.418672
30.127030
-15.063515
6.056465
-23.759978
-46.432897
25.157623
81.063453
40.687020
10.715284
30.127030
21.119980
-28.884679
-54.042302
-24.847035
11.025872
19.877628
34.319968
63.981116
58.701121
20.343510
-0.310588
4.192937
12.578812
22.517626
43.637606
74.851694
88.828152
63.981116
31.214088
19.877628
18.635277
18.790571
26.244681
37.115259
47.364661
39.755257
-2.174116
-34.785850
-12.889400
6.056465
-25.778799
-33.077616
8.385874
2.174116
-58.545827
-75.783458
-46.277603
-33.698792
-31.369382
-19.567040
-22.983508
-38.202317
-41.774078
-41.152902
-42.395254
-25.312917
6.522347
18.014101
0.465882
-15.063515
-15.063515
-14.442339
-19.411746
-14.442339
4.814113
17.548219
6.832935
-15.529397
-28.884679
-26.399975
-17.548219
-19.256452
-34.319968
-44.569370
-44.569370
-48.917601
-59.788179
-64.136410
-59.632885
-57.458769
-68.795229
-83.703451
-74.230518
-46.588191
-40.531727
-66.931702
-77.957574
-49.072895
-24.536447
-34.475262
-41.929372
-15.684691
9.472932
4.192937
-1.863528
11.491754
23.138802
31.679970
40.842314
38.202317
35.562319
44.414076
46.588191
47.209367
62.894058
70.814051
57.614063
41.308196
35.872907
35.251731
24.536447
27.642327
63.359940
57.303475
-20.343510
-14.131751
58.545827
-1.397646
-71.279933
30.282324
118.489300
70.037581
58.545827
80.752865
55.750536
62.738764
-0.621176
-182.159828
-82.616393
236.046836
159.797496
-81.684629
119.886946
359.039662
167.251607
-20.032922
34.941144
17.082337
-78.112868
-39.444669
56.371712
97.214026
92.555207
62.272882
46.277603
43.637606
-11.647048
-85.877566
-91.002267
-61.496413
-61.185825
-55.439948
-25.778799
-23.294096
-62.894058
-97.369320
-107.929310
-115.849303
-112.588129
-82.616393
-52.489362
-40.531727
-32.456440
-28.574091
-38.202317
-47.054073
-43.948194
-37.891729
-33.232910
-30.282324
-21.741156
3.105879
29.039973
34.475262
22.051744
5.901171
-9.317638
-20.654098
-30.282324
-29.505855
-11.957636
2.639998
-9.783520
-34.785850
-48.762307
-62.272882
-76.404634
-70.348169
-54.818772
-58.235239
-71.745815
-76.094046
-73.298754
-65.068174
-54.352890
-54.508184
-63.049352
-60.409355
-43.327018
-29.661149
-23.759978
-7.143523
23.915272
43.327018
40.842314
35.096438
34.630556
35.562319
41.152902
56.527006
76.094046
86.032860
81.995217
72.988167
63.825822
57.769357
59.011709
63.515234
64.757586
65.844644
63.825822
49.228189
32.922322
25.312917
29.350561
42.239960
50.936423
51.402305
56.216418
64.136410
53.576420
31.990558
29.816442
46.277603
59.632885
59.632885
48.762307
41.929372
48.451719
49.538777
37.425847
38.668199
61.496413
75.162282
64.291704
43.792900
28.884679
22.672920
20.654098
21.119980
26.244681
31.990558
23.604684
0.000000
-23.138802
-35.407025
-36.494083
-35.717613
-44.724664
-57.614063
-60.875237
-64.912880
-79.355219
-94.263441
-99.698730
-96.282262
-90.536385
-93.797559
-100.009318
-102.494021
-102.338727
-104.357549
-102.028139
-88.206976
-67.242290
-52.955244
-54.663478
-60.564649
-63.515234
-55.750536
-45.190546
-32.145852
-18.169395
-2.329410
6.522347
-5.435289
-18.945864
3.882349
42.861136
23.138802
-23.138802
-33.543498
-13.976457
-11.025872
-7.298817
11.336460
36.804671
62.428176
74.075224
57.769357
20.964686
1.708234
-13.355282
0.931764
13.976457
35.717613
33.077616
60.409355
42.861136
-9.938814
20.809392
78.889337
61.496413
136.037519
541.820666
592.601794
216.013914
-206.540982
-302.823244
-376.587880
-381.557287
-332.794980
-240.860949
-69.261111
99.232848
172.531602
44.724664
-54.663478
-151.877504
-170.668074
-207.006864
-115.383421
2.795291
141.162220
171.755132
165.543373
100.475199
22.517626
-23.449390
-28.729385
23.449390
92.710501
162.282200
168.959841
173.463366
120.042240
79.199925
42.395254
45.967016
40.842314
58.701121
61.496413
75.472870
81.839923
61.341119
41.463490
24.536447
9.317638
-18.324689
-11.025872
-11.491754
-7.764699
-11.025872
-2.329410
-6.832935
-30.127030
-30.903500
-57.458769
-9.938814
-56.837593
-43.948194
-64.446998
-30.127030
-66.621114
177.345715
383.731403
173.463366
-115.538715
-248.315060
-163.679846
-219.119794
-122.992825
-161.816318
-65.223468
-11.025872
66.465820
-40.221139
-143.025748
-162.592788
-150.790446
-122.682237
-87.585800
-24.691741
7.454111
18.479983
-15.684691
-56.061124
-91.778737
-87.741094
-63.981116
-43.637606
-25.002329
3.571761
15.374103
19.877628
-27.642327
-11.491754
-1.397646
8.075287
48.296425
493.213653
595.862968
290.865608
-72.677579
-166.319843
-204.832748
-195.359816
-60.875237
-53.887008
-4.658819
74.075224
134.950461
-68.795229
-219.896263
-274.559741
-195.515110
-182.159828
-84.324626
67.242290
427.524303
323.166754
29.505855
-119.110476
-147.529273
-136.503401
-132.931639
51.557598
68.484641
106.221076
107.774016
148.771625
50.470541
-9.162344
18.635277
33.232910
2.329410
29.350561
90.225797
125.788117
85.566978
82.926981
41.618784
108.395192
309.500885
302.046774
213.063329
133.397521
92.244619
-35.251731
-28.884679
-47.830543
-88.051682
-88.051682
-8.385874
-12.734106
-75.783458
-101.717551
-108.239898
-124.701059
-134.018697
-86.032860
-28.418797
-14.908221
-86.498742
-39.289375
-47.364661
-29.505855
-59.943473
-28.574091
29.350561
41.618784
10.559990
-51.247011
-53.576420
-40.531727
-4.969407
34.475262
37.425847
-10.870578
-70.037581
-57.458769
-19.256452
-49.538777
-59.011709
-30.282324
11.025872
-15.063515
-51.712892
-42.239960
-78.578749
-112.898717
-56.527006
12.268224
-2.484704
-4.969407
30.282324
14.908221
-44.103488
-71.124639
-61.962295
-11.336460
23.449390
-8.385874
-21.275274
30.282324
60.409355
9.628226
-18.790571
3.105879
5.435289
-14.752927
0.000000
21.430568
74.851694
66.155232
24.225860
-4.348231
-2.174116
19.567040
71.435227
203.279808
212.597447
228.282138
74.075224
29.039973
-47.830543
-16.616455
26.089387
0.931764
-7.609405
-78.578749
-23.604684
-6.832935
-36.804671
-4.348231
-79.976395
-212.752741
-121.129298
-47.830543
49.072895
-71.590521
-198.931577
-116.004597
70.503463
16.461161
-152.498680
101.717551
143.957511
-117.091654
-173.463366
-41.618784
72.988167
179.985713
86.343448
52.334068
151.256328
143.957511
-109.171662
-159.021027
128.272820
129.825760
-40.842314
164.766904
189.458645
-28.574091
45.967016
43.171724
101.251669
-124.856353
-149.548094
266.018573
13.976457
-50.159953
163.369258
173.929248
-75.783458
-132.310464
-110.414014
101.406963
92.399913
-123.458707
201.571575
75.006988
-217.100972
-357.331428
33.388204
175.948069
-37.736435
-132.465758
140.230456
38.512905
-90.691679
-99.543436
38.512905
-143.646923
-204.522160
206.075100
-2.174116
-66.776408
-11.957636
136.813989
-36.028201
-231.543311
9.162344
47.830543
-82.771687
114.762245
143.491629
-118.023418
-75.783458
-240.860949
-12.578812
-9.472932
-91.778737
130.602230
207.938628
24.536447
-333.726744
-30.127030
143.802217
-268.658570
-83.548157
231.853899
76.094046
-65.068174
87.275212
-43.016430
-50.159953
161.505730
-152.032798
-239.308010
-80.752865
186.197472
333.105568
-9.628226
-164.145728
70.348169
-56.216418
-132.155170
110.569308
-161.350436
-109.637544
345.373792
-67.086996
108.705780
92.710501
-374.724353
132.465758
191.166879
-142.870454
-174.239836
224.244495
295.679721
-32.767028
-248.470354
267.726807
74.075224
-532.503028
244.898593
489.331304
-112.432835
-278.131503
58.235239
69.416405
189.148057
-40.842314
-202.969220
191.322173
-12.423518
-167.717489
114.606951
279.373854
16.150573
-133.552815
-82.926981
-129.204584
157.312793
235.736248
93.021089
-57.769357
-48.762307
217.256266
-28.418797
-287.759729
-261.980930
185.731590
144.268099
-82.461099
143.181042
66.310526
-111.501071
27.331739
-123.303413
-34.941144
172.376308
-43.637606
61.962295
-247.383296
225.020964
-2.950585
-123.458707
-140.385750
-77.957574
91.468149
-311.364412
40.842314
346.460850
-280.616206
-318.042053
-52.023480
-129.515172
-237.599776
-38.047023
40.221139
183.868062
224.244495
-279.218560
-237.444482
-45.811722
-156.536323
-20.498804
461.378389
21.585862
-69.726993
418.827841
52.178774
-440.103115
133.242227
99.077554
-166.009255
276.423269
119.265770
461.378389
-116.936360
-204.832748
-9.162344
10.559990
182.781004
-77.646986
170.978662
157.312793
-65.844644
96.903438
113.830481
-247.849178
-11.025872
19.256452
188.216293
199.552753
-251.731527
-27.487033
148.305743
-385.129049
-175.171600
229.213902
11.181166
-172.531602
-16.461161
231.853899
-45.501134
-263.378575
36.028201
-285.585613
-130.291642
64.757586
-66.621114
-0.155294
155.449265
393.825511
-201.571575
-408.112557
138.366928
127.341056
-283.566792
209.025685
487.467776
7.143523
-340.093797
-110.879896
409.976084
-163.835140
-326.117340
436.686647
226.263316
-232.940957
74.230518
167.717489
-321.303227
-89.294033
71.745815
31.369382
-166.941019
181.072771
423.331366
-441.966642
-32.767028
128.272820
-432.183122
33.077616
454.545454
-131.533994
-131.999876
283.100910
3.261173
-108.705780
-491.971301
207.006864
432.493710
-326.117340
-110.879896
254.682113
-115.538715
-251.731527
170.202193
37.581141
-309.190297
59.943473
258.719756
105.755194
-359.194956
-233.096251
495.232474
-65.068174
-182.315122
-34.630556
306.705593
212.286859
-409.665496
-270.522098
439.326645
69.882287
-453.613690
161.971612
327.514985
-58.856415
18.169395
-274.404447
-179.364537
103.425785
272.385626
42.861136
-154.983383
303.444420
49.538777
-122.526943
-253.129173
-151.256328
234.338603
44.258782
-107.774016
432.649004
-186.973941
-48.296425
259.340932
-356.089076
-187.595117
457.030158
81.529335
-370.220828
40.376433
506.103052
156.381029
-439.637233
-219.896263
79.821101
199.397459
-20.343510
-293.660900
433.425474
450.352517
-504.394819
-242.569183
-26.710563
-128.272820
-31.679970
135.726931
436.531353
-167.096313
-414.790197
68.795229
110.724602
-155.759853
30.282324
-307.171475
86.964624
734.385190
-254.371525
-214.460974
-290.555020
141.162220
170.357487
-68.484641
-203.124514
-25.934093
480.634841
604.404136
-474.733670
-695.251110
216.635090
106.997546
578.004161
-84.790508
-620.710003
504.394819
412.460788
-519.458334
-523.495977
319.129111
140.541044
-347.082026
296.611485
509.985402
-505.792465
-558.126533
463.552504
64.136410
-337.609094
192.564524
-110.569308
-170.823368
308.103239
46.743485
-270.832686
72.056403
227.660962
-235.270367
-108.239898
179.364537
172.065720
30.127030
-30.748206
-87.896388
34.941144
216.324502
-11.802342
-337.143212
-76.870516
722.272261
-175.948069
-623.194707
164.611610
283.566792
170.202193
-271.453862
-229.835078
119.421064
67.552878
-150.945740
175.326894
46.588191
-241.016243
253.284467
-171.133956
-194.272758
-33.232910
71.435227
644.004099
-312.606764
-511.848929
73.609342
391.030220
141.783396
-394.136099
-136.503401
35.717613
493.679535
61.496413
-357.176134
-94.574029
203.900984
237.289188
-247.383296
-265.397397
140.851632
298.009131
84.169332
71.901109
-292.263254
-166.319843
203.745690
241.482125
-227.505668
-354.536136
385.439637
249.557412
-397.397273
213.063329
78.268162
-519.458334
267.882100
-13.821163
136.192813
19.722334
-253.595055
117.246948
-42.239960
-26.555269
12.578812
-118.334006
-46.898779
700.375811
-187.595117
-580.022983
474.733670
149.548094
-486.380718
-123.924589
379.383172
-44.879958
-181.693946
697.425225
-211.044507
-873.373295
239.618598
684.691119
-241.482125
-738.422834
335.124390
422.399602
87.741094
-290.244432
-209.180979
231.853899
-286.672671
145.044569
341.336149
-80.597571
-193.496288
-147.373979
404.074913
305.152654
-771.811037
-231.698605
818.243935
42.395254
-32.456440
-30.592912
-355.778488
-18.945864
504.084231
-212.442153
-414.479609
415.411373
99.543436
-25.468211
140.851632
-301.270304
-274.870329
480.324253
-142.870454
-383.731403
228.437432
226.729198
-281.082088
254.526819
364.785539
-705.811100
-326.427928
531.260676
94.418735
-169.425723
100.009318
-45.811722
-104.823431
-45.035252
95.971674
33.854086
-302.667950
-53.576420
201.726869
523.185389
-502.220703
-339.162033
479.392489
-220.206851
-226.108022
60.564649
165.077491
20.809392
48.762307
-159.176321
447.712519
-372.239649
-681.119358
721.340497
182.159828
-520.234804
147.529273
432.959592
-126.098705
-446.314874
196.136286
121.750473
-325.962046
182.781004
237.133894
63.515234
-195.670404
-152.653974
328.446749
196.602168
-452.837220
-283.722086
642.140571
-71.590521
-8.230580
449.731341
-400.969034
-338.696151
233.562133
121.284592
146.908097
-195.049228
-265.397397
681.119358
28.108209
-577.072397
60.254061
218.964500
-68.795229
26.244681
23.604684
-0.155294
-118.023418
72.211697
454.390160
-415.411373
-586.234742
379.227878
329.378513
141.162220
-141.628102
-501.910115
267.416219
423.952542
-431.872534
-81.374041
141.162220
142.559866
-48.917601
-162.903376
271.143274
-60.564649
-133.708109
7.764699
-108.705780
77.025810
305.773829
-142.249278
-120.197534
107.774016
-146.752803
3.882349
62.117589
-55.750536
-150.790446
280.305618
126.719881
-610.460601
221.915085
484.672484
-227.039786
-579.557101
221.138615
464.950150
-33.698792
-551.914774
23.759978
379.538466
-265.552691
-51.247011
273.627977
-62.738764
-170.668074
-70.969345
222.536261
153.275150
-418.517253
-119.110476
604.714724
-200.173929
-609.684131
511.227754
413.392552
-690.281702
-125.632823
590.738267
-107.463428
-272.075038
171.755132
143.181042
-137.279871
-180.296301
180.762183
58.856415
-103.736373
47.675249
-31.679970
-101.406963
147.995155
-57.614063
-117.868124
14.442339
306.395005
-143.336336
-157.157499
68.950523
66.776408
44.103488
-194.428052
-16.616455
134.329285
-2.950585
56.682300
-107.618722
21.275274
169.891605
-128.272820
-121.129298
144.112805
317.110289
-167.406901
-252.042115
178.432773
273.162096
-126.719881
-257.477404
234.649191
-29.505855
-17.392925
46.277603
27.642327
92.244619
112.432835
-195.204522
-190.235115
275.491505
-19.722334
-343.354971
397.241979
121.284592
-450.041929
201.416281
54.042302
72.211697
-116.159891
-75.472870
28.418797
-56.527006
145.821039
87.896388
-258.875050
-27.487033
145.355157
-43.327018
89.138740
-86.964624
97.369320
-134.950461
-50.004659
217.877442
-5.124701
-414.169021
21.275274
293.816194
294.126782
-275.336211
-373.637295
252.818585
193.962170
-183.712768
-104.978725
141.006926
-210.268037
54.663478
337.143212
4.192937
-579.867689
86.343448
456.564276
-33.543498
-579.712395
396.310215
226.418610
-359.660838
-275.180917
399.571388
314.780880
-590.117091
-213.373917
661.086436
226.108022
-776.314563
-88.672858
527.378327
40.997608
-313.227940
-0.931764
179.985713
-173.618660
-158.089263
518.526570
85.101096
-797.123955
44.103488
883.467403
-185.421002
-656.738205
126.875175
438.394881
-105.134019
-262.291518
202.658633
158.710439
-392.583159
88.051682
454.079572
-140.075162
-604.559430
354.846724
470.540733
-418.827841
36.183495
25.157623
-71.590521
161.661024
50.159953
-91.934031
-46.898779
-133.242227
241.482125
257.632698
-260.893872
-259.185638
261.515048
175.326894
-125.788117
-291.486784
207.162158
266.018573
-164.922198
-95.350498
98.611672
-202.813927
-78.578749
460.757213
88.672858
-390.253750
-343.820852
643.227629
235.270367
-721.185203
-66.155232
456.719570
25.312917
-262.912693
-8.696462
264.931515
-12.423518
-1.552940
-173.773954
-186.352766
116.936360
216.945678
-216.945678
38.668199
331.242041
-390.098456
-94.263441
444.917228
-211.044507
-357.642016
135.261049
442.898406
-117.868124
-360.282013
0.310588
351.274963
-187.750411
-120.352828
218.809206
-84.014038
-265.863279
424.263130
132.465758
-457.185452
-192.875112
225.331552
519.613628
-333.571450
-412.305494
166.785725
375.500823
42.084666
-374.258471
-14.908221
51.712892
-43.482312
315.712644
81.218747
-640.432338
120.042240
663.571139
-168.649253
-566.357113
-25.002329
358.729074
316.023232
-211.044507
-369.910240
147.373979
98.301084
61.651707
148.305743
-289.778550
-294.437370
487.467776
72.832873
-217.722148
-108.861074
172.221014
-45.190546
-19.411746
273.627977
-355.467900
-282.013852
579.401807
266.950337
-445.538404
-428.456067
223.002143
485.293660
-267.571513
16.150573
-96.903438
-23.138802
260.893872
-105.755194
-183.868062
47.054073
115.538715
-45.967016
-52.023480
112.432835
25.778799
-193.185700
315.867938
-332.639687
-46.898779
229.369196
-30.282324
-118.023418
309.966767
40.531727
-196.602168
-502.841879
256.700935
708.451097
-435.133708
-275.957387
11.802342
271.298568
195.515110
-102.959903
-272.696214
-114.451657
263.999751
315.246762
-423.486660
-121.129298
442.587818
-353.914961
-146.131627
630.338230
-207.472746
-493.368947
322.390284
428.766655
-241.326831
-367.580830
-153.430444
319.129111
382.489051
-226.263316
-439.637233
-33.854086
725.067552
104.668137
-602.540609
-86.343448
-32.611734
227.039786
390.564338
-289.778550
-370.842003
54.974066
383.576109
74.075224
-365.096127
-67.552878
296.611485
-226.418610
78.112868
378.296114
-331.863217
-352.051433
542.752430
-211.044507
-57.769357
43.482312
-122.992825
99.698730
100.941081
32.922322
-230.611547
70.503463
102.804609
-27.642327
-184.489238
234.649191
48.917601
-224.089201
-62.117589
223.468025
6.832935
-128.117526
-129.981054
77.957574
364.319657
-267.726807
-33.077616
117.091654
-5.124701
-183.402180
-3.882349
306.084417
-154.206914
-62.117589
16.150573
-67.863465
178.898655
152.964562
-292.418548
-95.195204
79.976395
229.524490
82.461099
-482.498369
211.044507
326.738516
-447.401931
15.995279
403.298443
-436.997235
133.552815
348.169084
-402.987856
-202.348045
452.060750
26.399975
-332.173805
-52.023480
474.423082
-155.915147
-500.667763
420.225486
121.439886
-153.585738
-139.298692
87.430506
102.959903
-64.602292
-11.802342
109.326956
-127.030469
-113.985775
186.508060
144.423393
-164.456316
-96.282262
8.385874
84.169332
184.023356
-126.719881
-171.910426
142.870454
200.639811
-154.051620
-187.284529
-44.258782
336.677330
150.790446
-544.615957
93.021089
383.576109
-11.181166
-232.475075
-158.710439
148.771625
191.477467
-136.348107
-201.882163
160.884554
56.061124
124.545765
-58.856415
-288.691493
-101.562257
452.526632
-107.152840
-137.435165
114.296363
-33.388204
-194.428052
118.955182
294.437370
-361.834953
-211.044507
348.790260
230.766841
-307.016181
-49.228189
102.649315
12.578812
-58.701121
-37.891729
92.089325
-53.110538
94.729322
179.209243
-309.035003
-140.075162
280.460912
84.479920
-270.056216
-225.642140
425.816069
34.164674
-310.743237
-75.472870
163.679846
-102.028139
-125.166941
30.282324
-128.893996
106.842252
-78.578749
-22.828214
-79.510513
-91.468149
125.166941
-16.616455
-384.197285
280.616206
10.715284
-168.338665
179.519831
-102.183433
-68.950523
176.413951
-17.703513
-46.743485
-61.341119
164.456316
86.654036
44.258782
79.199925
-247.849178
250.799764
180.141007
-33.388204
-36.494083
181.228065
-1.397646
146.908097
-63.204646
85.256390
61.030531
158.865733
29.505855
-74.230518
163.058670
-13.355282
68.950523
-58.545827
61.651707
42.084666
-136.503401
345.839674
47.830543
-244.432711
-13.199988
56.061124
42.705842
177.811597
-346.305556
-53.887008
251.886821
14.287045
195.825698
-380.159642
-10.094108
94.108147
-119.731652
152.032798
-38.202317
-194.428052
216.169208
-38.357611
-176.879833
38.978787
-79.044631
78.889337
-102.183433
-76.094046
-94.729322
95.816380
-43.171724
-13.044694
-159.797496
-233.872721
209.180979
-15.529397
-250.178588
-9.317638
76.870516
-66.931702
-301.891480
-36.649377
247.228002
-107.308134
-257.166816
55.595242
-42.084666
-185.576296
252.197409
-194.738640
-360.126719
235.580954
142.404572
-149.392800
-98.456378
13.044694
-72.056403
89.604621
-170.823368
-90.691679
76.404634
231.232723
-196.291580
-16.616455
125.788117
28.574091
-179.830419
-80.286983
365.251420
-15.839985
-80.442277
35.717613
122.216355
49.538777
73.764636
109.948132
-101.562257
119.731652
164.766904
270.211510
-84.479920
-114.762245
345.994968
-19.256452
252.507997
-72.677579
53.265832
360.282013
10.404696
-98.766966
268.813864
39.289375
-107.618722
400.192564
-233.872721
32.301146
331.552629
55.129360
-178.743361
-225.486846
459.204273
156.536323
-469.608969
59.322297
277.665621
-113.209305
-192.253936
47.054073
91.002267
-168.649253
205.764512
-163.058670
-335.124390
245.519769
48.607013
-181.538652
-136.348107
-2.484704
-86.343448
154.517501
-126.719881
-208.715097
-0.931764
40.842314
-191.166879
-72.832873
7.454111
-84.169332
-16.771749
-1.552940
-157.312793
-239.773892
68.174053
141.162220
-61.341119
-528.310090
182.004534
243.345653
-313.538528
37.891729
-157.778675
-199.708047
317.265583
5.124701
-429.232537
88.362270
78.423456
63.049352
-49.849365
-246.451532
154.983383
-108.084604
56.837593
156.225735
-168.493959
-98.922260
203.745690
-11.181166
-89.294033
65.068174
-56.527006
184.644532
-135.882225
-29.039973
255.924465
-117.246948
-17.703513
28.418797
160.108084
-109.171662
-37.270553
139.143398
-21.430568
-50.004659
127.806938
83.237569
-158.244557
33.077616
101.717551
203.745690
-175.326894
-93.797559
187.905705
147.684567
-47.519955
28.108209
107.774016
-87.585800
203.745690
123.148119
-106.997546
103.270491
241.171537
-16.305867
-50.159953
243.035065
109.792838
-64.757586
188.060999
219.119794
-321.303227
162.126906
491.350125
-107.152840
-198.776283
176.103363
116.781066
-10.715284
176.258657
-60.254061
-109.637544
266.484455
33.698792
-310.743237
153.430444
169.581017
-79.665807
-273.006802
97.214026
84.324626
-72.366991
-198.310401
-15.995279
-88.362270
-136.503401
144.733981
-261.670342
-154.828089
-50.315247
-165.077491
-70.192875
-174.550424
-144.889275
42.395254
-285.585613
-339.938503
130.291642
7.919993
-202.658633
-339.472621
-148.305743
145.821039
-79.044631
-168.649253
-208.559803
-57.769357
-15.063515
148.305743
-186.197472
-184.178650
220.051557
15.839985
-211.976271
54.974066
163.213964
77.802280
-156.070441
-16.150573
319.129111
27.642327
48.451719
122.371649
-108.395192
149.858682
323.322048
-111.656365
-38.823493
124.390471
339.472621
82.616393
-262.757399
306.860887
212.442153
-98.766966
-70.037581
123.769295
272.230332
-106.686958
65.223468
85.722272
-51.247011
139.609280
151.566916
-159.797496
-108.550486
280.460912
106.531664
-191.477467
38.047023
194.738640
81.839923
-206.385688
-63.049352
284.343261
123.769295
-113.985775
-214.771562
191.477467
163.213964
-104.823431
48.762307
-68.484641
-76.404634
67.086996
173.463366
-157.468087
-94.574029
98.301084
7.143523
-167.872783
-21.430568
49.228189
-76.870516
-27.952915
-116.470478
-10.559990
39.444669
-177.656303
-69.726993
73.454048
-3.727055
-321.613815
-17.703513
252.507997
-212.752741
-92.244619
28.884679
-56.682300
-123.769295
118.023418
40.842314
-247.228002
40.842314
80.908159
-63.204646
79.821101
-85.722272
-61.341119
120.508122
-40.376433
33.388204
83.548157
-235.425660
67.552878
260.583284
-36.494083
-150.635152
-49.538777
91.468149
208.715097
-79.510513
-206.230394
136.813989
30.592912
48.141131
3.261173
-47.830543
-130.136348
165.232785
122.682237
-254.682113
-54.818772
287.604435
-56.837593
-270.987980
209.180979
-5.279995
-128.893996
71.745815
-51.557598
-75.938752
141.783396
53.887008
-188.992763
-44.569370
111.811659
-144.423393
154.517501
17.392925
-145.665745
-34.164674
20.809392
123.148119
62.428176
-6.367053
-316.489114
74.385812
267.571513
3.571761
-111.190483
-43.016430
38.823493
123.614001
22.362332
-70.658757
10.249402
-41.152902
133.397521
-17.548219
-31.058794
87.585800
35.407025
-20.343510
-54.818772
99.543436
80.752865
-128.428114
10.094108
109.948132
72.211697
-116.936360
109.171662
145.665745
-195.515110
-9.007050
81.529335
79.044631
64.446998
-106.686958
-22.362332
127.806938
103.425785
-80.752865
-198.465695
165.698667
171.755132
-182.315122
-64.136410
210.889213
67.708171
-216.479796
-56.837593
84.479920
190.700997
-42.239960
-354.846724
33.698792
401.434916
-67.863465
-236.202130
-56.216418
-9.007050
135.882225
2.484704
-176.413951
-2.484704
153.119856
-91.934031
-200.018635
106.376370
74.541106
-154.206914
40.376433
-166.009255
18.169395
170.668074
-84.945802
-31.058794
-170.668074
80.752865
39.289375
-95.971674
17.392925
-84.945802
104.357549
16.616455
-131.533994
32.767028
9.628226
-46.277603
95.971674
-62.738764
-110.103426
74.541106
104.823431
33.388204
-158.244557
-54.974066
179.519831
1.863528
-109.948132
107.463428
-65.999938
24.225860
103.115197
-97.369320
-61.962295
121.129298
4.814113
-93.021089
97.835202
12.734106
-33.388204
49.849365
-104.978725
-19.722334
186.818647
-118.023418
-96.437556
100.941081
97.990496
-80.442277
-118.955182
86.654036
88.983446
-102.338727
10.249402
-13.199988
-71.279933
235.425660
-45.190546
-151.256328
-46.743485
167.562195
113.985775
-214.150386
1.708234
93.021089
71.279933
-2.639998
-116.315185
20.188216
101.096375
7.919993
-0.776470
-97.990496
47.209367
154.206914
-52.644656
-108.084604
61.962295
59.477591
-52.178774
-0.931764
150.945740
-66.465820
-129.670466
211.355095
-49.538777
-27.642327
111.966953
-135.105755
-2.795291
126.409293
82.926981
3.105879
-109.792838
13.510576
90.381091
-20.498804
59.477591
-74.075224
-41.774078
107.774016
61.962295
28.108209
-116.936360
-34.164674
3.416467
110.258720
20.498804
-184.489238
64.912880
62.272882
-12.268224
0.621176
-86.498742
36.959965
52.799950
-193.651582
-32.767028
164.301022
57.769357
-64.291704
-184.489238
-13.199988
39.755257
113.364599
-138.832810
-77.025810
95.195204
-102.028139
21.275274
-59.011709
109.948132
-118.178712
-198.155107
106.221076
61.341119
-25.468211
-31.990558
-32.611734
-50.470541
23.138802
-55.439948
0.310588
-17.858807
-4.192937
26.244681
-76.404634
42.239960
18.014101
26.865857
0.931764
-165.388079
25.468211
145.976333
27.021151
-58.545827
-88.672858
32.922322
93.331677
50.004659
-30.592912
-101.406963
-11.025872
173.773954
13.199988
-115.228127
55.905830
-37.115259
110.103426
-34.785850
-26.555269
47.364661
-93.331677
179.830419
-0.931764
-95.505792
-3.416467
9.938814
125.943411
38.978787
-145.199863
-32.301146
163.524552
90.070503
-118.644594
-62.738764
86.498742
88.828152
24.225860
-93.021089
-46.432897
163.835140
31.990558
-23.604684
28.729385
-59.011709
6.832935
79.510513
20.032922
58.390533
-36.028201
-115.694009
125.943411
81.529335
-12.578812
-67.397584
-28.418797
168.493959
-50.004659
-108.550486
92.865795
21.896450
54.818772
-47.675249
-114.606951
86.809330
53.576420
-34.475262
19.411746
-30.903500
-31.679970
-3.416467
-25.157623
87.585800
-74.385812
-95.971674
120.818710
-64.912880
-76.559928
-11.647048
36.494083
99.698730
-179.364537
-142.559866
51.402305
113.675187
21.430568
-180.917477
-156.846911
199.708047
56.527006
-229.213902
-30.903500
104.357549
0.621176
-112.743423
-41.618784
46.122309
-3.261173
29.816442
-44.569370
-117.091654
41.152902
44.569370
-52.334068
13.510576
32.922322
-46.277603
-59.477591
9.162344
92.555207
9.007050
-60.875237
-50.159953
53.110538
-23.604684
63.049352
74.385812
-153.741032
19.101158
84.945802
12.268224
-21.430568
-18.790571
52.644656
8.385874
-9.472932
12.423518
-32.922322
45.345840
63.359940
19.877628
-56.527006
-12.423518
64.446998
24.536447
-44.414076
86.032860
-2.174116
-80.597571
120.042240
23.294096
-45.656428
48.762307
28.418797
-32.767028
-20.343510
84.479920
18.014101
-23.449390
38.047023
44.414076
-9.317638
-26.710563
27.176445
8.851756
31.679970
47.675249
-36.649377
-111.811659
96.126968
170.512780
-94.418735
-138.832810
31.835264
178.743361
-72.211697
-143.336336
81.529335
61.651707
34.630556
-80.286983
-151.566916
136.037519
113.209305
-124.390471
-60.875237
7.609405
69.571699
9.317638
-89.449327
18.945864
65.068174
-93.642265
-52.023480
110.724602
-52.799950
-50.159953
61.496413
-55.284654
38.047023
-2.174116
-81.529335
13.821163
17.703513
1.552940
-1.863528
-44.414076
-29.816442
34.009380
17.858807
-37.736435
-28.108209
3.105879
-33.698792
62.583470
-52.023480
-56.371712
55.905830
16.616455
-27.797621
-21.585862
-32.611734
0.931764
58.545827
-46.743485
-7.298817
-16.305867
-2.174116
16.771749
-66.465820
61.807001
31.679970
-66.931702
-27.487033
-14.752927
48.607013
16.616455
-47.830543
-13.510576
5.435289
9.628226
43.948194
-95.661086
10.404696
72.211697
-20.032922
-8.230580
-72.056403
24.691741
85.877566
-49.849365
-21.896450
63.049352
-22.051744
-11.647048
-39.910551
62.894058
26.710563
-44.569370
71.279933
-14.287045
-2.329410
-13.044694
-54.974066
174.239836
91.468149
-209.180979
10.249402
109.326956
44.569370
52.955244
-104.823431
-16.150573
141.628102
62.894058
-53.887008
-89.915209
56.682300
129.515172
-29.816442
11.025872
-17.082337
-57.924651
141.938690
0.465882
-73.454048
0.465882
35.096438
110.879896
-63.515234
-113.209305
22.828214
63.981116
63.825822
-11.181166
-143.025748
-5.124701
100.785787
19.101158
-54.974066
-114.141069
46.588191
99.698730
-34.164674
-102.494021
-83.237569
92.089325
118.178712
-137.279871
-133.708109
97.679908
25.002329
-23.294096
3.882349
-119.110476
-0.621176
109.948132
4.503525
-137.590459
-79.665807
165.232785
14.752927
-122.837531
-5.745877
0.621176
13.510576
69.261111
-55.129360
-121.750473
59.322297
51.402305
-5.901171
3.571761
-54.197596
-15.218809
22.672920
0.155294
18.479983
17.392925
-19.722334
-45.656428
5.435289
69.882287
-48.762307
-3.261173
80.908159
-38.357611
-69.105817
47.675249
18.945864
-23.604684
64.446998
11.025872
-88.206976
-23.449390
107.463428
52.644656
-66.931702
-118.799888
69.416405
183.091592
-52.178774
-149.703388
-9.783520
153.741032
45.967016
-143.336336
-0.310588
122.837531
-11.802342
-94.884616
42.395254
58.701121
-14.287045
31.524676
-16.461161
-39.599963
-6.056465
55.905830
43.792900
-30.437618
-40.997608
19.101158
43.482312
25.157623
-57.303475
-93.331677
131.068112
73.143460
-128.583408
-57.924651
99.543436
66.931702
-64.602292
-58.856415
-2.950585
46.122309
49.383483
-16.616455
-76.870516
-2.018822
93.331677
-29.350561
-77.957574
37.115259
25.778799
-9.162344
-32.922322
48.762307
21.119980
-63.825822
-27.797621
10.094108
63.825822
31.679970
-87.275212
-60.564649
73.919930
107.308134
-37.425847
-156.536323
60.564649
112.588129
-83.703451
-53.887008
77.025810
-0.155294
-42.239960
22.051744
-30.437618
18.945864
54.663478
-31.524676
-73.143460
-11.647048
101.406963
13.976457
-150.324564
5.590583
130.136348
-42.705842
-82.926981
60.875237
43.171724
-70.814051
-3.882349
33.388204
-47.830543
-8.851756
47.985837
17.703513
-75.783458
-29.039973
113.519893
14.442339
-93.331677
-2.795291
73.298754
-8.541168
-90.070503
13.510576
80.597571
-16.616455
-32.145852
-10.559990
-3.571761
55.905830
32.145852
-40.221139
-66.310526
13.199988
88.051682
-31.679970
-83.082275
48.296425
71.745815
-32.301146
-60.254061
37.425847
94.729322
-44.258782
-106.997546
49.228189
77.957574
-23.915272
-59.632885
5.901171
48.451719
7.609405
4.814113
-1.242352
-33.232910
5.590583
47.209367
-14.597633
-48.917601
16.616455
51.247011
-3.261173
-46.122309
-7.298817
34.009380
33.077616
-2.639998
-56.527006
-15.839985
54.352890
16.150573
-23.449390
-45.967016
6.056465
66.155232
-30.748206
-36.804671
43.482312
27.487033
-31.058794
-32.611734
8.696462
-11.491754
11.491754
30.437618
-47.209367
-8.541168
65.534056
3.571761
-31.369382
-8.696462
4.814113
-2.329410
-19.101158
-7.143523
0.776470
14.131751
36.649377
2.484704
-51.557598
-19.877628
48.451719
16.461161
-54.352890
-12.423518
34.941144
-2.174116
-0.776470
5.435289
-16.927043
9.007050
12.734106
-17.237631
-10.249402
16.461161
20.188216
0.155294
-34.319968
-25.468211
43.792900
16.150573
-46.122309
-4.192937
35.251731
27.797621
-17.392925
-23.759978
18.945864
-6.211759
-12.578812
3.416467
-19.877628
6.677641
33.077616
1.552940
-15.839985
8.230580
18.945864
-28.729385
-31.369382
47.985837
19.567040
-57.924651
-9.317638
48.451719
33.388204
-26.399975
-62.583470
4.037643
69.261111
13.665869
-63.825822
-24.847035
47.985837
30.282324
-18.169395
-33.232910
-7.919993
27.952915
17.237631
-23.449390
-27.176445
35.717613
40.687020
-54.818772
-44.414076
61.341119
41.929372
-50.781129
-39.134081
29.816442
40.997608
-3.727055
-41.774078
-22.207038
32.611734
41.774078
-20.809392
-54.818772
3.416467
57.303475
26.399975
-51.868186
-53.265832
37.115259
60.564649
-9.162344
-61.030531
-15.839985
67.086996
27.331739
-60.098767
-30.903500
35.562319
37.891729
-18.169395
-46.277603
5.124701
47.364661
22.517626
-40.842314
-44.879958
25.623505
50.781129
2.795291
-53.576420
-29.661149
47.054073
41.463490
-18.324689
-46.743485
-11.025872
44.103488
22.051744
-17.858807
-26.244681
-16.771749
31.679970
35.872907
-24.536447
-40.842314
0.000000
35.096438
21.585862
-20.343510
-34.475262
0.155294
40.531727
9.472932
-42.084666
-9.162344
27.176445
7.298817
-0.931764
-14.752927
-13.355282
23.604684
17.703513
-16.616455
-26.710563
6.056465
28.729385
-4.037643
-15.529397
-4.037643
0.465882
17.548219
-0.465882
-15.374103
5.435289
-3.727055
-4.192937
14.908221
0.621176
-14.442339
-0.931764
12.889400
1.863528
-6.988229
1.708234
-1.242352
-3.261173
5.590583
1.863528
-5.279995
0.310588
3.261173
-2.484704
4.658819
5.435289
-13.199988
-4.658819
16.461161
4.348231
-13.355282
-12.578812
6.988229
18.479983
-1.242352
-14.752927
-5.124701
13.044694
11.336460
-9.317638
-1.242352
7.609405
-12.578812
-2.484704
19.411746
2.484704
-18.169395
-4.814113
15.684691
4.037643
-6.367053
4.192937
-4.969407
-11.181166
11.336460
10.249402
-11.647048
-7.919993
3.571761
2.484704
4.192937
5.279995
-9.783520
-11.336460
14.287045
11.181166
-15.995279
-7.298817
10.870578
0.776470
-7.298817
0.931764
4.658819
-2.174116
-2.484704
4.503525
-0.931764
-5.124701
5.435289
3.105879
-11.025872
-3.416467
12.112930
1.863528
-13.355282
-4.192937
13.510576
3.727055
-15.374103
-4.658819
10.559990
2.018822
-8.230580
-6.367053
2.795291
6.522347
-2.174116
-5.435289
2.329410
4.814113
-1.087058
-1.242352
4.192937
-1.397646
-5.745877
4.658819
5.590583
-5.279995
-4.814113
4.503525
5.435289
0.931764
-3.571761
-2.639998
4.192937
3.416467
-2.329410
-1.863528
1.242352
1.397646
-0.776470
1.552940
2.018822
-2.174116
2.329410
3.727055
-4.658819
1.397646
9.162344
-2.484704
-7.919993
2.639998
8.851756
-1.397646
-5.901171
0.465882
1.552940
2.795291
4.814113
-4.192937
-7.609405
5.279995
7.298817
-3.416467
-6.367053
-0.776470
3.882349
2.174116
-3.261173
-4.658819
0.000000
4.503525
1.242352
-3.416467
-1.863528
1.087058
2.329410
1.863528
-3.571761
-2.795291
4.037643
0.931764
-3.571761
-1.863528
0.465882
1.708234
1.087058
-2.174116
-4.037643
0.776470
5.435289
-0.621176
-5.901171
-0.310588
4.037643
2.018822
-1.708234
-3.571761
-0.155294
2.329410
1.087058
-2.329410
-2.950585
0.465882
1.708234
0.000000
-2.639998
-1.863528
1.397646
1.087058
-0.931764
-1.552940
-0.155294
0.776470
-0.155294
-1.087058
-0.155294
0.310588
0.310588
-0.621176
-1.087058
1.397646
1.397646
-0.465882
-0.931764
-0.621176
0.931764
1.242352
0.000000
-1.087058
0.000000
1.397646
0.155294
-1.242352
0.310588
0.776470
0.155294
0.155294
-0.155294
0.465882
0.000000
-0.155294
0.155294
-0.310588
0.465882
0.310588
-0.465882
0.310588
1.087058
0.000000
-0.931764
0.621176
1.242352
-0.310588
0.310588
1.397646
0.621176
0.310588
0.465882
0.931764
0.155294
-0.310588
-0.155294
-0.155294
-0.621176
-0.310588
0.776470
0.000000
-1.397646
-0.776470
1.242352
0.310588
-1.552940
-0.310588
0.931764
0.621176
0.000000
0.000000
-0.931764
0.310588
1.552940
0.155294
-0.621176
-0.776470
0.465882
0.776470
-0.310588
0.155294
0.310588
-0.310588
0.310588
0.931764
0.000000
-0.621176
0.310588
1.242352
0.465882
0.000000
-0.155294
-0.155294
-0.155294
0.155294
0.155294
-0.465882
-0.310588
0.465882
0.155294
-0.310588
-0.465882
-0.465882
-0.310588
0.155294
-0.310588
-1.552940
-1.242352
-0.155294
1.087058
-0.621176
-1.552940
-0.155294
0.465882
0.155294
-0.931764
-0.931764
-0.310588
-0.155294
-0.465882
-0.465882
-0.465882
0.155294
0.465882
-0.621176
-0.465882
0.310588
0.310588
-0.155294
-0.310588
0.465882
0.310588
-0.465882
-0.155294
0.465882
0.621176
0.465882
-0.155294
0.155294
0.310588
-0.155294
0.000000
0.000000
-0.621176
0.155294
0.465882
-0.155294
-0.465882
0.155294
0.465882
-0.155294
-0.310588
0.776470
0.776470
0.310588
-0.155294
-0.155294
0.310588
-0.465882
0.155294
0.465882
0.000000
0.000000
0.000000
0.310588
0.000000
0.000000
0.000000
0.465882
0.310588
0.155294
0.310588
0.155294
0.000000
0.155294
0.465882
0.000000
0.465882
0.155294
-0.155294
-0.155294
0.000000
0.310588
-0.155294
-0.621176
-0.155294
0.310588
0.000000
0.000000
-0.776470
-0.465882
-0.155294
-0.776470
-0.310588
-0.155294
-0.310588
-0.310588
-0.310588
0.000000
0.155294
0.465882
-0.155294
0.465882
0.310588
-0.155294
0.310588
0.000000
-0.310588
0.621176
0.621176
0.000000
0.000000
0.000000
0.155294
0.155294
0.000000
0.000000
0.155294
0.155294
0.155294
0.000000
-0.310588
-0.155294
-0.931764
-0.776470
-0.621176
-0.621176
0.000000
-0.155294
0.000000
-0.155294
0.155294
-0.310588
-0.465882
-0.155294
0.310588
-0.155294
-0.465882
-0.310588
-0.465882
-0.310588
-0.621176
-0.465882
0.000000
0.465882
0.155294
0.310588
0.310588
0.155294
-0.310588
-0.310588
-0.155294
0.310588
0.000000
-0.155294
0.000000
-0.155294
0.465882
0.621176
0.465882
0.310588
0.155294
0.465882
0.621176
0.000000
0.310588
0.155294
0.310588
0.310588
0.310588
-0.310588
0.155294
0.310588
-0.310588
0.000000
-0.310588
-0.465882
-0.310588
-0.465882
-0.310588
0.000000
0.465882
0.155294
0.000000
0.000000
0.000000
0.310588
0.155294
-0.155294
0.621176
0.621176
0.621176
0.776470
0.465882
0.621176
0.465882
0.310588
0.621176
0.465882
-0.155294
0.621176
0.000000
0.155294
0.000000
-0.621176
-0.465882
0.465882
-0.310588
-0.465882
-0.465882
-0.310588
0.310588
-0.465882
-0.155294
0.000000
-0.310588
-0.310588
-0.776470
-0.931764
-0.310588
-0.621176
-0.465882
-0.621176
0.000000
0.155294
-0.155294
-0.465882
-0.310588
0.155294
-0.155294
0.000000
-0.155294
0.000000
0.155294
0.000000
0.465882
0.155294
-0.155294
0.000000
0.310588
0.621176
0.465882
0.621176
0.155294
0.155294
0.000000
-0.310588
-0.310588
-0.155294
-0.155294
-0.465882
-0.621176
0.000000
0.000000
-0.465882
-0.310588
-0.776470
-0.310588
-0.155294
-0.621176
-0.465882
0.465882
0.465882
0.465882
-0.310588
0.000000
0.155294
0.000000
0.465882
0.465882
0.465882
0.465882
0.465882
0.465882
0.621176
