-487.729414
-611.363868
-689.041586
-674.651092
-658.867970
-670.473207
-629.932247
-518.057765
-413.146426
-350.323411
-279.918309
-195.896395
-169.745928
-209.203733
-225.451065
-173.304868
-117.754468
-101.352400
-70.250366
21.044163
121.777617
183.672213
230.247896
280.382518
311.175079
317.674012
333.611870
370.593891
410.051696
446.414771
485.098893
510.630414
522.390387
538.792455
554.266104
542.660867
506.607265
477.826278
462.816839
441.153730
414.384318
401.695926
394.578047
362.392857
311.948762
266.610971
223.594227
168.508037
115.278684
84.640860
56.943028
9.748399
-41.159906
-74.737724
-108.006069
-159.069111
-211.370044
-240.460504
-265.063606
-311.484552
-357.441290
-369.201263
-356.822344
-359.298128
-374.462304
-373.379148
-362.857067
-368.582317
-378.794925
-362.083384
-329.743458
-315.507701
-310.556134
-292.916174
-273.109903
-261.195194
-244.483653
-213.536355
-186.766942
-172.376449
-149.165975
-114.969211
-90.675583
-72.107204
-56.788291
-48.432521
-56.633555
-77.213508
-100.888191
-134.001800
-167.270145
-162.628050
-74.118778
181.505902
605.638618
935.072603
873.332744
508.154630
288.274079
386.841223
587.534449
718.905728
835.422304
874.106427
745.056195
653.452193
872.404325
1243.462426
1199.207790
693.993153
209.203733
37.446230
14.545230
24.138892
89.437691
202.704801
261.814139
194.658503
11.141027
-187.385888
-268.622545
-362.392857
-641.692220
-966.329374
-999.752456
-757.280377
-596.973375
-596.663902
-503.667272
-391.483317
-585.213402
-969.888313
-1107.449052
-1032.092382
-1172.283641
-1440.906186
-1262.495014
-667.069004
-307.770877
-416.860102
-534.150360
-424.442189
-345.836053
-434.809534
-498.406231
-420.573777
-357.750763
-264.754133
17.330487
441.153730
747.377242
752.019337
553.028212
392.411736
395.661203
496.858866
481.075744
347.538154
343.515006
603.317571
923.931576
985.052489
812.366568
629.777510
570.668172
570.203962
570.513435
559.991354
545.136651
582.737618
687.958430
822.424439
845.944386
690.743687
408.659068
172.685922
128.740759
170.519611
136.787056
-22.591527
-118.528151
-44.099899
-56.169346
-236.282619
-474.731548
-602.234415
-674.032146
-680.066869
-630.551193
-549.159800
-584.439719
-590.938652
-531.210367
-439.606365
-577.012368
-724.785715
-375.390722
-349.549729
-556.587151
-495.156765
-218.023713
-108.625015
-116.671313
-315.043492
-353.418141
-182.898530
-144.214408
-193.884821
-186.457469
-18.877852
149.939658
67.929319
-134.775482
-203.787956
-146.690192
-54.931454
-140.500732
-318.138222
-306.997194
-255.315207
-395.351730
-639.061700
-581.344989
337.016073
2249.713814
3719.400987
3143.007566
1418.778868
1144.740546
2229.598071
2044.842703
85.724015
-1083.000687
14.081021
1399.282071
1111.162728
4.023149
-161.544895
32.494663
-613.839652
-1552.935404
-1479.899781
-665.057430
-390.245425
-790.703459
-662.272173
636.276443
1775.755948
1167.796283
-612.756497
-1318.200150
-507.226211
0.928419
-651.904828
-1068.764930
-410.361169
100.733454
-429.084284
-998.205091
-807.724473
-765.481411
-1576.919560
-2299.848437
-1828.366355
-724.321505
-257.326781
-653.761666
-877.355893
-282.548829
412.682216
248.506801
-492.835718
-678.210032
-94.079785
435.583217
524.711434
670.318471
939.559962
809.581311
288.428816
108.006069
372.295993
374.926513
-87.426116
-380.806500
-74.582988
442.236886
601.770206
400.767507
270.015173
456.472643
728.344654
645.251159
370.284418
404.481182
732.522539
870.702224
852.133845
972.673570
1040.757625
827.066534
541.422975
417.324311
296.010904
71.333521
-142.357570
-240.460504
-268.932018
-231.331051
-180.113273
-263.361504
-423.668507
-459.567373
-358.524445
-299.260370
-340.575012
-349.394992
-273.728849
-176.554334
-102.899765
-97.638725
-198.836388
-323.553999
-348.466573
-319.840323
-368.272844
-447.033717
-439.451629
-411.908534
-404.326446
-355.584452
-262.278349
-219.106869
-230.557369
-188.623780
-109.553434
-62.823015
-66.846163
-87.426116
-86.807170
-26.924149
65.144062
87.580853
2.321047
-87.426116
-133.228117
-188.469044
-273.574113
-355.584452
-351.870776
-381.580182
-491.597826
-572.834482
-542.506131
-529.508266
-692.291052
-565.407131
1084.857525
3946.244680
5000.000171
2817.751466
527.960901
1249.961359
2662.860240
1254.139244
-1466.592443
-1742.487603
402.469608
1496.920795
291.833018
-879.986413
-523.628279
-311.794025
-1439.049348
-2237.180159
-1028.069233
694.921572
487.265204
-713.025742
-173.769077
1989.447040
2539.380522
397.053831
-1500.015525
-1037.972369
169.745928
-7.582088
-951.784144
-977.779874
-317.209803
-435.583217
-1309.534907
-1590.536371
-993.872469
-809.271838
-1621.174196
-2058.150041
-1036.270267
298.486687
265.837288
-765.790884
-988.301956
-19.187325
721.072039
315.971911
-394.113838
-311.020343
356.667607
692.600525
465.447359
253.922579
319.995059
242.007869
-130.288124
-223.903700
180.113273
434.035852
13.771548
-521.461968
-364.249695
283.631984
535.388252
171.293293
-94.234522
226.534220
775.848756
930.121036
715.037316
622.969105
767.647722
831.708629
1023.891348
1788.753814
1992.696506
921.765265
-4.951568
296.784586
370.593891
-469.625244
-889.580076
-825.519169
-833.565467
-458.329481
206.418476
-58.645129
-636.276443
-510.630414
-173.769077
-30.947298
283.013038
392.102263
-29.245196
24.138892
533.995624
440.225311
-285.179349
-746.448823
-862.346454
-886.021136
-734.069904
-603.627044
-670.937417
-720.453093
-501.500961
-269.860437
-146.380719
-130.442860
-250.363639
-316.745593
-122.551299
221.118443
234.580517
-79.070346
-313.186654
-289.821444
-199.919544
-149.630185
-176.554334
-336.397127
-433.416906
-383.591756
-293.225647
-331.755033
-429.393757
-611.982814
-776.003493
-854.300156
-854.300156
-125.336556
2254.355909
4751.029160
4247.671361
1385.819996
228.391058
1862.253646
2350.447269
-65.144062
-2308.977890
-1441.525132
985.826172
1431.776733
-272.026748
-1194.565696
-302.819309
-119.301833
-1439.204085
-1800.823260
-45.956737
1282.920231
298.641424
-856.156994
272.336221
2364.992499
2150.837198
-297.867741
-1759.199144
-796.892919
453.223176
-118.682887
-1310.927535
-1239.903487
-458.948427
-626.063835
-1371.120030
-1263.113960
-486.800995
-445.176879
-1302.571765
-1514.560755
-437.285318
627.146990
196.360605
-969.269367
-992.479841
220.035287
925.169468
271.098329
-534.924043
-440.998994
164.330151
351.097094
49.051467
-103.054502
90.211373
166.496462
-103.054502
-112.029218
350.787621
547.612435
-41.624116
-673.722673
-437.594791
301.117208
629.158565
294.308802
16.402068
342.431850
894.376907
969.733577
592.021807
388.698061
533.840887
860.334879
1098.783809
1091.820667
812.057095
489.431515
279.144626
87.426116
-22.901000
-96.555569
-318.911904
-602.698625
-488.038886
-89.437691
61.120913
-129.978651
-329.433985
-297.094059
-15.628385
315.198228
262.742558
-27.852568
-75.047197
115.897630
134.156536
-107.387123
-373.533885
-593.259699
-674.032146
-602.853361
-495.311501
-445.486352
-409.896960
-389.317006
-345.836053
-150.249131
76.130353
71.642994
-127.657603
-179.339591
-37.910440
56.324082
-20.115744
-226.379483
-383.282283
-365.178114
-274.812005
-250.827849
-273.419376
-287.036187
-317.674012
-303.128782
-251.756268
-283.167775
-421.811669
-557.515570
-646.179578
-784.823472
-770.587716
69.476684
2534.119481
4847.429993
4143.069495
1199.362527
54.467244
1676.569859
2096.369954
-336.397127
-2654.194997
-1766.317023
743.044620
1262.804487
-403.552763
-1260.328703
-233.342625
119.920779
-1166.403655
-1706.124528
-9.129453
1521.833370
623.123841
-804.165534
68.548265
2328.319951
2426.422885
-54.312508
-1878.191504
-1085.166998
317.209803
-185.529050
-1539.628066
-1592.083736
-626.528044
-526.104063
-1225.512993
-1176.461526
-220.190024
86.342961
-833.720203
-1408.720996
-498.870441
790.703459
562.157665
-735.772005
-1046.328139
89.747164
971.899888
429.857967
-521.152495
-648.500626
-79.689292
159.223847
-156.593327
-254.386788
117.754468
326.958201
0.928419
-142.357570
315.043492
717.358363
273.109903
-536.935617
-623.278578
86.652434
687.494221
509.701995
99.340826
223.594227
742.735147
908.148454
554.420840
343.205533
549.005063
741.497256
635.812234
542.660867
702.503660
668.152160
308.235086
-57.561974
-176.399598
-166.186989
-251.292058
-472.255765
-612.292287
-326.493992
82.319812
137.715475
-41.778852
-17.021014
152.105969
197.753233
129.823914
36.827284
-19.187325
-45.802001
-120.384988
-312.877181
-444.867406
-461.269474
-546.065070
-653.606930
-604.400726
-424.751662
-305.759302
-276.204633
-233.187889
-107.232387
84.486123
186.302733
101.661873
-31.411507
-58.026183
-54.467244
-133.073381
-277.751998
-391.638054
-402.005399
-318.138222
-218.333186
-210.596362
-228.081585
-269.860437
-354.037087
-429.084284
-457.091589
-497.323076
-684.554228
-776.158229
36.208338
2591.990928
4874.663615
4047.287608
1043.697619
-135.858637
1346.981137
1782.254881
-415.467473
-2666.883389
-2000.588067
325.101364
973.756726
-388.388588
-1042.769200
7.891561
313.496127
-1018.939780
-1632.005750
-11.450500
1582.180601
820.258128
-697.861566
-165.103834
2032.927993
2488.162744
263.206768
-1766.162286
-1341.874833
-36.363075
-365.487587
-1553.709087
-1607.557385
-650.666936
-444.403197
-1081.143849
-1039.674470
30.018879
577.321841
-445.331616
-1456.998781
-753.411965
780.955060
854.454893
-489.431515
-1039.674470
-43.480953
944.356793
478.290488
-582.582881
-772.289817
-159.997530
22.901000
-430.322176
-386.377013
368.582317
739.640418
168.198564
-303.438255
164.794361
804.939216
484.789420
-510.785150
-801.380277
-44.873582
714.727843
602.389152
159.378584
250.208903
652.369038
680.376342
435.428480
486.027312
647.881680
498.406231
263.980450
465.756832
845.634913
776.312966
202.240591
-334.230816
-358.524445
-127.502867
-132.918644
-470.089454
-629.158565
-322.470843
101.816610
268.467809
172.531185
79.689292
60.192494
79.844028
82.629285
52.300933
-15.318912
-123.634455
-272.645694
-425.525345
-417.788520
-348.776046
-415.622210
-613.530179
-683.935282
-472.410501
-163.865942
-8.819980
-96.865042
-149.939658
23.519946
244.019443
249.899430
58.799866
-117.599732
-212.143726
-257.790991
-342.277114
-429.239021
-403.707500
-291.368809
-245.721545
-386.841223
-423.668507
-331.600296
-361.464438
-547.302962
-751.555127
-726.952026
-65.144062
2200.507611
4682.945105
4472.194007
1632.779433
-197.289024
811.902358
1678.117224
90.056637
-2397.487161
-2505.493231
-266.610971
1063.194416
52.146197
-1077.739646
-352.799195
423.823244
-470.863136
-1459.784038
-434.654798
1400.519962
1320.366461
-274.812005
-575.310266
1336.149583
2581.314110
992.170368
-1456.689308
-1779.933834
-417.324311
-154.581753
-1247.176102
-1768.947543
-959.985178
-280.073045
-695.076309
-1041.686044
-257.790991
688.267903
108.625015
-1217.776169
-1182.650986
282.239356
1037.198686
77.368245
-932.287347
-510.475677
625.444889
664.902693
-382.818074
-967.412530
-531.365103
-80.772447
-331.445560
-425.989554
202.859537
847.491751
603.472307
-83.557704
-103.209238
464.673677
573.453428
-202.550064
-797.357128
-365.951797
534.924043
843.623338
473.493657
241.698396
403.398027
555.968205
354.037087
146.690192
271.407802
627.456463
906.446353
781.728743
581.963935
594.961800
551.480847
37.600967
-540.494556
-562.157665
-380.961236
-325.720309
-348.002364
-239.377349
18.877852
270.169910
255.005734
27.543095
42.552534
229.783686
193.420611
-73.035623
-145.761773
-47.968312
-83.712441
-301.117208
-559.217671
-612.137551
-498.560968
-451.366339
-578.559733
-571.596591
-297.403532
-92.068211
-74.118778
-73.654569
64.834589
215.083720
229.474213
58.799866
-116.052367
-109.243961
-140.655469
-345.681317
-546.993489
-434.345325
-249.125747
-328.815039
-486.955731
-489.276778
-395.351730
-425.680081
-541.887185
-666.914268
-702.658397
-5.570514
2305.264214
4711.571355
4392.659451
1495.992376
-317.055066
673.567937
1538.699647
-16.092595
-2396.868216
-2415.746067
-219.416341
969.733577
-67.619846
-1047.875504
-231.331051
504.595691
-476.124177
-1460.402984
-371.367574
1531.272296
1499.860788
-120.539725
-479.683116
1335.840110
2464.488061
836.195987
-1522.607052
-1759.199144
-440.844257
-250.208903
-1312.629637
-1727.478164
-832.018102
-138.643894
-620.957531
-1000.371402
-185.683787
759.291952
154.427016
-1166.248918
-1118.280606
295.701431
1008.417699
106.303968
-828.613899
-411.289588
583.201827
474.576812
-571.287118
-1049.268132
-556.277678
-126.883921
-357.905499
-399.993824
271.253065
910.778975
645.096423
-68.238792
-133.692327
370.284418
448.890555
-227.617375
-709.621539
-270.324646
526.104063
779.407695
478.135751
294.308802
410.825378
444.248460
196.979551
51.527251
267.848863
517.903029
454.925278
333.302397
946.677840
1558.505918
1011.512429
-116.207103
-627.146990
-548.076644
-595.735483
-605.483882
-678.364768
-638.597490
-19.342061
572.989219
458.329481
239.686822
331.755033
105.375549
-172.531185
-43.326217
118.063941
14.854703
-131.835489
-311.794025
-530.900894
-365.178114
-273.264640
-634.574342
-900.566366
-691.362633
-376.473878
-182.434321
23.984156
34.196764
25.067311
209.048997
296.939323
140.655469
27.233622
-79.070346
-382.818074
-474.112602
-284.250930
-239.067876
-436.356899
-619.255429
-625.754362
-556.122942
-431.869541
-549.778746
-840.064399
-700.646822
1000.990348
3853.712260
4958.840265
2888.001832
170.674347
194.658503
1534.676498
974.530408
-1425.896747
-2649.398166
-1156.655256
577.786050
288.274079
-930.121036
-629.158565
480.611535
23.055737
-1374.214759
-1133.599519
933.061029
1915.792471
641.228011
-574.846057
497.013603
2316.095768
1770.959117
-628.230146
-1838.733699
-914.028441
-232.414207
-1028.688179
-1733.512887
-1104.509059
-122.087090
-354.346560
-1056.076538
-670.318471
484.479947
511.404096
-779.098222
-1298.393880
-198.991125
940.952590
528.270374
-487.419941
-489.740988
321.697161
425.061135
-497.942022
-1036.425004
-620.802794
-129.359705
-339.491857
-516.510400
78.915609
812.057095
737.474107
22.591527
-200.693226
223.748963
436.821109
-26.150467
-488.038886
-238.294193
330.671877
537.399826
339.337121
272.026748
413.920108
419.954831
199.300598
83.402968
315.198228
587.843922
758.208796
872.713798
917.587380
772.908763
438.987419
14.545230
-440.998994
-586.915503
-494.692556
-483.861001
-504.750427
-246.649964
120.849198
220.654233
192.956402
122.860772
100.733454
190.016409
260.885721
117.290259
-11.759973
69.631420
-7.891561
-279.144626
-493.609400
-568.347124
-607.185983
-620.493321
-628.075409
-600.222841
-384.210702
-171.293293
-122.241826
-82.629285
87.735589
206.418476
163.711205
92.377684
-28.007305
-134.001800
-198.836388
-221.118443
-259.183619
-325.720309
-377.247560
-471.636819
-509.701995
-536.007198
-603.472307
-660.879545
-743.973039
-138.643894
2233.002274
4734.008146
4335.097477
1223.191946
-513.106198
734.998323
1754.557049
269.086754
-2071.457379
-2033.546939
95.472414
1014.297686
-321.078215
-1265.899217
-284.405667
340.420276
-847.955960
-1699.161386
-201.931118
1858.385234
1659.703582
-170.829084
-506.762002
1396.496814
2345.031492
540.185083
-1598.273195
-1453.130369
-197.289024
-318.292958
-1347.600083
-1417.386240
-410.051696
-106.303968
-983.659861
-1299.012826
-208.430051
638.597490
-232.723680
-1373.286340
-889.889549
596.044956
953.486246
-73.035623
-706.526809
-115.123948
513.879880
-40.695697
-909.386346
-853.062264
-197.907970
-46.111474
-387.150696
-216.940558
505.988319
831.553892
255.779416
-365.487587
-178.720645
364.713905
358.524445
-161.699631
-312.412971
125.955502
563.240820
501.346225
208.894260
128.431286
239.996295
265.373079
204.871112
354.656033
695.695255
854.609629
1186.364662
1588.989006
1139.943715
254.696261
-330.671877
-627.765936
-932.442083
-719.524674
-388.698061
-573.298692
-360.690756
259.338356
353.108668
129.204968
157.057536
-46.111474
-162.318577
290.904599
506.607265
219.880551
87.890326
60.037758
-314.115073
-459.876845
-468.696825
-809.426574
-941.881009
-718.441519
-628.075409
-557.825043
-154.272280
-18.568379
-164.639624
-25.686257
144.833354
124.717610
142.667043
50.753568
-299.105633
-349.704465
-162.473314
-290.749863
-543.898759
-588.153395
-568.656597
-575.310266
-499.334650
-640.763801
-127.657603
2376.752472
4689.444037
3878.470098
764.552992
-511.404096
946.368367
1818.772692
249.744693
-1952.619755
-1555.101715
578.250260
1023.891348
-575.310266
-1213.134074
-46.730420
254.541524
-1101.259593
-1711.540305
93.615576
2027.048007
1478.042943
-397.208567
-374.617040
1664.345676
2136.910914
69.940893
-1714.944508
-1172.593114
-88.973481
-483.396792
-1365.394779
-1081.143849
-21.198899
-149.011239
-1259.709757
-1366.013725
-108.625015
466.685251
-592.176544
-1423.730436
-638.442754
747.067769
792.715033
-221.892125
-676.353194
-152.570178
157.985955
-439.142156
-888.961130
-580.726043
-72.261940
-98.412407
-269.860437
24.912575
497.787285
499.489387
-53.384089
-360.226547
-99.959772
302.200363
335.932918
133.537590
94.389258
224.522646
390.090689
354.656033
192.182719
44.409372
64.060906
203.323747
337.325546
640.144855
1165.320499
1486.243977
1108.222735
537.245090
267.384653
74.582988
-215.238456
-427.382183
-492.062035
-482.777846
-188.159571
66.691427
-19.961007
-136.168110
-110.791326
-148.701766
-117.599732
185.838523
379.413871
385.293858
334.385553
182.124848
-47.504102
-155.819644
-320.614005
-698.171039
-867.143285
-763.315101
-629.003828
-513.106198
-374.926513
-330.362404
-283.631984
-97.329252
16.402068
18.568379
15.473649
-39.303068
-184.910104
-217.868977
-184.755368
-256.243626
-390.864371
-479.837853
-557.515570
-615.077544
-534.769306
-483.551528
-584.130246
-212.453199
2006.158581
4572.463252
4353.511120
1201.683574
-863.429609
463.435785
1913.780897
776.931912
-1556.494343
-1578.157452
484.325211
1162.999452
-405.719074
-1438.120929
-373.688621
217.714240
-1045.090247
-1835.484233
-16.402068
2228.514915
1793.550645
-280.073045
-642.156430
1317.581204
2094.048906
254.386788
-1548.448046
-1051.743916
133.847063
-264.908869
-1245.164527
-1087.797518
-201.157436
-441.308467
-1502.181836
-1495.373430
-160.616476
522.390387
-458.329481
-1301.952819
-649.119572
600.841787
660.879545
-183.672213
-567.728178
-193.111138
47.039893
-394.268574
-685.946856
-476.743123
-147.928084
-191.254300
-293.380383
-60.037758
265.063606
295.546694
-74.428251
-334.076080
-206.109003
209.513206
442.391622
340.575012
170.674347
176.244861
380.187554
430.786386
228.545794
34.351501
131.371279
350.323411
486.491522
1158.821567
1902.330396
1347.445347
165.258570
-304.985620
-144.833354
-200.383753
-217.404767
-238.448930
-479.528380
-166.496462
387.305432
166.805935
-248.971011
-142.667043
-207.811105
-217.095294
296.165640
615.696490
380.342290
216.631085
131.371279
-201.312172
-184.910104
-143.750198
-615.541753
-901.494785
-680.531079
-542.660867
-503.667272
-352.025513
-484.015738
-567.573442
-174.697496
95.317677
-68.857738
-85.878751
4.177885
-156.593327
-229.319477
-163.556469
-272.336221
-406.492757
-464.364204
-600.687051
-658.094288
-448.426345
-432.333750
251.756268
2796.243094
4632.501009
3157.088586
-93.460839
-795.809763
1119.827971
1970.259715
353.108668
-1446.940909
-615.851226
1169.343648
833.874940
-1007.798753
-1257.388710
-217.559504
-429.239021
-1571.039573
-1129.421634
1197.196216
2239.965416
750.936181
-913.718968
-98.876617
1718.503447
1331.971698
-568.037651
-1196.267797
-164.330151
202.704801
-602.079679
-1059.944950
-527.651428
-299.569843
-1138.551086
-1681.676163
-871.011697
212.762672
-152.879651
-1172.128905
-1171.045749
-109.398698
577.940787
222.046862
-323.089789
-398.601196
-99.495562
-86.652434
-293.999329
-395.196993
-349.549729
-244.483653
-107.077650
40.540960
28.471514
12.069446
-56.169346
-236.437355
-421.192723
-234.271044
239.686822
449.354764
244.328916
16.556804
268.467809
703.122606
703.277343
303.592992
194.349030
615.232280
1071.240714
1005.787179
572.060800
253.922579
176.709071
150.558604
12.224183
-89.437691
-123.634455
-129.978651
-111.255536
-49.979886
60.037758
80.927184
-77.368245
-189.706936
3.713676
336.706600
452.913703
228.855267
-29.554669
-85.878751
-11.295764
-63.596697
-297.558268
-437.285318
-413.765372
-382.353864
-440.225311
-461.114737
-419.181149
-391.173844
-407.575912
-371.831783
-183.672213
-43.171480
-77.832454
-178.875381
-170.519611
-131.371279
-167.115408
-316.436120
-470.089454
-475.195758
-367.499162
-317.674012
-447.033717
-491.752562
-175.935388
1868.443105
4289.604950
3946.863626
648.036416
-1452.356686
268.622545
2178.535029
1424.658855
-788.227675
-997.121935
648.500626
1083.310160
-546.065070
-1537.307019
-557.825043
-114.659738
-1075.263862
-1257.233974
876.736947
2416.519750
1165.784709
-1002.228240
-1064.277572
884.164298
1488.565025
82.165076
-994.955625
-302.664573
274.347795
-368.118107
-978.398820
-735.772005
-564.169239
-1238.046649
-1589.607952
-828.149689
333.147661
218.797396
-844.242284
-1272.707622
-639.835382
87.271380
91.449265
-127.812340
-332.528715
-280.227782
-84.331387
74.892461
-61.739859
-391.638054
-490.824143
-258.100464
86.652434
105.530286
34.351501
1.237892
-99.340826
-406.647493
-425.525345
128.276549
514.034617
285.798295
-124.408137
62.049332
508.618840
588.153395
240.769977
157.831219
484.170474
1340.482205
1852.195774
1024.355558
-6.344196
-281.620410
82.474549
47.349366
32.494663
15.009439
-170.983820
-50.134622
174.697496
-105.220813
-412.372743
-259.028883
-310.091924
-135.394428
422.585352
757.280377
351.870776
-70.405103
-174.852233
-179.494327
64.370379
-20.579953
-497.632549
-632.098558
-292.451964
-329.433985
-560.455563
-556.896624
-509.083049
-459.567373
-196.670078
86.807170
50.444095
5.261041
-156.129117
-342.586587
-331.755033
-220.654233
-328.505566
-438.213737
-326.339255
-251.601531
-318.911904
-411.289588
-479.064170
196.360605
2788.970479
4543.218055
2930.090157
-511.713569
-1123.232174
1360.443212
2544.177353
941.881009
-966.948320
-314.269809
1043.542882
378.794925
-1480.054518
-1481.137673
-313.496127
-483.087319
-1364.466361
-525.330380
1804.536935
2035.867987
-98.102934
-1604.153182
-394.732784
1468.913491
1245.009791
-88.045062
-382.663337
257.945727
-22.746264
-835.267568
-1022.343983
-718.286782
-1042.304990
-1590.536371
-1236.035075
-245.566808
181.970111
-605.638618
-1315.414893
-1241.141379
-570.513435
-41.624116
162.782786
88.509272
-234.580517
-265.218342
52.919879
241.079450
-152.570178
-509.856731
-302.045627
203.787956
311.020343
93.306103
62.049332
-16.247331
-360.071810
-647.726943
-183.826949
453.377913
415.931683
-99.650299
-154.117543
298.796160
492.990454
377.866506
892.829542
1566.242742
1138.086877
391.947527
177.792226
366.725479
286.107768
233.961571
56.478819
-155.510172
182.124848
383.437020
-169.591192
-522.545124
-289.976180
-317.364539
-189.242726
274.502532
456.008433
203.942693
134.620745
38.838859
-216.476348
-55.240927
21.198899
-305.449829
-433.416906
-257.017308
-356.203398
-432.024277
-382.199128
-589.700760
-668.771106
-305.295093
-63.751433
-188.314307
-217.714240
-237.211038
-266.146761
-93.615576
-21.508372
-182.898530
-185.683787
-37.136757
-183.517476
-317.983485
-271.717275
-465.447359
-685.792120
-266.610971
2098.072055
4318.695410
3391.823840
-263.980450
-1797.109584
959.675705
3215.733716
1995.791236
-361.154965
-188.778517
1148.299485
773.372972
-1127.255323
-1558.351181
-351.561303
-178.256435
-1206.635142
-977.006192
1214.681439
1699.625596
-429.857967
-2102.095204
-1021.415564
1118.590079
1478.661889
443.165305
-154.427016
187.385888
36.053602
-538.018772
-669.390052
-384.365439
-725.868870
-1277.813927
-992.634577
-417.014838
-400.767507
-1147.525803
-1630.767858
-1562.993276
-975.613564
-221.892125
265.682552
96.865042
-568.192388
-708.693120
-73.809305
463.590521
58.645129
-323.708735
77.832454
646.179578
410.206432
-125.646029
-32.339926
150.249131
-185.529050
-617.089118
-167.115408
589.236550
497.787285
-274.966741
-450.592656
170.364874
618.791220
691.672106
969.269367
1201.064628
936.774705
504.750427
136.787056
48.741994
301.581417
589.391287
353.882350
81.081920
250.054166
217.095294
-227.153166
-387.769642
-225.605801
-59.573548
261.814139
412.991689
155.819644
-98.412407
-122.860772
-291.214072
-412.218007
-154.117543
0.928419
-140.500732
-293.225647
-462.507366
-640.609065
-534.769306
-435.119007
-514.808299
-374.771776
-25.376784
38.065176
-145.142827
-264.444660
-331.290823
-295.856167
-121.777617
-90.985056
-218.178450
-221.737389
-205.335321
-303.128782
-316.126647
-237.211038
-316.590857
-350.323411
73.809305
2221.397037
4143.533704
2878.098696
-776.003493
-1913.935633
1243.152953
3580.911830
2287.005308
-128.586022
-154.581753
909.231610
461.114737
-1154.953154
-1170.117330
157.676482
173.769077
-859.406460
-543.125077
1254.139244
1050.506024
-1145.359492
-2142.790900
-570.203962
1355.646381
1297.310724
121.622880
-524.556698
-416.705365
-596.199692
-674.496356
-269.086754
48.587258
-519.450394
-1017.392416
-648.655362
-334.076080
-621.112267
-1216.074068
-1327.020130
-1200.600419
-815.770770
-262.587822
-56.633555
-670.627944
-1497.849214
-1242.069798
-58.645129
632.717504
113.267110
-211.215308
259.802565
594.652327
128.276549
-207.965841
252.684687
559.372408
210.596362
-93.151366
300.034052
545.291387
0.464209
-631.634348
-390.554898
419.645358
896.543218
986.290381
1006.406125
641.228011
192.646929
55.240927
176.863807
476.743123
784.823472
730.975174
229.474213
32.804136
190.016409
60.656704
-225.141592
-54.776717
149.939658
214.619510
283.322511
81.855603
-263.670977
-271.253065
-36.053602
-77.677718
-121.158671
-16.556804
-128.895495
-402.005399
-558.289253
-690.434214
-678.983714
-416.550629
-363.630749
-502.738853
-426.453764
-198.836388
-271.872011
-374.617040
-227.617375
-107.541860
-43.790426
-31.875717
-114.659738
-137.096529
-48.587258
-53.693562
-223.594227
-189.397463
-127.502867
-190.480618
-329.279249
1116.733242
3338.594488
2988.425813
-198.991125
-2150.218252
543.744023
3733.946217
3165.444357
333.147661
-373.998094
860.953825
961.532543
-466.375778
-816.699189
456.008433
572.989219
-699.408931
-1070.621768
495.620974
934.608394
-853.526474
-1990.684932
-746.758296
1186.674135
1249.342413
14.545230
-862.501190
-797.821338
-599.913368
-290.904599
127.348130
134.620745
-571.287118
-1183.888878
-843.313865
-530.591421
-653.761666
-915.421069
-874.261163
-966.793584
-1049.732342
-628.075409
-242.781551
-714.263633
-1570.730100
-1266.053953
0.928419
647.417470
-112.802901
-750.162499
-281.775147
323.089789
200.693226
-14.081021
409.432750
629.158565
224.213173
-80.153501
325.875046
659.951126
392.102263
189.706936
456.008433
834.493885
828.613899
417.633784
-111.565009
-79.225082
536.007198
864.048555
475.041021
82.474549
36.208338
-0.928419
120.694461
394.887520
453.996859
285.643559
304.057201
338.872911
245.257335
194.039557
105.685022
-97.019779
-61.120913
200.538490
154.736489
-179.958537
-526.877745
-722.928877
-647.107997
-282.703566
-172.376449
-492.526245
-694.612099
-616.779645
-501.500961
-430.167440
-346.300263
-354.501296
-348.621310
-214.928983
-128.740759
-176.554334
-210.596362
-203.787956
-150.094394
-10.831554
107.851333
13.152602
-101.816610
-170.829084
-200.229017
-306.068775
894.376907
3089.159268
2927.150164
-85.878751
-2087.395237
463.281048
3785.318732
3290.316703
372.760202
-523.164070
667.378477
940.797853
-135.239691
-266.301498
957.818867
750.471972
-801.225540
-1166.713127
497.013603
1077.120700
-642.930112
-1712.004515
-557.979780
1002.847186
752.793019
-424.596926
-1049.732342
-874.106427
-594.652327
-121.158671
363.785486
135.703901
-782.966635
-1434.252517
-973.601989
-464.828413
-443.938987
-623.433314
-745.520404
-1148.763695
-1391.699983
-784.204527
-176.399598
-654.225876
-1532.974397
-1114.102721
56.324082
315.971911
-580.261834
-1017.237679
-352.953932
211.060571
134.001800
108.625015
488.348359
371.677047
-166.186989
5.261041
903.042150
1090.892248
444.093724
154.581753
585.213402
943.892583
714.263633
249.280484
-70.405103
147.618611
557.360834
561.383982
255.469943
138.953367
83.248231
-6.034723
234.580517
627.611200
569.739753
213.845828
206.109003
374.307567
444.712670
439.296892
278.989890
-37.910440
-165.413307
-43.016744
-9.129453
-170.364874
-423.049561
-632.098558
-589.700760
-291.987755
-291.987755
-605.793355
-686.101592
-478.909434
-402.469608
-470.398927
-410.206432
-355.739188
-422.275879
-479.373643
-404.016973
-231.640524
-103.209238
-194.039557
-347.538154
-170.829084
122.396563
111.410272
-136.477583
-215.702666
-73.654569
1393.711557
2960.418509
1921.827194
-1023.427139
-1594.559520
1806.393773
4125.739008
2465.571217
-143.285989
-206.263740
760.220371
580.416570
9.284189
818.246554
1689.877197
338.253965
-1511.001816
-1056.540747
1103.116430
1158.512094
-785.132945
-1356.420063
-6.963142
780.336114
-90.366110
-920.527373
-873.178008
-509.392522
-400.767507
-79.844028
211.060571
-115.123948
-968.186212
-1351.004286
-732.213066
-158.604901
-145.607036
-576.548158
-1104.354322
-1574.598513
-1337.696948
-434.035852
-119.301833
-939.405225
-1585.584803
-995.729307
-259.183619
-327.267674
-704.205762
-433.726379
-19.496798
-153.343861
-343.360269
34.196764
464.518940
214.000564
-38.374649
210.441625
677.900559
738.093053
626.063835
448.426345
300.807735
511.249360
746.448823
631.943821
408.504331
461.888420
272.181484
0.464209
177.173280
568.811334
442.855832
162.473314
216.321612
281.620410
322.006634
419.645358
425.834818
266.146761
326.803465
397.827513
230.712105
104.447130
151.951232
69.321947
-113.886056
-152.415442
-283.941457
-371.058101
-278.680417
-275.895160
-531.829313
-609.661767
-402.779081
-380.032817
-507.380948
-517.903029
-474.112602
-497.787285
-440.998994
-383.591756
-370.284418
-312.258235
-231.485788
-299.569843
-302.200363
-150.094394
-85.105069
-174.697496
-144.678617
-132.918644
270.943592
1826.045307
2476.402771
624.516470
-1518.119694
-191.718510
3108.346592
3560.641350
1072.633342
-381.580182
411.753797
935.072603
406.956966
409.742223
1456.844044
1217.002486
-723.238350
-1585.275330
27.388359
1555.101715
469.779981
-1104.199586
-740.723573
396.280148
233.806835
-579.333415
-626.218571
-270.324646
-341.812904
-501.346225
-218.952132
-162.163841
-675.115302
-1161.452087
-836.505460
-180.732219
-106.922914
-518.521975
-935.227340
-1257.698183
-1346.671664
-764.088783
-56.478819
-294.618275
-1249.187676
-1458.081936
-727.880445
-270.788856
-452.604230
-552.254529
-305.759302
-317.519276
-509.547258
-267.384653
243.864707
309.782451
-87.580853
-117.444995
370.903364
741.342519
597.282848
363.011803
344.907634
482.004163
632.098558
609.042821
460.186318
342.431850
337.789756
304.521410
324.172945
460.650528
464.828413
210.286889
117.754468
351.561303
514.034617
458.484217
351.406567
256.088889
144.678617
151.487023
246.031018
213.691091
92.841893
13.462075
-25.840994
-41.933589
-60.501967
-168.198564
-273.109903
-244.947862
-183.517476
-246.340491
-367.499162
-407.885385
-428.774811
-426.917973
-392.875946
-386.377013
-403.552763
-408.040122
-398.910669
-397.208567
-333.457134
-256.553099
-211.370044
-229.938423
-204.406902
-205.954267
-190.016409
-226.224747
395.970675
1773.589638
1806.393773
-154.117543
-1436.883037
690.588951
3547.024539
2984.247928
349.085519
-347.847627
771.516134
994.646152
507.226211
1072.788079
1925.076660
763.469837
-1314.950684
-1287.717062
752.638283
1596.261621
-34.815710
-1294.370731
-627.456463
162.318577
-337.325546
-793.488716
-250.518376
31.411507
-545.755597
-796.428709
-206.882686
-2.011574
-583.820773
-979.327239
-570.822908
-84.950332
-298.950897
-819.793919
-1134.373201
-1140.407924
-907.684245
-436.202163
-226.534220
-757.125641
-1424.194645
-1269.922366
-501.965171
-184.755368
-349.394992
-419.645358
-406.492757
-578.095523
-556.896624
-61.894596
337.016073
199.919544
-71.333521
43.790426
319.995059
446.414771
393.494892
389.162270
527.032482
640.144855
602.698625
413.301162
295.082485
298.022478
340.110803
390.245425
428.929548
355.120242
184.600631
124.253401
291.214072
503.512535
493.609400
351.251830
278.216207
292.761437
328.350830
342.586587
354.191823
266.301498
54.931454
-122.860772
-145.607036
-112.493428
-153.962807
-225.605801
-220.190024
-200.229017
-301.426681
-428.774811
-392.257000
-217.404767
-128.586022
-229.474213
-383.901229
-434.190588
-405.254865
-355.893925
-289.357235
-236.746828
-277.906734
-345.217107
-329.898195
-203.942693
-161.699631
-213.381618
-329.279249
21.198899
1333.519063
1828.056882
283.631984
-1305.666495
49.206204
2947.884853
3104.787653
636.740652
-481.230481
651.750092
1258.781338
735.617269
951.629408
1884.071491
1147.680539
-968.650422
-1321.913826
655.309031
1943.180830
547.457698
-1155.572100
-875.499055
50.134622
-205.490057
-778.479276
-362.702330
35.589392
-616.779645
-1244.545581
-719.369938
-69.786157
-335.159235
-817.008662
-651.904828
-216.940558
-333.147661
-774.146655
-964.317800
-874.261163
-717.977309
-499.334650
-388.079115
-744.127776
-1282.765494
-1239.284541
-566.180813
-176.863807
-388.852797
-623.433314
-572.215537
-486.182049
-448.271609
-173.923814
167.579618
204.252166
12.688392
-69.631420
41.314643
296.165640
516.200927
548.231381
414.229581
336.087654
449.818974
503.357799
437.594791
437.904264
491.907299
448.735818
334.849762
289.976180
321.697161
388.543324
482.932582
507.071475
403.243290
320.923478
318.757167
266.765707
193.265875
209.203733
268.777281
196.515341
13.152602
-88.664008
-44.718845
33.732555
4.332622
-127.038658
-188.314307
-148.237557
-199.919544
-328.660303
-340.265539
-198.372179
-161.235422
-360.226547
-521.616705
-407.885385
-179.494327
-173.304868
-397.208567
-471.327346
-328.660303
-212.607936
-260.266775
-277.751998
-195.586922
-162.163841
-279.144626
-229.164740
796.273973
1647.634135
664.747957
-1075.882808
-504.440954
2316.714714
3254.417838
1048.030240
-573.143955
428.774811
1483.922930
978.553557
735.617269
1606.474229
1400.829435
-485.717839
-1189.459391
519.759867
1984.959682
900.411630
-953.795719
-944.975739
74.118778
-6.808406
-768.730878
-559.681881
68.857738
-375.854932
-1258.317129
-1041.376571
-239.222612
-293.689856
-835.422304
-774.610864
-325.875046
-398.291723
-846.872805
-928.109461
-671.092153
-497.477812
-498.406231
-543.898759
-735.462532
-1040.602889
-1044.007092
-572.989219
-177.792226
-375.700195
-760.684580
-767.492986
-517.593556
-369.820209
-232.878416
-0.154736
47.039893
-113.267110
-178.720645
-18.258906
228.545794
505.524110
598.211267
356.977080
197.289024
441.772676
665.676376
496.239920
359.298128
513.415671
532.602995
293.070910
259.957302
458.020008
549.159800
488.503096
417.633784
342.741323
315.198228
392.411736
382.508601
273.883586
254.696261
273.419376
117.909205
-56.169346
-32.339926
40.540960
2.939993
-74.892461
-107.541860
-130.597597
-145.607036
-167.579618
-209.667943
-217.868977
-159.378584
-154.272280
-274.038322
-371.212837
-358.060236
-292.297228
-267.848863
-299.260370
-349.085519
-386.222277
-332.683451
-240.151031
-198.526915
-223.284754
-246.649964
-275.430951
-172.531185
603.317571
1271.314994
544.362969
-823.817068
-390.245425
1897.997775
2794.540992
1066.908092
-394.113838
331.600296
1329.341177
1081.608059
864.358028
1477.888207
1278.123400
-267.694126
-847.491751
599.913368
1843.840004
923.312630
-704.360498
-775.229810
75.975616
61.739859
-588.153395
-514.189353
-40.231487
-411.134851
-1174.604688
-1040.293416
-343.669742
-331.600296
-812.830777
-797.976074
-408.194858
-501.500961
-974.220935
-1015.999787
-627.456463
-426.144291
-549.933482
-685.946856
-782.347689
-911.088448
-869.309596
-503.822008
-175.935388
-298.950897
-622.504895
-680.221606
-463.281048
-239.841558
-130.133387
-91.604002
-134.156536
-207.965841
-193.730084
-82.474549
99.650299
339.646593
384.984385
179.803800
137.251266
423.668507
610.899659
477.516805
404.945392
544.827178
546.065070
372.605466
377.092824
530.591421
602.853361
560.146090
469.779981
369.665472
361.000229
442.082149
424.442189
300.188789
258.409937
238.603666
83.093495
-68.548265
-31.256771
56.324082
-9.284189
-132.454435
-164.020678
-160.461739
-159.688057
-178.101699
-220.808970
-228.236321
-173.150131
-144.059671
-237.365774
-335.468708
-289.666708
-194.813240
-194.503767
-243.245761
-261.195194
-274.347795
-289.511971
-251.137322
-171.138557
-159.533320
-257.790991
-346.454999
-250.054166
478.445224
1114.412194
479.064170
-804.475007
-482.932582
1684.925629
2687.308605
1053.600754
-443.784251
332.528715
1482.530302
1168.569965
704.979444
1348.373766
1429.919895
-5.570514
-758.827742
573.608165
1808.250611
937.393651
-613.839652
-612.911233
222.975281
89.901900
-638.133281
-571.132381
19.961007
-252.065741
-1115.495350
-1199.053054
-506.762002
-326.958201
-793.488716
-880.605359
-492.526245
-533.067205
-1057.314430
-1108.841681
-586.141821
-339.646593
-628.539619
-869.154859
-836.195987
-838.517034
-839.445453
-557.670307
-218.333186
-304.521410
-641.073274
-691.981579
-399.374878
-182.434321
-166.960672
-139.572313
-54.312508
-73.964042
-172.531185
-141.583887
109.089225
377.092824
370.903364
169.436456
134.466009
339.491857
453.687386
410.825378
456.936852
570.822908
483.087319
306.842458
388.543324
620.957531
666.450058
548.695590
495.930447
509.547258
468.387352
431.250595
440.998994
423.049561
324.482418
197.443760
108.315542
73.809305
53.538825
16.556804
-39.922014
-94.079785
-97.174515
-106.613441
-161.699631
-237.365774
-285.024613
-272.181484
-219.416341
-201.312172
-258.564673
-348.930783
-339.646593
-242.317342
-201.931118
-221.892125
-214.774247
-189.861672
-218.333186
-239.532085
-188.004834
-125.336556
-193.420611
-263.980450
-293.535120
93.460839
776.931912
764.862465
-246.649964
-741.806729
659.022707
2301.395802
1727.323427
-58.335656
-172.685922
1091.356457
1403.305219
710.704694
869.309596
1476.495579
753.102492
-484.944157
-47.039893
1414.291510
1437.501983
24.603102
-595.735483
103.518711
374.771776
-285.334086
-648.191153
-199.764807
-56.169346
-715.656262
-1193.173067
-832.018102
-391.019108
-606.412301
-934.917867
-781.574006
-538.947191
-819.639183
-1191.470966
-961.068334
-452.294758
-439.296892
-802.927642
-912.635812
-766.874040
-750.781445
-723.393086
-410.206432
-186.302733
-430.786386
-738.557262
-583.975510
-207.965841
-104.137657
-227.307902
-215.238456
-83.712441
-86.342961
-153.034388
-15.009439
301.890890
379.104398
165.568043
103.363975
361.000229
520.688286
374.617040
313.186654
516.510400
604.864936
390.864371
271.407802
454.770541
623.433314
576.238685
522.545124
595.735483
597.592321
474.422075
420.883250
486.955731
487.729414
338.563438
197.134287
146.690192
121.003934
62.823015
-11.605237
-64.060906
-77.677718
-85.259805
-136.168110
-211.215308
-266.610971
-257.945727
-222.356335
-219.416341
-252.994160
-278.525680
-288.119343
-300.962471
-298.177214
-255.160470
-198.062706
-214.928983
-264.754133
-269.705700
-193.575348
-143.285989
-152.415442
-212.917409
-219.725814
-208.120578
68.548265
583.047091
647.881680
-56.324082
-530.127212
413.920108
1792.931699
1652.121494
277.133052
-110.481853
798.130811
1272.862359
803.391851
741.961465
1238.665595
890.508495
-122.551299
-43.016744
1124.624802
1385.355787
289.047762
-407.885385
67.465109
359.762337
-164.639624
-529.972475
-220.035287
-109.089225
-631.170139
-982.112496
-709.312066
-431.560068
-669.080579
-940.952590
-798.749757
-552.718739
-696.468937
-1050.970234
-1081.762795
-794.107662
-615.851226
-713.644688
-812.211831
-769.040351
-771.516134
-801.070804
-609.042821
-267.384653
-226.224747
-509.083049
-620.338585
-361.773911
-126.883921
-161.390158
-198.372179
-94.853468
-66.072481
-162.318577
-88.664008
179.958537
277.906734
153.962807
180.577483
399.529615
433.416906
256.088889
274.038322
531.365103
613.839652
462.352629
423.513771
556.896624
569.430280
479.528380
541.113502
701.575241
661.189018
455.853697
381.734919
458.020008
452.913703
329.743458
258.409937
249.435220
174.697496
52.300933
-1.237892
4.951568
-8.819980
-54.776717
-85.724015
-114.505002
-160.925949
-189.397463
-191.563773
-193.884821
-206.573213
-210.441625
-223.594227
-264.599396
-272.800430
-225.141592
-183.208003
-195.896395
-217.559504
-182.589057
-155.200699
-184.755368
-200.693226
-148.237557
-101.661873
-147.154401
-215.393193
-18.104169
327.422411
388.543324
81.236657
-27.852568
466.530515
1005.322969
871.166433
384.829648
328.350830
675.734248
782.192952
549.778746
522.080914
708.693120
629.932247
336.706600
355.584452
680.066869
728.035181
359.143391
95.162941
181.970111
242.936288
65.917744
-161.390158
-242.936288
-322.780316
-449.354764
-498.096758
-442.236886
-463.435785
-602.389152
-702.503660
-699.563667
-663.664802
-681.923707
-734.534114
-780.800324
-795.964500
-770.123506
-734.998323
-738.557262
-755.423540
-722.000458
-622.195423
-517.593556
-452.604230
-425.680081
-414.229581
-401.695926
-353.418141
-256.553099
-185.683787
-180.113273
-192.646929
-167.270145
-114.350265
-61.430386
12.378919
87.426116
120.384988
141.583887
207.965841
274.812005
277.751998
278.989890
342.431850
416.086419
420.728514
428.155865
505.678846
569.430280
541.422975
507.845157
561.693455
632.717504
602.079679
487.884150
413.610635
406.028547
394.113838
328.041357
247.423646
194.658503
168.043827
141.119678
118.218678
95.627150
55.705136
3.249466
-45.647264
-64.215643
-70.714575
-66.846163
-80.617711
-139.417577
-209.667943
-220.654233
-164.484888
-144.833354
-200.538490
-235.508936
-204.871112
-180.577483
-213.381618
-247.578382
-229.783686
-193.420611
-216.940558
-270.788856
-289.821444
-255.934153
-226.534220
-201.466909
-66.846163
168.972246
325.875046
326.803465
306.687721
358.833918
453.377913
538.637718
655.463768
711.942586
613.839652
495.930447
546.065070
708.693120
779.252959
745.984614
701.111032
637.669071
483.087319
397.363304
440.844257
417.633784
207.192159
-37.446230
-144.059671
-208.430051
-298.796160
-355.584452
-351.561303
-452.913703
-612.911233
-679.138450
-637.669071
-646.334315
-755.114067
-816.853926
-801.380277
-811.438149
-861.882244
-860.799089
-817.782345
-791.167669
-770.587716
-715.656262
-648.964835
-603.008098
-544.362969
-475.505231
-459.722109
-462.197893
-395.196993
-286.107768
-247.114173
-269.550964
-226.688956
-105.839759
-37.136757
-22.127318
41.778852
161.699631
221.118443
211.215308
232.414207
297.713005
346.764472
363.321276
390.554898
426.608500
469.625244
520.533549
565.407131
585.058665
602.389152
641.382747
659.641653
613.220706
550.242955
545.600860
557.051361
484.789420
356.977080
293.689856
289.821444
251.292058
161.080685
121.777617
125.491293
87.116643
5.725250
-37.910440
-14.545230
-8.819980
-72.571413
-162.782786
-199.919544
-182.898530
-174.233287
-208.739524
-237.675247
-220.963706
-199.455334
-228.081585
-265.992025
-250.363639
-214.155301
-239.996295
-306.532985
-307.616140
-268.932018
-275.740424
-334.695026
-335.623445
-268.003599
-167.115408
-23.829419
158.450165
292.916174
317.364539
300.652998
346.454999
472.874711
606.876510
697.706829
685.946856
596.044956
531.519840
590.629179
731.284647
820.103392
798.904493
703.277343
562.776611
426.763237
407.421176
444.248460
381.889655
154.891226
-67.000900
-173.304868
-220.808970
-270.324646
-315.507701
-364.094959
-470.398927
-593.414436
-665.057430
-670.318471
-674.805829
-713.799424
-779.407695
-839.754926
-878.439048
-849.967534
-784.359263
-751.090918
-772.908763
-772.289817
-694.921572
-592.950226
-525.794590
-504.440954
-498.870441
-485.408366
-422.121142
-349.085519
-320.768742
-323.863472
-284.250930
-204.252166
-137.870212
-64.525116
51.217778
141.893360
136.477583
129.359705
228.391058
357.131817
370.593891
329.743458
365.797060
442.701095
451.056866
444.867406
528.425110
631.015402
623.433314
547.767171
551.171374
628.694355
647.881680
568.811334
488.657832
468.387352
449.509501
387.305432
324.327681
289.202498
246.340491
186.147996
143.131252
108.470279
58.645129
4.951568
-25.067311
-59.883021
-109.708171
-129.978651
-123.170245
-152.260705
-223.439490
-250.054166
-198.526915
-153.653334
-188.159571
-241.234186
-235.354200
-207.346895
-224.522646
-253.303633
-237.829984
-240.305768
-300.807735
-341.193958
-294.618275
-231.949997
-244.019443
-280.537255
-259.028883
-152.105969
10.986291
190.480618
311.639289
341.039222
327.112938
343.669742
435.273744
578.250260
711.323640
715.810998
590.629179
507.071475
601.615469
749.853026
776.158229
716.120471
671.556363
599.913368
443.938987
358.524445
403.552763
384.055966
165.413307
-76.439826
-151.641759
-168.817510
-259.957302
-374.926513
-429.857967
-495.620974
-602.853361
-670.318471
-667.223741
-672.484781
-732.522539
-783.430844
-802.463432
-815.306561
-818.556027
-794.571871
-765.017202
-752.793019
-724.630978
-665.985849
-615.077544
-581.344989
-529.817739
-473.338920
-457.865271
-447.188453
-383.901229
-302.974046
-274.966741
-251.137322
-161.544895
-65.917744
-25.531521
19.806271
125.646029
210.286889
211.060571
219.880551
305.604566
378.175979
364.404432
352.334986
428.155865
506.762002
494.383083
472.410501
546.838752
638.442754
624.980679
560.919773
564.169239
601.615469
565.871340
477.981015
434.345325
424.751662
381.889655
307.925613
261.195194
247.733119
214.310037
152.260705
100.733454
76.749299
50.908305
0.773682
-56.014609
-94.079785
-109.862907
-121.003934
-143.440725
-171.448030
-191.873246
-207.501632
-228.855267
-235.354200
-211.060571
-192.492192
-224.367909
-281.775147
-300.343525
-273.419376
-256.088889
-276.514106
-305.914039
-303.902465
-277.906734
-258.409937
-247.268910
-231.021578
-211.215308
-184.600631
-90.985056
104.137657
300.962471
376.319141
358.524445
368.582317
440.534784
539.101928
658.558497
748.150925
707.300491
574.227111
540.185083
657.011133
754.804594
732.677276
673.877410
628.384882
519.605130
384.210702
358.369709
384.829648
267.539390
19.342061
-148.547029
-189.397463
-251.911004
-361.619175
-421.347460
-447.807399
-545.910333
-670.318471
-703.896289
-668.616369
-679.293187
-742.270938
-785.751891
-799.059229
-810.664466
-803.391851
-774.301391
-754.340384
-750.007762
-715.656262
-652.214301
-601.924942
-561.074509
-509.237785
-466.530515
-438.368474
-381.115973
-289.976180
-238.603666
-231.640524
-188.933253
-93.615576
-18.723115
24.448365
91.604002
169.436456
203.942693
225.605801
300.034052
386.377013
398.601196
372.914939
405.564338
477.826278
499.179914
482.623109
514.344090
579.642888
585.832348
542.815604
542.815604
576.548158
560.455563
496.549393
462.816839
453.377913
404.481182
324.172945
280.382518
273.264640
247.423646
193.265875
143.904935
113.731319
77.058772
24.448365
-16.402068
-33.423082
-53.384089
-96.710306
-146.690192
-177.173280
-195.432186
-217.868977
-237.520511
-244.793126
-251.292058
-263.980450
-278.525680
-292.451964
-297.403532
-285.334086
-276.514106
-287.964606
-298.796160
-280.691991
-251.911004
-246.031018
-237.365774
-194.813240
-147.618611
-134.311273
-132.144962
-81.546130
49.825149
225.915274
361.154965
410.206432
414.848527
437.594791
482.932582
544.362969
646.179578
732.058330
682.542653
536.471408
490.514670
600.841787
692.600525
670.627944
600.532314
523.937752
404.016973
291.833018
282.084620
274.193059
146.844928
-50.289359
-172.995395
-230.402632
-302.045627
-357.750763
-391.173844
-462.197893
-596.973375
-673.413200
-648.345889
-634.419605
-694.457363
-758.673006
-764.707729
-773.372972
-808.807628
-814.223405
-774.610864
-755.423540
-762.850891
-713.644688
-611.209132
-544.208232
-535.078779
-501.036752
-420.109568
-351.870776
-315.971911
-270.943592
-213.536355
-181.196429
-146.844928
-69.786157
29.864142
94.853468
131.680752
188.933253
256.707835
310.865607
348.930783
397.518040
434.809534
439.296892
440.225311
461.424210
495.620974
503.357799
505.214637
526.258799
554.885050
557.360834
533.221941
515.736718
506.143056
489.431515
463.590521
438.677946
410.206432
363.940222
309.318242
264.599396
231.331051
200.074280
159.997530
116.671313
72.416677
29.554669
-13.616811
-58.180920
-98.721880
-129.514441
-158.604901
-195.122713
-231.949997
-249.280484
-259.493092
-282.858302
-313.496127
-321.078215
-304.366674
-295.701431
-312.103498
-326.339255
-313.650863
-287.500397
-269.396227
-252.529950
-216.940558
-179.030118
-153.962807
-125.181820
-82.010339
-42.088325
-25.840994
-14.545230
-9.129453
9.438926
96.865042
268.467809
424.596926
446.105298
400.612770
395.506466
447.962136
514.653563
596.973375
667.378477
616.934382
472.101028
415.931683
512.951461
600.841787
573.453428
487.884150
413.146426
313.031917
232.259470
232.878416
223.130017
99.186089
-85.569278
-182.434321
-221.427916
-293.844593
-365.642324
-406.183284
-457.865271
-574.536584
-650.512200
-644.013267
-639.371173
-694.457363
-750.471972
-756.506695
-764.088783
-800.916067
-807.260263
-773.837182
-747.841452
-734.843587
-677.281613
-579.797624
-519.605130
-492.680981
-439.296892
-362.547594
-303.902465
-251.911004
-174.233287
-123.789191
-119.147097
-85.105069
14.081021
101.352400
129.514441
157.367009
218.023713
269.396227
307.925613
363.476013
416.705365
419.335885
397.518040
410.980115
451.211602
479.837853
485.872576
490.978880
510.166204
532.912468
549.469273
552.873475
540.030347
513.415671
479.064170
463.281048
456.472643
419.800095
341.658168
266.765707
238.139457
230.557369
203.787956
145.916509
78.915609
23.055737
-10.212608
-26.459940
-57.407237
-112.648164
-172.840658
-208.739524
-227.462639
-247.733119
-269.241491
-291.987755
-314.269809
-325.565573
-309.008769
-281.465674
-278.061471
-291.214072
-285.024613
-245.876281
-206.418476
-180.577483
-154.891226
-129.050232
-115.123948
-101.197664
-60.347231
-4.332622
21.353635
12.997865
5.879987
18.723115
33.732555
32.649399
37.291494
97.483988
215.083720
331.909769
380.651763
378.021243
365.951797
360.381283
385.912804
474.267339
570.203962
538.018772
391.638054
311.794025
381.889655
461.424210
450.283183
406.492757
365.023378
269.860437
152.260705
132.299698
161.544895
88.045062
-93.460839
-228.391058
-272.181484
-317.519276
-383.591756
-430.941122
-467.613670
-551.171374
-634.729078
-652.214301
-638.752227
-668.771106
-721.845721
-729.737282
-714.263633
-725.249924
-736.855161
-704.360498
-661.034281
-640.454328
-597.747057
-505.214637
-423.049561
-390.400162
-353.418141
-277.751998
-210.286889
-180.422746
-149.475448
-93.306103
-39.457805
-0.618946
46.266210
107.387123
159.223847
188.004834
214.310037
262.897295
329.898195
384.829648
409.278014
419.026412
435.737953
463.435785
492.835718
518.212502
532.757732
532.912468
531.829313
541.887185
558.753462
559.991354
532.602995
483.087319
436.047426
410.206432
394.887520
358.833918
293.999329
226.998429
182.898530
150.713340
112.957637
70.714575
21.044163
-39.922014
-91.758738
-106.149231
-109.089225
-148.701766
-216.166875
-256.398362
-258.719410
-259.647829
-267.075180
-259.028883
-243.864707
-249.899430
-262.278349
-240.769977
-193.884821
-170.829084
-176.709071
-170.674347
-136.941793
-110.017644
-108.625015
-103.982921
-77.832454
-50.908305
-43.790426
-36.982021
-12.533656
13.771548
21.353635
19.806271
27.543095
36.982021
34.196764
22.282054
13.616811
24.293629
66.381954
134.930218
197.907970
234.271044
257.790991
277.751998
290.440390
306.997194
348.002364
384.984385
366.416006
310.556134
288.893025
312.877181
325.565573
299.879316
263.361504
228.391058
184.445895
141.893360
108.160806
61.894596
-7.117878
-83.248231
-157.367009
-234.580517
-294.618275
-327.112938
-362.238121
-421.502196
-471.482082
-490.359934
-513.570407
-556.896624
-583.356564
-575.465003
-569.894489
-585.368138
-593.414436
-581.809199
-571.751327
-564.323976
-537.399826
-489.276778
-440.534784
-388.852797
-318.602431
-242.781551
-190.790091
-164.020678
-135.703901
-94.079785
-47.504102
-1.237892
43.945163
80.772447
108.315542
143.904935
198.062706
251.446795
288.738289
318.138222
349.704465
378.794925
400.148561
422.430615
444.093724
451.056866
441.617940
431.869541
440.225311
456.782116
459.876845
441.772676
413.920108
391.483317
375.854932
358.988655
330.362404
285.488822
236.127882
198.217442
171.448030
142.202833
110.636590
84.021914
53.693562
17.949433
-6.498933
-13.307338
-25.686257
-58.645129
-92.687157
-109.553434
-117.754468
-132.763908
-147.154401
-152.570178
-157.985955
-170.983820
-182.434321
-179.339591
-164.949097
-153.498597
-149.784921
-152.415442
-157.985955
-157.676482
-142.048097
-117.135522
-101.042927
-97.329252
-91.604002
-77.058772
-63.287224
-54.621981
-39.922014
-19.187325
-10.212608
-14.854703
-11.450500
2.939993
7.582088
-2.166311
-6.189460
-3.713676
-4.332622
10.986291
60.037758
112.183955
137.251266
154.581753
181.815375
195.586922
192.492192
210.751098
244.947862
241.853132
204.097429
189.706936
202.550064
197.134287
178.101699
178.256435
171.757503
126.110239
77.368245
64.370379
47.658839
-8.665243
-65.298798
-94.389258
-134.311273
-202.550064
-249.899430
-259.028883
-278.061471
-323.863472
-350.787621
-349.394992
-365.951797
-406.492757
-425.525345
-411.753797
-405.564338
-417.633784
-421.502196
-410.051696
-398.601196
-381.734919
-342.586587
-291.368809
-252.994160
-226.070011
-188.469044
-138.334421
-97.948198
-71.797731
-43.480953
-14.235757
-3.713676
-3.868412
23.365210
77.677718
113.267110
113.576583
123.634455
170.210138
214.310037
224.058436
230.712105
266.920444
301.271944
302.974046
299.569843
323.399262
344.598161
329.124512
309.318242
325.720309
350.478148
337.635019
308.080350
306.223512
318.138222
301.271944
262.587822
240.460504
232.104734
208.584787
174.078550
153.343861
142.512306
119.147097
88.818745
71.797731
64.834589
46.730420
12.843129
-20.425217
-41.314643
-54.003035
-72.726150
-99.959772
-122.706036
-129.204968
-127.502867
-131.216543
-139.881786
-145.607036
-145.761773
-143.285989
-141.738624
-141.893360
-141.738624
-137.715475
-131.835489
-131.680752
-134.620745
-128.586022
-111.255536
-94.389258
-87.426116
-87.890326
-86.652434
-79.070346
-66.536690
-56.633555
-55.086190
-54.621981
-48.277785
-40.850433
-37.136757
-33.113609
-24.757838
-20.425217
-25.531521
-26.150467
-5.879987
28.007305
54.003035
65.608271
71.024048
76.904035
83.402968
93.925049
110.481853
122.860772
120.230252
111.100799
115.588157
129.050232
129.359705
116.671313
112.183955
112.802901
97.948198
76.439826
76.439826
80.153501
51.836724
13.462075
5.725250
7.736824
-20.734690
-58.335656
-72.880886
-87.116643
-121.622880
-143.750198
-146.690192
-172.221712
-222.046862
-242.007869
-227.307902
-234.116308
-269.860437
-289.821444
-281.620410
-271.872011
-264.754133
-249.435220
-238.139457
-239.532085
-236.592092
-214.464774
-178.720645
-141.738624
-117.444995
-113.886056
-112.029218
-85.569278
-46.111474
-23.519946
-9.129453
21.817845
57.716710
76.439826
94.543995
131.061806
167.115408
180.577483
184.136422
202.859537
231.949997
249.899430
252.529950
254.077315
264.289923
276.204633
278.370944
272.336221
271.717275
275.276214
269.860437
252.220477
235.818409
228.545794
221.737389
206.263740
187.076415
171.293293
155.200699
133.692327
114.195529
105.375549
99.959772
80.617711
47.504102
19.961007
5.261041
-11.759973
-36.827284
-56.014609
-67.000900
-83.712441
-101.661873
-105.530286
-104.137657
-117.754468
-139.417577
-151.022813
-154.581753
-158.604901
-157.985955
-151.487023
-151.796496
-157.212273
-152.570178
-140.036523
-137.406002
-140.345996
-131.216543
-112.493428
-100.733454
-95.936623
-89.282954
-85.724015
-87.426116
-83.867177
-69.476684
-53.384089
-45.492528
-43.326217
-38.374649
-30.792561
-24.757838
-21.353635
-16.092595
-8.201034
-0.464209
5.879987
11.914710
19.032588
25.067311
33.113609
50.289359
73.499832
90.366110
96.865042
104.137657
119.147097
131.990225
136.013374
138.179685
140.964942
134.620745
122.551299
117.754468
118.063941
110.172380
93.151366
77.832454
66.227217
56.943028
48.123048
35.434656
17.639960
-0.464209
-15.937858
-32.494663
-50.134622
-64.525116
-78.760873
-99.650299
-119.301833
-128.895495
-136.322847
-152.105969
-169.591192
-178.256435
-177.328016
-175.935388
-179.494327
-182.743794
-179.958537
-173.459604
-167.270145
-158.914374
-142.821779
-125.181820
-118.528151
-114.659738
-97.638725
-76.439826
-64.989325
-56.633555
-39.612541
-24.448365
-15.318912
5.415777
36.517811
53.229352
54.621981
69.012474
95.008204
109.708171
115.588157
132.299698
148.082820
147.154401
146.844928
166.651199
189.706936
192.801665
187.076415
188.314307
189.861672
183.672213
176.554334
172.531185
164.794361
150.558604
131.526016
116.361840
108.315542
104.292394
93.925049
76.594562
63.751433
55.086190
40.540960
19.651534
6.189460
2.785257
-4.332622
-24.603102
-44.409372
-52.765143
-56.478819
-66.846163
-78.915609
-83.402968
-86.188224
-94.234522
-101.507137
-99.650299
-100.578718
-108.779752
-115.123948
-106.768177
-97.019779
-100.114508
-105.994495
-95.472414
-76.439826
-68.703001
-70.714575
-67.774582
-54.931454
-43.635690
-36.363075
-31.720980
-21.817845
-10.057872
-1.547365
1.702101
5.415777
12.533656
18.877852
24.293629
30.483088
36.672548
38.219913
42.088325
50.908305
56.324082
48.432521
40.850433
45.337791
52.146197
48.277785
42.707271
48.587258
53.074616
37.910440
15.164176
9.438926
14.235757
11.295764
2.475784
2.475784
6.498933
0.309473
-9.438926
-11.295764
-6.498933
-2.785257
-4.951568
-12.843129
-19.961007
-23.210473
-24.448365
-26.305203
-30.328352
-37.600967
-43.016744
-44.873582
-48.432521
-48.896731
-48.277785
-48.896731
-49.051467
-48.587258
-50.908305
-49.515676
-43.635690
-39.148332
-36.827284
-35.279920
-32.804136
-30.328352
-26.614676
-26.305203
-20.270480
-8.201034
-4.487358
-2.939993
2.321047
7.117878
2.166311
49.515676
177.173280
197.753233
70.559839
-6.344196
25.376784
70.559839
70.714575
56.943028
54.621981
26.305203
-20.115744
-57.252501
-99.340826
-101.507137
-43.790426
0.000000
-1.392628
-31.566244
-51.991460
-49.051467
-66.072481
-85.259805
-52.610406
1.856838
16.092595
1.392628
-1.237892
0.928419
-13.462075
-36.363075
-21.353635
23.519946
45.337791
53.693562
52.765143
30.792561
-0.309473
-11.605237
11.295764
40.386224
56.478819
67.774582
74.118778
56.014609
21.353635
4.796831
19.961007
42.552534
54.621981
68.084055
84.176650
70.405103
28.007305
17.949433
47.968312
61.894596
62.358805
71.952467
72.571413
52.919879
29.399933
26.150467
26.614676
13.616811
12.997865
31.720980
59.728285
48.432521
-25.376784
-74.428251
-41.159906
5.879987
-2.630520
-29.864142
-43.016744
-59.109339
-71.024048
-64.215643
-61.894596
-72.107204
-54.931454
-20.425217
-23.519946
-58.335656
-67.465109
-45.183055
-38.219913
-44.718845
-32.649399
-16.247331
-32.185190
-59.264075
-53.538825
-36.982021
-42.552534
-54.312508
-45.028318
-29.399933
-25.531521
-24.138892
-25.840994
-38.993595
-43.480953
-16.402068
18.877852
23.055737
4.177885
-2.166311
2.011574
3.094730
14.545230
32.649399
34.042028
19.342061
19.496798
39.922014
47.813575
30.018879
14.081021
23.519946
47.968312
63.906170
55.240927
29.245196
11.450500
14.699966
24.448365
22.746264
12.997865
5.725250
-0.309473
-8.819980
-12.533656
-9.438926
-17.794696
-32.649399
-30.947298
-10.831554
-0.309473
-17.175750
-38.374649
-38.529386
-24.912575
-19.496798
-21.044163
-17.794696
-15.937858
-23.365210
-25.686257
-15.473649
-9.438926
-14.235757
-13.926284
-5.106304
-2.939993
-8.974716
-14.545230
-20.270480
-23.984156
-19.032588
-11.450500
-13.152602
-20.734690
-19.651534
-7.891561
2.475784
6.808406
8.819980
11.914710
18.258906
27.078886
31.411507
27.078886
23.055737
30.792561
41.469379
47.349366
50.908305
54.003035
52.610406
43.790426
39.303068
45.492528
49.825149
45.647264
39.922014
34.970447
28.780987
23.674683
24.138892
26.305203
25.222048
25.376784
31.875717
35.434656
28.935723
18.258906
13.926284
17.330487
17.485223
8.819980
-3.558939
-11.450500
-14.235757
-16.247331
-20.425217
-22.591527
-21.198899
-23.829419
-33.423082
-42.552534
-46.266210
-45.492528
-46.420947
-47.658839
-46.420947
-44.409372
-47.968312
-53.538825
-52.610406
-45.183055
-40.076751
-35.744129
-28.471514
-23.519946
-22.901000
-20.734690
-17.175750
-15.318912
-10.057872
0.000000
7.736824
12.843129
19.496798
27.233622
30.637825
33.423082
37.910440
41.159906
43.790426
43.635690
34.815710
18.258906
7.736824
8.819980
9.593662
5.725250
1.237892
0.773682
2.939993
3.558939
3.249466
3.868412
2.939993
0.154736
-1.083155
-1.237892
-4.487358
-12.533656
-23.055737
-32.030453
-34.042028
-29.245196
-25.840994
-26.459940
-23.055737
-12.843129
-7.427351
-15.473649
-25.376784
-22.746264
-12.378919
-5.261041
-1.237892
0.154736
-6.498933
-15.937858
-12.997865
0.154736
4.796831
-1.392628
-2.475784
2.321047
2.011574
-3.868412
-8.355770
-11.759973
-17.485223
-18.877852
-10.057872
3.713676
9.593662
2.321047
-7.427351
-4.177885
8.510507
15.164176
14.854703
17.021014
21.972581
23.674683
24.293629
27.697832
29.554669
28.007305
31.102034
40.540960
46.420947
43.635690
38.993595
37.910440
36.982021
33.732555
32.339926
33.887291
34.506237
30.947298
22.746264
15.164176
10.676818
7.117878
2.475784
1.392628
2.630520
-3.404203
-14.545230
-21.198899
-22.901000
-28.626250
-34.042028
-30.792561
-24.912575
-25.995730
-32.649399
-36.363075
-36.672548
-36.517811
-35.744129
-34.042028
-31.566244
-28.626250
-28.626250
-31.875717
-33.577818
-32.030453
-28.935723
-25.067311
-18.413642
-12.533656
-13.926284
-16.556804
-10.986291
-0.464209
5.415777
7.736824
11.141027
12.997865
10.831554
12.224183
19.187325
21.044163
16.556804
16.556804
22.436791
22.282054
16.866277
16.866277
22.436791
22.746264
20.579953
23.365210
25.995730
21.198899
14.854703
16.556804
22.127318
23.365210
21.353635
19.806271
19.961007
19.961007
17.330487
12.533656
10.367345
13.462075
15.783122
12.997865
6.808406
1.392628
-0.309473
-0.464209
-3.558939
-8.819980
-8.819980
-3.713676
-4.642095
-15.009439
-24.138892
-23.829419
-21.817845
-23.674683
-26.459940
-27.388359
-30.637825
-34.660974
-33.113609
-27.852568
-27.852568
-33.268345
-36.053602
-31.102034
-25.840994
-27.697832
-31.566244
-30.947298
-27.078886
-26.305203
-26.459940
-20.425217
-10.522081
-4.487358
-2.939993
-0.154736
6.034723
11.605237
17.175750
26.305203
34.042028
32.958872
28.162041
29.864142
34.970447
35.434656
31.102034
28.935723
27.852568
26.614676
27.233622
30.328352
28.471514
21.044163
18.723115
23.984156
27.543095
22.436791
15.318912
14.235757
16.866277
18.258906
16.866277
13.616811
10.367345
6.498933
4.642095
5.106304
4.487358
1.083155
-1.856838
-1.856838
-3.868412
-12.533656
-21.353635
-23.984156
-21.817845
-21.972581
-26.924149
-32.804136
-38.065176
-40.076751
-38.529386
-35.589392
-35.279920
-36.208338
-35.434656
-33.423082
-30.792561
-27.697832
-24.138892
-21.972581
-21.198899
-17.175750
-9.593662
-4.796831
-6.034723
-9.284189
-8.355770
-2.630520
4.332622
9.748399
12.533656
11.605237
10.522081
13.771548
20.115744
24.138892
25.686257
28.162041
32.185190
35.434656
36.672548
35.434656
32.958872
31.720980
33.113609
36.517811
37.446230
35.744129
32.185190
26.614676
22.127318
21.817845
23.984156
23.674683
18.413642
10.367345
4.487358
0.773682
-2.011574
-4.796831
-10.522081
-19.187325
-25.067311
-24.757838
-21.817845
-25.067311
-33.423082
-39.457805
-39.148332
-35.125183
-31.411507
-29.399933
-29.399933
-30.792561
-32.185190
-30.173615
-26.769413
-21.972581
-17.021014
-12.533656
-10.212608
-9.438926
-8.510507
-5.106304
-2.011574
-0.928419
0.464209
3.094730
6.344196
7.272615
6.498933
6.034723
7.427351
8.355770
10.367345
13.926284
17.330487
18.104169
17.021014
17.949433
20.734690
22.127318
22.282054
24.293629
26.769413
29.090460
28.780987
25.840994
23.365210
21.508372
22.127318
21.663108
18.723115
15.318912
11.141027
6.344196
0.928419
-3.868412
-6.498933
-8.046297
-10.367345
-13.616811
-16.866277
-20.734690
-24.912575
-26.305203
-24.757838
-21.663108
-20.579953
-22.591527
-23.674683
-25.222048
-24.757838
-21.508372
-16.866277
-12.843129
-12.843129
-13.771548
-11.914710
-8.974716
-7.272615
-5.570514
-3.558939
-1.083155
0.773682
1.856838
3.713676
5.415777
5.725250
7.427351
9.438926
11.605237
14.081021
15.628385
17.485223
17.949433
18.413642
20.579953
21.817845
22.282054
22.127318
23.829419
25.995730
25.067311
20.889426
17.330487
16.092595
14.854703
12.997865
11.141027
8.665243
4.332622
-2.321047
-8.201034
-12.069446
-15.009439
-16.866277
-18.104169
-19.961007
-23.055737
-27.852568
-31.720980
-32.339926
-31.720980
-31.102034
-29.090460
-26.459940
-23.829419
-23.984156
-25.995730
-25.531521
-21.972581
-17.175750
-12.224183
-7.582088
-4.177885
-2.785257
-3.404203
-2.630520
0.464209
5.106304
9.438926
12.997865
16.402068
17.949433
17.021014
15.473649
15.164176
17.021014
19.651534
21.972581
24.138892
24.138892
21.663108
16.866277
14.390493
16.556804
18.723115
20.579953
21.353635
21.353635
19.651534
16.556804
15.318912
15.937858
16.866277
16.556804
16.556804
17.021014
16.247331
12.378919
6.963142
3.713676
2.166311
0.309473
-2.475784
-5.261041
-8.819980
-14.699966
-20.115744
-23.984156
-25.995730
-28.162041
-30.637825
-31.256771
-31.102034
-31.256771
-33.268345
-33.887291
-32.185190
-28.935723
-25.995730
-22.436791
-18.258906
-14.545230
-11.914710
-9.438926
-5.570514
-1.702101
2.166311
6.653669
11.914710
15.783122
17.330487
17.949433
19.342061
21.817845
23.829419
25.840994
26.924149
27.078886
25.222048
23.365210
22.591527
22.127318
21.508372
19.961007
17.021014
13.926284
10.831554
8.510507
6.808406
5.879987
3.404203
-0.464209
-4.177885
-7.582088
-10.057872
-12.378919
-13.462075
-15.009439
-17.021014
-19.187325
-21.198899
-23.210473
-24.757838
-25.376784
-24.912575
-24.448365
-24.448365
-24.912575
-25.376784
-25.222048
-23.984156
-21.972581
-19.187325
-17.021014
-16.247331
-14.081021
-12.069446
-9.438926
-6.189460
-2.939993
-0.154736
2.475784
4.177885
5.570514
7.427351
10.057872
13.152602
16.402068
18.723115
20.579953
21.663108
21.972581
22.436791
23.519946
25.531521
28.007305
29.554669
28.935723
27.543095
25.995730
24.293629
24.293629
24.603102
24.138892
23.210473
20.734690
17.639960
15.318912
13.152602
11.141027
9.593662
8.046297
5.570514
3.094730
0.000000
-2.939993
-4.487358
-6.498933
-8.510507
-10.212608
-11.914710
-14.235757
-16.866277
-19.032588
-20.115744
-20.270480
-20.115744
-20.889426
-21.817845
-23.674683
-24.757838
-24.757838
-22.746264
-21.508372
-20.889426
-20.115744
-19.651534
-18.104169
-16.402068
-15.009439
-13.152602
-11.295764
-9.903135
-7.427351
-5.261041
-2.630520
-0.928419
1.083155
2.939993
4.487358
6.498933
8.201034
10.057872
11.295764
12.997865
13.152602
13.616811
14.235757
14.699966
15.628385
15.783122
14.699966
13.307338
12.533656
11.759973
12.378919
11.914710
10.522081
8.819980
6.653669
5.725250
5.415777
5.261041
3.713676
1.547365
-0.618946
-1.237892
-0.928419
-1.547365
-2.475784
-4.487358
-6.344196
-7.582088
-6.963142
-6.189460
-6.498933
-8.046297
-9.748399
-9.593662
-8.974716
-7.272615
-6.653669
-6.963142
-6.963142
-6.808406
-5.725250
-4.332622
-3.094730
-2.630520
-2.166311
-1.392628
-0.309473
0.618946
1.547365
1.856838
2.166311
2.475784
3.249466
3.713676
4.177885
5.106304
5.106304
4.951568
5.261041
5.106304
5.106304
4.796831
4.951568
4.796831
4.177885
3.713676
3.558939
3.404203
2.475784
2.166311
1.392628
1.237892
1.237892
0.154736
-0.154736
0.154736
0.154736
-0.464209
-0.928419
-1.702101
-2.011574
-1.856838
-2.475784
-2.785257
-2.785257
-2.939993
-3.249466
-3.558939
-2.475784
-1.702101
-1.856838
-2.321047
-1.702101
-1.237892
-0.618946
-0.154736
0.309473
0.773682
1.392628
2.011574
2.321047
2.939993
2.939993
3.094730
2.785257
3.094730
3.713676
3.868412
3.404203
2.939993
2.939993
2.630520
1.392628
0.618946
-0.154736
-0.309473
-1.547365
-2.939993
-2.939993
-3.404203
-4.332622
-5.261041
-5.106304
-4.951568
-5.570514
-6.653669
-6.498933
-5.879987
-5.415777
-4.796831
-4.642095
-4.642095
-3.713676
-3.249466
-2.475784
-1.547365
-0.928419
-0.309473
-0.309473
0.154736
1.237892
2.321047
1.702101
1.547365
2.011574
2.475784
3.094730
2.630520
2.166311
2.630520
2.785257
2.475784
2.166311
2.321047
2.630520
2.166311
1.547365
1.856838
2.475784
2.011574
1.702101
1.237892
2.011574
1.856838
0.928419
0.618946
1.392628
1.237892
0.928419
0.618946
0.928419
1.237892
0.309473
0.309473
0.618946
1.237892
