0.152593
-0.152593
0.000000
-0.152593
0.000000
0.000000
0.000000
0.000000
0.000000
0.000000
0.000000
0.000000
0.152593
0.000000
0.000000
0.000000
0.000000
-0.152593
0.152593
0.000000
0.000000
0.152593
0.000000
0.000000
0.000000
0.000000
0.000000
0.152593
0.152593
0.000000
0.000000
0.000000
0.000000
0.000000
-0.152593
0.000000
-0.152593
0.152593
0.000000
0.152593
0.000000
0.000000
0.152593
0.000000
0.000000
0.152593
0.000000
0.000000
0.000000
0.152593
-0.152593
-0.152593
0.152593
0.000000
0.000000
0.000000
-0.152593
0.000000
0.000000
0.152593
0.000000
0.000000
0.000000
0.000000
0.000000
0.000000
-0.152593
0.000000
0.000000
0.000000
-0.152593
0.000000
0.000000
0.152593
0.152593
-0.152593
0.000000
0.000000
0.000000
0.000000
0.000000
0.000000
0.000000
0.000000
0.000000
-0.152593
0.152593
0.000000
0.000000
0.152593
0.000000
0.000000
0.000000
0.000000
0.152593
-0.152593
0.000000
0.000000
0.000000
0.000000
-0.152593
0.152593
0.000000
0.000000
-0.152593
0.000000
0.000000
0.000000
0.000000
0.000000
-0.152593
0.000000
-0.152593
0.152593
0.000000
0.000000
0.152593
0.000000
0.000000
0.000000
0.000000
0.000000
0.000000
0.000000
0.000000
-0.152593
0.000000
0.000000
0.000000
0.152593
0.000000
0.152593
0.000000
0.000000
0.000000
0.000000
-0.152593
0.000000
0.000000
0.152593
0.152593
0.000000
0.000000
0.000000
-0.152593
-0.152593
0.000000
0.000000
0.000000
-0.152593
0.000000
0.000000
0.152593
0.000000
0.152593
0.000000
0.000000
0.152593
0.000000
0.000000
0.152593
0.000000
0.000000
0.000000
0.000000
0.000000
0.000000
0.000000
0.000000
0.000000
0.000000
0.000000
-0.152593
0.152593
0.000000
0.000000
0.000000
0.000000
0.000000
0.000000
0.000000
0.000000
0.000000
0.000000
-0.152593
0.000000
-0.152593
0.000000
0.000000
0.000000
0.000000
0.000000
-0.152593
0.000000
0.000000
0.000000
0.152593
0.000000
0.000000
0.000000
0.000000
0.000000
0.000000
0.000000
0.000000
0.000000
-0.152593
0.152593
0.152593
-0.152593
0.000000
0.000000
0.000000
0.000000
0.000000
0.000000
0.000000
0.000000
0.000000
0.000000
0.000000
0.000000
0.000000
-0.152593
0.000000
0.000000
0.000000
0.000000
0.000000
0.000000
0.000000
0.000000
-0.152593
0.000000
0.000000
0.000000
0.000000
-0.152593
0.000000
-0.152593
0.000000
0.000000
0.000000
0.000000
0.000000
-0.152593
0.000000
0.000000
-0.152593
0.000000
0.000000
0.000000
0.152593
0.000000
0.000000
0.000000
0.000000
0.000000
0.000000
0.152593
0.000000
0.000000
0.000000
0.000000
0.000000
0.152593
0.000000
0.000000
0.000000
0.152593
0.152593
0.000000
0.000000
0.000000
0.000000
0.000000
0.000000
0.000000
0.000000
0.152593
0.152593
0.152593
0.000000
0.000000
-0.152593
0.000000
0.000000
0.000000
-0.152593
-0.152593
0.000000
0.000000
0.000000
0.000000
0.000000
0.000000
0.000000
0.000000
0.000000
-0.152593
0.152593
0.000000
0.000000
-0.152593
0.152593
-0.305185
0.305185
-0.305185
0.457778
-0.610370
0.762963
-0.915555
1.220740
-1.525926
2.288888
-3.814814
10.528886
7.324443
-64.546651
-123.752562
-183.111066
-233.008831
-283.669559
-331.431029
-370.799908
-400.860641
-424.054709
-441.297668
-457.777664
-468.306550
-469.832476
-464.949514
-453.962850
-440.229520
-427.106561
-410.168787
-386.516941
-361.796947
-334.177695
-307.473998
-282.296226
-254.829566
-225.226611
-195.776248
-167.394032
-141.148113
-116.122934
-89.877015
-63.783688
-40.131842
-18.616292
3.204444
26.703697
52.491839
80.263684
108.798491
139.317002
172.734772
210.882911
254.219196
305.185109
360.728799
415.051749
470.442846
521.103574
564.897637
607.470960
647.602802
686.666496
722.678339
742.362779
748.161296
744.499074
727.713893
703.604270
671.254648
617.694661
549.943567
473.952475
388.348052
295.114001
194.555507
85.451831
-29.755548
-150.303666
-270.394007
-388.348052
-501.724320
-607.013183
-702.688714
-786.309434
-861.995341
-929.136065
-983.764200
-1026.184930
-1057.466404
-1076.693066
-1082.949361
-1077.913806
-1064.027884
-1038.697520
-999.633826
-952.024949
-897.396814
-835.902015
-770.592401
-702.536122
-631.580584
-556.962825
-478.072474
-397.656198
-317.239921
-233.924386
-150.303666
-66.530354
17.853329
101.626641
184.942176
268.105119
350.962876
430.616189
509.048762
588.702076
662.862058
724.204265
775.170178
820.795352
859.859046
892.666445
917.844216
930.967176
931.424954
924.405696
910.977551
887.478298
853.450158
810.724243
758.842774
698.721308
635.242805
568.102081
492.568767
409.100639
326.242882
244.300680
159.764405
72.939241
-10.376294
-88.351089
-163.274034
-231.788091
-295.266593
-355.540652
-412.915453
-460.524330
-495.162840
-520.798389
-542.313939
-556.962825
-562.456157
-560.777638
-551.774678
-535.142089
-514.694687
-493.636914
-468.459143
-438.551002
-404.370270
-368.816205
-334.940658
-300.454740
-264.442897
-229.194017
-194.708100
-163.121441
-133.060708
-104.831085
-76.143685
-48.066655
-22.278513
0.152593
21.820735
46.845914
73.244426
100.405901
129.398486
163.121441
199.743654
241.248829
291.146594
351.268061
417.188045
481.124325
540.940606
595.721334
645.313914
697.195382
751.670924
797.143506
828.882757
846.888679
853.144973
848.872382
832.087201
799.432394
751.365739
683.919830
601.367258
512.100614
413.525823
300.912518
178.991067
49.897765
-85.299238
-223.090315
-359.202874
-489.669508
-615.253181
-730.307967
-833.155349
-925.931622
-1004.821973
-1071.810104
-1125.827868
-1164.128600
-1190.984889
-1208.075255
-1207.770070
-1197.241184
-1176.183412
-1139.713791
-1094.393802
-1039.460483
-975.371610
-906.857553
-834.833867
-760.216107
-683.614645
-603.045776
-517.746538
-432.142115
-344.248803
-252.388085
-159.764405
-66.225169
28.534808
122.837007
217.291798
311.593997
409.405824
505.844319
600.451703
690.633903
771.660549
846.583493
914.334588
971.251611
1018.555303
1055.940478
1081.118250
1096.377505
1102.938985
1094.393802
1074.404178
1042.817519
998.718270
947.599765
885.189410
812.402761
733.665003
645.771691
551.011715
455.183591
356.303615
253.761418
150.761444
49.134803
-47.151099
-139.622188
-226.905129
-308.999923
-385.143608
-456.709516
-519.119871
-569.017636
-609.912441
-642.262063
-666.066501
-679.799831
-683.462052
-678.579091
-664.998353
-644.550951
-619.678365
-590.685779
-556.199862
-517.899131
-477.614696
-435.651744
-392.773236
-349.131765
-306.711035
-265.205860
-225.074018
-186.010324
-148.014778
-111.545157
-75.685907
-41.962953
-10.528886
20.447402
51.881469
83.925905
116.885897
152.134777
190.740693
234.076979
281.838449
337.382138
402.539159
476.546548
552.537641
624.103549
685.750941
741.294631
799.127209
859.096083
913.724217
954.161244
978.118276
986.663459
983.001237
966.826427
936.613101
886.867928
815.302020
727.256116
627.765770
518.356908
396.435457
259.407343
112.460713
-42.420730
-200.201432
-358.287318
-513.931724
-662.251687
-800.042764
-922.116808
-1028.473819
-1122.013055
-1203.650071
-1270.638203
-1321.451524
-1355.174478
-1372.570029
-1377.452991
-1372.112252
-1353.648553
-1316.721154
-1262.245612
-1195.715259
-1121.555277
-1041.749371
-957.518281
-869.167192
-776.543511
-680.715386
-584.276892
-488.448768
-388.958422
-286.416225
-182.500695
-78.890351
23.957031
126.651820
228.431054
330.973251
433.057670
532.700608
629.291696
723.593894
812.707946
894.344963
965.300501
1025.269375
1076.540473
1117.893056
1149.632307
1169.469339
1177.556745
1174.657486
1160.618971
1135.898977
1099.429357
1050.447146
987.731606
914.792365
833.460534
744.193889
646.992432
543.687272
436.872484
329.142140
221.716982
114.291823
9.308146
-92.776273
-190.893286
-282.906596
-368.511020
-448.011741
-520.035426
-581.225041
-631.122806
-670.186500
-699.636863
-720.084266
-730.613152
-730.460559
-719.473895
-700.247233
-676.900573
-648.060580
-614.032440
-575.426524
-533.005794
-489.059138
-444.807297
-401.318419
-357.066578
-311.746589
-266.731786
-224.158463
-182.958473
-143.131816
-104.678493
-67.751094
-32.959992
-0.305185
31.281474
62.562947
94.912569
130.314042
169.072551
213.476984
262.916972
321.817698
393.078421
474.868030
556.505047
629.444288
691.244273
748.008703
809.045725
872.829413
932.645694
976.592350
1001.770122
1012.451600
1011.230860
997.955308
966.521241
912.808662
839.106458
747.550925
643.635396
532.700608
408.795454
269.936229
118.259230
-40.742212
-201.879950
-364.848798
-526.444314
-680.410201
-819.422019
-941.343470
-1047.395295
-1138.798236
-1216.925624
-1280.556719
-1327.555226
-1355.632256
-1367.381883
-1367.381883
-1357.768552
-1332.743373
-1288.644124
-1226.233769
-1151.921195
-1071.199734
-987.273829
-902.584961
-815.149427
-726.035375
-636.310953
-547.654679
-460.066552
-369.121390
-274.819191
-178.533289
-82.552572
10.528886
104.831085
197.759951
292.214742
387.127311
480.819140
575.731709
673.238351
770.744994
865.810155
954.161244
1030.610114
1093.325654
1143.223420
1180.608596
1208.227848
1226.081177
1232.947842
1227.301917
1207.464885
1172.978968
1123.691573
1058.992330
980.407164
889.919779
789.819063
683.004275
573.137635
461.439885
347.453247
231.025128
114.291823
-3.509629
-122.837007
-239.265126
-349.131765
-449.842851
-537.888755
-614.947995
-681.478349
-736.259076
-782.342028
-818.048686
-842.616087
-856.196824
-858.790898
-847.346456
-823.389425
-789.819063
-747.245740
-699.026493
-647.145024
-592.974668
-537.430978
-480.666547
-426.038413
-372.020648
-318.918439
-266.884378
-216.986613
-171.056254
-130.466634
-93.539236
-59.205911
-26.856290
5.493332
36.011843
67.598502
100.405901
137.638484
179.143659
224.158463
274.361413
332.956954
404.370270
487.685805
576.036894
654.622060
719.168710
775.017585
833.918311
901.516813
968.199759
1022.827894
1058.229367
1076.235288
1082.491583
1077.761214
1055.177516
1007.416046
934.324212
842.005717
738.395372
627.307992
506.607282
372.325833
223.242908
61.952577
-103.152567
-272.072525
-445.417667
-616.168736
-774.102030
-911.587922
-1030.152337
-1131.778978
-1217.841179
-1288.796717
-1343.730037
-1379.741879
-1396.832246
-1403.241133
-1401.257430
-1385.845582
-1348.155221
-1288.949309
-1213.415995
-1129.337497
-1041.444186
-951.567171
-861.384971
-766.930180
-673.085759
-581.072448
-490.890248
-398.266568
-299.081407
-196.386618
-93.386643
6.714072
105.288863
200.354024
292.519927
380.565831
464.949514
547.654679
631.275399
718.405747
804.162763
881.374596
946.531617
1003.906417
1052.430850
1089.968618
1116.367130
1130.710830
1131.016015
1122.013055
1110.721206
1092.104914
1058.992330
1009.552342
947.447172
872.371635
786.309434
690.633903
587.633928
479.445807
368.663612
262.459194
158.848849
53.407394
-56.611838
-164.952552
-268.105119
-364.085835
-453.199887
-534.989497
-603.808739
-657.521318
-694.753901
-720.084266
-739.768705
-756.553886
-766.930180
-764.793884
-747.856111
-721.305006
-688.650199
-648.823543
-599.230962
-540.635421
-481.124325
-426.648783
-383.465090
-347.300654
-308.694738
-265.816230
-222.022167
-182.805881
-144.810334
-100.558494
-49.897765
1.678518
39.826657
58.748134
66.835539
82.552572
115.817749
161.748108
215.002910
273.751043
352.488801
457.167294
577.715412
681.783534
740.073890
764.183514
787.987952
842.310902
921.201253
999.481233
1052.888627
1079.592324
1100.802690
1122.776017
1127.506387
1078.981954
968.810130
829.645720
699.331678
594.653186
500.350987
392.468051
256.050307
102.999974
-48.982210
-201.116987
-372.783611
-578.783560
-792.107951
-971.099018
-1094.546395
-1173.284153
-1231.727101
-1284.981903
-1331.522632
-1357.463367
-1362.498921
-1364.330031
-1382.946323
-1411.938909
-1416.364093
-1369.823363
-1274.300424
-1156.346379
-1041.596778
-939.054582
-841.395347
-742.515371
-649.586505
-577.715412
-530.106535
-483.565806
-412.305083
-306.711035
-183.721436
-66.682946
35.859250
128.635524
222.022167
316.171773
401.623604
471.053216
536.515422
621.814660
738.090187
870.845710
987.731606
1066.927142
1114.230834
1150.090085
1188.238223
1222.418956
1237.830804
1227.607102
1202.734516
1185.186372
1174.810079
1147.801196
1085.085656
990.325680
880.153855
772.423512
670.339093
562.456157
443.281371
319.376217
205.236986
101.168864
-9.918516
-141.453298
-281.991041
-407.727306
-501.876912
-570.848747
-633.716880
-697.347975
-758.232404
-802.026467
-821.405722
-830.408683
-845.820531
-866.573118
-871.303487
-842.310902
-784.478324
-713.980563
-641.499100
-568.712451
-500.503579
-445.112482
-408.948047
-390.179162
-377.971758
-354.167319
-308.084368
-246.436976
-182.195510
-118.869600
-54.322949
3.662221
43.794063
61.494800
62.105170
63.478503
81.942202
124.057747
192.114026
292.672520
437.482854
616.016143
789.513878
889.919779
896.786444
865.962748
865.352378
928.830880
1031.373077
1122.165647
1156.193787
1155.125639
1182.439706
1250.801171
1291.848568
1219.061919
1028.473819
808.435355
638.752434
536.515422
458.693219
347.300654
194.860692
38.453324
-94.912569
-231.330313
-418.103600
-660.573169
-910.367181
-1114.078242
-1244.544876
-1312.448563
-1355.479663
-1409.802613
-1460.921119
-1459.242600
-1407.513724
-1370.586326
-1406.903354
-1477.095929
-1507.614440
-1476.485559
-1398.510764
-1285.439681
-1144.596753
-1010.315305
-891.598297
-766.167217
-627.765770
-517.441353
-473.799882
-453.962850
-403.607307
-317.392514
-217.291798
-101.474049
45.625174
200.659209
331.125844
438.551002
550.401345
662.404280
736.716854
778.832399
846.278308
955.229392
1042.054556
1058.076774
1100.497504
1244.544876
1352.732997
1272.621906
1095.767135
1164.281192
1427.198164
1460.768526
1180.761188
918.301994
933.408657
1030.457522
909.299033
674.611684
614.947995
677.816128
593.737630
334.025102
134.434041
68.208872
-35.859250
-260.322898
-449.385074
-465.102107
-432.599893
-532.090238
-725.882783
-856.959787
-893.887185
-908.993848
-942.259025
-960.875317
-926.694585
-851.008677
-762.657588
-701.315381
-685.293163
-693.685754
-693.380569
-668.507982
-613.422070
-542.466532
-498.367284
-513.779132
-513.016169
-425.733228
-323.801401
-318.918439
-371.410278
-326.548067
-251.472530
-307.779183
-402.539159
-320.902143
-150.456259
-180.211807
-215.460687
329.447326
1380.352250
2017.731351
1785.943260
1496.322591
1938.535815
2431.409766
1875.972867
730.765744
473.189512
1214.941920
1597.491455
1170.690080
1007.721231
1526.993695
1657.460329
921.201253
354.930282
486.465064
288.857706
-719.168710
-1346.781888
-767.998328
9.918516
-95.980717
-570.696155
-588.549483
-400.402864
-554.216159
-877.559782
-1099.734542
-1366.771512
-1648.915146
-1612.598118
-1216.315253
-826.288684
-653.248727
-697.958345
-961.943465
-1228.370065
-1212.195254
-1149.327122
-1554.765540
-2130.192063
-2036.042457
-1290.780420
-750.450184
-705.282788
-645.924284
-469.679883
-515.762835
-628.070955
-409.100639
-167.394032
-357.982133
-511.948021
-3.814814
761.284255
1046.632333
988.036792
1032.136040
1045.564185
962.248650
1225.623399
1769.615857
1794.641036
1273.384869
1197.546369
1744.132900
1823.938806
1023.438264
292.672520
220.191056
310.220664
278.023635
432.599893
626.545030
442.976186
274.514006
687.124274
1134.525644
815.912390
164.799959
43.794063
326.853252
456.862109
472.884327
425.275450
-4.730369
-631.122806
-798.974616
-656.910948
-991.546420
-1657.460329
-1751.152158
-1214.331550
-810.724243
-770.287216
-778.832399
-828.272387
-985.442718
-915.402736
-559.099120
-429.090264
-627.765770
-579.241338
-141.605891
102.542197
-87.588126
-355.235467
-553.300603
-708.487231
-561.998379
-159.154035
-86.062201
-426.953968
-496.536173
-222.327352
-192.114026
-448.164333
-601.214665
-794.396840
-574.053191
1335.642631
4153.264154
4771.874370
2431.562359
943.021988
2656.788970
3964.201978
1369.823363
-2023.835053
-1718.039573
637.379101
838.343495
-510.422095
-370.494723
486.007287
-453.352480
-2072.359485
-1739.707716
-350.810283
-590.228002
-2054.048379
-2003.998021
124.057747
2013.611352
1835.078063
394.451754
-362.712502
16.937774
266.884378
-360.728799
-990.630865
-919.522735
-826.288684
-1106.601207
-916.928661
-144.352557
-222.479945
-1602.374417
-2578.051211
-1959.898772
-883.510892
-753.196850
-1202.581923
-1136.814532
-360.576207
529.801350
946.836802
685.445756
90.639977
-217.291798
-32.349622
336.161398
608.539108
688.802792
500.503579
232.856238
305.642887
624.713919
506.302096
-230.109572
-845.973123
-756.706479
-225.989573
233.771794
429.090264
386.669534
370.494723
820.184981
1649.830701
2023.835053
1496.475184
767.387958
605.487257
802.179060
732.596855
291.299187
-223.853278
-519.425056
-399.029531
2.441481
156.407369
-198.065136
-611.896144
-561.235416
-127.109598
251.014752
297.402889
47.914062
-182.653288
-46.540729
318.002884
321.817698
-221.869575
-754.264998
-767.845735
-458.540627
-303.506591
-456.099146
-717.185007
-787.682767
-533.616164
-161.595515
-9.155553
-115.817749
-228.583647
-169.682921
40.742212
245.216235
192.724397
-162.358478
-450.148036
-369.731760
-142.368854
-110.171824
-271.919932
-458.082849
-505.539134
-328.684363
-150.914037
-265.816230
-495.773210
-676.900573
-901.821998
-326.395474
2082.583186
4686.727725
4261.757460
1335.642631
336.771768
2316.965350
2820.825966
-326.242882
-3078.707383
-2061.983192
206.915504
325.327327
-708.334639
-532.853201
152.897740
-471.510994
-1576.433682
-1132.236756
334.330287
401.776196
-1024.659005
-1176.641189
1030.152337
2881.100025
1955.015811
-199.285876
-833.155349
-126.194043
-64.241466
-954.161244
-1505.478145
-1325.113745
-1134.983422
-1143.833790
-838.801273
-289.773261
-327.463622
-1129.795275
-1630.756632
-932.187917
255.592529
546.433938
-135.502189
-518.814686
92.623681
896.176074
875.728671
124.820710
-494.705062
-514.694687
-192.724397
42.268138
52.186654
-74.159982
-254.371789
-358.592504
-191.351064
182.500695
308.999923
-26.093327
-311.593997
-2.288888
640.583545
951.567171
838.343495
693.227976
729.392411
848.872382
863.826452
630.054658
196.996988
-124.973302
-142.216261
7.782220
89.114052
11.597034
-150.914037
-186.925879
32.197029
287.026595
302.896221
148.319963
66.530354
110.019232
193.029582
224.921426
86.519979
-194.402915
-362.254725
-253.303641
-68.208872
-83.773313
-282.906596
-407.574714
-288.552521
-93.997014
-101.321456
-292.062150
-385.143608
-281.685856
-118.259230
3.204444
18.463699
-115.054786
-277.718450
-277.871042
-173.955512
-151.219222
-218.817723
-288.094743
-258.644380
-93.081458
44.404433
-65.462206
-273.140673
-345.774729
-403.607307
-461.592478
-460.219145
-663.625020
-780.663510
701.925752
3707.693894
4962.157286
2659.077858
146.641445
912.656070
2485.732716
846.736086
-2481.765309
-3061.006647
-810.113873
412.457675
-557.725787
-1114.688612
48.677025
713.217601
-535.905052
-1478.011485
-238.196978
1182.744891
277.565857
-1222.571548
-254.524381
2221.137226
2633.594901
470.290254
-1154.210084
-637.073916
202.490320
-525.070981
-1819.208437
-1883.297310
-1092.715284
-877.254597
-1152.989343
-695.516864
215.765872
209.814763
-685.903533
-902.279776
130.161449
942.411618
362.712502
-746.482778
-719.321303
365.153983
878.170152
137.180707
-724.051672
-600.451703
-76.754055
-126.957006
-565.660600
-575.579116
-205.389579
-128.177746
-267.036971
2.746666
671.865018
863.521267
289.925854
-184.942176
177.007363
796.990913
579.546523
-198.522914
-193.182174
880.916818
1589.556642
1108.279725
384.380645
232.398461
187.536250
-197.607358
-470.442846
-413.831008
-316.629551
-236.671052
30.213326
437.788039
644.398358
411.999898
-109.256269
-329.599918
-28.077030
260.628083
130.771819
-74.770352
20.599995
221.259204
272.530303
100.405901
-258.034010
-585.955410
-598.467999
-346.690284
-152.134777
-149.388111
-249.488827
-268.257711
-121.005896
43.183693
-2.899259
-209.662170
-321.207328
-258.491788
-116.428119
3.051851
24.262216
-84.383683
-198.217729
-162.968848
-48.982210
-54.170357
-216.376243
-388.958422
-487.228027
-493.179137
-494.552470
-761.131663
-1014.282711
30.823696
2826.929668
4924.772110
3727.225741
944.242728
506.302096
2134.464655
1744.895863
-1465.041118
-3546.250971
-2174.291312
-87.893312
-239.570311
-1288.186347
-605.487257
955.992355
704.977603
-865.352378
-868.404229
765.862032
1064.638254
-621.814660
-1207.770070
861.232379
2772.454126
1736.961050
-608.996886
-1026.642708
197.454766
185.552547
-1579.638126
-2645.039343
-1843.470653
-843.836827
-899.380517
-915.250143
111.087380
1029.999744
510.269503
-528.885795
-323.953994
753.654628
738.853150
-631.885769
-1376.384843
-389.568792
841.242754
633.106509
-440.229520
-775.322770
-242.927347
-62.868133
-639.667989
-1002.838269
-542.161347
15.106663
2.899259
2.288888
633.259102
1253.395244
951.567171
102.999974
-181.585140
273.293265
502.182097
-97.048865
-673.696129
-84.536275
1199.682665
1597.338862
864.131637
250.556975
237.739200
115.359971
-344.248803
-588.396891
-497.299136
-368.053242
-190.588101
186.925879
642.719840
789.819063
368.816205
-272.530303
-394.146569
32.044436
234.229571
-29.297771
-169.835513
129.093301
505.539134
559.709491
203.405875
-332.956954
-651.570209
-641.346507
-517.746538
-406.811751
-294.961408
-235.297719
-156.254776
76.143685
257.881417
100.253308
-259.559936
-471.053216
-419.782118
-188.451805
28.992585
49.897765
-29.297771
-22.431106
2.594073
-76.448870
-228.583647
-494.399877
-797.296098
-868.404229
-859.859046
-983.306422
-267.189563
2271.950547
4750.053635
4174.016741
1389.202618
392.925828
1906.033601
2040.467641
-1054.261960
-3896.603477
-3093.356269
-536.820607
-43.183693
-1262.245612
-962.248650
1059.755292
1620.380338
-90.182200
-1018.097525
318.613254
1273.079684
-137.180707
-1473.128523
22.888883
2544.786035
2397.229034
-91.402940
-1222.266363
-44.557026
444.654704
-1393.017432
-3146.153293
-2516.403819
-868.556821
-474.562845
-824.457573
-62.105170
1385.998174
1462.599637
131.382190
-450.148036
431.684337
822.321277
-465.254699
-1696.371430
-998.260493
612.659107
863.216082
-285.348077
-925.779029
-357.829541
80.111091
-517.899131
-1176.183412
-826.593869
-9.613331
239.570311
164.036996
629.291696
1385.387804
1371.959659
475.630993
-205.999949
-71.108130
147.557000
-286.721410
-851.771640
-654.622060
87.282941
533.158386
595.263556
754.264998
987.884199
943.021988
664.998353
412.457675
208.288837
-70.192575
-411.542120
-615.558366
-468.764328
-141.148113
-88.808867
-302.896221
-305.337702
9.155553
269.783637
313.425107
277.871042
272.682895
363.628058
507.675429
484.176176
200.201432
-149.082926
-392.468051
-521.866537
-563.066527
-585.955410
-616.321328
-539.872458
-314.493255
-87.588126
55.696282
154.576258
168.614773
65.309613
-38.453324
-42.573323
-8.545183
-50.355543
-162.358478
-229.194017
-209.051800
-211.188096
-310.068071
-462.965811
-617.236884
-687.887237
-704.825010
-913.419032
-931.882731
546.281346
3448.896921
4988.098020
3276.772519
815.454612
973.998277
2399.670515
1219.672290
-2342.143122
-4096.347131
-2398.907552
-439.008780
-819.574611
-1645.863295
-354.625097
1611.529970
1296.578937
-478.682844
-530.716905
1128.574534
1359.294477
-513.473947
-1282.235237
725.119820
2635.883790
1565.294426
-751.670924
-1003.753825
235.908090
-124.515525
-2266.762400
-3229.468827
-1884.823236
-472.426549
-610.980589
-867.488673
351.268061
1810.358069
1525.315177
169.988106
-79.195536
752.586480
589.465039
-929.288658
-1689.962543
-604.113924
592.669482
171.208846
-916.470883
-857.875342
59.968874
143.131816
-790.582026
-1203.039701
-451.979147
330.515473
280.465116
163.426626
822.016092
1558.580354
1259.498946
273.293265
-140.690335
148.930333
88.808867
-657.826503
-1121.250092
-582.445781
370.799908
852.382010
862.453119
899.227925
991.241235
751.213147
176.396993
-261.696231
-341.959915
-363.475465
-507.675429
-453.657665
0.457778
428.479894
343.638433
-63.020725
-224.158463
-23.346661
143.589594
42.115545
-58.442948
151.524407
513.473947
621.356883
362.254725
-23.041476
-321.512513
-518.204316
-655.842800
-725.730190
-680.410201
-504.623578
-254.066604
-4.882962
193.792544
297.097704
239.112533
50.202950
-124.362932
-187.078472
-142.979224
-93.539236
-147.557000
-287.636966
-327.005845
-224.463648
-272.835488
-545.976161
-763.267959
-918.759772
-1140.324161
-602.282813
1721.854387
4444.868526
4606.616633
2112.338735
524.155425
1646.473665
2350.535712
-192.876989
-3619.190212
-3883.633109
-1478.774447
-303.964369
-1207.312293
-1288.338939
666.219094
1930.448409
646.839839
-765.862032
140.842928
1634.724038
783.562768
-1203.344886
-814.691649
1711.172908
2611.621573
587.939113
-1201.361183
-590.228002
265.816230
-1043.580482
-3044.679244
-2892.544467
-1110.721206
-323.496216
-800.653134
-391.705088
1394.085580
2274.086843
1121.707870
-164.342181
159.916997
836.207200
-53.254802
-1599.169973
-1584.368495
-108.340714
567.644303
-309.305108
-1017.487155
-459.456182
217.596983
-263.679935
-1108.737502
-913.724217
39.063694
493.636914
304.574739
492.568767
1244.544876
1528.824805
826.441276
-47.608877
-250.709567
-161.137738
-469.985068
-918.454587
-822.626462
-203.558468
388.805829
816.370168
1255.226355
1452.681121
1091.952321
394.146569
-133.365893
-316.934736
-432.752485
-623.340586
-727.103523
-472.579142
65.309613
404.675455
341.807323
98.422198
-27.619252
-31.434066
4.577777
97.048865
204.168838
327.311030
440.687298
468.459143
306.711035
-47.914062
-454.268035
-781.579065
-915.707921
-844.142013
-627.765770
-343.180655
-60.731837
184.179214
357.676948
416.425082
336.313991
115.207379
-158.696257
-319.833995
-312.356959
-243.232532
-296.029556
-373.851759
-399.487308
-474.410253
-539.719866
-658.589466
-968.810130
-1140.324161
204.016246
3191.625874
5000.000239
3601.947253
1007.721231
867.488673
2370.067559
1526.383325
-1950.590627
-4177.984147
-2812.891153
-732.291670
-834.986459
-1589.556642
-460.829515
1609.698859
1451.765565
-390.636940
-637.379101
1124.912313
1784.875112
-103.152567
-1315.653007
414.593971
2641.834899
1982.635063
-510.422095
-1222.571548
-194.860692
-330.057696
-2308.877945
-3350.322131
-2027.955052
-524.613203
-583.666522
-894.192370
452.589517
2209.845377
2006.897279
376.598425
-222.174760
634.785028
680.867979
-794.702025
-1772.667708
-896.328666
358.439911
100.100716
-865.504970
-857.112380
-71.718501
-63.325910
-933.561250
-1132.847126
-239.570311
576.494672
493.026544
351.420653
952.330134
1546.220357
1191.442667
195.471063
-329.142140
-268.410304
-325.327327
-630.665029
-642.414655
-87.435534
457.014701
572.527265
501.113950
590.380594
667.592427
321.817698
-207.831059
-359.355466
-55.848875
157.170331
9.613331
-100.405901
75.838500
249.031049
58.290356
-276.497709
-340.433990
-137.180707
45.472581
88.503682
205.999949
444.349519
561.388009
373.699166
23.041476
-223.242908
-379.955461
-550.248752
-693.533161
-683.462052
-480.819140
-211.493281
2.288888
82.399980
64.394058
94.759976
130.008857
80.568869
-23.651846
-63.783688
-34.028140
-131.534782
-268.257711
-405.285825
-545.518383
-646.229469
-871.303487
-1146.427863
-898.464962
1019.623450
3894.009403
4864.803236
2947.477786
715.811674
1001.312344
2016.510610
506.149504
-2658.925265
-3862.727929
-2024.445423
-406.201381
-787.072397
-1158.482675
217.596983
1698.965504
806.299059
-883.968669
-556.199862
1197.851554
1311.227822
-528.580609
-921.811623
1191.442667
2800.378564
1442.304827
-848.414604
-1080.660472
-241.096236
-900.601258
-2753.532649
-3023.621471
-1339.304853
-183.416251
-552.537641
-632.496139
866.267933
2100.131330
1294.747827
-264.595490
-359.050281
621.967253
466.628032
-840.479791
-1276.589313
-192.876989
616.626513
-83.162942
-1009.399749
-840.022014
-215.308095
-454.420628
-1141.850087
-912.808662
164.799959
859.248675
684.987978
601.062073
1107.516762
1407.666317
794.396840
-211.951058
-573.595413
-403.149529
-365.916946
-472.884327
-115.817749
686.361311
1017.029377
616.168736
80.568869
4.119999
74.770352
-214.545132
-571.764302
-471.358401
153.508110
612.659107
557.573195
315.103625
185.247361
57.832578
-333.109547
-655.232430
-558.183565
-139.164410
200.964395
295.419186
402.081382
549.638382
516.678390
96.591087
-449.995444
-712.454638
-677.968720
-577.257634
-530.869498
-363.017688
-79.500721
115.054786
113.071083
21.820735
-56.306653
-124.210340
-139.469595
-107.119973
-79.653314
-85.757016
-71.871093
-163.274034
-344.248803
-490.432471
-722.067969
-980.254571
-375.988055
2018.036536
4504.379622
4319.132260
1766.106228
269.631044
1326.029300
1778.313632
-571.459117
-3362.682128
-3215.277720
-961.333095
-148.167371
-940.427915
-788.598323
945.158284
1568.346277
-105.136270
-1235.847100
55.238505
1696.676616
896.176074
-800.347949
-120.395526
2176.427608
2540.513443
189.214768
-1553.849984
-1051.362702
-558.183565
-1835.688433
-3108.462932
-2151.860206
-339.976212
-24.719994
-711.233897
-159.001442
1474.349263
1688.894395
114.749601
-916.318291
-77.974795
792.260544
18.921477
-1072.573067
-698.568715
469.679883
411.084342
-737.632409
-1224.402659
-681.630942
-382.549535
-914.181995
-1079.134547
-196.081433
856.807195
1057.924182
748.924258
883.053114
1237.983396
1001.617529
76.448870
-609.149478
-576.189487
-394.909532
-392.620643
-174.413290
616.168736
1213.263402
909.604218
178.075511
-144.352557
20.294810
-59.968874
-437.025077
-522.934685
-21.820735
592.059112
675.222054
408.032491
174.718475
22.736291
-301.065110
-664.235391
-613.727255
-201.422172
198.370321
307.473998
333.872510
437.940632
414.288786
97.506642
-393.536199
-658.131688
-664.082798
-587.633928
-490.279878
-361.033984
-184.789584
-118.411822
-97.506642
-101.779234
-163.426626
-198.370321
-198.370321
-86.672571
1.068148
63.173318
35.859250
-176.549586
-312.967330
-495.620618
-849.330159
-970.336055
473.952475
3428.144334
4980.468392
3379.009531
689.413162
414.288786
1750.694380
977.813090
-2015.747647
-3699.911674
-2089.449851
-112.918490
-279.091783
-936.155323
60.579244
1560.716649
743.125741
-1209.753774
-1097.140468
997.650123
1760.155118
68.514057
-691.854643
1193.273778
3013.855548
1808.984736
-798.822024
-1471.755190
-749.839814
-1148.716752
-2724.387471
-2847.071885
-1124.454535
-29.908141
-518.814686
-795.007210
518.662093
1587.115161
736.259076
-716.269452
-621.356883
631.427991
796.990913
-206.762912
-650.959838
61.037022
464.796922
-367.442872
-1277.657460
-1296.426345
-889.309409
-959.807169
-1102.633800
-489.059138
570.696155
1179.845633
1034.730113
823.084240
883.968669
892.056075
514.389502
-28.534808
-208.899207
-50.202950
139.774780
160.527368
202.795505
295.876964
127.719968
-304.269554
-600.299110
-377.361388
46.998507
228.888832
243.079940
436.719892
825.220536
921.964215
542.313939
0.305185
-299.234000
-349.284358
-374.309537
-354.319912
-179.296252
94.149606
200.354024
109.103677
10.834071
-15.564441
-91.708125
-302.438443
-425.122857
-334.788065
-100.405901
14.191108
-126.041450
-369.426575
-528.733202
-489.822101
-481.124325
-517.288760
-471.358401
-270.546599
-30.518511
69.429612
119.937748
-36.011843
-210.272540
-389.263607
-720.084266
-942.411618
-82.247387
2628.101569
4860.683237
4118.167866
1254.921170
-116.580712
1090.426396
1275.063387
-1047.242703
-3303.628809
-2524.796410
-249.336234
137.485892
-632.648732
-283.516967
1206.549330
990.783458
-1081.118250
-1638.233667
308.542146
1989.043950
912.961255
-487.075435
639.210212
2720.267472
2374.645336
-249.336234
-1645.863295
-1116.824908
-933.561250
-2112.186142
-2544.023072
-1017.487155
344.859174
-38.148139
-929.593843
-275.887339
933.713842
565.202823
-899.075332
-1271.706351
58.900726
1025.574560
593.585038
-75.533315
117.954045
484.633954
-139.622188
-1152.226380
-1506.241107
-1165.807118
-983.916793
-1063.417514
-697.195382
199.896247
1013.214563
1067.537513
628.986510
298.013259
355.845838
516.830983
389.568792
215.002910
320.139180
653.859097
642.567248
250.556975
-105.746640
-332.956954
-598.467999
-913.113847
-749.687221
-121.768859
497.909506
727.408708
655.232430
685.903533
707.571676
509.964318
45.472581
-308.847331
-272.988080
-63.631095
88.961459
131.077004
178.838474
146.794038
-23.194068
-276.192524
-401.623604
-310.525849
-154.881443
-43.794063
-74.312574
-22.736291
67.598502
3.204444
-285.195485
-637.379101
-697.347975
-573.595413
-406.201381
-300.759925
-192.876989
-101.016271
-24.719994
-91.097755
-348.216210
-459.150997
-630.054658
-801.721282
-758.232404
854.823491
3795.434613
4975.738023
3138.371072
193.029582
-100.405901
1202.581923
522.019130
-1891.842493
-3096.560712
-1281.624867
375.682870
-29.145178
-644.245766
139.164410
1055.482701
-295.724371
-1993.469134
-1163.976007
1408.276687
2197.332788
581.988004
-56.764430
1546.372949
2741.325245
1141.239717
-1174.962671
-1632.892928
-986.663459
-1230.658954
-2023.529868
-1362.193736
64.394058
307.473998
-749.382036
-1136.814532
-123.905154
456.862109
-233.924386
-966.521241
-310.220664
928.220510
1207.617478
652.333171
210.577725
90.182200
-419.782118
-1160.466378
-1426.740386
-1105.075281
-748.008703
-666.676871
-442.365816
12.207404
505.691726
643.177618
320.444365
-129.093301
-254.524381
202.337728
700.247233
889.614594
906.552367
918.149402
710.165750
95.217754
-496.230988
-814.233872
-897.244222
-844.142013
-525.528758
85.146646
684.377608
963.011613
774.864993
408.185084
124.362932
-2.594073
-95.522939
-110.629602
56.306653
252.693271
382.396942
340.281397
170.140698
-144.505149
-477.309511
-624.408734
-542.619124
-249.794012
104.373307
358.745096
372.783611
234.076979
46.235544
-119.785155
-353.404357
-617.999846
-740.531668
-612.048737
-248.420679
10.986664
-3.204444
-191.198471
-284.737707
-417.493230
-486.159879
-570.543562
-750.602777
-847.041271
46.998507
2846.461515
4937.132107
3983.733825
804.925726
-713.827971
644.398358
1101.260467
-627.307992
-2394.329776
-1415.753722
475.783586
325.785104
-709.707972
-549.943567
510.116910
-298.928815
-2232.429075
-1994.384690
824.152388
2700.735625
1520.737400
84.688868
823.084240
2232.734260
1330.454484
-842.158309
-1530.503324
-813.013131
-678.426498
-1439.863346
-1031.220485
337.839916
594.500593
-860.469416
-1978.057286
-1259.346354
-167.088847
-163.579219
-725.425005
-344.248803
745.872407
1275.063387
940.122729
421.308043
109.256269
-409.558417
-985.595311
-1160.161193
-754.570183
-236.671052
-64.088873
-168.462180
-380.871017
-356.151023
-102.694789
8.697776
-277.413264
-555.284307
-125.583673
779.747954
1355.327071
1286.507829
889.767186
492.110989
50.202950
-338.908064
-518.662093
-535.294682
-453.657665
-319.071032
-43.946656
288.705113
472.273957
377.666573
88.198497
-96.743680
-9.002961
263.985120
515.305057
586.413188
423.902117
196.386618
23.804439
-101.168864
-280.922893
-483.260621
-510.116910
-376.903610
-154.271073
68.971835
202.032542
150.761444
-95.522939
-324.106586
-308.542146
-121.311081
-3.967406
-112.765898
-210.425133
-88.198497
39.521472
-127.109598
-493.789507
-618.610217
-634.022065
-537.125793
-467.238402
-484.023583
-544.602828
202.032542
2694.174146
4595.782562
3568.834669
330.820659
-1075.167140
507.370244
1453.444083
147.709593
-1453.749269
-650.807246
665.608724
77.211833
-1199.072295
-972.472351
130.314042
-677.205758
-2338.175715
-1770.226227
1263.008575
2929.014087
1539.201099
-39.826657
438.398410
1535.386285
700.705011
-725.119820
-791.497581
-37.537768
-295.266593
-1162.297489
-742.515371
260.475491
17.700736
-1568.651462
-2285.531284
-1361.125588
-215.002910
36.622213
-80.568869
269.936229
596.942074
482.802843
119.785155
16.022218
-100.863679
-448.622111
-654.316875
-477.462104
-63.936280
152.439962
158.238479
-226.294759
-798.822024
-983.153830
-462.202848
155.644406
135.197003
18.616292
371.562871
996.734567
1095.004172
687.582051
235.602904
-181.127362
-449.842851
-496.383580
-171.819217
144.657742
183.111066
-23.194068
-167.394032
-26.245919
142.826631
177.312549
105.288863
211.188096
406.353973
579.546523
654.011689
504.013208
114.291823
-357.676948
-512.558391
-399.639901
-222.785130
-158.848849
-159.001442
-136.875522
-106.051826
-65.309613
-40.894805
-23.651846
-107.425159
-209.662170
-177.770326
56.917023
163.731811
-6.866665
-259.712528
-383.465090
-407.574714
-444.044334
-348.979173
-292.672520
-176.244401
-214.392539
-448.164333
-646.839839
256.050307
2707.754883
4131.901196
2653.279341
-373.393981
-987.426421
927.152362
1792.199555
410.321380
-940.733100
-112.613305
696.585012
-149.845889
-1284.066348
-783.715361
63.478503
-902.737554
-2151.249836
-1176.488597
1503.799626
2233.344630
587.023558
-664.845761
62.410355
1016.724192
499.435431
-55.238505
278.328820
628.223548
-192.114026
-947.447172
-487.533212
63.783688
-610.370219
-1838.435099
-1823.023251
-804.467948
-32.654807
-64.851836
-209.051800
-208.899207
-338.602879
-392.773236
-133.976263
298.776222
291.299187
67.445909
54.628135
206.457726
197.149581
42.573323
-79.653314
-481.734695
-951.719764
-875.270894
-148.167371
359.660651
171.208846
8.239998
231.635498
511.642836
425.428042
189.062175
94.302199
45.014804
77.517018
137.943669
229.346610
190.435508
-17.548144
-267.799933
-340.739175
-139.622188
60.731837
167.241440
219.885871
360.423614
457.472479
475.325808
429.700634
245.368828
11.139256
-178.991067
-174.260697
-110.019232
-97.048865
-170.903661
-311.136219
-425.428042
-458.998405
-388.348052
-221.869575
-69.734797
-38.758509
-68.514057
-32.197029
122.684414
128.482931
43.946656
-70.497760
-145.878482
-254.219196
-326.548067
-264.137712
-277.565857
-235.145127
-411.084342
-689.107977
-647.145024
964.079761
3368.785830
3642.689466
1105.075281
-1353.343368
-411.084342
1756.187712
1899.624713
224.768833
-340.433990
591.753927
427.564338
-881.679781
-1374.248548
-290.994002
-140.537743
-1419.110759
-1751.152158
203.863653
2038.941716
1138.187865
-715.201304
-1062.654551
175.939216
737.327224
506.454689
645.924284
926.236807
401.928789
-674.916869
-741.294631
-178.075511
-232.703646
-1151.463418
-1541.337395
-979.033831
-321.359920
-132.755523
-325.022141
-531.479868
-893.582000
-892.666445
-350.810283
321.054735
362.865095
-19.379254
-61.799985
80.416276
34.485917
-91.708125
214.545132
313.425107
-209.662170
-639.057619
-211.645873
437.177669
354.930282
0.762963
-46.998507
125.125895
76.906648
18.921477
53.865172
38.453324
-58.595541
-140.995521
-32.044436
150.303666
243.232532
41.810360
-147.404408
-26.398512
245.063643
351.115468
294.961408
290.383632
298.471037
328.073993
348.521395
304.422147
150.761444
5.645925
-87.282941
-182.958473
-246.284383
-247.352531
-244.148088
-337.382138
-429.853227
-429.548041
-227.973277
-66.835539
-119.632563
-263.527342
-213.171799
40.589620
40.589620
-85.146646
-169.072551
-71.565908
-72.176278
-160.527368
-249.641419
-320.291772
-174.871068
-214.850317
-418.866563
-380.871017
1281.472274
3386.944344
3135.929591
292.214742
-1773.735856
-216.986613
2039.399493
1988.128395
306.711035
13.733330
768.303513
211.493281
-1136.509347
-1169.316747
183.111066
138.248855
-1131.931571
-1259.498946
634.327250
1695.608468
235.145127
-1416.821870
-1217.078216
265.511045
784.630916
649.586505
669.270945
604.571702
-143.131816
-861.384971
-490.737656
179.754029
141.605891
-594.653186
-877.864967
-726.493153
-540.635421
-535.905052
-663.930205
-920.285697
-1161.992304
-677.358350
140.690335
386.669534
-294.808816
-751.823517
-412.762860
-45.167396
-117.343675
-17.700736
619.525772
649.891690
-138.859225
-596.179111
18.616292
601.825036
326.395474
-45.777766
66.682946
328.379178
202.337728
-56.764430
-202.337728
-155.186628
-48.829618
-1.983703
35.706658
97.048865
90.945163
-179.448844
-311.899182
-65.309613
312.814737
458.998405
368.053242
286.263633
238.807348
311.593997
368.511020
273.293265
120.242933
113.681453
204.321431
149.540704
-65.462206
-310.068071
-448.316926
-462.355441
-383.770275
-307.931775
-157.933294
-83.162942
-210.882911
-415.814712
-393.078421
-125.278487
-32.807399
-93.234051
-161.748108
-99.032568
-57.679986
-7.934813
-115.817749
-200.201432
-161.595515
-229.651795
-400.555456
-138.096262
1724.143275
3181.859950
2057.710600
-855.281269
-1714.987722
754.570183
2664.876375
1927.243966
229.651795
231.482905
571.153932
-335.398435
-1247.596727
-399.487308
865.352378
116.428119
-1250.648578
-985.900496
760.063515
811.944983
-837.122755
-1564.378871
-462.355441
840.632384
747.703518
464.644329
390.026570
14.954070
-849.330159
-887.478298
216.071057
944.700506
450.910999
-509.811725
-742.057593
-749.382036
-766.472402
-742.210186
-542.008754
-613.116885
-875.423486
-588.854669
-142.826631
-183.111066
-784.783509
-810.571651
-200.354024
231.482905
168.919958
157.628109
344.706581
-13.885922
-556.810232
-468.916921
409.253232
907.620515
685.445756
333.109547
81.942202
-96.285902
-221.411797
23.957031
221.259204
163.731811
-25.940734
-97.811828
-62.410355
-119.479970
-202.337728
-226.294759
35.706658
266.884378
283.211782
219.122909
220.496242
145.268112
11.597034
216.071057
534.989497
564.439860
284.432522
36.469621
-85.604423
-106.051826
-62.105170
-90.639977
-185.399954
-231.788091
-235.450312
-342.265100
-339.976212
-259.407343
-216.071057
-244.148088
-183.416251
-43.794063
-115.359971
-247.657716
-355.540652
-291.604372
-184.636991
-11.902219
-2.899259
-78.890351
-88.198497
-200.201432
-318.918439
-41.505175
1644.642554
2941.984454
1799.523997
-964.537538
-1700.949207
838.190903
2781.914865
1995.147653
209.204392
113.986638
467.390995
-274.208821
-907.315330
63.325910
1290.017457
384.685830
-1179.235263
-1143.376012
420.545081
596.942074
-795.617580
-1306.497453
-289.620669
752.433887
410.016194
-26.093327
-116.122934
-342.570285
-816.675353
-564.134675
504.165801
905.941997
220.648834
-716.879822
-822.473870
-605.639850
-351.725839
-111.392565
-58.900726
-481.124325
-1069.063438
-912.656070
-486.465064
-483.870991
-865.657563
-660.267984
-63.173318
37.079991
-252.235493
-215.460687
115.665156
-77.364425
-351.115468
18.921477
829.798312
940.733100
304.574739
-250.709567
-209.967355
264.137712
524.460610
467.085810
161.595515
-21.668143
-209.204392
-322.885846
-142.368854
173.497735
212.256244
-88.351089
-130.619227
61.799985
217.596983
112.155528
35.706658
139.469595
357.676948
522.629500
348.368802
64.241466
-101.321456
14.496293
163.731811
228.888832
177.312549
-9.918516
-229.804387
-372.631019
-337.839916
-175.328845
35.706658
-23.804439
-281.838449
-455.030998
-300.454740
-153.660703
-253.303641
-356.608800
-300.912518
-127.109598
-88.351089
-102.237012
-229.499202
-180.211807
-102.694789
-184.331806
-273.445858
550.859122
2275.612768
2402.722366
189.672545
-1792.962518
-341.196952
2568.132695
2931.608161
914.181995
-284.279929
312.662145
233.466609
-558.641343
-183.263658
1467.330006
1509.598144
-589.922816
-1751.152158
-547.959864
907.162738
135.654781
-1058.839737
-710.928712
381.633979
254.524381
-692.312421
-683.004275
-184.942176
-138.401447
-430.768782
10.223701
544.145050
170.140698
-699.636863
-994.140494
-455.030998
-7.477035
160.679960
-46.693322
-500.503579
-997.497530
-945.616061
-337.687324
-129.245894
-483.870991
-756.096108
-473.036920
-421.002858
-724.051672
-607.623553
23.194068
251.472530
-194.555507
-276.955487
203.405875
531.327275
323.496216
120.395526
207.068097
393.078421
466.322847
310.525849
123.599969
73.397019
136.722929
53.407394
13.733330
177.159956
198.980691
-96.743680
-288.857706
-49.287395
241.859199
308.389553
226.905129
152.439962
127.109598
215.002910
296.334741
185.552547
38.911101
26.245919
97.659235
81.484424
20.599995
-53.559987
-110.934787
-114.291823
-103.915530
-137.943669
-139.011817
-63.325910
-105.899233
-213.476984
-196.081433
-37.385176
-94.607384
-327.768807
-406.964343
-273.751043
-135.654781
-163.579219
-194.555507
-265.968823
-223.242908
-181.890325
-237.281423
-220.954019
516.525798
1787.621778
1693.777357
-130.008857
-1353.038182
296.945111
2685.018592
2525.711965
542.313939
-256.050307
493.942100
446.943593
-189.062175
342.875470
1643.726999
1165.196748
-913.266440
-1555.375910
-75.075537
1089.510840
177.159956
-836.817570
-424.207302
233.161424
-289.925854
-1053.041220
-618.762809
19.074069
-163.426626
-616.016143
-279.549560
107.272566
-304.116961
-788.293138
-539.719866
109.256269
169.377736
-134.128856
-426.801375
-624.561326
-718.710933
-467.696180
26.398512
-28.077030
-556.352454
-874.813116
-577.715412
-339.976212
-423.749524
-305.948072
-0.305185
-89.266644
-592.364297
-482.192473
156.407369
402.081382
91.402940
91.097755
488.296175
449.537666
88.808867
8.087405
348.063617
512.863576
395.825087
198.065136
57.679986
55.238505
51.881469
47.303692
98.727383
313.425107
277.260672
-67.293317
-191.808841
130.161449
438.398410
341.959915
176.549586
67.598502
-20.447402
-62.715540
55.848875
183.263658
141.300706
-7.477035
-205.389579
-276.497709
-162.053293
-3.967406
-29.297771
-119.479970
-115.359971
-105.441455
-141.911076
-141.148113
-141.605891
-225.379203
-271.004377
-215.155502
-180.974770
-216.681428
-214.239947
-248.878457
-264.748082
-205.084394
-187.078472
-201.422172
352.793986
1379.894472
1240.272285
-415.967304
-1249.580430
542.619124
2598.193429
2010.559501
68.514057
-255.897714
744.804259
684.072423
51.271098
701.925752
1805.169922
939.970137
-1078.371584
-1173.284153
602.893184
1311.380415
-11.902219
-870.998302
-177.312549
248.573272
-599.078370
-1106.601207
-234.382164
365.764354
-320.291772
-1016.419007
-574.510968
-72.481463
-471.510994
-807.672392
-295.724371
260.933269
-88.198497
-662.251687
-674.916869
-389.111014
-264.442897
-160.374775
17.700736
-205.084394
-712.302045
-835.139052
-406.048788
-96.743680
-170.903661
-202.490320
-186.468102
-418.713970
-637.531693
-246.589568
353.709542
355.082875
-67.445909
-173.192550
67.445909
150.151074
127.109598
269.020674
448.622111
380.413239
147.557000
24.109624
115.817749
313.882885
352.793986
189.825138
64.394058
107.882936
121.921451
76.754055
211.340688
447.553963
435.651744
168.767365
7.324443
36.317028
104.373307
166.020700
221.106612
166.783662
-32.807399
-208.288837
-230.262165
-104.220715
1.983703
-53.559987
-199.896247
-246.894753
-162.968848
-103.915530
-67.445909
-33.417769
-77.822203
-204.016246
-253.761418
-169.225143
-126.194043
-164.952552
-246.742161
-290.078446
-270.394007
-261.085861
-263.222157
78.585166
914.639773
1123.081203
-84.688868
-1153.904899
-15.106663
2108.066143
2123.630584
300.912518
-343.333248
705.587973
995.819012
158.696257
342.722878
1532.639619
1262.855983
-601.519851
-1119.266389
488.601360
1497.085554
391.552495
-737.937594
-204.474023
433.515448
-293.282890
-1044.190852
-331.278436
542.924310
-44.709619
-1075.472325
-923.947919
-218.817723
-368.663612
-839.716828
-498.672469
97.201457
-185.094769
-899.227925
-894.955333
-339.518434
-86.825164
-197.454766
-243.995495
-326.242882
-608.996886
-690.633903
-345.469544
-14.648885
-62.562947
-231.635498
-318.613254
-453.505073
-519.272464
-230.872535
198.370321
246.589568
-54.017764
-238.044385
-141.911076
62.715540
254.066604
378.276943
337.839916
157.780702
-9.155553
-25.482957
167.394032
452.131740
530.106535
272.530303
-12.970367
-23.804439
134.128856
249.641419
329.142140
381.633979
290.536224
102.694789
41.352582
169.682921
319.223624
329.294733
188.909583
-3.357036
-120.242933
-118.717008
-56.001468
16.937774
51.576283
-34.180732
-212.714021
-292.367335
-188.299212
-65.157021
-60.121467
-131.839967
-209.051800
-259.254750
-217.902168
-81.789609
-1.983703
-89.724422
-258.949565
-315.103625
-230.719943
-194.250322
-234.382164
56.764430
757.164256
869.472377
-219.885871
-1030.610114
138.248855
1968.138770
1736.198087
-50.202950
-428.174708
843.073865
1192.663407
269.936229
341.807323
1469.618894
1195.867851
-512.558391
-826.899054
758.384997
1448.255937
172.887364
-721.152413
48.371840
582.750966
-347.911025
-1035.645669
-189.672545
617.999846
-109.408862
-1122.623425
-856.196824
-146.031075
-351.115468
-819.422019
-432.447300
92.928866
-372.020648
-1155.583417
-993.682716
-228.278462
5.951110
-310.068071
-492.568767
-508.285800
-628.070955
-602.587998
-234.229571
47.914062
-81.484424
-313.882885
-363.475465
-348.521395
-285.653262
-45.472581
163.579219
48.829618
-194.860692
-211.645873
-61.494800
52.797024
162.663663
270.851785
235.908090
105.899233
72.786649
132.145152
200.048839
319.071032
434.583596
345.927321
107.425159
32.502214
199.438469
369.273982
384.380645
292.214742
174.565883
96.438495
109.866639
193.487359
276.802894
297.402889
199.743654
11.597034
-96.438495
-28.229623
66.682946
38.453324
-43.794063
-88.351089
-137.943669
-189.367360
-147.862185
-47.914062
-46.845914
-163.579219
-252.235493
-225.836981
-148.625148
-111.087380
-125.431080
-157.475516
-202.948098
-242.774755
-216.376243
-163.579219
-200.048839
-132.602930
353.862134
764.183514
198.522914
-774.102030
-366.985094
1340.525593
1873.836572
389.568792
-626.545030
369.426575
1351.512257
674.916869
72.634056
958.433836
1461.684081
176.549586
-781.121287
340.433990
1525.925547
677.663535
-609.149478
-205.847356
679.799831
92.471088
-921.964215
-464.033959
574.816154
228.431054
-944.242728
-1044.343444
-252.082900
-154.881443
-714.438341
-632.343547
-39.368879
-209.662170
-1031.983447
-1152.378973
-410.931750
-13.733330
-374.462129
-689.565755
-590.685779
-540.788014
-630.054658
-441.755446
-71.871093
-46.540729
-336.466583
-447.248778
-296.334741
-182.653288
-135.654781
5.035554
124.973302
10.071109
-225.379203
-273.751043
-56.154060
208.441430
284.890300
171.971809
62.410355
75.838500
138.706632
201.879950
337.534731
483.870991
417.951007
158.238479
44.709619
229.346610
444.502112
443.433964
314.493255
221.259204
163.426626
121.311081
159.459220
273.140673
325.937697
220.496242
41.657767
-37.537768
32.502214
113.834046
76.143685
-22.125920
-59.511096
-64.241466
-117.801452
-159.611812
-100.100716
-30.976289
-96.591087
-237.434015
-274.208821
-178.533289
-99.642938
-131.839967
-202.642913
-221.106612
-211.340688
-209.814763
-190.130323
-174.718475
-203.558468
-72.481463
355.845838
533.158386
-90.792570
-698.416123
37.537768
1452.528528
1423.383350
-33.570362
-482.345065
740.684260
1388.439655
510.879873
116.428119
1068.300475
1302.987824
-5.188147
-550.401345
734.885743
1497.848517
333.872510
-630.512436
151.524407
834.223496
-99.032568
-944.090136
-142.826631
741.294631
5.493332
-1108.890095
-862.605712
-73.702204
-260.170306
-847.499049
-590.228002
-70.955538
-462.355441
-1200.293035
-1015.198266
-233.619201
-98.574790
-605.945035
-789.971656
-533.921349
-491.042841
-664.082798
-511.490243
-128.635524
-107.882936
-439.466558
-566.576156
-347.605840
-153.508110
-137.333299
-98.727383
11.749627
-6.561480
-188.146620
-256.660677
-23.957031
285.500670
314.645848
96.743680
-4.730369
120.395526
215.765872
201.879950
301.828073
490.127286
427.869523
138.706632
84.994053
373.699166
558.030972
419.324340
277.565857
327.158437
343.485841
216.528835
179.448844
319.528810
377.361388
207.983652
21.668143
16.479996
97.964420
93.844421
18.616292
-12.817775
-1.678518
-46.388137
-143.284409
-162.663663
-64.851836
5.340739
-68.056279
-193.029582
-225.379203
-174.260697
-142.521446
-157.322924
-175.328845
-180.669585
-203.100690
-236.365867
-219.275501
-160.527368
-168.767365
-203.253283
8.545183
387.127311
299.996963
-354.625097
-486.312472
545.365790
1417.737426
726.493153
-412.457675
-54.170357
1140.629346
1090.731581
149.082926
332.041399
1300.241159
965.300501
-295.266593
-143.437001
1196.783406
1218.909327
-145.420705
-428.785079
634.327250
717.947970
-513.473947
-781.273880
365.306576
689.107977
-496.688766
-1165.654525
-436.719892
50.050358
-546.586531
-891.445704
-329.142140
-115.512564
-833.002756
-1244.544876
-646.534654
-93.539236
-378.276943
-779.595362
-629.902066
-427.259153
-608.081330
-684.530200
-321.970290
-44.099248
-252.845863
-532.242831
-446.638408
-217.902168
-177.312549
-186.315509
-41.657767
69.429612
-74.159982
-270.699192
-181.279955
120.700711
262.611787
153.050332
66.682946
132.145152
153.050332
74.159982
155.186628
437.177669
525.223573
248.878457
42.268138
237.281423
496.383580
428.632486
262.001416
347.148062
471.053216
303.353999
84.383683
202.795505
453.657665
385.296201
97.201457
24.262216
161.290330
153.050332
-9.613331
-17.853329
123.599969
94.607384
-130.466634
-219.885871
-68.819242
46.693322
-36.164435
-149.845889
-154.881443
-144.657742
-190.893286
-203.711061
-146.641445
-125.431080
-190.130323
-252.998456
-247.352531
-199.591062
-162.968848
-179.143659
-210.577725
-88.808867
193.182174
256.508084
-120.090341
-366.069539
153.355517
905.179034
802.942023
49.897765
-80.568869
581.225041
849.635345
415.967304
367.595464
946.379024
941.648655
89.724422
-168.767365
684.682793
1157.567120
421.613229
-197.912543
244.758458
611.896144
-8.850368
-517.136168
31.891844
545.976161
-65.462206
-847.346456
-608.081330
-48.829618
-291.909557
-805.230911
-592.822075
-151.524407
-449.079888
-1047.242703
-926.847177
-338.908064
-250.862160
-634.327250
-729.392411
-486.770249
-462.508033
-647.755395
-550.401345
-208.288837
-135.044411
-385.296201
-501.266542
-324.869549
-166.478477
-174.413290
-150.608851
-24.872586
0.915555
-131.382190
-187.841435
-36.011843
146.794038
185.552547
143.437001
131.229597
125.736265
109.561454
169.988106
313.272515
388.805829
322.885846
245.674013
263.985120
305.032517
304.727332
338.602879
429.548041
436.719892
298.928815
190.893286
251.625123
356.608800
337.229546
245.826606
208.594022
188.299212
107.119973
45.167396
93.081458
144.352557
64.699243
-58.748134
-68.056279
-13.580737
-43.031100
-120.242933
-103.915530
-31.586659
-59.968874
-171.208846
-197.912543
-124.057747
-106.967381
-184.942176
-217.139205
-155.644406
-137.180707
-218.359946
-261.696231
-193.182174
-132.602930
-135.959966
-79.653314
52.949616
68.666650
-56.154060
-25.025179
275.582154
491.348026
367.900649
208.746615
341.349545
540.940606
482.497658
375.072499
531.174683
698.263530
507.217652
231.177720
337.382138
621.662068
552.690233
232.093276
169.988106
336.771768
282.296226
21.515550
-28.382215
113.986638
28.534808
-283.974744
-388.042867
-225.531796
-203.405875
-437.635447
-578.173190
-485.396916
-447.401370
-594.042815
-666.371686
-537.278385
-455.183591
-568.559859
-661.030947
-562.456157
-441.908038
-469.679883
-521.256167
-446.028037
-347.605840
-370.036945
-430.158412
-382.854720
-280.617708
-252.998456
-271.156970
-229.804387
-153.050332
-135.959966
-152.287370
-101.016271
4.272592
62.562947
62.105170
82.552572
137.943669
165.715514
166.478477
204.474023
272.225118
292.672520
266.121415
273.140673
324.106586
350.962876
342.570285
356.303615
390.026570
383.312497
352.336209
363.780650
393.841384
355.540652
272.988080
254.066604
293.130298
276.345117
182.500695
116.885897
125.278487
129.856264
83.010350
39.368879
36.622213
27.466660
-20.752587
-60.731837
-54.170357
-45.625174
-85.604423
-145.115520
-165.257737
-148.472556
-150.151074
-191.808841
-241.706607
-263.679935
-255.134751
-233.619201
-215.002910
-206.457726
-204.626616
-199.438469
-177.159956
-126.804413
-47.608877
40.894805
108.493306
141.911076
153.965888
178.838474
245.368828
352.488801
449.842851
484.633954
466.475440
453.505073
467.848773
488.753953
516.678390
567.186526
598.315407
529.343572
386.059163
296.029556
310.678441
333.719917
273.293265
163.426626
64.851836
-44.557026
-178.533289
-258.034010
-229.804387
-196.844396
-292.825112
-473.189512
-574.663561
-548.112456
-502.639875
-516.525798
-548.722827
-560.777638
-589.159854
-643.940581
-650.502061
-570.085784
-484.939139
-482.802843
-533.463571
-547.807271
-506.454689
-452.589517
-400.402864
-340.586582
-301.522888
-313.272515
-330.362881
-279.244375
-175.939216
-102.389604
-76.296277
-46.082952
-4.119999
11.597034
28.992585
111.697750
221.106612
248.268086
202.337728
207.220689
291.146594
348.979173
343.485841
356.913985
415.051749
436.414706
401.318419
401.623604
461.134700
484.328769
431.531745
388.653237
407.116936
420.545081
371.868056
306.558442
277.108079
263.069564
233.008831
200.811802
173.345142
129.398486
70.039983
25.635549
6.256295
-8.697776
-28.077030
-52.339246
-98.879975
-167.394032
-211.493281
-199.133284
-175.481438
-195.471063
-241.859199
-267.494748
-280.159930
-308.542146
-325.022141
-287.789558
-234.382164
-229.194017
-255.745122
-251.472530
-213.934762
-178.991067
-130.314042
-33.722955
67.598502
107.425159
107.882936
137.333299
207.068097
289.925854
388.500644
481.276917
499.740617
444.502112
427.869523
499.893209
569.475414
567.949489
556.962825
564.897637
502.639875
364.543613
296.945111
353.404357
372.631019
245.674013
91.402940
25.788142
-31.128881
-147.251815
-216.223650
-174.871068
-175.786623
-334.788065
-509.201355
-526.444314
-456.251739
-460.066552
-523.087277
-548.875419
-565.660600
-634.632435
-683.004275
-618.915402
-515.305057
-505.691726
-574.053191
-605.029479
-567.033933
-515.152465
-470.748031
-417.340637
-376.903610
-379.497684
-393.078421
-358.439911
-270.546599
-181.279955
-128.025153
-104.068122
-81.484424
-40.131842
22.125920
96.285902
166.631070
216.376243
235.908090
244.605865
278.939190
343.791026
401.318419
425.580635
435.804336
455.488776
474.562845
484.023583
500.656172
526.596906
529.801350
493.636914
456.404331
453.352480
459.150997
427.259153
367.290279
325.327327
304.879924
267.647341
207.678467
161.290330
140.995521
106.967381
35.554065
-32.197029
-57.527393
-66.377761
-105.746640
-163.274034
-193.945137
-201.116987
-229.499202
-281.685856
-308.999923
-289.010299
-265.511045
-280.465116
-316.934736
-336.466583
-332.346584
-322.580661
-310.678441
-283.974744
-244.605865
-217.902168
-221.869575
-231.482905
-190.282916
-81.026647
34.028140
87.130349
104.373307
151.219222
213.934762
243.079940
282.296226
406.964343
541.398384
538.041348
436.109521
423.902117
526.596906
587.633928
561.388009
567.644303
603.808739
519.119871
339.365842
284.279929
387.737681
413.220638
252.693271
85.146646
32.502214
-21.515550
-141.300706
-193.334767
-136.265151
-154.576258
-338.145101
-504.623578
-502.334690
-441.908038
-469.832476
-534.226534
-550.859122
-580.004300
-667.134649
-709.250194
-629.444288
-532.395423
-542.161347
-610.827996
-621.662068
-568.712451
-519.730241
-482.955436
-432.599893
-391.552495
-394.604346
-407.879899
-361.186577
-254.219196
-166.783662
-143.437001
-138.554040
-90.334792
-8.087405
61.342207
116.733304
184.331806
245.979198
262.154009
263.222157
320.596957
421.460636
475.783586
464.339144
464.339144
511.185058
547.959864
545.518383
553.453196
586.870965
586.260595
533.768756
496.230988
503.097653
494.705062
435.041373
374.462129
346.385099
308.236960
236.213275
175.176253
147.404408
107.272566
33.875547
-25.177772
-47.303692
-79.958499
-146.641445
-197.454766
-204.016246
-215.460687
-263.069564
-300.759925
-296.029556
-293.588075
-328.684363
-356.913985
-337.992509
-312.814737
-325.632512
-345.011766
-330.820659
-312.967330
-326.242882
-333.414732
-289.773261
-229.041425
-205.389579
-207.983652
-191.808841
-149.388111
-91.555533
-9.308146
88.351089
157.933294
183.568843
201.727357
247.657716
321.817698
419.476933
519.425056
565.660600
533.768756
495.010247
524.918388
594.042815
631.733176
636.158360
625.782067
558.183565
432.599893
358.745096
396.740642
430.158412
337.229546
179.448844
74.770352
4.577777
-87.893312
-150.914037
-142.521446
-170.293291
-327.005845
-501.876912
-543.839865
-498.519876
-508.896170
-577.257634
-614.947995
-634.174657
-694.753901
-746.177592
-702.078344
-607.928738
-584.582077
-639.973174
-672.627981
-631.580584
-565.202823
-518.051723
-479.445807
-435.651744
-403.912492
-393.688791
-372.478426
-301.522888
-198.370321
-128.025153
-112.918490
-93.844421
-21.057773
70.802945
129.856264
177.922919
254.829566
328.531770
355.235467
378.429536
455.641368
542.313939
565.355415
556.199862
589.617631
642.109470
644.550951
616.626513
622.119845
639.973174
607.318368
549.485789
533.005794
530.869498
472.884327
382.396942
335.398435
320.902143
268.562896
180.364400
117.954045
80.416276
16.022218
-64.546651
-106.204418
-119.479970
-164.342181
-239.265126
-284.890300
-289.010299
-298.471037
-330.668066
-355.235467
-357.524356
-359.202874
-371.715463
-376.903610
-366.374724
-357.066578
-365.153983
-377.819165
-367.442872
-331.125844
-304.269554
-314.340663
-330.057696
-305.185109
-251.930308
-215.308095
-187.994027
-131.382190
-72.023686
-62.562947
-58.290356
34.180732
183.721436
264.442897
265.358453
296.182149
380.565831
432.752485
458.235442
552.995418
677.968720
684.072423
586.413188
567.491711
665.456131
722.220561
675.069462
636.921323
634.479842
553.453196
403.912492
352.031024
411.542120
383.617682
197.302173
23.194068
-32.959992
-80.568869
-193.182174
-273.598451
-283.822152
-350.962876
-525.223573
-653.706504
-629.596881
-572.222080
-618.610217
-712.759823
-741.447223
-729.697597
-747.856111
-761.284255
-705.587973
-629.902066
-630.665029
-684.377608
-675.222054
-578.478375
-491.042841
-470.442846
-459.608775
-402.996937
-337.687324
-309.915479
-273.751043
-175.328845
-71.871093
-43.641471
-45.167396
26.398512
147.862185
212.561429
221.869575
273.903636
370.799908
415.356934
407.727306
450.148036
543.382087
575.273931
531.479868
531.632461
604.876887
634.937620
578.173190
541.093199
575.121339
582.140596
509.353948
453.047295
470.442846
464.796922
370.342130
280.922893
277.871042
278.939190
193.639952
89.571830
62.562947
59.968874
-13.122960
-111.545157
-141.911076
-139.011817
-197.607358
-288.552521
-313.730292
-288.857706
-313.730292
-386.974719
-412.610268
-378.276943
-369.273982
-407.116936
-416.272489
-373.851759
-350.657691
-375.835462
-382.396942
-331.888806
-281.838449
-277.260672
-278.328820
-241.706607
-195.471063
-175.328845
-158.391072
-109.866639
-45.319989
-1.678518
19.684440
46.388137
98.117013
168.004403
236.060682
288.399928
332.651769
381.633979
423.444339
445.570260
478.835437
555.284307
628.681325
625.629474
576.342079
575.884301
624.866511
635.547990
592.822075
569.780599
566.270970
494.094692
366.985094
308.542146
329.294733
283.669559
124.820710
-14.954070
-62.562947
-115.359971
-239.570311
-340.128804
-359.050281
-405.133233
-546.891716
-664.540576
-653.706504
-612.659107
-665.608724
-755.027961
-761.589440
-717.185007
-721.610191
-749.534629
-708.182046
-622.577623
-600.146518
-635.090213
-615.405773
-514.236909
-431.073967
-422.986562
-418.866563
-353.709542
-275.124376
-247.352531
-231.940683
-162.816256
-71.260723
-35.859250
-39.521472
8.392591
111.087380
178.228104
184.484399
210.730318
293.435483
361.644355
371.562871
387.127311
456.404331
519.119871
521.408759
516.220613
561.082824
611.590959
605.334664
576.342079
586.413188
610.522811
589.465039
538.346533
511.185058
499.282839
455.946553
387.279904
335.551028
298.623630
239.265126
158.696257
92.623681
44.862211
-12.207404
-81.331832
-140.842928
-189.062175
-237.891793
-283.669559
-312.814737
-333.414732
-361.491762
-387.279904
-392.620643
-384.685830
-381.176202
-379.039906
-365.459168
-346.690284
-333.872510
-318.918439
-286.263633
-248.573272
-230.719943
-228.125869
-211.188096
-171.361439
-134.281448
-118.106637
-108.188121
-88.198497
-66.835539
-52.186654
-27.161475
20.447402
63.783688
72.176278
68.971835
105.594048
185.705139
255.745122
289.162891
317.697699
362.865095
399.182123
420.850266
472.426549
560.472453
606.707997
568.254674
523.087277
551.469493
605.945035
599.841332
549.333197
517.441353
481.734695
389.263607
292.519927
270.699192
270.851785
177.007363
7.171850
-108.951084
-144.657742
-194.402915
-293.893260
-374.004352
-415.814712
-489.364323
-602.587998
-659.199836
-626.392437
-605.487257
-666.982057
-739.921298
-737.785002
-695.059087
-680.410201
-679.189461
-642.567248
-598.315407
-598.162814
-609.149478
-560.167268
-465.865069
-412.610268
-420.392488
-414.441379
-353.556949
-284.737707
-249.488827
-214.850317
-148.472556
-86.672571
-64.088873
-36.774806
47.761470
149.998481
199.896247
215.765872
265.816230
352.336209
415.051749
443.891742
488.906545
554.368751
589.312446
588.091706
606.707997
656.605763
680.715386
656.910948
632.496139
636.005768
627.918363
583.208744
536.057645
509.048762
472.579142
402.996937
334.482880
291.909557
245.674013
171.208846
98.117013
54.017764
13.580737
-50.965913
-116.580712
-153.813295
-181.432548
-227.210314
-269.631044
-283.974744
-293.588075
-323.801401
-354.319912
-351.725839
-333.414732
-336.619176
-352.946579
-347.911025
-325.937697
-317.850291
-317.850291
-298.928815
-266.884378
-252.388085
-254.371789
-241.248829
-207.373282
-180.364400
-169.225143
-153.050332
-123.905154
-100.711086
-91.402940
-76.601462
-42.725915
-2.899259
27.161475
49.592580
74.770352
107.577751
151.219222
206.610319
264.748082
312.051774
348.673987
382.091757
414.441379
451.826554
502.182097
551.316900
567.033933
548.112456
534.531719
548.722827
559.099120
538.804311
503.708023
468.001365
410.473972
325.022141
255.592529
220.343649
168.614773
63.020725
-59.053319
-144.810334
-207.983652
-285.348077
-367.290279
-428.022116
-486.312472
-567.796896
-640.736137
-666.066501
-664.693168
-682.546497
-721.305006
-742.210186
-731.986485
-713.522786
-696.279827
-669.576130
-634.022065
-604.876887
-583.056151
-547.807271
-491.805804
-433.210263
-390.484347
-359.202874
-320.749550
-267.952526
-212.866614
-165.410329
-119.327378
-68.666650
-18.158514
27.619252
77.211833
139.774780
202.337728
250.251790
290.383632
340.128804
397.808790
446.791000
483.260621
519.730241
557.420602
585.497632
603.198369
622.272438
642.719840
649.739098
640.125767
626.545030
615.710958
598.620592
567.796896
530.106535
491.805804
448.927296
398.113975
343.943618
291.451779
236.976237
177.312549
116.428119
59.358504
6.561480
-48.371840
-104.678493
-155.339221
-199.438469
-239.265126
-277.718450
-310.678441
-337.076953
-358.745096
-376.598425
-389.568792
-396.435457
-398.724345
-399.487308
-397.503605
-389.416200
-376.598425
-362.254725
-346.995469
-330.362881
-310.220664
-286.874003
-262.001416
-235.908090
-209.967355
-185.552547
-161.290330
-135.197003
-107.730344
-80.721461
-56.306653
-34.180732
-12.054812
13.733330
43.488878
74.159982
102.847382
130.161449
159.916997
195.776248
238.654756
281.838449
319.833995
351.420653
380.413239
408.795454
436.872484
465.102107
489.059138
499.893209
495.162840
487.685805
484.633954
476.393956
454.573220
420.697673
379.497684
328.836955
268.410304
207.983652
151.829592
87.282941
6.866665
-76.601462
-150.914037
-218.054761
-285.805855
-352.031024
-410.626565
-465.407292
-519.577649
-564.745045
-593.279853
-612.048737
-631.275399
-648.213172
-653.706504
-647.907987
-636.463546
-620.593920
-599.230962
-573.137635
-544.297643
-512.558391
-475.783586
-435.346559
-394.451754
-355.082875
-315.408811
-272.988080
-227.362906
-180.669585
-135.502189
-89.877015
-41.962953
7.782220
58.290356
109.866639
163.121441
215.002910
264.442897
312.814737
362.407317
410.779157
454.573220
493.484322
528.275424
560.319861
588.091706
609.607256
625.629474
636.310953
638.905026
633.411695
622.272438
607.165775
585.650225
555.131714
518.509501
478.530252
433.820633
383.770275
330.057696
275.124376
218.359946
158.848849
98.422198
39.521472
-17.700736
-74.770352
-129.398486
-179.754029
-225.379203
-268.105119
-306.558442
-339.365842
-365.153983
-386.059163
-402.691752
-413.983601
-421.002858
-424.054709
-422.986562
-418.103600
-408.795454
-395.825087
-381.328794
-365.611761
-348.673987
-328.379178
-304.422147
-278.939190
-254.066604
-231.177720
-208.899207
-185.247361
-158.238479
-129.703671
-100.558494
-75.838500
-55.391097
-34.791102
-9.765924
22.125920
56.306653
86.672571
110.477010
132.908115
160.527368
199.743654
247.505124
291.299187
321.359920
340.891767
362.712502
394.299161
432.142115
468.459143
491.500619
492.721359
482.039880
479.140622
489.974693
497.299136
482.955436
446.333222
398.571753
348.368802
303.811776
266.426600
222.632537
155.034036
67.903687
-16.022218
-83.773313
-141.911076
-202.032542
-269.478452
-341.196952
-411.542120
-470.442846
-510.422095
-538.804311
-567.949489
-602.587998
-630.512436
-643.330211
-640.888730
-630.054658
-616.473921
-602.282813
-585.955410
-562.761342
-529.190980
-487.380620
-446.485815
-409.405824
-372.631019
-331.583621
-284.279929
-233.924386
-185.552547
-140.385150
-95.675532
-48.524432
2.288888
55.391097
106.204418
154.881443
201.116987
248.268086
298.623630
349.436950
395.519902
435.346559
472.121364
506.454689
539.262088
568.407266
591.753927
607.013183
613.727255
615.558366
615.100588
608.233923
592.974668
570.238377
541.245791
507.828022
470.137661
427.869523
380.718424
328.073993
271.767340
214.239947
157.170331
98.574790
37.385176
-24.872586
-84.383683
-141.300706
-195.776248
-246.589568
-293.588075
-337.382138
-377.056203
-410.626565
-437.330262
-458.388034
-476.088771
-488.753953
-494.705062
-494.705062
-490.279878
-481.276917
-466.780625
-448.164333
-426.953968
-401.928789
-371.868056
-339.365842
-306.863627
-272.988080
-236.365867
-198.675506
-161.137738
-124.820710
-88.198497
-52.491839
-19.226662
11.902219
43.031100
73.091834
100.100716
124.668117
148.625148
171.819217
193.487359
214.545132
235.297719
256.355492
276.345117
296.029556
319.376217
346.079914
371.868056
394.299161
414.899156
433.668040
450.758407
464.796922
477.309511
485.244324
485.244324
476.241363
463.270996
447.401370
425.580635
395.672494
356.303615
308.999923
255.134751
196.081433
133.671078
68.208872
-1.678518
-75.991092
-151.219222
-223.853278
-292.977705
-358.592504
-420.697673
-477.309511
-528.275424
-572.222080
-607.928738
-634.937620
-653.248727
-664.845761
-668.965760
-665.761316
-653.401319
-633.869472
-607.928738
-576.647264
-540.177644
-500.045802
-456.404331
-409.558417
-360.881392
-311.746589
-262.459194
-212.866614
-163.426626
-114.291823
-65.157021
-17.090366
30.518511
78.127388
125.125895
171.666624
218.207353
263.222157
305.642887
347.300654
387.585089
425.275450
458.388034
488.448768
515.457650
538.041348
554.521344
565.965785
573.442821
573.748006
566.118378
554.521344
538.499125
515.457650
485.091731
449.995444
411.084342
367.900649
320.291772
270.394007
218.665131
164.647367
108.493306
52.797024
-1.220740
-55.085912
-108.951084
-160.832553
-209.204392
-254.676974
-297.708074
-336.161398
-369.579167
-396.893235
-419.934711
-437.635447
-448.774703
-454.268035
-455.336183
-451.368777
-441.450261
-426.191005
-407.269528
-384.991015
-358.439911
-328.379178
-295.419186
-260.170306
-222.785130
-184.331806
-145.573297
-106.662196
-67.751094
-29.450363
7.019258
41.352582
73.091834
102.389604
129.093301
152.287370
171.971809
188.604398
201.879950
212.408836
220.648834
227.820684
232.856238
236.213275
239.112533
242.469569
245.674013
250.099197
256.050307
264.442897
275.124376
285.958447
296.487334
306.863627
316.019181
323.191031
328.989548
333.414732
333.872510
327.921400
316.782144
301.522888
281.228078
255.592529
225.531796
190.435508
148.014778
99.642938
48.371840
-3.814814
-59.205911
-117.191082
-175.634030
-233.466609
-289.620669
-342.265100
-390.331755
-432.752485
-471.510994
-504.165801
-529.801350
-547.196901
-555.894677
-560.167268
-557.420602
-548.722827
-534.379127
-512.558391
-484.939139
-454.573220
-420.239896
-383.007312
-343.791026
-302.438443
-260.322898
-218.512538
-177.465141
-137.028114
-98.269605
-60.121467
-23.041476
12.665182
47.456285
81.179239
114.139231
146.946630
179.754029
211.798466
243.385125
274.361413
304.269554
332.193992
358.592504
382.702127
404.217677
422.071006
435.041373
445.112482
452.131740
452.284332
448.164333
440.382113
425.428042
405.438418
382.702127
355.540652
323.801401
287.942151
248.725864
207.831059
165.715514
121.005896
75.991092
31.586659
-12.512589
-55.085912
-96.591087
-135.349596
-171.819217
-205.542171
-234.076979
-259.559936
-281.075486
-298.318444
-311.593997
-318.460662
-321.054735
-321.054735
-316.934736
-308.694738
-296.945111
-281.533263
-264.442897
-245.063643
-224.005870
-202.490320
-179.143659
-153.965888
-128.177746
-103.152567
-78.585166
-53.712579
-28.839993
-4.425184
18.463699
41.199990
62.715540
81.942202
98.879975
114.444416
128.940709
141.148113
149.845889
157.628109
162.053293
162.663663
164.342181
163.884404
162.511071
160.222182
154.881443
149.082926
145.573297
141.758483
137.943669
135.959966
133.823670
134.128856
136.417744
137.485892
139.469595
141.148113
140.232558
139.622188
140.385150
139.317002
134.586633
125.888858
115.512564
106.204418
93.386643
76.754055
60.274059
41.352582
18.005921
-6.408887
-30.060733
-54.475542
-82.399980
-109.866639
-134.128856
-159.001442
-184.484399
-208.899207
-230.414758
-245.216235
-259.559936
-274.971784
-284.737707
-292.214742
-296.334741
-292.214742
-289.010299
-284.737707
-275.887339
-266.121415
-252.235493
-232.093276
-213.476984
-194.402915
-172.734772
-150.151074
-125.888858
-101.016271
-78.585166
-55.543690
-32.197029
-10.223701
11.902219
33.417769
54.322949
74.159982
92.928866
111.850343
128.330338
144.047372
159.916997
174.260697
187.536250
198.065136
202.795505
207.678467
213.934762
216.681428
217.902168
215.308095
207.373282
201.727357
194.402915
184.789584
175.634030
162.358478
144.810334
129.551079
114.902194
99.490346
83.468127
64.851836
46.845914
30.365918
13.580737
-2.441481
-17.700736
-31.434066
-44.862211
-57.679986
-69.429612
-79.805906
-88.503682
-94.759976
-101.016271
-106.204418
-108.645899
-110.171824
-110.019232
-106.204418
-102.694789
-98.422198
-92.928866
-86.672571
-78.279981
-69.124427
-61.647392
-53.712579
-45.014804
-36.317028
-27.619252
-19.684440
-12.054812
-4.272592
2.899259
9.460738
14.954070
19.837032
24.262216
27.924438
30.823696
32.654807
33.265177
32.807399
32.502214
31.739251
30.365918
28.534808
26.245919
24.719994
22.736291
20.752587
19.684440
18.921477
18.616292
18.311107
18.616292
19.837032
22.278513
25.788142
30.976289
37.079991
40.894805
43.183693
45.777766
48.066655
50.050358
53.102209
57.069615
57.832578
54.322949
49.134803
47.151099
45.777766
41.810360
37.232583
30.976289
21.362958
11.444442
3.814814
-3.051851
-12.207404
-23.346661
-33.875547
-42.878508
-51.728876
-60.274059
-68.666650
-75.533315
-81.026647
-88.198497
-93.997014
-97.659235
-100.558494
-101.321456
-101.626641
-101.474049
-99.642938
-98.422198
-96.133309
-90.334792
-84.078498
-78.890351
-72.481463
-65.004428
-57.222208
-48.982210
-41.352582
-34.028140
-25.330364
-17.090366
-9.002961
-1.525926
7.019258
15.869626
21.973328
28.229623
35.554065
42.268138
47.303692
52.949616
60.121467
66.530354
66.835539
66.988132
71.718501
75.533315
76.143685
75.380722
74.159982
75.075537
73.854796
70.345168
68.208872
66.988132
63.325910
58.442948
53.254802
47.914062
43.946656
39.063694
32.959992
26.551105
19.684440
13.122960
8.239998
3.967406
-1.525926
-7.629628
-13.122960
-16.327403
-20.142217
-24.262216
-26.551105
-28.687400
-31.128881
-34.028140
-34.638510
-32.959992
-32.502214
-34.180732
-33.875547
-31.891844
-29.450363
-27.771845
-27.161475
-25.025179
-22.125920
-20.142217
-18.005921
-15.106663
-13.428145
-12.207404
-10.528886
-7.477035
-4.577777
-3.051851
-1.678518
0.915555
2.899259
4.119999
4.882962
5.951110
7.324443
7.171850
7.477035
9.002961
9.460738
9.765924
8.850368
8.697776
9.918516
10.986664
10.223701
9.460738
9.308146
9.460738
10.071109
10.528886
10.071109
9.460738
10.528886
12.359997
13.122960
12.817775
11.902219
12.054812
12.665182
13.428145
13.580737
12.970367
12.207404
11.139256
8.545183
6.103702
5.340739
4.730369
2.594073
0.152593
-1.373333
-2.288888
-4.272592
-6.408887
-9.002961
-10.986664
-12.512589
-14.038515
-14.954070
-16.632588
-18.921477
-21.210365
-22.431106
-23.041476
-23.346661
-23.041476
-23.194068
-23.346661
-23.499253
-23.346661
-22.583698
-21.210365
-20.294810
-19.684440
-18.005921
-16.174811
-14.648885
-13.733330
-12.359997
-9.613331
-7.171850
-5.493332
-4.425184
-2.594073
-0.762963
0.915555
2.594073
3.967406
4.577777
5.645925
7.477035
9.308146
10.071109
9.613331
10.223701
11.597034
13.122960
13.580737
13.885922
13.580737
12.817775
12.512589
12.970367
13.580737
13.122960
12.359997
12.207404
11.902219
11.291849
10.834071
10.223701
9.460738
8.392591
8.392591
8.087405
7.171850
5.645925
4.119999
3.662221
3.814814
3.662221
2.746666
1.983703
0.762963
-0.152593
-0.305185
0.000000
0.762963
0.610370
-0.457778
-1.831111
-1.983703
-1.525926
-1.068148
-1.831111
-2.899259
-3.204444
-3.204444
-2.899259
-3.204444
-3.051851
-3.509629
-3.814814
-3.051851
-2.441481
-2.594073
-2.899259
-2.746666
-2.594073
-1.678518
-0.457778
-1.373333
-2.288888
-3.509629
-2.441481
-1.068148
-0.152593
0.000000
0.305185
0.152593
-0.305185
0.000000
1.373333
2.288888
1.983703
2.441481
3.357036
3.357036
2.746666
1.220740
0.457778
1.220740
2.899259
2.441481
0.915555
0.152593
-0.305185
0.000000
1.678518
2.136296
0.762963
-0.915555
-0.152593
1.525926
1.220740
0.457778
0.762963
0.915555
-0.457778
-1.678518
-1.068148
-0.305185
-2.136296
-3.357036
-1.983703
-1.068148
-1.831111
-3.204444
-3.814814
-3.967406
-3.204444
-2.288888
-2.899259
-4.119999
-4.119999
-3.204444
-3.814814
-3.814814
-2.746666
-2.899259
-3.814814
-3.967406
-2.288888
-2.441481
-3.967406
-3.967406
-2.899259
-2.288888
-1.983703
-1.678518
-2.288888
-2.899259
-1.678518
-0.305185
0.000000
0.000000
0.610370
1.220740
0.610370
1.068148
1.831111
2.441481
2.899259
2.746666
2.594073
2.288888
2.441481
2.899259
2.746666
2.441481
2.746666
2.746666
2.594073
2.441481
2.136296
1.983703
1.983703
2.594073
3.051851
2.288888
1.678518
1.373333
1.068148
1.220740
0.915555
1.373333
1.373333
1.068148
0.000000
0.000000
0.152593
0.305185
0.152593
0.000000
0.457778
0.610370
0.915555
0.915555
0.610370
1.220740
1.678518
1.068148
0.457778
0.457778
0.762963
1.068148
0.152593
-0.610370
-0.457778
0.000000
0.762963
0.762963
0.762963
0.915555
0.762963
0.457778
1.373333
2.288888
2.288888
1.220740
0.610370
0.762963
1.068148
0.762963
0.457778
0.305185
0.762963
0.762963
0.305185
0.000000
-0.305185
0.000000
0.152593
-0.305185
-0.610370
-0.762963
-1.678518
-1.831111
-0.762963
-0.762963
-1.068148
-0.915555
-0.915555
-0.915555
-1.068148
-0.915555
-1.373333
-1.525926
-1.220740
-1.068148
-1.525926
-1.831111
-1.678518
-2.594073
-2.746666
-1.678518
-1.678518
-1.831111
-1.983703
-2.136296
-2.594073
-3.204444
-2.594073
-1.983703
-1.678518
-1.373333
-1.525926
-1.831111
-1.068148
0.457778
0.610370
0.000000
-0.457778
0.152593
0.762963
1.373333
1.373333
1.068148
0.762963
1.068148
1.678518
1.983703
1.678518
1.220740
1.220740
1.373333
2.441481
3.051851
2.288888
1.220740
0.915555
0.762963
0.610370
0.457778
0.610370
0.152593
-0.610370
-0.610370
-0.152593
-0.610370
-1.525926
-1.525926
-0.915555
-0.305185
-0.305185
-0.610370
-1.525926
-2.136296
-1.525926
-1.220740
-1.373333
-1.220740
-0.915555
-1.068148
-1.068148
-1.068148
-1.220740
-1.220740
-0.762963
0.152593
0.152593
0.000000
0.152593
0.152593
-0.457778
0.305185
0.915555
0.610370
0.000000
0.152593
0.610370
0.457778
0.610370
0.915555
1.068148
1.068148
1.678518
1.983703
1.983703
2.136296
1.831111
1.831111
2.136296
2.441481
2.441481
1.831111
1.525926
1.373333
1.525926
1.373333
1.068148
1.220740
1.373333
1.831111
1.831111
1.678518
0.915555
0.915555
0.915555
0.915555
1.068148
0.915555
0.915555
0.000000
-0.152593
0.152593
0.152593
-0.457778
-0.915555
-0.305185
0.000000
-0.305185
-0.457778
-0.152593
-0.305185
0.152593
0.457778
0.457778
0.305185
-0.152593
-0.152593
0.152593
-0.152593
-0.457778
