0.153229
0.000000
0.306457
0.153229
0.306457
0.153229
-0.153229
-0.153229
-0.153229
-0.153229
-0.153229
-0.306457
0.000000
-0.306457
-0.459686
-0.306457
0.000000
0.306457
-0.459686
-0.459686
-0.153229
-0.153229
0.000000
0.153229
0.306457
-0.153229
0.000000
0.000000
-0.153229
-0.306457
-0.766143
-0.153229
-0.306457
-0.459686
-0.153229
-0.459686
-0.459686
-0.153229
0.000000
0.459686
0.306457
0.153229
-0.306457
-0.306457
0.612914
0.459686
-0.153229
-0.306457
0.153229
0.306457
-0.153229
-0.153229
-0.459686
-0.459686
0.153229
0.153229
0.000000
0.000000
0.459686
0.153229
0.000000
0.306457
0.306457
-0.306457
-0.153229
0.153229
0.306457
0.153229
0.459686
0.306457
-0.153229
0.306457
0.306457
0.459686
0.306457
0.612914
0.153229
0.153229
0.306457
0.459686
0.153229
0.000000
0.153229
0.306457
0.306457
0.000000
-0.612914
-1.072600
0.153229
0.000000
-0.612914
-0.153229
0.000000
0.000000
0.459686
0.153229
0.000000
0.459686
-0.306457
0.153229
0.000000
-0.306457
-0.306457
-0.153229
-0.153229
-0.459686
0.000000
0.306457
0.306457
-0.153229
-0.459686
-0.919371
-1.225828
-0.919371
-1.225828
-1.532285
-1.072600
-1.225828
0.306457
0.766143
0.612914
0.306457
-1.379057
-1.379057
0.306457
2.298428
0.919371
-1.685514
1.685514
-0.459686
-1.685514
1.532285
0.306457
-1.072600
-2.911342
-2.604885
-3.983942
-1.991971
-1.225828
2.145199
2.298428
1.532285
-1.225828
1.379057
2.145199
2.604885
5.362998
3.983942
3.983942
5.056541
3.524256
2.758113
3.217799
3.064570
3.524256
4.290399
2.145199
0.919371
-3.983942
-2.145199
-2.451656
-1.838742
1.072600
-0.919371
3.371027
6.742055
1.532285
-1.532285
4.443627
3.371027
-0.612914
5.056541
4.750084
2.604885
2.298428
5.822684
-0.919371
0.306457
-3.524256
2.145199
-5.822684
-3.217799
-1.991971
-4.443627
-8.274340
-7.967883
-7.048512
-9.193711
5.975912
-24.363335
340.167317
48.266984
-162.728690
88.259628
8.274340
-52.404154
6.282369
34.016732
-69.106063
-38.920044
-23.750421
-18.234194
-26.661763
-33.863503
-26.968220
-22.677821
-12.258282
0.153229
-15.016395
15.935766
23.290735
39.686187
96.687197
137.292755
139.131497
89.638685
52.250926
41.984615
-3.524256
-12.411510
-43.363672
-56.847781
-59.299438
-74.162604
-59.759123
-37.081302
-2.911342
-11.798596
4.903313
12.564739
-7.661426
-15.169624
-0.306457
12.871196
8.734026
-4.443627
6.742055
6.895283
4.596856
20.839079
4.903313
20.072936
24.056878
14.709938
23.750421
22.064907
32.024761
26.048849
14.250252
24.516563
41.831386
54.089668
49.646041
68.493149
85.654743
83.203087
75.694890
77.227175
81.364345
83.969230
67.727006
57.307467
60.525266
57.001010
60.372037
58.533295
57.613924
38.613587
38.920044
22.218136
7.354969
0.153229
19.766479
2.604885
-25.742392
1.991971
-15.935766
-35.395788
-54.702582
-71.251262
-74.315833
-94.082312
-102.356652
-86.420886
-86.880572
-39.992644
14.403481
53.783211
73.549690
103.276023
134.994327
171.615944
258.036830
358.095054
499.218523
690.141260
878.305884
1055.284827
1216.634459
1330.023565
1341.362476
1085.470845
166.712631
-1373.387237
-1322.515368
-625.785281
-1674.174824
-2566.730961
-2757.347242
-2866.752406
-1754.773026
-1147.681625
-2668.781156
-3210.597208
-2593.086267
-2035.181221
-1760.289253
-1663.602056
-834.788984
-807.514307
-432.564116
651.374444
365.603252
198.890621
414.176693
13.943795
-383.224532
-431.644745
-687.996061
-925.040583
-861.910433
-839.232611
-714.964281
-369.587193
101.437281
657.810042
1268.119243
1968.067128
2477.551962
2780.484748
3093.530617
3399.374746
3749.042232
3853.697312
3715.178729
3924.335660
4366.399944
4078.790010
3377.156610
3339.462394
3333.026796
2947.503837
3103.796928
3260.856163
2853.115067
2378.259880
2149.642926
1960.558931
1908.767690
1696.392960
931.169724
282.400165
-191.535652
-373.571135
-467.806676
-1163.004477
-1740.522774
-2007.140401
-2483.068188
-2753.363300
-2517.238149
-2083.141748
-2747.234159
-3640.096753
-3944.408597
-4378.351769
-4023.934199
-3536.207816
-3620.023817
-3425.423595
-2805.460997
-2194.692111
-1981.551238
-1848.548882
-1301.676289
-631.148279
-415.555750
-659.189099
-1210.658547
-1776.837934
-2270.387001
-1442.033614
-1625.294926
-1420.428393
239.496179
-89.945142
-1281.603353
-3011.859816
-2996.690192
-2787.686489
-3465.263010
-2880.849430
-2522.601147
-3435.843134
-3203.242239
-1857.282907
-1138.487914
-406.055582
756.642438
1923.784086
3041.892606
3716.864242
3799.607644
3145.934772
2067.818896
3479.666491
4975.176860
4083.386865
1988.599750
3710.122187
2491.342529
-1882.259156
-899.144963
-140.050869
-2303.484361
-2640.280651
-1600.931591
-2528.117374
-3147.007371
-2792.896259
-1389.935917
4.750084
134.841099
-481.750471
-158.438291
839.692297
2020.318054
2851.736011
2701.265603
2361.098285
2428.059149
2846.219784
2704.023716
2433.422148
2585.118384
2772.363637
2572.093959
2044.068475
1793.386614
1842.419741
1842.419741
1851.153766
2080.230406
2206.797164
2028.285937
1804.725524
1834.758315
2036.253820
2186.264543
2133.094246
1942.631194
1607.060732
1248.352763
921.209870
553.154962
268.916055
7.508198
-247.310833
-498.299151
-737.795330
-893.322279
-963.347714
-1072.752878
-1262.909473
-1465.171121
-1532.131985
-1597.867021
-1763.047367
-1779.289590
-1797.523784
-1917.808173
-2094.020973
-2481.995589
-3418.221854
-3627.225557
-3251.662452
-2742.024390
-1893.904524
-2299.040734
-2431.889862
-1789.555901
-1989.978807
-2175.385318
-2155.772067
-2445.680429
-2280.959769
-1563.237375
-1224.755571
-1070.760907
-1415.984766
-2145.199299
-1926.082513
-1371.395266
-1207.440748
-1248.046306
-1330.330022
-1192.271125
-995.985389
-422.910719
425.668832
800.006110
988.170734
1389.016546
1166.069047
843.982696
1272.562870
1525.849616
1475.743889
1352.548158
1394.686001
613.067314
-773.037890
-1114.124579
-496.613638
500.597579
1410.468539
910.790331
-157.978606
-324.538008
-194.293765
742.085729
823.756531
490.331268
1212.344061
1316.692684
1182.311271
1529.680329
1155.036594
1191.811439
1706.506042
1187.521040
1909.074147
2620.667401
1697.159102
1524.470559
1879.501043
1733.474262
1582.084483
1467.316320
1227.973370
1087.156359
975.299538
847.353723
880.297855
949.250690
894.241651
669.608638
230.608925
-228.923411
-515.613974
-648.769559
-726.762877
-716.343337
-648.769559
-611.075343
-584.873266
-591.155635
-767.981349
-1109.068038
-1511.139678
-1557.721148
-1605.988132
-1201.158379
-531.549741
-368.361365
-1121.019862
-114.921391
2102.142084
1150.592967
492.629696
674.971637
325.150922
560.356703
963.347714
1069.994765
1215.715088
1202.537436
813.643448
744.690614
928.718068
917.379157
683.092748
447.580511
210.535988
-187.398482
-574.300498
-471.330932
-230.608925
-236.584837
-489.105440
-845.974666
-1117.955292
-1379.056692
-1385.339061
-1365.266125
-1611.351130
-1700.989815
-1628.512725
-1288.805093
-504.428292
-144.647724
-164.107746
1.991971
-224.786241
-805.828794
-970.242997
-883.209197
-959.517001
-1159.020535
-1467.929235
-1698.997845
-1813.153093
-1741.135688
-1459.195209
-1284.821151
-1156.722108
-841.071354
-536.759510
-369.587193
-138.058898
-47.807299
-131.470071
-34.936103
208.850475
467.959904
602.494546
664.552097
773.037890
920.750185
841.071354
472.709988
377.708305
605.405888
350.127171
191.382423
776.255689
854.095778
292.972933
117.985961
362.078996
659.035870
627.470795
472.097074
543.501565
718.488537
752.045583
926.419640
1092.212900
1056.817112
909.870960
873.096115
905.120876
856.240977
739.480844
1030.308578
875.394542
-794.336655
1316.386227
2258.741633
-592.228235
-457.693593
767.521663
390.119815
447.274054
659.342327
85.501515
413.257322
273.666139
17.314823
381.998704
-251.601232
-205.632676
223.100727
-119.518247
-490.484497
-628.696623
-857.620034
-1158.560850
-1363.733840
-1053.139627
-600.502575
-921.209870
-1086.543445
-870.950915
-899.298192
-1027.397236
-588.857208
56.694553
258.496516
467.806676
854.708692
920.290499
757.255352
820.079046
872.176744
663.479497
446.661140
283.932450
104.808309
-27.121448
-144.494496
-256.964230
-262.327229
-233.213809
-249.609261
-267.383770
-225.092698
-192.455023
-184.333911
-264.932113
-319.328238
-205.326219
-75.388433
-43.210443
-109.405164
-6.742055
291.440648
484.355356
544.574165
546.872593
470.105103
314.578154
165.333575
47.807299
-45.508871
-143.728353
-296.037503
-434.556087
-553.767876
-648.156645
-695.351030
-627.011109
-515.154289
-430.878602
-375.716334
-256.964230
-49.952498
37.540988
12.564739
26.968220
116.913362
185.712968
195.366365
180.656427
141.276697
100.364681
72.170634
67.880235
71.864177
50.258955
-21.298764
-199.350306
-410.499209
-506.879949
-293.279390
36.468388
256.044859
382.458389
289.448677
112.776192
-27.274677
-142.349296
-254.206117
-429.959231
-510.710662
-446.661140
-467.040533
-407.281410
-245.472091
-152.462379
-65.428579
29.266648
26.814991
3.371027
34.323189
32.637675
5.516227
-121.510217
-354.417570
-286.077649
117.985961
347.981972
516.073660
672.826437
677.270064
681.407234
722.166021
736.263045
694.431659
586.558780
413.257322
252.214146
79.065917
-126.719987
-313.352326
-406.821724
-417.854178
-357.482140
-228.923411
-89.025771
-68.339921
-212.068274
-341.393146
-256.044859
77.533632
460.758164
699.334971
780.546088
853.636092
930.097125
1004.719414
1032.147320
1027.856921
1017.437382
963.654171
865.281460
734.271074
654.745472
615.212513
605.099431
593.147606
507.492863
369.740422
241.334921
142.962210
37.234531
-71.404491
-160.736719
-180.043513
-194.446994
-243.939806
-290.061591
-368.514594
-458.459736
-528.178713
-586.558780
-684.318576
-801.538395
-905.274104
-1020.348724
-1112.745522
-1205.602006
-1274.401612
-1276.700040
-1275.320983
-1268.272471
-1256.627104
-1179.706386
-1087.922502
-1078.269105
-1050.841199
-995.678932
-933.774609
-897.612678
-844.289153
-759.553780
-679.415264
-588.703979
-499.218523
-371.885621
-269.528969
-136.986298
44.895957
163.648061
285.464735
445.128855
578.744125
635.745135
671.907066
723.545078
734.117846
705.617341
689.221889
703.625370
653.213187
570.929471
546.566136
518.372088
467.040533
435.322229
445.128855
430.265688
407.281410
438.693257
461.524306
466.274390
489.718354
554.227562
618.430312
677.116836
754.956925
819.619361
827.434015
788.820428
777.175060
770.433005
702.705999
640.648448
566.332615
474.242274
382.458389
315.497525
306.916728
290.214819
305.997357
324.078323
304.158615
283.625993
296.037503
289.755134
218.503871
108.485793
-0.612914
-104.961537
-280.867880
-424.443004
-523.888314
-634.059621
-698.262372
-702.246313
-684.012119
-689.681575
-681.713691
-640.035534
-655.358386
-704.391513
-699.334971
-671.600609
-696.423630
-685.084719
-605.252659
-556.219532
-544.420936
-487.266698
-357.022455
-295.884275
-292.819704
-237.044523
-183.108083
-181.422569
-196.745421
-186.325882
-182.035483
-206.552047
-187.398482
-132.389442
-99.138853
-53.629982
17.621280
112.469735
189.237224
285.464735
372.498535
394.256985
390.732729
368.208137
344.764173
278.569452
204.713305
152.615607
88.566085
48.573441
-2.145199
-57.613924
-104.961537
-107.719651
-62.517237
-55.621953
-23.750421
14.863167
52.097697
80.598202
84.122458
122.276360
123.808645
81.364345
35.855474
28.960191
20.532622
-24.210106
-23.443964
-30.032790
-29.573105
-42.597529
-40.605558
-14.709938
-11.492139
-3.830713
-69.106063
-157.212463
-241.488150
-266.617627
-205.479447
-82.283716
46.887928
77.533632
48.726670
10.113082
18.080966
34.169960
-3.983942
-48.879898
-103.276023
-117.985961
-112.316506
-121.663446
-153.381750
-186.172653
-172.688544
-138.825040
-115.534305
-68.952835
-10.113082
30.798933
21.758450
43.057214
102.203424
138.058898
173.607915
201.648734
226.931440
216.358672
221.568442
266.311170
312.279727
352.578828
408.354009
457.540365
452.637052
445.588540
495.694267
542.428966
510.557433
473.476131
471.637389
454.169337
434.709315
429.806002
427.047889
393.337614
333.731719
295.424589
265.391799
235.359009
223.560413
194.906679
157.672148
128.711958
121.050532
134.687870
153.688207
125.953845
77.993317
49.186355
2.604885
-83.049859
-187.245253
-252.367375
-332.352663
-414.329922
-493.395839
-533.082026
-557.598589
-587.478151
-562.042216
-534.767540
-483.589213
-443.136884
-380.159961
-290.214819
-239.802636
-182.495169
-140.970240
-89.332228
-76.307804
-61.751094
-53.017068
-76.307804
-61.597866
-82.436944
-104.195395
-137.905669
-169.470745
-206.398818
-282.246936
-345.683544
-419.539691
-492.016782
-568.937500
-631.454736
-675.278094
-703.931827
-688.149289
-667.156982
-596.671862
-525.420600
-435.628686
-338.022118
-255.585174
-168.704602
-113.082649
-59.452666
-42.903986
-27.121448
-26.968220
-37.540988
-41.831386
-42.291072
-9.959854
15.476081
60.525266
117.526276
179.124141
242.254292
295.424589
356.103084
380.926104
385.676188
403.910382
412.797637
408.507238
374.950192
334.038177
311.666812
285.158278
271.827397
280.254966
270.754797
243.326892
240.568779
247.923748
239.036493
218.810328
234.899323
267.383770
257.117459
233.673495
258.496516
303.545701
325.150922
339.094718
329.134864
327.296122
275.811338
211.915045
191.688880
130.703929
23.597192
-98.832396
-148.018752
-188.164624
-254.665802
-292.360019
-313.965240
-385.063274
-496.766866
-543.501565
-597.438005
-707.915769
-863.136261
-1008.856585
-1191.045296
-1192.271125
-506.573492
710.060968
1747.877743
2264.104631
2931.108385
3972.142959
4746.253449
4975.789774
4886.151089
4729.704768
3984.248012
2620.360944
1258.465846
93.622627
-981.275451
-2208.942364
-3299.469750
-4139.008819
-4607.888094
-4542.612744
-4149.734815
-3574.055260
-3020.134156
-2341.791492
-1727.958035
-1299.684318
-861.144290
-463.209820
-252.214146
-479.298815
-805.982022
-1038.889375
-1173.883702
-1187.521040
-1137.415314
-896.999764
-639.116163
-223.407184
309.981299
831.571185
1369.556524
1895.130352
2409.824955
2374.275938
2058.931641
1938.494024
1819.282234
1290.797064
415.096064
-56.081639
-510.863890
-1246.514021
-1766.418394
-1820.967748
-1806.257810
-2012.809856
-1893.598067
-1590.665280
-1344.733503
-978.210880
-415.708978
-5.669455
116.147219
480.371414
850.418293
910.177417
899.604649
1104.624410
1182.617728
825.748502
583.494209
564.187416
418.007406
77.840089
-111.090678
-196.438964
-439.459399
-583.953895
-527.565799
-454.935480
-456.927451
-307.069957
-79.525603
-22.524593
53.170297
281.634022
429.652774
307.223185
212.374731
234.899323
126.873216
-100.364681
-211.302131
-211.761817
-282.400165
-367.135537
-321.166981
-195.059908
-121.510217
52.250926
235.665466
378.167991
459.072650
521.589887
510.097748
322.546037
122.123132
-232.907352
-817.014476
-1338.451134
-165.333575
1692.868704
2320.799184
2038.858705
2378.413108
4192.792030
4975.943002
4734.914538
4594.403984
4774.753954
4171.493265
2162.207665
954.307231
114.155248
-882.443054
-2317.274928
-3617.572160
-4259.139979
-4841.101903
-4484.998820
-4032.055311
-3517.360708
-2973.399457
-2273.145114
-1424.105877
-1208.973033
-548.404878
-8.274340
127.026444
-241.641378
-665.624697
-677.116836
-1047.163715
-995.066018
-808.586907
-625.632053
-531.090055
-231.834753
587.324922
970.549454
1428.396276
1870.920246
2117.158479
1779.442818
1159.939907
999.969330
510.250976
-222.028127
-1061.567196
-1607.060732
-2017.253484
-2369.985540
-2200.668024
-1822.653261
-1341.362476
-986.791677
-507.339634
59.452666
576.292469
1005.945243
1183.537099
1161.931877
862.370118
580.123182
296.497189
5.975912
-239.189722
-411.571808
-477.460073
-570.929471
-448.040196
-125.340930
226.931440
434.402858
556.219532
705.464112
725.230592
697.189772
634.672535
515.920431
279.029137
6.129141
-176.212800
-299.102074
-344.917402
-339.554403
-300.940816
-307.682871
-265.391799
-127.026444
6.895283
113.235877
171.003030
213.753787
213.294102
213.600559
245.012406
268.916055
292.206790
284.085679
255.585174
192.914708
148.938123
171.309487
130.244243
51.944469
-102.356652
-237.350980
-431.338288
-698.568829
-1036.131261
-654.745472
965.646142
2158.683409
2284.637253
2054.028329
3285.832412
4840.642218
4832.521106
4413.134643
4257.148009
4355.673948
2888.204399
1085.930531
350.740085
-375.563106
-1436.823845
-3065.796255
-3846.035886
-4265.269120
-4360.270803
-3932.916457
-3615.886647
-3053.844430
-2679.966838
-1945.236079
-1506.696050
-1136.036257
-483.435985
-268.609598
-272.593539
-686.310547
-701.786628
-790.046256
-849.805379
-477.766530
-337.868890
-228.157268
-170.390116
534.614311
1128.221603
1262.756244
1606.447818
1875.517101
1783.886446
1031.994091
667.463439
535.686911
-63.896293
-914.161358
-1603.536476
-1853.911880
-2197.450225
-2250.773750
-1971.284927
-1643.222663
-1297.232662
-884.894711
-304.618300
41.678158
501.057265
948.637776
997.517674
741.319586
561.122845
601.268718
299.868216
-15.629309
-74.928747
-74.775518
-224.020098
-264.932113
69.106063
309.368385
450.645081
600.196118
734.730760
727.069334
698.109143
761.239294
600.962261
325.917065
141.583154
42.903986
-164.107746
-340.780231
-262.020772
-226.624983
-317.795953
-345.683544
-175.293428
-39.686187
-24.363335
56.081639
101.284053
88.106400
76.001347
172.841772
234.592866
199.656763
213.907016
201.495506
129.631329
45.662099
105.727680
85.961200
-68.033463
-248.230205
-416.321892
-644.785618
-382.151932
1048.083086
2303.637590
2482.455274
2250.620522
3282.767841
4819.803139
4835.892134
4355.520719
4209.647167
4219.300564
2861.542636
982.654507
245.931777
-402.531326
-1451.227326
-2995.464364
-3845.422972
-4175.630435
-4314.915161
-3933.835829
-3582.023144
-3070.239882
-2681.039438
-2090.190260
-1596.794421
-1182.311271
-552.848505
-306.763500
-290.827734
-568.018129
-627.470795
-682.020149
-659.648784
-232.754124
-86.420886
-91.937113
-2.145199
668.689267
1243.602679
1304.434402
1565.076117
1834.911543
1664.368199
890.564166
463.975963
398.853841
-114.921391
-947.718405
-1628.819182
-1878.121986
-2166.957749
-2296.589078
-2050.504073
-1688.578305
-1342.128618
-1089.914472
-644.172704
-169.623973
324.384780
701.786628
741.013129
638.962934
499.984665
457.540365
288.682534
112.316506
62.670465
-12.564739
-121.203760
-141.889611
132.695899
416.015435
560.356703
620.115826
678.802350
718.182080
665.318240
641.261362
526.339971
314.884611
62.057551
-144.647724
-260.948172
-343.231888
-314.424926
-299.868216
-342.006060
-334.957548
-217.584500
-55.775182
-11.185682
42.137843
100.977596
106.953508
87.187029
94.082312
173.148229
148.631666
89.791914
43.516900
5.516227
-30.952161
-46.581470
-103.429252
-249.302804
-362.385453
106.493822
1317.305598
2268.395030
2605.804234
2725.322481
3714.565814
4855.352156
4878.949348
4495.418359
4201.219598
4030.216568
2767.000638
1092.059672
185.100054
-545.340307
-1546.229009
-3013.851786
-3837.914774
-4111.734142
-4163.065696
-3954.828136
-3651.895349
-3098.433930
-2673.224783
-2134.166845
-1654.408345
-1150.899424
-646.317903
-424.596233
-336.796290
-515.767203
-566.332615
-600.502575
-446.507911
-121.663446
-46.275013
18.693880
234.899323
838.619697
1240.078423
1333.394593
1577.640856
1782.967074
1553.890435
850.877979
462.596906
279.795280
-316.723354
-1242.989765
-1871.533160
-2013.575999
-2248.935008
-2381.477679
-2128.190933
-1639.545178
-1257.086789
-965.646142
-381.998704
183.720997
591.308864
838.772926
874.934857
758.327952
539.211167
416.628350
186.325882
-130.703929
-267.383770
-308.295785
-380.926104
-369.433965
-35.549017
357.175683
506.879949
613.833457
832.950242
962.888028
877.846199
785.755857
670.068324
387.055245
37.540988
-197.664793
-345.990001
-530.323912
-597.591233
-586.252323
-598.204147
-546.566136
-363.151596
-132.389442
-33.710275
45.202414
172.228858
220.036157
197.971250
190.463052
196.132507
101.284053
-56.694553
-144.341267
-228.157268
-264.012742
-332.812348
-370.046879
-382.458389
62.670465
1320.676625
2376.114681
2768.686152
2850.050497
3759.155314
4881.554233
4867.150752
4417.425042
4080.475523
3926.021174
2723.483738
1043.792687
147.099380
-519.291459
-1435.904474
-2811.743367
-3575.587546
-3764.211855
-3786.123534
-3610.063963
-3367.962899
-2884.373686
-2484.906931
-2001.930631
-1595.262136
-1207.593977
-779.473488
-561.122845
-481.444014
-671.753838
-709.448054
-650.608302
-437.620657
-123.195731
-38.613587
111.090678
415.862207
1020.501952
1391.468202
1480.493973
1736.998518
1915.356517
1639.238721
934.081066
549.324249
374.796963
-214.060244
-1151.818795
-1769.176507
-1962.550901
-2205.418108
-2427.446235
-2286.782453
-1794.305985
-1492.905483
-1272.256413
-780.852545
-77.533632
457.233908
635.132221
770.279777
827.127558
745.150299
565.872929
404.216839
239.036493
12.717967
-164.414203
-280.101737
-274.738739
-104.655080
179.430598
332.812348
381.845475
549.171021
734.730760
759.094095
661.487527
627.470795
497.533009
146.946152
-139.131497
-223.407184
-299.561759
-482.056928
-588.857208
-573.534355
-573.381127
-538.598253
-368.821051
-185.559739
-128.711958
-63.130151
45.355642
94.082312
136.833070
204.253619
197.205107
59.146209
-56.388096
-39.226501
-98.985625
-230.608925
-222.641042
-159.817348
418.007406
1465.630807
2381.171222
2707.088287
2865.373349
4039.257051
4944.684384
4737.825880
4154.025214
4007.538747
3842.051944
2274.830628
743.924471
30.952161
-575.219869
-1765.652251
-3129.232863
-3568.998719
-3712.727072
-3729.428981
-3600.870252
-3257.944821
-2806.840054
-2393.276275
-1859.581335
-1506.542822
-1092.059672
-716.649794
-488.186069
-541.969280
-702.093085
-619.349683
-564.187416
-336.796290
-117.066590
19.460022
185.100054
572.768213
1191.351753
1415.831537
1512.059049
1802.580325
1941.558594
1479.114917
800.925481
612.914085
394.716671
-444.209483
-1392.540802
-1759.676339
-1902.025635
-2302.718219
-2519.996262
-2157.304352
-1731.175834
-1608.439789
-1310.257086
-607.551087
28.653733
295.731046
505.041206
731.972646
743.311557
596.825091
501.516950
387.514930
153.688207
-22.371364
-129.324872
-234.592866
-198.890621
82.283716
303.545701
299.561759
425.209147
715.117509
804.449737
659.035870
653.519644
682.326606
374.337278
-20.685850
-131.316843
-159.817348
-413.563779
-627.777252
-613.680228
-607.091402
-672.213523
-564.187416
-349.820714
-258.190058
-188.930767
-46.887928
54.242897
44.436271
134.381413
216.511901
93.009712
-81.517573
-84.888601
-98.066254
-253.133517
-295.424589
137.752441
1131.439402
2024.608453
2542.214398
2778.492778
3553.982324
4691.244410
4967.055748
4581.686017
4177.775635
4089.516006
3168.152907
1497.962025
441.298141
-188.777538
-1118.414977
-2636.296710
-3569.458405
-3732.646780
-3797.615673
-3786.736448
-3596.120167
-3108.240556
-2689.467007
-2208.789135
-1711.102898
-1262.756244
-832.950242
-551.009763
-455.701622
-645.092075
-667.003753
-517.912402
-330.360692
-173.454686
-85.961200
143.575125
479.911729
1009.929184
1427.170448
1625.448154
1876.436472
2047.286274
1828.782402
1241.610708
876.926828
688.915432
20.532622
-985.719078
-1619.012557
-1842.726198
-2208.176221
-2597.223437
-2437.865775
-1982.164152
-1815.757978
-1669.424740
-1075.510991
-311.513584
91.937113
280.101737
565.106787
726.456420
640.954905
520.210830
472.097074
335.723690
122.889274
-30.645704
-134.994327
-140.204097
52.863840
292.053562
325.457379
360.240254
599.123518
777.481517
684.471805
594.986348
643.253333
469.032504
59.452666
-169.164288
-173.607915
-321.166981
-589.163665
-669.761867
-630.382137
-669.455410
-660.261698
-515.460746
-376.788934
-310.594213
-204.560076
-65.428579
-17.774508
39.379730
110.477764
84.582144
-45.355642
-82.743402
-110.171307
-195.059908
-221.568442
261.867543
1324.507339
2115.626194
2521.222090
2784.928375
3761.760199
4823.940309
4895.038343
4567.435764
4252.091467
4130.581250
3007.569417
1436.977073
565.106787
-118.598876
-1146.609025
-2698.201032
-3502.497541
-3661.395518
-3741.074349
-3753.945544
-3606.386478
-3139.652402
-2763.169925
-2288.161509
-1835.830914
-1350.096502
-921.822784
-680.947549
-615.212513
-778.554117
-689.681575
-492.936153
-250.222175
-109.711621
-49.186355
242.101064
660.108470
1206.368149
1542.857981
1764.426423
2063.834954
2152.707496
1832.459887
1302.748888
1046.857258
741.166358
-68.186692
-1023.719751
-1546.075780
-1819.741920
-2282.032368
-2573.626245
-2365.082227
-2027.366566
-1946.461907
-1704.514071
-1014.066354
-365.143566
-56.847781
153.534978
452.943509
560.356703
454.629023
407.587867
364.530652
201.035820
-8.580797
-104.655080
-127.792587
-69.872206
154.147892
348.594886
412.797637
533.082026
766.755521
847.966637
754.037554
744.843842
704.697970
392.418243
5.056541
-99.904996
-152.002693
-425.209147
-663.019812
-678.802350
-654.439015
-720.940193
-664.092412
-475.621330
-371.579164
-343.078659
-240.109093
-137.905669
-101.896967
-43.976586
6.435598
-55.468725
-163.648061
-147.865523
-108.332565
-152.309150
43.823357
902.822448
1916.122659
2473.874477
2684.257237
3333.486482
4479.789050
4931.966417
4662.897133
4299.592309
4182.985404
3530.998046
2033.955392
886.426996
197.511564
-615.212513
-1978.793125
-3122.490808
-3462.658125
-3552.450039
-3601.176709
-3562.869578
-3221.016747
-2813.122423
-2444.761058
-2044.374932
-1610.584988
-1169.899760
-898.225592
-788.054285
-877.846199
-898.378821
-749.593926
-499.678208
-249.149576
-131.010386
79.985288
467.040533
1015.751868
1466.243721
1711.102898
1995.035348
2196.377625
2030.277908
1535.043327
1164.536762
936.839180
298.642388
-632.527336
-1268.732157
-1562.164775
-1976.188240
-2402.010301
-2281.112997
-1940.026309
-1847.629510
-1750.329399
-1175.569216
-504.121835
-264.472428
-84.428915
215.745758
368.974279
205.326219
122.889274
172.841772
24.210106
-164.720660
-214.519930
-165.333575
-129.324872
91.783884
380.926104
465.048562
555.453390
809.199821
960.283143
813.336991
731.819418
746.682585
481.290786
49.492812
-118.292418
-146.333238
-407.281410
-680.947549
-678.342664
-630.995051
-714.811052
-656.737442
-442.217513
-325.610608
-307.223185
-181.422569
-63.743065
-111.243906
-58.686524
5.669455
-72.477091
-244.859177
-214.979615
-70.944805
-104.348623
440.838456
1509.454164
2373.356567
2583.739327
2925.898615
4142.073389
4880.481633
4774.907182
4416.812128
4363.795059
3930.005116
2526.278631
1330.176794
558.364732
-218.044186
-1485.090829
-2694.370319
-3266.219161
-3517.207479
-3554.748467
-3536.054587
-3279.550042
-2923.753416
-2527.351231
-2144.586385
-1768.103908
-1289.418007
-978.670566
-853.942549
-927.798697
-938.524693
-856.087749
-711.593253
-427.354346
-246.085005
-94.541998
203.334248
765.682921
1304.434402
1570.285887
1877.815529
2194.385654
2141.521814
1704.973757
1337.838220
1147.834853
609.083372
-322.086352
-1103.092125
-1544.849952
-1951.058762
-2402.776443
-2543.593454
-2281.879140
-1858.815192
-1551.898464
-1138.487914
-476.081016
177.285399
523.888314
509.944519
661.181070
735.496902
438.999714
-22.524593
-269.375741
-287.150249
-642.640419
-917.225929
-754.497239
-398.853841
-195.979279
-23.137507
447.733739
861.910433
1045.784658
1123.624747
1196.867980
1107.229295
848.426323
503.968607
79.678831
-271.980625
-526.033514
-750.513298
-1048.849229
-1141.858941
-951.549118
-839.845526
-794.643112
-557.292132
-148.171980
53.783211
73.243233
242.254292
423.217176
362.538682
154.454350
68.493149
-12.411510
-170.390116
-297.263331
-101.284053
692.899374
1623.302955
2258.281948
2525.052803
3249.057567
4452.820830
4938.555243
4692.929923
4406.086131
4378.198540
3576.506917
2002.850003
932.855238
258.036830
-746.529356
-2199.595424
-3146.854143
-3448.714330
-3646.379122
-3658.790633
-3409.487828
-3012.779187
-2670.466670
-2205.877793
-1707.885099
-1324.354110
-990.162705
-722.472478
-677.882978
-910.330645
-980.815765
-841.224582
-662.713355
-522.815715
-394.563442
-110.630992
328.062264
912.782302
1401.887742
1712.635183
2073.028665
2290.306709
2062.762354
1573.044000
1281.296896
1028.316607
260.948172
-711.133568
-1297.845576
-1627.440125
-2088.504746
-2417.946067
-2225.491044
-1902.945007
-1787.717159
-1592.657251
-998.743502
-381.385790
-94.235541
65.275350
228.770182
313.658783
182.648397
36.315160
-40.912015
-137.139527
-259.415887
-389.813358
-363.764510
-164.414203
132.849128
347.062601
481.903700
679.874949
866.200831
907.725760
826.208187
791.272084
662.866583
318.102410
-58.533295
-238.576808
-323.771866
-542.275737
-740.400215
-765.529693
-691.826774
-674.665179
-605.559116
-405.749125
-196.132507
-102.816338
-87.340257
-22.677821
40.912015
68.339921
-36.468388
-108.332565
-119.211790
-127.026444
-127.792587
251.601232
1301.676289
2197.603453
2532.561001
2780.791205
3780.147622
4801.875402
4773.374897
4392.142336
4279.366144
4061.015501
2804.388398
1360.516041
665.471468
6.129141
-1192.117896
-2535.319114
-3113.450325
-3293.647066
-3469.093723
-3452.851500
-3175.661105
-2803.315798
-2533.020686
-2157.610809
-1747.418057
-1362.048326
-1070.760907
-933.927838
-967.331655
-1079.954618
-1013.453440
-802.917452
-519.444687
-311.666812
-158.438291
179.277370
734.883988
1287.579265
1587.447481
1862.492677
2219.361903
2220.587731
1760.136025
1333.854278
1216.481231
833.103471
-104.042166
-933.161695
-1278.998468
-1569.826201
-2066.746296
-2257.822262
-1969.752642
-1754.466569
-1792.926928
-1557.721148
-897.919135
-404.523296
-304.311843
-215.745758
47.654070
142.962210
-5.056541
-58.839752
14.403481
-21.758450
-206.092361
-247.617290
-63.589836
167.785231
328.521950
427.814032
555.453390
704.544741
805.675565
770.126548
694.278430
640.801676
461.217849
106.647051
-176.825714
-217.737729
-308.449013
-596.058948
-804.909423
-739.634073
-676.044236
-727.988705
-647.696960
-392.418243
-230.762153
-271.827397
-227.850811
-63.589836
60.831723
-9.500168
-77.073946
-60.831723
-15.782538
14.403481
245.778548
1127.149003
2063.528497
2575.464987
2732.064536
3437.222191
4544.757943
4814.133684
4510.434754
4242.131613
4143.912131
3222.089347
1767.644222
925.806726
317.336268
-687.383147
-2067.972124
-2854.340896
-3121.264980
-3350.648076
-3423.891309
-3239.250941
-2921.761445
-2738.040448
-2426.373636
-2013.729228
-1615.028615
-1331.555851
-1159.326993
-1084.245017
-1166.835190
-1137.108857
-948.791004
-614.446371
-316.723354
-165.640032
98.372711
609.236601
1239.312281
1624.069098
1840.887455
2166.191606
2289.847023
1953.510419
1487.389257
1330.330022
1066.317280
235.052552
-652.906729
-1084.091789
-1354.386900
-1876.896158
-2162.360893
-1968.067128
-1794.918899
-1877.815529
-1740.982460
-1118.414977
-656.737442
-535.993368
-406.055582
-138.978269
-15.782538
-108.026108
-62.517237
24.363335
-17.621280
-138.212126
-149.397808
-10.879225
178.970913
391.958558
496.766866
548.251649
671.140924
806.594936
774.110490
662.866583
643.100104
512.549404
150.010722
-147.252609
-155.833406
-208.850475
-504.121835
-706.689940
-663.632726
-652.600272
-748.521327
-687.229918
-445.741769
-372.651764
-431.031831
-357.788597
-216.971586
-96.074283
-135.454013
-110.630992
-90.404828
-89.025771
17.621280
142.042839
840.764897
1775.305648
2502.068525
2776.654035
3139.652402
4209.800395
4797.585003
4693.389609
4332.842898
4192.025887
3675.798999
2314.057129
1261.530416
584.566809
-205.326219
-1462.259779
-2508.657351
-2933.406813
-3197.419555
-3286.751783
-3223.928089
-2989.948137
-2822.622592
-2570.561674
-2204.192280
-1881.186557
-1571.664943
-1366.338725
-1239.771966
-1324.813796
-1337.378534
-1141.705713
-835.861584
-482.056928
-269.375741
-1.072600
447.427282
1050.687971
1556.955005
1819.282234
2127.731247
2333.210695
2127.884476
1695.320360
1440.807786
1240.231652
573.994041
-319.481467
-859.918462
-1177.561187
-1641.537149
-2014.955056
-1966.994529
-1806.870724
-1870.767017
-1813.306322
-1343.047990
-872.023515
-680.334635
-554.074333
-316.570125
-162.728690
-192.148566
-166.252946
-79.065917
-59.912352
-120.744075
-144.800953
-41.218472
155.067264
389.966587
525.114143
583.494209
705.923798
833.103471
823.603302
734.730760
709.754511
594.679891
251.907689
-68.033463
-143.575125
-206.398818
-443.903026
-643.559790
-653.826101
-633.446707
-714.504595
-666.237611
-490.331268
-395.636042
-414.023465
-400.079669
-280.714651
-217.278043
-196.898650
-197.358335
-170.543344
-187.704939
-138.978269
-25.282706
412.491179
1319.450797
2154.086553
2686.555665
2947.810294
3770.034539
4663.356819
4844.626159
4616.009206
4311.544134
4075.878668
3040.513549
1787.257473
960.896057
213.294102
-776.868603
-2020.624511
-2716.128769
-3037.908664
-3187.919387
-3183.782217
-3076.675480
-2862.921693
-2661.732644
-2348.533547
-2061.689755
-1772.394306
-1533.817499
-1388.250403
-1411.081453
-1500.260453
-1372.927551
-1109.068038
-749.440698
-470.718018
-212.834416
218.503871
788.207514
1383.500319
1761.821538
2062.302669
2348.993232
2313.750672
1942.631194
1547.608066
1303.055346
837.547098
-35.549017
-783.763887
-1089.454787
-1382.580948
-1814.685378
-1976.801154
-1713.554554
-1527.841586
-1660.231029
-1421.807450
-837.240641
-544.420936
-638.350020
-583.340981
-241.488150
-299.714988
-542.122509
-446.661140
-231.221839
-308.602242
-459.072650
-189.850138
168.704602
326.683208
511.017119
790.352713
925.193812
952.928174
1020.042267
993.993418
791.272084
601.115489
426.588203
41.524929
-274.432282
-297.416560
-358.401511
-645.092075
-781.465459
-621.954568
-572.308527
-690.907403
-523.735086
-255.738402
-300.174673
-410.192752
-282.400165
-115.687534
-258.802973
-328.675178
-237.657437
-249.149576
-391.039186
-314.731383
-37.387759
427.507575
1334.926878
2239.741297
2797.952800
3061.965542
3940.884341
4869.142723
4922.619477
4571.419706
4276.914488
3994.207866
2837.485758
1560.019576
800.006110
44.283043
-989.703019
-2172.627204
-2762.097326
-3004.504847
-3062.578456
-3011.706587
-2939.535954
-2730.532250
-2464.833994
-2175.691775
-2016.487341
-1767.950679
-1509.300935
-1463.945293
-1619.931928
-1660.690714
-1430.541475
-1161.012506
-824.982359
-465.508248
-119.365018
339.554403
959.517001
1589.132995
1940.639223
2196.990539
2443.688458
2314.516815
1871.992845
1470.227662
1202.384207
640.495219
-271.061254
-958.444401
-1339.676962
-1707.118956
-2050.504073
-2100.456571
-1737.611432
-1450.767640
-1365.879039
-1048.083086
-472.250303
-5.362998
-86.727343
-186.632339
9.653397
-82.896630
-506.267035
-742.238957
-529.404541
-555.759847
-903.895047
-733.811389
-169.930430
140.357326
248.996347
678.342664
1166.988419
1215.561860
1166.069047
1294.627777
1234.562196
847.966637
480.524643
130.857157
-285.617964
-574.760184
-675.891008
-867.120202
-1084.245017
-938.984379
-722.166021
-715.883652
-587.018465
-181.882255
-8.734026
-190.616281
-117.373047
135.300784
48.726670
-236.431608
-240.875236
-184.640368
-428.273717
-561.122845
-336.949518
19.306794
752.045583
1796.910870
2610.554318
2847.139155
3373.938812
4528.975405
4999.999880
4652.171137
4214.090794
4035.732795
3277.251615
1800.588354
812.417620
187.551710
-652.600272
-1814.838607
-2658.974531
-2862.921693
-2873.800918
-2759.952127
-2682.265266
-2504.520181
-2201.740623
-1928.687398
-1822.193576
-1719.836924
-1450.767640
-1385.951976
-1612.730187
-1812.386950
-1655.480945
-1380.588977
-1096.350070
-669.455410
-245.472091
192.761480
788.973656
1506.542822
2005.608116
2218.595761
2469.124393
2475.713219
2028.285937
1462.872693
1114.124579
687.842832
-160.123805
-877.233285
-1234.408968
-1461.493637
-1789.555901
-1851.613452
-1552.971064
-1369.709752
-1315.466856
-1175.722444
-757.102124
-491.097411
-508.565462
-533.388483
-503.202464
-494.468438
-669.455410
-698.875286
-540.590223
-429.039860
-405.749125
-270.295112
134.381413
476.540701
680.794320
853.942549
1047.470172
1107.842209
1014.526040
909.258046
773.804033
569.090728
259.722344
-52.250926
-281.787251
-364.837109
-409.273381
-535.073997
-601.728403
-526.493199
-449.725710
-464.742105
-418.926777
-238.117122
-222.641042
-364.990338
-376.022791
-270.448340
-283.932450
-394.256985
-370.506565
-296.650417
-330.513921
-341.699603
-129.478101
129.478101
776.408918
1741.135688
2508.504123
2837.792215
3128.160263
4132.879678
4739.358165
4509.975069
4046.152335
3780.454079
3356.470760
2047.745959
937.298865
365.909709
-265.391799
-1276.853268
-2294.750336
-2588.795868
-2605.038091
-2630.167569
-2655.450275
-2549.722595
-2317.734614
-2172.320747
-2091.262859
-1983.849666
-1745.272858
-1618.399642
-1678.924908
-1789.249444
-1686.126649
-1352.241701
-971.162368
-523.581857
-129.784558
279.948509
836.934184
1436.517388
1905.703120
2112.868081
2296.282621
2334.436523
1957.187903
1426.863991
1039.502289
726.762877
64.968893
-757.102124
-1209.892405
-1438.815815
-1695.013903
-1908.308005
-1657.779372
-1198.553494
-1129.140974
-1096.196842
-711.593253
-147.559066
-145.567095
-418.926777
-331.280063
-276.424253
-616.898027
-956.912116
-726.609648
-520.823744
-736.875959
-720.174050
-196.745421
262.327229
393.184386
708.835140
1153.810766
1256.014189
1142.318627
1156.722108
1133.431372
814.256362
463.975963
130.244243
-267.230541
-553.001734
-606.172030
-699.947886
-905.274104
-837.240641
-612.301171
-584.413580
-552.695276
-242.867206
-12.564739
-195.519593
-278.262995
-74.009376
-62.976922
-310.287756
-352.119142
-247.157605
-358.707968
-510.097748
-352.578828
-82.283716
191.995337
1155.343051
2227.483015
2786.307432
2927.584129
3638.717696
4758.358502
4802.335088
4312.310276
3934.142286
3679.323255
2723.636967
1259.998131
505.807349
-15.476081
-803.836823
-1893.904524
-2570.408446
-2545.585425
-2490.423157
-2492.568357
-2501.149154
-2261.193290
-2047.133045
-2053.875100
-2063.681726
-1880.113957
-1696.546188
-1800.435126
-1933.437482
-1914.590374
-1668.352140
-1295.547148
-773.037890
-213.753787
172.688544
690.447717
1379.669606
1944.163479
2214.765048
2330.912267
2459.011311
2179.369259
1545.003181
1030.921492
724.311220
277.190395
-489.718354
-1075.817448
-1283.595323
-1396.218287
-1590.971737
-1554.503349
-1243.909136
-1090.987072
-1204.682635
-1152.278481
-736.263045
-563.727730
-772.884662
-881.676912
-737.029188
-720.940193
-909.104817
-743.924471
-363.611281
-240.875236
-236.431608
58.992981
541.356366
759.094095
871.410601
1038.582918
1087.922502
951.549118
819.925818
724.004763
536.299825
314.271697
93.775855
-159.970576
-325.763836
-269.375741
-243.633349
-399.619984
-450.645081
-330.513921
-350.740085
-484.968270
-437.927114
-284.392136
-434.249629
-641.874276
-527.412570
-397.934470
-457.233908
-495.081352
-299.408531
-196.745421
-232.141210
-143.575125
71.251262
183.720997
677.729750
1762.281224
2525.359260
2740.645333
2909.043478
3883.730102
4615.089834
4317.366817
3914.529035
3699.702648
3394.471433
2173.240118
978.210880
524.960914
-12.105053
-944.347377
-2042.842647
-2410.591098
-2382.856735
-2521.375319
-2634.764425
-2575.311758
-2335.968808
-2295.210021
-2331.831638
-2199.901881
-1934.203625
-1803.959382
-1825.411375
-1827.250117
-1698.538159
-1357.451471
-891.023852
-338.635032
83.203087
449.266025
1012.687298
1575.802114
1959.486331
2119.456907
2253.378635
2267.015973
1821.427433
1253.562533
879.531713
609.696286
57.307467
-631.761194
-997.517674
-1120.866634
-1331.862308
-1543.777353
-1379.669606
-1140.020199
-1171.125589
-1326.039624
-1121.939233
-769.666863
-810.732106
-959.057315
-875.700999
-693.359059
-775.336318
-826.054959
-479.298815
-164.873889
-113.235877
-38.000673
343.078659
696.117172
788.973656
872.636429
997.364445
988.936877
812.877306
665.624697
558.211503
419.692920
213.753787
-23.597192
-215.745758
-259.569115
-221.415213
-305.690900
-419.080006
-379.240590
-348.135201
-441.451370
-514.694603
-410.499209
-372.038850
-560.663160
-600.655804
-463.209820
-388.587530
-442.064284
-375.409877
-210.689217
-153.381750
-134.381413
-24.056878
100.977596
257.883601
1110.753551
2118.077851
2653.305076
2724.862795
3195.580813
4304.648850
4526.217292
4136.403934
3783.212192
3653.887320
2972.480086
1522.631817
724.311220
322.546037
-351.812685
-1453.525753
-2274.370942
-2340.872121
-2415.034725
-2541.141798
-2571.174588
-2394.348875
-2255.523834
-2303.331133
-2289.234109
-2126.658648
-1902.945007
-1838.129342
-1854.065108
-1844.564940
-1611.351130
-1168.827161
-627.164338
-87.799943
298.335931
764.457093
1327.112223
1802.427097
2064.601097
2162.820579
2276.516142
2052.496043
1445.098185
923.661527
651.067987
331.280063
-358.401511
-922.588927
-1046.704029
-1155.649508
-1391.774659
-1442.646528
-1140.326656
-994.299875
-1199.932551
-1196.101838
-881.063998
-742.238957
-930.403582
-996.138617
-798.320596
-763.384493
-880.144627
-703.012456
-303.852158
-92.856484
-46.734699
187.245253
593.607292
807.054622
866.354060
944.960291
987.557820
892.402908
688.302518
531.856198
424.596233
288.222849
72.323862
-154.147892
-230.762153
-178.511227
-212.527959
-332.659120
-343.538345
-289.601905
-369.280736
-494.161981
-462.903363
-381.232561
-489.871583
-623.180396
-568.477814
-439.919085
-426.128518
-393.644071
-222.641042
-94.235541
-41.371701
17.621280
124.421559
172.841772
235.052552
1012.840526
2005.148430
2569.795532
2630.014340
2964.512203
4069.596298
4419.570241
4067.757556
3659.097090
3575.281089
3034.077951
1579.326370
684.778262
350.893314
-243.020435
-1346.878703
-2222.273245
-2292.298679
-2360.178914
-2530.109344
-2533.633600
-2351.751346
-2238.209011
-2301.952076
-2282.645283
-2143.667014
-1942.324737
-1841.500370
-1802.427097
-1801.967411
-1590.971737
-1147.221939
-594.066977
-20.992307
395.789271
828.200158
1327.725137
1783.120303
2043.302332
2081.915920
2145.199299
1958.107274
1353.161072
744.997071
427.967260
185.712968
-440.072313
-1078.882019
-1236.400939
-1260.457817
-1457.050009
-1544.696724
-1177.714415
-738.714701
-836.321270
-937.452094
-589.163665
-228.616954
-408.200781
-753.118182
-599.889661
-480.677871
-831.571185
-1006.558157
-569.703642
-200.729363
-343.078659
-279.488823
344.764173
732.432332
687.383147
838.313240
1182.158042
1124.544118
767.828120
672.366752
679.721721
392.265015
47.654070
-144.647724
-322.086352
-465.814705
-473.016445
-464.435648
-542.582194
-486.347327
-367.288766
-435.169001
-451.717681
-269.375741
-211.915045
-411.571808
-484.968270
-255.585174
-252.214146
-397.934470
-280.101737
-41.371701
-44.283043
-127.179673
97.146883
218.044186
142.962210
228.923411
1256.473875
2274.983856
2621.740000
2674.450612
3130.458691
4186.816117
4262.357778
3823.511293
3482.118148
3308.203776
2583.126413
1119.181120
409.120152
161.656090
-476.847158
-1505.623451
-2193.772740
-2132.787789
-2219.515132
-2368.912940
-2303.177904
-2151.021983
-2140.908900
-2279.274255
-2257.669034
-2177.530517
-2046.826588
-1920.719515
-1805.798124
-1769.789422
-1522.325360
-980.509308
-335.570462
248.230205
656.430985
1087.156359
1544.390267
1855.597394
1987.220693
1939.260166
1897.888465
1602.310648
898.685278
317.949182
77.686860
-63.896293
-569.243957
-1043.486230
-1037.816775
-956.758887
-1078.882019
-1099.414641
-759.400552
-587.324922
-903.128905
-1109.374495
-886.426996
-763.690950
-1037.663547
-1176.641815
-940.056978
-808.740136
-902.056305
-667.769896
-89.178999
213.294102
218.503871
412.184722
808.893364
941.282807
851.184436
870.031544
855.781292
627.470795
353.651427
245.012406
209.769846
114.614934
-0.612914
-118.445647
-165.793260
-99.904996
-69.106063
-168.244916
-243.480120
-233.213809
-360.853168
-559.743788
-567.405215
-457.387136
-512.089718
-648.463102
-557.905046
-356.715998
-290.674505
-198.890621
20.532622
194.906679
181.729026
190.922738
290.214819
244.246263
118.139190
303.852158
1364.499983
2208.482678
2492.568357
2493.334499
3191.750100
4280.132287
4216.542450
3769.881311
3468.327581
3340.841451
2356.348201
892.096451
319.175010
20.839079
-756.948895
-1844.258483
-2394.655332
-2266.709516
-2287.701824
-2355.122373
-2297.355221
-2116.852022
-2024.914910
-2110.569653
-2171.401376
-2065.826925
-1868.775046
-1811.774036
-1835.830914
-1781.434789
-1391.008517
-866.047603
-266.004713
309.215156
745.303528
1183.077413
1615.028615
1917.654945
1981.551238
1899.420751
1811.467579
1386.871347
660.568156
147.712295
-73.090005
-318.715324
-851.031208
-1198.553494
-1157.028565
-1092.979043
-1025.711722
-841.377811
-530.477141
-457.846822
-665.318240
-714.198138
-644.172704
-659.955241
-884.435025
-1061.873653
-1040.574888
-991.082076
-909.717731
-652.140587
-240.568779
85.501515
233.673495
425.209147
763.997407
986.025535
971.928511
863.749175
774.263718
612.454400
349.667486
184.487140
155.680178
71.098034
-104.961537
-235.359009
-198.890621
-119.518247
-125.953845
-175.753114
-223.407184
-282.400165
-399.619984
-488.492526
-490.024811
-470.718018
-527.259342
-559.130874
-489.871583
-301.553730
-150.163951
-41.678158
106.187365
244.093035
272.440311
307.529642
302.626330
262.786914
94.082312
234.746095
1365.112897
2187.796828
2523.214061
2394.502103
3155.434940
4261.898093
4130.581250
3682.847511
3329.655769
3258.864192
2212.926305
715.117509
162.881918
-54.396125
-723.545078
-1812.080493
-2366.308055
-2135.392673
-2064.141411
-2180.748316
-2190.861398
-1979.865724
-1876.896158
-2086.053090
-2277.129056
-2123.747306
-1914.590374
-1887.009240
-1926.542199
-1802.886782
-1308.418344
-786.522000
-161.962547
434.556087
906.040247
1309.490943
1638.625807
1852.686052
1849.927938
1668.505369
1500.107224
1098.801727
413.410551
-87.799943
-286.690563
-336.643061
-679.262035
-938.524693
-782.691287
-653.826101
-668.229582
-713.125538
-497.226552
-469.798646
-879.531713
-1141.552484
-1088.075730
-1034.752205
-1245.594650
-1297.232662
-993.840189
-743.464786
-639.269391
-307.069957
217.737729
512.396175
538.904710
621.801340
820.232275
804.909423
638.503248
515.767203
405.289439
265.391799
119.211790
83.049859
112.316506
169.470745
195.979279
120.897303
66.347950
107.719651
82.436944
-132.389442
-330.820378
-390.119815
-484.815042
-684.012119
-707.915769
-542.122509
-433.330258
-444.669169
-329.134864
-54.242897
122.736046
168.091688
228.004040
342.465745
320.094381
196.745421
171.309487
72.477091
-28.960191
-187.092025
602.647774
1823.725861
2481.842360
2588.336183
2682.724952
3928.166373
4417.731499
3971.683273
3316.937802
3068.094683
2647.635620
1062.333338
-126.719987
-323.158952
-456.467765
-1304.587631
-2256.749662
-2217.829618
-1717.385267
-1709.723841
-1908.001548
-1845.484311
-1614.109244
-1761.055396
-2256.136748
-2403.236129
-2123.900534
-2004.995202
-2084.674033
-2125.432820
-1602.157419
-908.338675
-339.094718
293.279390
885.967310
1402.194199
1606.447818
1722.441808
1759.676339
1586.681339
1251.110877
893.322279
387.208473
-144.188039
-435.169001
-445.282083
-458.153279
-674.818408
-630.995051
-406.362039
-336.949518
-455.854851
-464.435648
-334.804319
-575.832783
-1020.961638
-1187.674269
-1116.269778
-1142.471855
-1276.700040
-1088.535416
-729.980676
-515.460746
-347.369058
17.774508
404.982982
518.372088
496.000724
535.993368
561.888988
443.749798
339.401175
282.706622
246.697919
206.705275
217.737729
258.036830
286.843792
347.215829
328.368721
177.438628
37.081302
-17.621280
-151.083322
-410.652437
-561.735759
-540.130538
-575.373098
-653.979329
-540.130538
-301.706959
-176.672485
-152.768836
-0.766143
225.245926
249.302804
186.785568
180.043513
208.544018
113.848791
26.661763
-5.669455
-51.638012
-150.010722
-10.879225
1207.747205
2264.717546
2833.501817
2655.143818
3082.038478
4217.002136
4193.251715
3554.442010
2776.807264
2682.571723
1879.654271
266.770856
-525.420600
-394.103757
-438.846485
-1374.459836
-2102.448541
-1732.095205
-1236.860624
-1418.283194
-1803.499696
-1788.636530
-1644.601720
-2018.785769
-2671.079584
-2661.272959
-2232.386328
-2012.196942
-2113.327766
-1997.027319
-1112.898751
-351.506228
194.140537
633.599936
1191.504982
1569.366516
1478.502002
1373.693694
1291.563206
1099.874326
721.553107
351.352999
5.056541
-237.963894
-269.069283
-101.437281
-76.154575
-248.536662
-221.108756
-148.478437
-257.117459
-517.299488
-638.196791
-686.157319
-1096.962984
-1420.734850
-1390.089146
-1159.020535
-1106.769610
-1054.058998
-674.665179
-328.521950
-167.938459
-10.266311
291.440648
414.176693
292.360019
191.382423
230.302468
206.092361
138.978269
184.793597
254.665802
313.812012
400.386126
516.226888
549.630706
495.081352
456.161308
295.577818
21.298764
-169.011059
-246.238234
-430.725374
-668.842496
-657.810042
-503.202464
-458.919421
-422.144576
-192.455023
32.331218
43.976586
11.492139
136.986298
195.979279
98.832396
-19.919708
-20.839079
-41.065244
-68.186692
-10.419539
46.887928
32.944132
7.967883
110.324535
1167.448104
2294.443879
2941.681153
2752.443929
2722.411139
3812.785297
4002.941892
3384.511580
2456.559654
2380.405079
2011.124343
500.597579
-480.064957
-323.158952
6.129141
-734.577531
-1716.925582
-1662.223000
-1106.156696
-1183.537099
-1737.458204
-2018.172855
-1872.146074
-1994.269205
-2667.095643
-2919.922703
-2398.179588
-1832.766344
-1771.628164
-1925.469599
-1180.778986
-228.310497
287.609935
495.387810
847.506952
1324.813796
1220.771630
955.533059
854.861921
876.620371
698.875286
368.208137
103.888937
3.524256
49.339584
137.905669
108.639022
-102.816338
-191.229195
-305.844129
-553.614648
-865.434689
-1011.614698
-866.966974
-1005.485557
-1155.496279
-1046.397572
-646.011446
-347.981972
-454.169337
-334.651091
-86.727343
-49.033127
-312.739412
-395.023128
-184.793597
-192.148566
-412.491179
-354.724027
-2.145199
197.358335
278.875909
475.161645
753.577868
813.949905
762.771579
734.271074
575.066641
375.563106
155.986635
-100.671139
-374.184049
-460.451707
-344.151259
-415.402521
-506.420263
-295.884275
0.766143
5.669455
-80.291745
92.396798
204.406847
9.653397
-166.559403
-64.815665
-5.822684
-119.365018
-152.309150
-17.774508
91.017742
134.074956
225.705612
302.319873
213.294102
169.777202
5.669455
519.444687
1607.826874
2463.301709
2586.190983
2070.117323
2958.689519
3748.276089
3560.877608
2599.828322
2159.296323
2367.533883
1281.143667
-89.485456
-551.162991
-78.759460
-197.818021
-1258.006160
-1844.105254
-1491.679655
-1037.816775
-1315.466856
-1934.050396
-2020.930968
-1787.410702
-2079.923949
-2785.388061
-2765.008668
-2012.963085
-1499.647538
-1833.379258
-1735.772690
-739.480844
157.518920
467.500219
471.177703
1001.195158
1313.781342
1117.495606
788.973656
698.109143
828.046929
660.261698
263.246600
-42.903986
7.354969
272.593539
300.174673
71.404491
-50.565412
-28.960191
-153.381750
-493.702296
-694.431659
-669.148953
-803.836823
-1184.762927
-1409.395939
-1228.126599
-879.531713
-796.635082
-801.538395
-640.801676
-340.320546
-199.503535
-241.488150
-115.074620
82.590173
108.945479
-54.855811
-59.299438
212.834416
437.160971
480.371414
472.863217
530.783598
631.301508
627.777252
524.041543
398.240927
301.860187
173.454686
-82.283716
-269.375741
-234.286409
-146.792923
-221.568442
-340.167317
-251.141546
-84.428915
-54.089668
-63.283379
4.596856
39.073273
-39.073273
-124.268331
-89.791914
-58.226838
-4.596856
-2.145199
18.693880
33.863503
137.445984
263.859514
260.641715
163.954518
103.429252
-17.468051
444.056255
1518.341418
2482.608503
2736.967848
2194.538883
2859.857122
3557.813037
3623.088387
2662.958472
1926.388970
2069.964095
1266.280500
133.002357
-706.077026
-329.288092
-7.814655
-750.972983
-1557.414691
-1677.545852
-1049.768600
-1024.026208
-1782.200932
-2269.927315
-2201.740623
-2106.738940
-2743.403446
-3064.110741
-2443.841687
-1550.059722
-1412.460510
-1563.390603
-998.130588
67.880235
772.118519
716.343337
785.602629
936.226265
1073.978706
806.594936
462.750134
509.638062
606.172030
596.671862
229.689553
77.380403
337.715661
586.405551
512.089718
67.573778
-193.221165
-316.723354
-514.388146
-846.587580
-1141.858941
-1120.866634
-1086.083759
-1207.134291
-1336.305935
-1049.921828
-497.073323
-209.156932
-368.514594
-447.427282
-238.270351
-93.316170
-157.672148
-298.335931
-189.237224
-71.404491
-8.121112
58.073610
204.713305
541.969280
813.030534
859.918462
641.261362
536.606282
673.592580
643.866247
328.675178
-14.403481
-53.170297
-47.960527
-188.777538
-272.287082
-171.615944
-5.822684
-17.774508
-129.324872
-168.704602
-67.267321
56.081639
-4.290399
-225.399155
-338.635032
-196.438964
-84.428915
-108.332565
-103.582480
73.396462
264.165971
210.535988
186.479110
226.471755
324.844465
233.520267
35.549017
-193.374394
280.561423
1409.702396
2508.350894
2764.395754
2253.072178
2752.443929
3407.342629
3731.267723
2749.532587
1827.556574
1676.166795
1149.980053
383.071303
-720.174050
-686.157319
-309.828070
-401.918411
-1047.776629
-1737.611432
-1399.129628
-1075.817448
-1302.442431
-2120.989192
-2660.813273
-2485.826302
-2558.763078
-2668.321471
-2645.183964
-2007.140401
-1303.974717
-953.081403
-657.656814
-254.665802
437.160971
930.097125
1072.752878
760.932837
513.315547
497.226552
607.857544
563.727730
383.990674
406.974953
515.307517
627.930480
535.380454
444.975626
431.491516
358.401511
52.710611
-599.583204
-1077.656191
-1254.481904
-1150.592967
-1079.341704
-1150.592967
-1019.429353
-897.459450
-543.961251
-305.844129
-140.357326
-124.728016
-267.536998
-325.917065
-544.880622
-609.543058
-570.469785
-324.078323
-150.470408
-72.936776
130.091015
420.459063
783.763887
972.847882
1034.139291
928.718068
728.448390
580.276410
414.023465
256.811002
96.074283
26.968220
1.685514
-47.654070
-53.629982
18.693880
132.849128
148.171980
65.122122
-110.937449
-227.544354
-254.972260
-230.762153
-255.125488
-324.078323
-295.271361
-182.188712
-29.879562
73.090005
205.172990
316.570125
361.619310
324.691237
253.593203
189.696909
144.954181
75.388433
-12.564739
-171.462715
-180.656427
573.687584
1675.400652
2775.887893
2772.363637
2529.036745
2657.595474
2995.311135
3139.499174
2130.642589
1391.008517
661.027841
396.402185
-78.146546
-644.019475
-626.091738
-603.873603
-330.973606
-726.303191
-1089.148330
-1316.232998
-1443.259443
-1463.179150
-2000.398346
-2350.678746
-2766.540953
-2777.726635
-2434.647976
-2035.027992
-1451.227326
-1200.392236
-666.697296
-205.632676
223.407184
432.564116
446.967597
604.639745
528.331942
391.652101
81.670802
27.427905
254.359345
520.364058
678.495893
595.446034
587.784608
637.277420
638.043563
460.758164
85.195058
-301.094044
-681.713691
-968.251026
-1171.738503
-1246.973707
-1184.762927
-950.936203
-674.511951
-452.024138
-268.303141
-64.202750
165.486803
167.632002
50.258955
-219.423243
-420.918748
-586.558780
-577.977983
-398.547384
-238.423579
-3.217799
218.503871
554.227562
732.432332
821.764560
876.160685
839.079383
723.085392
470.411561
315.497525
202.568105
149.704265
158.744748
167.172317
187.704939
147.405838
173.454686
171.922401
113.082649
-7.048512
-157.672148
-272.593539
-395.329585
-409.273381
-375.103420
-295.884275
-202.261648
-74.775518
73.702919
200.576134
320.707295
410.805666
438.999714
383.224532
301.400501
215.745758
150.317179
102.816338
95.308140
72.170634
33.250589
-18.387423
-1.379057
418.007406
1150.899424
2050.963758
2390.977847
2239.128382
2016.640569
1889.460897
1942.477965
1528.301272
1108.455123
529.710998
182.188712
-21.298764
-159.510891
-93.316170
-242.713978
-221.568442
-409.579838
-500.137894
-732.279104
-1087.922502
-1391.927888
-1814.072464
-1948.147420
-2137.537873
-2148.110641
-2037.479648
-1754.313341
-1262.143330
-964.420313
-627.011109
-462.443677
-254.972260
-184.027454
-209.003703
-192.148566
-290.214819
-256.811002
-320.247610
-226.165298
-110.630992
85.807972
377.555077
561.429302
722.166021
689.221889
624.559453
450.951538
222.947499
-7.814655
-258.649744
-415.862207
-554.534019
-544.114479
-454.016109
-275.045196
-63.896293
56.081639
147.405838
110.937449
24.669792
-189.390452
-444.515940
-633.446707
-731.206504
-703.012456
-615.672199
-405.749125
-141.583154
143.575125
384.910046
544.574165
634.366078
614.446371
551.929134
465.048562
376.176020
309.828070
243.173663
234.592866
249.149576
317.642725
411.725037
490.331268
521.436658
471.637389
405.136210
287.303478
149.091351
-1.379057
-106.953508
-137.752441
-142.349296
-80.291745
15.169624
137.445984
233.826724
287.150249
326.529979
313.658783
283.166307
208.697246
131.929757
51.944469
0.000000
-1.991971
3.064570
12.564739
2.298428
24.056878
54.089668
83.816001
64.049522
0.766143
-90.558056
-157.518920
-53.476754
217.431272
617.664170
945.266748
1178.020872
1323.741196
1348.104531
1253.868990
995.219246
694.278430
363.764510
107.719651
-32.177989
-22.524593
75.235204
143.575125
149.857494
75.235204
-18.234194
-179.430598
-394.256985
-648.463102
-882.136597
-1067.696337
-1227.820142
-1326.805766
-1362.201555
-1321.136311
-1247.586621
-1147.988082
-1002.574215
-836.627727
-675.584551
-598.663833
-574.300498
-596.212177
-626.704652
-648.769559
-657.810042
-603.260689
-505.500892
-341.239917
-142.808982
75.235204
270.908026
391.039186
425.975289
383.990674
309.368385
222.947499
132.849128
71.404491
45.968556
93.622627
192.455023
325.457379
463.363049
534.920768
547.791964
464.282420
331.280063
151.696236
-41.065244
-192.914708
-319.175010
-377.095391
-377.861534
-267.077313
-101.284053
74.469061
223.253956
320.247610
373.877592
347.522286
301.860187
228.770182
166.712631
119.977932
104.501852
121.969903
157.059234
234.286409
316.876582
391.652101
427.814032
451.717681
441.911056
388.893987
309.674842
196.898650
111.243906
43.823357
41.371701
77.073946
128.252272
212.068274
264.012742
291.593876
251.294775
165.640032
70.025434
-42.750757
-136.526613
-202.261648
-211.761817
-166.559403
-116.913362
-68.493149
-11.492139
32.484447
61.751094
47.347613
25.435935
-7.814655
-67.727006
-116.913362
-155.833406
-167.938459
-171.003030
-169.164288
-157.059234
-151.236551
-151.389779
-136.679841
-102.969566
-25.435935
72.936776
175.446657
262.020772
319.021781
349.054572
323.465409
256.811002
150.163951
41.524929
-53.476754
-90.251599
-65.428579
1.379057
85.654743
165.027117
234.439638
249.302804
188.471081
57.460696
-100.058224
-247.157605
-383.377760
-500.291122
-562.961587
-550.243620
-476.847158
-395.023128
-314.731383
-257.883601
-235.359009
-263.399828
-325.304151
-393.797300
-458.919421
-497.992694
-511.630033
-482.363385
-416.628350
-313.812012
-199.043849
-102.050195
-30.186019
18.387423
47.960527
48.420213
22.064907
-19.306794
-56.081639
-76.307804
-77.533632
-56.694553
-13.330881
64.355979
155.067264
240.109093
308.602242
351.199771
364.990338
328.368721
273.053225
226.012069
201.955191
201.955191
217.431272
259.875572
305.231215
338.941489
355.796627
347.369058
309.521613
239.189722
162.422233
104.042166
73.856147
69.259292
84.582144
113.848791
143.728353
171.003030
174.680514
158.744748
119.977932
69.565749
19.460022
-35.089331
-57.154238
-68.186692
-64.509207
-62.364008
-56.694553
-29.879562
-5.822684
28.806962
41.218472
45.355642
39.686187
31.565075
36.468388
36.468388
43.363672
26.355306
7.508198
-5.822684
-9.806625
-18.387423
-39.532959
-42.444300
-48.420213
-66.194721
-107.413193
-135.760470
-143.421896
-150.623636
-160.736719
-180.349970
-194.140537
-202.108420
-201.955191
-198.890621
-199.350306
-190.463052
-189.850138
-207.777875
-234.592866
-252.520603
-250.681861
-235.665466
-182.495169
-91.017742
13.330881
112.469735
206.705275
298.029474
358.401511
376.482477
355.490170
310.134527
261.867543
229.689553
218.503871
226.012069
249.456033
289.755134
336.183376
369.433965
380.619647
352.885285
277.496852
163.188375
26.661763
-105.574451
-228.616954
-326.376750
-388.127845
-415.249293
-396.248956
-361.466082
-315.497525
-287.763163
-269.988655
-259.875572
-273.359682
-299.561759
-332.352663
-339.094718
-327.755807
-304.311843
-259.722344
-191.229195
-113.695563
-47.194385
3.064570
45.049185
64.662436
58.686524
38.613587
15.476081
-3.524256
-7.814655
23.597192
85.501515
145.260638
188.624310
224.173327
252.060918
257.423916
222.794270
172.228858
113.542334
61.291409
17.927737
-3.371027
5.362998
26.814991
60.525266
80.751431
92.856484
89.025771
73.856147
54.242897
32.331218
23.903649
14.097024
12.105053
23.137507
49.952498
70.944805
74.469061
84.428915
102.969566
123.961874
122.123132
102.509881
71.710948
42.137843
39.073273
43.823357
44.742728
25.129478
4.596856
-4.596856
-10.879225
-11.798596
-17.774508
-17.161594
-23.137507
-36.774845
-62.364008
-98.372711
-126.873216
-151.083322
-163.494832
-165.946489
-150.317179
-122.123132
-97.453340
-74.315833
-66.347950
-71.098034
-81.211116
-79.065917
-69.259292
-63.283379
-51.944469
-25.895620
13.637338
50.718641
79.985288
93.316170
87.799943
68.952835
46.581470
22.677821
3.371027
0.919371
21.911679
52.097697
77.227175
100.977596
128.711958
162.115776
186.172653
196.132507
190.003366
177.745085
170.083659
169.930430
175.753114
171.309487
161.502861
147.712295
140.204097
136.066927
133.615271
138.365355
140.970240
133.155585
94.541998
29.419876
-53.783211
-139.744411
-223.866870
-295.118132
-335.570462
-336.489833
-304.618300
-258.649744
-201.035820
-148.938123
-117.679504
-125.340930
-157.212463
-191.688880
-224.633012
-257.117459
-281.634022
-271.061254
-231.681524
-182.188712
-135.300784
-88.259628
-50.565412
-44.283043
-64.049522
-87.187029
-100.211453
-112.776192
-123.655417
-114.308477
-83.509544
-42.750757
-7.814655
28.806962
75.235204
117.832733
145.873552
144.647724
128.405501
99.138853
71.710948
58.073610
51.791240
57.920381
71.557719
104.042166
136.220155
157.978606
176.519257
181.729026
156.752777
87.799943
18.080966
-12.717967
-14.250252
-1.532285
9.959854
27.581134
37.234531
33.557046
33.710275
27.274677
29.419876
38.153902
53.629982
44.589500
3.064570
-18.387423
-9.193711
16.855137
29.266648
57.460696
108.179336
138.671812
145.260638
136.986298
139.437954
134.534642
111.856821
81.977259
47.500842
27.734362
33.097361
52.863840
61.904323
43.057214
19.306794
15.476081
16.088995
7.201741
-11.951825
-9.806625
-3.983942
-22.677821
-51.025098
-74.775518
-71.864177
-71.710948
-69.412520
-55.315496
-38.307130
-20.992307
-18.847108
-6.129141
-1.685514
-17.314823
-48.726670
-78.759460
-80.598202
-74.315833
-56.234867
-34.476417
-9.346940
13.790567
20.685850
23.903649
25.129478
36.161931
49.492812
52.250926
47.654070
49.186355
58.226838
61.138180
57.154238
54.702582
55.162268
46.121785
31.258618
15.476081
5.056541
-9.346940
-32.024761
-55.775182
-77.840089
-95.767826
-112.163278
-123.961874
-132.849128
-139.131497
-143.268667
-142.962210
-144.494496
-149.091351
-156.139863
-153.534978
-135.454013
-123.655417
-126.719987
-136.679841
-122.429589
-111.397135
-118.905333
-118.598876
-91.783884
-57.920381
-73.243233
-103.888937
-111.090678
-82.283716
-51.484783
-39.686187
-10.725996
13.484110
22.064907
8.887254
-0.766143
5.056541
10.879225
3.830713
-36.008703
-61.138180
-31.871532
37.540988
95.308140
108.026108
108.332565
125.953845
154.147892
146.639695
109.098707
94.541998
103.582480
100.977596
78.606231
86.574115
134.074956
205.632676
256.198088
246.697919
203.793933
169.011059
159.817348
153.534978
152.922064
158.897977
162.269004
160.736719
146.180009
135.760470
141.583154
147.865523
124.728016
91.783884
68.799606
44.742728
22.831050
-0.459686
-21.145536
-26.048849
-24.823020
-40.912015
-72.323862
-99.751767
-112.622963
-96.533968
-69.412520
-65.888264
-74.162604
-72.630319
-65.581807
-64.968893
-61.904323
-67.573778
-93.009712
-101.590510
-79.219146
-46.581470
-19.153565
-4.443627
-1.072600
-0.612914
-12.258282
-43.976586
-69.718977
-87.340257
-91.783884
-64.049522
-39.992644
-45.662099
-50.871869
-48.573441
-65.735036
-87.799943
-102.663109
-120.284389
-116.760133
-85.961200
-70.178663
-70.178663
-61.444637
-57.460696
-71.710948
-89.178999
-93.622627
-77.993317
-49.492812
-38.766816
-36.468388
-19.153565
-11.951825
-15.476081
-15.935766
-27.887591
-37.081302
-3.830713
24.363335
15.476081
28.194048
54.242897
54.702582
46.121785
55.009039
74.928747
66.654407
27.274677
11.032454
19.766479
4.137170
-24.669792
-30.492476
-17.927737
-11.338911
-6.588826
3.830713
-11.798596
-30.645704
0.153229
19.766479
-19.306794
-62.517237
-60.525266
-27.734362
-5.516227
-3.371027
10.879225
38.153902
67.420549
111.703592
121.816674
103.122795
103.122795
91.324199
87.033800
106.187365
88.566085
98.985625
168.091688
160.889947
111.397135
97.146883
76.461032
62.210780
69.565749
72.477091
58.686524
16.088995
0.459686
28.500505
-5.362998
-59.299438
-68.186692
-75.235204
-26.508534
46.734699
24.823020
-6.588826
-6.435598
-36.774845
-45.049185
-25.129478
-0.153229
19.000337
23.137507
68.033463
78.453003
-0.306457
-16.701909
-5.516227
-66.654407
-60.831723
11.645368
40.145873
50.565412
55.775182
32.177989
-19.460022
-60.372037
-76.614261
-97.913025
-101.284053
-57.767153
-36.468388
-48.573441
-49.646041
-71.404491
-116.300448
-119.977932
-68.186692
-46.734699
-79.065917
-92.703255
-91.477427
-99.598539
-84.582144
-80.598202
-114.921391
-125.647388
-110.171307
-76.767489
-16.701909
10.266311
7.201741
21.298764
35.089331
27.887591
1.838742
-32.637675
-51.944469
-36.774845
4.750084
38.766816
57.001010
84.735372
104.501852
101.896967
100.058224
54.089668
-28.653733
-32.177989
15.322852
9.346940
-6.588826
12.717967
26.968220
38.460359
57.613924
58.686524
39.073273
37.847445
51.025098
28.960191
0.306457
15.322852
38.000673
47.960527
51.638012
50.565412
81.364345
120.131161
110.477764
84.735372
80.598202
78.912688
70.485120
60.678494
47.654070
27.581134
18.540651
28.194048
14.863167
-26.355306
-54.396125
-47.654070
-22.984278
-20.072936
-34.936103
-41.065244
-71.404491
-110.630992
-85.501515
-45.355642
-50.258955
-54.855811
-49.186355
-59.299438
-56.694553
-13.637338
26.508534
20.379393
-3.064570
-9.959854
-14.863167
-15.935766
-20.072936
-35.702245
-29.266648
-17.621280
-27.887591
-6.129141
51.791240
62.670465
28.806962
5.975912
-5.975912
-27.734362
-39.226501
-25.129478
-33.710275
-61.751094
-45.202414
-26.661763
-48.266984
-30.645704
11.645368
13.790567
8.580797
-9.653397
-51.791240
-61.904323
-25.895620
0.459686
-23.903649
-47.194385
-18.080966
7.354969
6.435598
14.403481
5.209770
-7.201741
34.016732
83.662773
76.001347
26.508534
0.766143
16.088995
7.967883
-22.524593
9.653397
66.501178
70.638348
69.718977
78.759460
56.234867
37.234531
22.218136
-29.573105
-63.436608
-45.049185
-38.766816
-41.371701
-11.185682
10.419539
-0.153229
1.838742
30.339247
52.404154
54.396125
28.960191
-14.863167
-18.847108
12.105053
15.322852
18.234194
30.798933
20.992307
39.226501
77.073946
74.775518
75.388433
79.832060
45.662099
18.847108
10.725996
-13.484110
-28.194048
-15.476081
4.443627
14.863167
3.217799
-15.322852
-17.927737
-15.169624
-24.056878
-34.936103
-34.476417
-40.299101
-54.549354
-46.275013
-40.912015
-56.541324
-44.589500
-9.040483
2.145199
1.225828
0.306457
-7.354969
-8.427569
-11.338911
-21.911679
-24.056878
-31.258618
-40.299101
-26.661763
-7.354969
8.580797
37.387759
43.210443
1.685514
-27.274677
-28.500505
-42.597529
-49.339584
-42.597529
-59.146209
-73.090005
-48.879898
-31.105390
-37.081302
-35.702245
-35.242560
-45.049185
-47.041156
-44.436271
-43.670129
-38.000673
-27.887591
-2.758113
31.411847
40.912015
19.460022
-1.072600
-7.967883
-5.362998
0.919371
12.105053
41.984615
69.106063
60.372037
54.242897
82.590173
88.412857
63.743065
58.839752
64.355979
53.476754
43.823357
44.742728
36.928074
29.419876
30.339247
30.032790
25.282706
13.790567
0.153229
-6.435598
-11.492139
-25.742392
-40.452330
-37.234531
-14.250252
-0.459686
-8.887254
-18.693880
-19.919708
-14.097024
1.532285
16.548680
16.855137
11.492139
13.484110
20.839079
33.863503
47.654070
53.476754
47.807299
34.629646
25.742392
19.460022
-1.685514
-18.693880
-6.895283
2.758113
-3.524256
-5.822684
-18.234194
-39.839416
-32.484447
-5.516227
-5.516227
-28.653733
-40.605558
-38.920044
-45.508871
-56.388096
-60.218809
-60.525266
-47.500842
-18.540651
5.362998
12.564739
7.508198
-0.306457
-1.379057
1.225828
0.612914
-1.072600
1.379057
3.217799
1.532285
15.782538
46.428242
60.525266
57.767153
53.936440
41.678158
26.508534
14.863167
0.766143
-9.959854
-10.572768
-6.895283
3.064570
13.024424
11.798596
2.298428
-12.717967
-23.443964
-25.435935
-34.016732
-44.436271
-45.508871
-54.242897
-74.622290
-81.057888
-62.364008
-46.121785
-45.508871
-41.678158
-26.968220
-12.717967
-3.217799
-8.121112
-28.194048
-40.912015
-41.065244
-28.960191
1.838742
28.194048
29.573105
26.508534
28.194048
21.298764
8.121112
6.588826
9.806625
7.967883
7.354969
12.564739
16.855137
18.540651
16.548680
4.596856
-8.427569
-8.580797
-5.822684
-7.967883
-2.604885
9.193711
14.709938
21.298764
39.379730
52.097697
43.363672
31.565075
39.839416
54.089668
52.710611
49.186355
60.218809
72.630319
80.138517
84.888601
85.195058
80.751431
69.106063
55.621953
48.113756
41.218472
30.032790
17.927737
11.951825
11.032454
9.806625
7.661426
-0.612914
-20.685850
-39.379730
-38.920044
-30.798933
-34.169960
-46.734699
-60.218809
-71.710948
-73.549690
-67.114092
-64.662436
-66.501178
-64.509207
-59.146209
-54.242897
-50.258955
-49.186355
-55.009039
-59.605895
-56.541324
-47.194385
-36.315160
-25.282706
-19.153565
-20.992307
-26.661763
-30.186019
-28.194048
-24.210106
-25.282706
-28.347276
-23.137507
-6.895283
10.572768
22.677821
22.831050
12.564739
5.209770
7.201741
11.645368
10.725996
7.661426
7.354969
13.790567
25.589163
35.855474
37.234531
32.024761
29.266648
34.169960
44.436271
50.412184
43.976586
30.032790
20.685850
21.758450
27.427905
27.887591
19.919708
11.645368
11.185682
16.701909
20.839079
19.613251
10.419539
0.612914
-1.991971
0.919371
3.830713
1.685514
-5.516227
-12.105053
-15.169624
-16.855137
-20.072936
-24.056878
-21.911679
-15.322852
-6.895283
0.919371
5.362998
6.282369
6.435598
6.895283
8.734026
11.492139
16.701909
21.298764
21.605222
18.540651
14.863167
16.242223
22.218136
26.508534
26.355306
23.597192
19.306794
14.250252
7.814655
0.919371
-6.282369
-11.951825
-13.637338
-13.177653
-11.645368
-9.959854
-9.806625
-11.185682
-13.943795
-18.080966
-22.524593
-26.202077
-25.589163
-21.451993
-15.935766
-11.492139
-8.121112
-5.669455
-2.758113
0.459686
3.677485
6.129141
5.516227
3.983942
2.758113
1.072600
-1.225828
-5.209770
-9.040483
-10.725996
-11.032454
-11.338911
-13.330881
-17.008366
-19.613251
-18.387423
-13.484110
-8.734026
-8.274340
-11.951825
-17.008366
-21.145536
-23.443964
-26.355306
-30.952161
-33.710275
-30.339247
-21.298764
-9.806625
-0.459686
3.677485
2.911342
1.225828
0.766143
0.153229
-1.685514
-4.596856
-6.895283
-3.677485
4.750084
15.476081
23.750421
27.274677
27.887591
28.806962
30.339247
30.339247
28.194048
24.669792
21.451993
20.685850
22.064907
22.677821
21.145536
17.927737
14.709938
13.330881
13.484110
13.177653
11.032454
7.201741
3.371027
0.306457
-2.451656
-3.983942
-5.209770
-4.750084
-2.298428
1.991971
7.814655
13.024424
16.701909
17.621280
17.314823
16.855137
15.935766
15.169624
13.790567
11.185682
8.580797
6.588826
4.750084
3.064570
1.072600
-0.919371
-3.217799
-5.822684
-8.121112
-10.113082
-12.258282
-14.863167
-17.161594
-19.153565
-20.992307
-21.451993
-21.451993
-21.605222
-21.911679
-21.605222
-20.072936
-17.774508
-15.016395
-13.024424
-11.032454
-8.887254
-6.742055
-5.822684
-5.209770
-5.669455
-6.282369
-6.588826
-5.822684
-4.903313
-4.443627
-3.983942
-3.830713
-3.217799
-2.911342
-2.298428
-2.145199
-2.604885
-2.451656
-2.145199
-1.379057
-0.612914
-0.612914
-0.766143
-1.225828
-1.225828
-1.225828
-1.379057
-1.225828
-1.225828
-0.612914
0.306457
1.685514
2.758113
3.064570
2.298428
1.532285
1.225828
0.919371
0.459686
0.459686
0.919371
1.991971
4.137170
5.516227
7.048512
8.887254
9.806625
10.266311
10.266311
9.346940
8.734026
8.121112
7.354969
7.508198
7.661426
7.354969
7.354969
7.048512
7.048512
5.822684
3.983942
1.838742
0.459686
0.000000
-0.306457
-1.072600
-1.838742
-1.991971
-1.532285
-0.459686
0.306457
1.225828
1.685514
2.911342
4.750084
5.822684
7.201741
7.201741
7.048512
6.129141
5.669455
4.903313
4.137170
3.524256
2.298428
1.838742
1.379057
0.919371
0.000000
-0.919371
-1.685514
-2.145199
-2.911342
-3.217799
-3.217799
-2.911342
-2.911342
-2.758113
-2.298428
-2.145199
-1.838742
-1.379057
-0.766143
-0.612914
-0.612914
-1.225828
-1.838742
-2.758113
-3.677485
-4.750084
-6.282369
-8.121112
-9.193711
-9.346940
-9.346940
-9.806625
-9.959854
-9.653397
-9.500168
-9.500168
-9.346940
-8.427569
-7.967883
-7.354969
-6.742055
-5.516227
-3.983942
-2.298428
-0.306457
1.072600
2.145199
2.911342
3.064570
2.911342
2.451656
2.145199
1.991971
1.838742
1.838742
1.991971
2.298428
2.604885
2.758113
2.911342
2.451656
1.838742
1.685514
1.532285
1.685514
2.298428
2.298428
2.911342
3.524256
3.830713
3.830713
3.830713
3.677485
3.371027
2.604885
1.532285
0.766143
0.153229
-0.306457
0.153229
0.000000
0.612914
0.919371
1.072600
1.685514
1.838742
2.451656
2.451656
2.298428
2.298428
2.451656
2.451656
3.371027
3.371027
3.371027
3.217799
3.371027
3.677485
3.371027
2.911342
2.451656
2.298428
1.991971
1.838742
1.685514
1.532285
1.225828
0.459686
0.153229
-0.459686
-0.919371
-1.225828
-1.532285
-1.685514
-1.838742
-2.145199
-1.685514
-1.685514
-1.685514
-1.685514
-1.838742
-1.838742
-1.838742
-1.532285
-1.532285
-0.766143
-0.306457
0.000000
0.766143
0.919371
0.766143
0.153229
-0.306457
-0.612914
-1.379057
-2.145199
-2.604885
-3.064570
-3.524256
-3.371027
-3.064570
-2.911342
-2.911342
-3.064570
-2.604885
-2.911342
-3.371027
-3.677485
-3.830713
-3.064570
-2.604885
-2.145199
-1.838742
-0.919371
-0.306457
0.153229
0.459686
0.000000
0.000000
-0.306457
-0.919371
-0.612914
-0.612914
-0.459686
-0.153229
-0.306457
0.612914
0.919371
1.072600
1.685514
1.685514
1.838742
1.838742
1.532285
1.838742
1.991971
2.604885
3.064570
3.371027
3.830713
4.137170
3.830713
3.677485
3.371027
2.298428
1.838742
1.225828
0.919371
0.459686
-0.153229
0.306457
0.000000
0.000000
0.000000
0.000000
0.000000
0.459686
0.306457
0.000000
-0.153229
-0.612914
-0.919371
-1.225828
-1.532285
-1.532285
-1.991971
-2.145199
-1.685514
-1.685514
-1.072600
-0.766143
-0.919371
-0.766143
-0.919371
-0.919371
-0.459686
-0.306457
-0.153229
0.000000
0.153229
0.459686
0.919371
1.072600
1.532285
2.145199
2.145199
2.145199
2.298428
2.451656
2.298428
1.991971
1.532285
0.612914
0.612914
0.153229
0.459686
0.000000
-0.612914
-0.612914
-0.919371
-1.072600
-1.685514
-1.991971
-2.298428
-3.064570
-3.830713
-3.983942
-4.290399
-3.983942
-3.217799
-3.217799
-2.451656
-2.298428
-1.685514
-1.225828
-0.919371
-0.459686
0.000000
-0.153229
0.306457
0.919371
1.532285
1.685514
1.838742
1.991971
2.145199
2.604885
2.604885
3.217799
3.371027
3.217799
3.371027
2.758113
2.758113
2.911342
2.451656
1.991971
1.685514
1.225828
0.919371
0.459686
0.153229
-0.153229
-0.306457
-0.459686
-1.072600
-1.379057
-1.379057
-1.532285
-1.532285
-1.991971
-2.145199
-1.838742
-1.532285
-1.838742
-1.838742
-1.225828
-0.459686
-0.459686
-0.306457
0.153229
0.459686
0.612914
0.612914
0.612914
0.612914
0.766143
0.459686
0.000000
0.000000
-0.306457
-0.612914
-0.306457
-0.919371
-1.379057
-1.225828
-1.532285
-1.838742
-2.604885
-2.451656
-2.451656
-2.451656
-2.451656
-2.145199
-1.838742
-1.532285
-0.919371
-0.612914
0.459686
0.459686
0.612914
0.919371
1.072600
1.072600
1.379057
1.685514
1.532285
1.991971
1.991971
2.451656
2.298428
1.991971
1.838742
2.145199
1.991971
1.379057
1.532285
1.532285
1.072600
1.225828
0.919371
0.919371
1.072600
0.919371
0.459686
0.306457
0.306457
0.000000
-0.153229
-0.153229
-0.306457
-0.306457
-0.459686
-0.612914
-0.459686
-0.459686
-0.459686
-0.459686
-0.306457
-0.306457
0.000000
-0.153229
-0.153229
-0.306457
-0.459686
-0.306457
0.000000
-0.459686
-0.612914
-0.306457
-0.306457
-0.306457
-0.153229
0.000000
0.153229
-0.306457
-0.153229
-0.153229
-0.459686
-0.306457
-0.612914
-0.919371
-1.225828
-1.532285
-1.225828
-0.919371
-1.225828
-1.072600
-0.766143
-0.459686
-0.459686
-0.306457
-0.306457
-0.306457
0.000000
0.000000
0.306457
0.459686
0.612914
0.766143
0.766143
0.459686
0.459686
0.306457
0.306457
0.153229
0.000000
-0.153229
-0.612914
-0.766143
-0.919371
-0.919371
-0.766143
-0.612914
-0.459686
-0.612914
-0.459686
-0.459686
-0.766143
-0.153229
-0.153229
0.153229
0.459686
0.612914
0.766143
0.766143
0.919371
0.919371
0.919371
0.766143
0.612914
0.919371
0.766143
0.919371
0.766143
0.612914
0.459686
0.459686
0.153229
0.000000
-0.306457
-0.153229
0.000000
0.000000
-0.153229
-0.153229
0.306457
0.306457
0.000000
0.000000
-0.306457
0.000000
-0.153229
-0.153229
-0.153229
0.000000
0.306457
0.459686
0.612914
0.459686
0.612914
0.612914
0.612914
1.072600
0.919371
0.459686
0.612914
0.459686
0.153229
0.153229
0.766143
0.919371
0.919371
0.766143
1.072600
0.766143
0.306457
0.306457
0.306457
0.153229
-0.459686
-0.612914
-0.919371
-1.225828
-1.072600
-0.919371
-1.072600
-1.225828
-1.379057
-1.225828
-0.919371
-0.919371
-1.072600
-0.919371
-1.072600
-0.919371
-0.612914
-0.459686
-0.153229
-0.459686
-0.459686
-0.153229
-0.153229
-0.459686
-0.306457
-0.153229
-0.306457
-0.459686
-0.459686
-0.459686
-0.306457
0.000000
-0.153229
-0.459686
-0.459686
-0.612914
-0.919371
-0.612914
-0.766143
-1.225828
-1.379057
-1.532285
-1.225828
-0.919371
-0.612914
-0.459686
-0.766143
-0.306457
-0.153229
0.153229
0.306457
0.612914
0.766143
0.766143
1.072600
1.225828
1.379057
1.685514
1.838742
1.991971
2.145199
2.145199
2.145199
2.451656
2.145199
1.685514
1.225828
0.919371
0.919371
0.612914
0.459686
0.459686
0.153229
0.153229
0.153229
0.000000
-0.153229
-0.459686
-0.766143
-0.766143
-1.072600
-1.072600
-1.225828
-1.225828
-1.379057
-1.072600
-0.766143
-0.459686
0.306457
0.459686
0.306457
0.459686
0.612914
0.919371
1.072600
1.532285
1.225828
0.919371
0.766143
1.072600
1.225828
0.919371
1.379057
0.766143
0.766143
0.612914
0.306457
0.306457
0.153229
-0.459686
-0.459686
-0.612914
-1.072600
-0.766143
-0.766143
-1.379057
-0.919371
-0.612914
-0.612914
-0.306457
-0.766143
-0.612914
-1.072600
-0.766143
-0.153229
-0.459686
-0.612914
-0.153229
-0.306457
-0.459686
-0.153229
0.000000
0.000000
0.000000
-0.153229
-0.306457
-0.459686
-0.153229
-0.306457
-0.306457
0.000000
-0.306457
-0.766143
-0.459686
-0.306457
-0.766143
-0.459686
-0.459686
-0.766143
-0.612914
-0.919371
-0.919371
-0.612914
-0.766143
-0.612914
-0.766143
-1.072600
-1.072600
-0.306457
-0.459686
-0.306457
-0.153229
-0.459686
-0.306457
-0.306457
-0.153229
-0.153229
0.153229
0.153229
0.153229
0.459686
0.612914
0.766143
0.919371
0.766143
0.766143
0.919371
0.766143
0.919371
0.612914
0.612914
0.766143
0.612914
0.459686
0.919371
0.919371
0.612914
0.919371
0.919371
0.919371
0.766143
0.919371
0.766143
0.459686
0.612914
0.306457
0.306457
0.459686
0.153229
0.306457
0.153229
-0.153229
0.153229
0.000000
-0.153229
0.459686
0.000000
-0.306457
-0.153229
-0.459686
-0.459686
-0.306457
-0.306457
0.000000
-0.459686
-0.459686
-0.153229
-0.306457
-0.459686
-0.612914
-0.766143
-0.612914
-0.306457
-0.766143
-0.612914
-0.306457
-0.306457
-0.459686
-0.306457
0.153229
0.153229
0.000000
-0.306457
-0.153229
0.000000
-0.459686
-0.459686
-0.459686
-0.306457
0.153229
0.000000
0.153229
0.612914
0.612914
0.000000
0.306457
0.000000
-0.153229
0.000000
-0.306457
-0.306457
-0.306457
0.000000
-0.459686
-0.459686
0.000000
-0.459686
-0.306457
-0.153229
-0.153229
0.000000
-0.153229
-0.766143
-0.153229
0.306457
0.000000
-0.153229
-0.153229
-0.153229
-0.153229
0.153229
0.153229
-0.306457
-0.153229
0.153229
0.153229
-0.153229
-0.306457
-0.153229
-0.153229
0.153229
-0.306457
-0.153229
-0.306457
0.153229
0.306457
0.000000
0.153229
0.153229
0.459686
0.612914
0.612914
0.766143
0.612914
0.153229
0.306457
0.153229
0.459686
0.306457
0.153229
0.153229
0.153229
0.306457
0.306457
0.153229
-0.153229
0.153229
-0.306457
-0.153229
0.000000
0.000000
0.306457
0.612914
0.459686
0.306457
0.459686
0.306457
0.459686
0.000000
0.000000
0.153229
-0.153229
0.153229
0.000000
0.306457
0.000000
-0.153229
0.153229
0.153229
0.153229
-0.153229
-0.153229
-0.153229
-0.612914
-0.306457
0.000000
-0.306457
-0.459686
-0.153229
0.000000
0.000000
-0.306457
0.000000
-0.306457
-0.459686
-0.306457
-0.612914
-0.459686
-0.306457
0.000000
0.153229
0.612914
0.459686
0.000000
0.153229
-0.153229
0.459686
0.459686
0.153229
0.153229
0.000000
-0.153229
-0.766143
-0.459686
-0.153229
-0.306457
-0.153229
-0.459686
-0.612914
-0.153229
-0.306457
-0.612914
-0.306457
-0.153229
-0.306457
0.000000
0.000000
-0.306457
-0.306457
-0.306457
0.000000
0.000000
0.000000
0.000000
0.000000
0.000000
0.153229
-0.153229
-0.306457
0.000000
0.000000
0.306457
0.153229
0.459686
0.612914
0.766143
0.459686
0.612914
0.766143
0.612914
0.766143
0.612914
0.000000
-0.153229
0.459686
0.153229
0.153229
0.153229
0.153229
0.153229
0.000000
0.000000
0.153229
-0.153229
-0.153229
-0.153229
-0.306457
-0.153229
-0.153229
0.000000
0.000000
0.000000
-0.153229
0.000000
0.153229
-0.153229
-0.153229
-0.153229
-0.153229
-0.612914
-0.306457
0.306457
0.000000
-0.459686
-0.459686
-0.459686
0.000000
0.000000
-0.153229
0.000000
0.000000
-0.153229
-0.306457
0.000000
0.000000
0.153229
0.153229
0.153229
0.000000
0.000000
0.153229
0.306457
0.153229
-0.459686
0.153229
0.306457
0.000000
0.459686
0.459686
0.306457
0.306457
0.000000
-0.306457
-0.153229
-0.459686
0.000000
0.000000
0.000000
0.153229
0.000000
0.153229
0.153229
-0.153229
0.000000
-0.153229
-0.153229
-0.306457
-0.459686
-0.306457
0.000000
-0.153229
0.000000
0.153229
0.000000
0.306457
0.306457
0.306457
0.306457
0.306457
0.153229
0.000000
0.153229
0.153229
0.000000
-0.153229
0.306457
0.306457
0.306457
0.153229
0.459686
-0.153229
0.000000
0.153229
-0.612914
-0.153229
-0.153229
-0.153229
0.000000
-0.306457
-0.306457
-0.459686
-0.612914
0.000000
-0.306457
-0.459686
-0.459686
-0.612914
-0.306457
-0.306457
-0.306457
0.000000
0.153229
0.306457
0.000000
0.153229
0.000000
