-0.307399
0.153700
0.153700
0.461099
0.153700
0.153700
0.461099
-0.153700
0.307399
0.000000
-0.614798
-0.153700
-0.461099
-0.461099
-0.461099
-0.614798
0.000000
-0.153700
0.153700
0.153700
-0.461099
0.000000
-0.307399
-0.307399
-0.307399
-0.153700
-0.153700
0.000000
-0.153700
0.000000
0.153700
0.000000
-0.614798
-0.307399
0.000000
0.000000
0.307399
0.153700
0.153700
0.153700
0.307399
0.000000
-0.307399
0.153700
0.307399
-0.153700
-0.461099
-0.307399
-0.307399
-0.153700
0.000000
0.000000
-0.153700
0.153700
0.768498
0.461099
0.768498
0.768498
0.768498
0.768498
0.768498
0.922197
0.768498
0.768498
0.614798
0.614798
0.307399
0.153700
0.307399
0.307399
0.307399
0.000000
-0.153700
-0.153700
0.307399
0.153700
0.614798
0.461099
0.153700
-0.307399
0.000000
-0.307399
-0.614798
-0.461099
-0.461099
-0.153700
-0.307399
-0.153700
-0.461099
-0.307399
-0.307399
-0.153700
-0.307399
0.153700
-0.153700
-0.614798
0.000000
-0.614798
-0.307399
-0.153700
-0.461099
-0.307399
-0.922197
-0.614798
-0.461099
-0.768498
-0.461099
-0.307399
-0.153700
0.000000
0.000000
-0.461099
-0.307399
-0.307399
-0.461099
-0.307399
-0.614798
-0.153700
0.000000
-0.307399
0.153700
-0.153700
-0.307399
-0.307399
0.000000
0.000000
0.000000
0.153700
0.153700
0.153700
0.614798
0.461099
1.075897
0.614798
0.307399
0.768498
0.153700
0.461099
0.768498
0.307399
-0.307399
-0.153700
-0.153700
0.000000
0.153700
0.307399
0.153700
0.000000
-0.153700
0.461099
0.000000
0.153700
0.307399
0.000000
0.307399
-0.307399
-0.307399
0.461099
0.307399
-0.153700
0.153700
-0.153700
0.000000
0.153700
-0.153700
-0.307399
0.461099
0.307399
-0.461099
-0.307399
-0.153700
0.000000
0.461099
0.000000
0.153700
0.153700
-0.153700
0.000000
-0.153700
-0.461099
0.000000
-0.153700
-0.461099
0.000000
-0.153700
-0.153700
-0.153700
0.307399
0.614798
0.000000
0.000000
0.000000
0.153700
0.000000
0.000000
-0.307399
-0.153700
-0.153700
-0.153700
0.153700
0.307399
0.461099
-0.153700
-0.461099
-0.614798
-0.307399
-0.153700
-0.153700
0.000000
0.153700
0.307399
0.000000
-0.153700
0.153700
0.000000
-0.307399
-0.153700
-0.153700
-0.153700
0.000000
0.000000
-0.307399
-0.307399
0.153700
0.153700
0.768498
0.000000
0.461099
0.153700
0.153700
0.153700
-0.153700
0.307399
-0.307399
0.461099
0.461099
0.461099
0.307399
1.075897
1.075897
0.307399
0.307399
0.307399
0.461099
0.614798
0.153700
0.307399
0.614798
-0.461099
-0.153700
-0.614798
-0.461099
0.000000
-0.307399
-0.307399
-0.153700
-0.461099
-0.614798
-0.153700
-0.307399
-0.153700
-0.461099
-0.614798
-0.307399
0.000000
-0.768498
-0.614798
-0.307399
-0.614798
-0.307399
-0.153700
-0.307399
-0.307399
-0.307399
-0.307399
-0.153700
-0.153700
0.461099
0.153700
0.461099
0.153700
-0.153700
-0.153700
-0.614798
-0.153700
-0.307399
-0.614798
-0.768498
-0.922197
-0.153700
-0.614798
-0.153700
-0.153700
0.307399
0.153700
0.153700
0.000000
0.000000
0.461099
0.153700
0.307399
0.307399
0.153700
0.307399
0.307399
0.461099
0.922197
0.614798
0.922197
1.075897
0.614798
0.922197
0.768498
0.461099
0.153700
0.307399
0.307399
0.614798
-0.153700
0.000000
0.768498
0.153700
0.153700
0.000000
-0.307399
0.153700
0.614798
0.461099
0.614798
0.000000
0.153700
0.000000
-0.153700
0.461099
0.461099
0.614798
0.153700
-0.153700
-0.153700
-0.461099
-0.461099
-0.461099
-0.461099
-0.307399
-0.461099
-0.768498
-0.614798
-0.614798
-0.307399
-0.461099
-0.153700
-0.461099
-0.307399
-0.614798
-0.307399
-0.461099
-0.307399
-0.307399
-0.307399
-0.614798
-0.614798
-0.768498
-0.768498
-0.614798
-0.922197
-0.614798
-0.922197
-0.307399
-0.153700
-0.153700
0.461099
0.307399
0.307399
0.614798
0.461099
0.461099
0.153700
-0.153700
-0.153700
0.000000
0.000000
0.307399
0.614798
0.307399
-0.307399
0.153700
-0.307399
-0.307399
0.000000
0.307399
0.153700
0.461099
0.614798
0.307399
0.768498
0.614798
0.614798
0.922197
0.614798
0.461099
0.461099
0.000000
0.614798
0.461099
0.461099
1.075897
0.461099
0.461099
0.461099
0.307399
-0.153700
-0.153700
-0.153700
-0.153700
0.000000
-0.614798
-0.614798
-0.307399
0.153700
-0.153700
-0.614798
-0.153700
0.153700
-0.153700
0.153700
-0.307399
-0.461099
-0.461099
-0.307399
-0.153700
-0.461099
0.153700
0.000000
-0.461099
-0.307399
0.307399
-0.153700
0.307399
-0.153700
-0.307399
0.153700
0.000000
0.307399
0.000000
-0.307399
-0.153700
0.000000
-0.153700
0.153700
-0.614798
-0.461099
0.153700
-0.307399
-0.307399
-0.307399
-0.153700
-0.614798
-0.307399
-0.461099
-0.153700
-0.153700
-0.307399
-0.153700
-0.768498
-0.307399
-0.153700
0.000000
-0.153700
0.307399
0.153700
-0.461099
0.000000
0.307399
0.153700
0.000000
0.307399
1.075897
1.075897
0.153700
0.153700
0.461099
0.461099
0.461099
0.153700
0.614798
0.307399
0.307399
-0.153700
0.000000
0.000000
0.153700
0.307399
0.153700
0.461099
-0.153700
0.614798
0.768498
-0.307399
0.461099
0.307399
0.153700
-0.153700
0.000000
0.461099
0.153700
0.000000
0.000000
0.000000
-0.461099
-0.768498
-0.461099
-0.768498
-0.614798
-0.768498
-0.307399
-0.461099
-0.614798
-0.307399
-0.461099
0.153700
0.000000
-0.461099
-0.153700
-0.153700
-0.614798
-0.922197
-0.307399
0.307399
-0.307399
-0.153700
0.000000
-0.153700
-0.461099
-0.614798
0.000000
0.000000
0.153700
0.153700
0.000000
0.461099
0.461099
0.000000
-0.153700
0.461099
0.000000
0.153700
0.922197
0.461099
0.307399
0.461099
0.768498
0.461099
0.614798
0.922197
0.461099
0.307399
-0.153700
-0.307399
-0.153700
-0.461099
-0.153700
0.153700
-0.153700
-0.153700
-0.461099
0.307399
0.307399
0.000000
0.000000
0.153700
0.000000
-0.307399
-0.461099
0.153700
0.000000
0.461099
0.614798
0.307399
0.461099
0.000000
0.000000
-0.307399
-0.614798
-0.461099
-0.153700
-0.307399
0.000000
0.307399
-0.307399
-0.307399
0.000000
0.000000
0.000000
0.153700
0.000000
0.307399
0.153700
-0.307399
0.000000
-0.461099
-0.153700
0.153700
-0.307399
-0.153700
-0.153700
-0.461099
-0.153700
0.307399
0.307399
0.461099
0.000000
-0.307399
-0.153700
0.000000
0.307399
0.153700
-0.307399
-0.153700
-0.307399
-0.461099
-0.307399
0.153700
0.153700
0.307399
0.307399
-0.153700
-0.307399
0.000000
0.461099
-0.153700
-0.153700
0.153700
-0.153700
-0.307399
0.000000
0.000000
0.000000
-0.153700
-0.307399
0.000000
0.307399
0.307399
0.153700
0.307399
0.461099
0.153700
0.000000
0.000000
-0.153700
-0.153700
-0.307399
0.153700
0.307399
-0.153700
0.000000
-0.153700
-0.614798
-0.307399
-0.922197
-0.307399
0.307399
0.153700
-0.614798
-0.614798
0.000000
-0.307399
-0.614798
-0.307399
0.000000
-0.153700
0.307399
0.461099
0.922197
0.922197
0.922197
1.229596
0.922197
1.075897
0.768498
1.075897
0.614798
0.614798
0.768498
0.307399
0.768498
0.307399
0.461099
0.307399
0.461099
0.153700
-0.307399
-0.153700
-1.075897
-0.153700
-0.461099
0.153700
0.000000
-0.922197
-0.461099
-0.307399
-0.768498
-0.922197
-0.461099
-1.229596
-0.768498
-0.922197
-1.229596
-0.614798
-0.614798
-0.307399
-1.383296
-0.614798
-0.461099
-0.461099
0.153700
-0.461099
0.000000
0.614798
0.153700
0.000000
0.153700
-0.153700
0.153700
0.461099
0.614798
0.768498
0.768498
0.768498
0.614798
0.461099
0.461099
0.614798
0.461099
0.307399
0.614798
0.768498
0.768498
0.153700
-0.307399
-0.307399
-0.768498
-0.307399
-0.307399
0.000000
0.153700
-0.153700
0.461099
0.614798
0.000000
0.000000
-0.307399
0.153700
0.000000
-0.768498
-0.461099
-1.229596
-0.307399
-0.307399
-0.614798
-0.153700
0.000000
0.153700
0.153700
0.307399
0.307399
0.153700
0.000000
0.000000
0.307399
0.461099
0.614798
0.307399
0.307399
0.461099
0.153700
0.153700
0.307399
0.307399
0.000000
0.000000
-0.307399
-0.307399
0.307399
0.614798
0.614798
-0.307399
0.153700
-0.153700
-0.768498
-0.922197
-0.461099
-0.614798
-0.614798
-0.461099
-0.153700
-0.307399
-0.461099
-0.461099
-0.307399
-0.153700
-0.461099
-0.307399
-0.153700
-0.153700
0.000000
0.000000
-0.307399
-0.461099
0.000000
-0.307399
-0.614798
0.153700
0.153700
0.461099
0.768498
0.307399
0.153700
0.307399
0.000000
0.461099
0.614798
0.153700
-0.307399
-0.307399
0.153700
-0.307399
-0.153700
-0.614798
-0.614798
0.000000
-0.614798
-0.307399
0.307399
0.922197
0.461099
0.307399
0.922197
0.768498
0.922197
0.922197
0.000000
-0.153700
0.000000
0.307399
-0.153700
0.461099
0.307399
0.000000
0.000000
0.614798
0.307399
0.153700
0.307399
0.153700
-0.307399
0.153700
0.614798
0.000000
0.614798
0.461099
-0.307399
0.000000
0.000000
-0.614798
-0.461099
-0.153700
0.153700
-0.614798
-1.075897
-1.229596
-1.229596
-1.229596
-0.461099
0.000000
-0.768498
0.000000
-0.307399
0.153700
-0.153700
-0.153700
0.000000
0.000000
0.000000
-0.153700
-0.307399
0.000000
0.461099
-0.461099
-0.153700
0.153700
-0.153700
-0.153700
-0.307399
-0.614798
-0.307399
-0.153700
-0.922197
-0.307399
0.153700
-0.153700
0.461099
0.614798
-1.844395
0.307399
-0.153700
-1.844395
1.229596
1.536995
2.305493
2.151794
1.998094
1.536995
1.229596
1.229596
1.844395
1.229596
0.922197
4.149888
2.305493
1.844395
3.535090
2.766592
0.614798
-0.768498
0.461099
-0.461099
-1.075897
0.153700
-0.461099
0.307399
0.153700
-1.075897
-0.768498
-1.844395
-1.536995
-0.922197
0.000000
-2.151794
-0.768498
3.073991
1.690695
-0.153700
3.227690
2.766592
-1.844395
0.614798
0.768498
-1.844395
0.307399
-0.153700
0.461099
0.614798
0.768498
0.614798
0.153700
-1.229596
-1.229596
0.000000
-2.151794
-4.610986
-1.536995
0.768498
-3.073991
-1.844395
1.690695
-0.768498
-3.227690
-2.766592
-1.690695
-0.768498
-1.844395
6.455381
6.762780
4.610986
10.144170
8.299776
2.612892
4.610986
2.151794
1.229596
12.757062
0.000000
3.073991
22.440134
6.147982
-13.679260
9.375672
9.068273
-20.903138
3.688789
4.303587
-11.066367
-6.455381
1.229596
-6.147982
-11.527466
-6.609081
-0.614798
2.766592
-17.521748
-1.536995
-2.459193
-16.292152
-9.836771
-10.605269
15.677354
3.227690
0.768498
29.971412
8.299776
-9.529372
2.151794
9.683071
3.535090
28.588116
33.352802
62.863115
85.149549
34.736098
64.246411
82.229258
38.885985
30.893609
139.559189
103.593495
25.975223
183.978358
110.356275
-1.844395
66.398204
41.498878
-52.872644
-20.134641
13.371861
-75.927576
-13.218161
3.996188
-68.242599
-79.923764
-54.255940
-74.851679
-134.948202
-117.119055
-129.415019
-104.823091
-116.965355
-116.811656
-64.246411
-87.762441
-62.248317
-29.817712
-26.436322
-13.986659
14.755157
30.432510
21.825336
26.436322
38.885985
44.265470
19.673542
14.601457
30.893609
40.115582
35.811994
40.269281
69.011097
58.866927
56.868832
68.242599
28.895515
7.070179
10.451569
-2.151794
-5.686883
-5.686883
17.368049
35.504595
33.199102
38.271187
28.741815
23.516031
17.060650
6.609081
15.369955
19.673542
6.762780
17.521748
6.762780
-15.369955
-10.758968
-12.449663
-12.449663
-52.257846
-65.322307
-51.335649
-70.240693
-68.088899
-53.180043
-41.345178
-34.274999
-30.586210
-42.574775
-55.178137
-46.263564
-38.732286
-49.337555
-54.870738
-29.664013
-27.204820
-53.180043
-64.553810
-71.162890
-73.007285
-92.219728
-98.982508
-80.999661
-73.929482
-47.646860
-76.081276
-87.762441
-56.868832
-56.407734
-55.024438
-88.069840
-126.033629
-212.412774
-289.723646
-323.537547
-307.552794
-265.439118
-229.166025
-152.931049
-74.390581
5.686883
6.609081
14.601457
25.975223
-2.920291
-11.834865
-23.362331
3.227690
12.142264
34.582398
105.591589
131.259413
153.392148
219.944052
246.072975
230.241921
242.845284
247.302571
195.966922
212.566474
241.461988
214.718267
253.450553
247.456271
264.978019
290.492144
303.864005
321.539452
287.110754
241.923087
189.357842
200.116810
180.443268
140.327686
162.921520
226.399433
256.524544
300.328915
348.436873
275.429588
198.118716
248.685867
238.080598
178.137775
182.287663
130.798315
53.026344
-22.593833
-65.629707
-115.735759
-135.563001
-136.024099
-172.758291
-177.061878
-188.743044
-268.205710
-235.775105
-181.058066
-176.600780
-70.855491
-31.047309
-50.567151
-33.660201
-111.739571
-219.021855
-196.889120
-167.378807
-126.187328
-89.914235
-82.690356
-135.409301
-204.112998
-253.296854
-265.746517
-235.160307
-302.327009
-290.338444
-206.572191
-178.445174
-176.139681
-188.281945
-160.923426
-245.150778
-308.782390
-191.048537
-264.363221
-334.142815
-248.685867
-265.592817
-357.812546
-378.869383
-256.831943
-228.858626
-151.855152
-32.738004
9.529372
14.294058
-2.151794
32.430604
43.189573
115.582059
106.052687
67.474101
30.893609
-23.516031
-20.442040
-43.650671
-63.631612
-58.866927
-35.658295
-45.033967
-51.643048
19.673542
-0.461099
-79.001567
-75.466478
5.840583
156.773538
119.117149
112.200669
179.674771
139.712888
154.160646
173.526789
119.424548
70.548092
155.082843
106.206387
70.855491
176.600780
176.447080
167.378807
106.360087
23.516031
-39.193384
39.961882
168.301004
190.126340
225.938334
336.448308
313.239677
261.289230
249.608064
113.276566
71.931388
67.013003
12.910762
126.648427
197.965017
64.246411
54.870738
81.307060
56.407734
68.396298
84.073652
60.250222
40.422981
67.013003
56.100335
-4.610986
-52.565245
-11.988565
67.166702
117.580153
186.591250
223.940240
184.593156
165.688112
55.639236
-58.098429
-75.159079
-148.320063
-175.217484
-104.208293
-91.451230
-60.250222
0.922197
-60.865021
-76.849774
-32.738004
-49.183855
-59.635424
-61.787218
-48.876456
59.789124
55.331837
9.375672
122.805938
109.434078
-7.377578
0.153700
-15.677354
-70.394393
-9.990471
48.261658
23.208632
16.138452
97.752912
153.084749
105.898988
90.682733
186.283851
203.037102
154.006946
148.781162
98.521410
-23.208632
-36.273093
90.682733
19.519842
4.918386
95.908517
9.529372
-77.925670
-31.969506
-6.455381
-177.369277
-218.868155
-188.743044
-345.055483
-374.873195
-304.478803
-350.281268
-404.076109
-383.172971
-343.518488
-340.598196
-306.937995
-252.989454
-199.040913
-226.245733
-243.152683
-168.454704
-158.156834
-203.190801
-248.071069
-233.469612
-256.370844
-240.078692
-183.517259
-154.775444
-153.084749
-167.993605
-92.680827
-77.003473
-75.927576
-30.432510
-25.667824
-104.361992
-137.714794
-49.644954
-62.555716
-119.424548
-59.635424
-37.963788
-58.866927
-27.665918
49.798653
82.536657
68.242599
131.259413
196.428021
182.902461
219.175554
310.011986
302.480709
264.978019
320.924654
350.742366
275.583288
340.598196
377.793487
267.590911
236.236204
182.595062
180.289569
218.407056
193.815129
199.963111
254.065351
252.835755
313.393376
342.442591
320.924654
390.704249
353.355259
316.467367
240.078692
218.407056
256.831943
181.672865
86.840244
112.354369
138.944391
30.739909
46.878362
120.346745
87.762441
50.413451
143.555377
170.760197
75.466478
105.437889
131.259413
48.415357
17.675448
76.081276
63.477913
13.064461
-16.138452
-52.257846
-44.419169
-8.914574
-19.058744
-45.802465
-88.684639
-150.471857
-187.206048
-327.533735
-466.324426
-433.125324
-439.734404
-480.464784
-422.212656
-331.683623
-335.218712
-309.858287
-219.175554
-273.892593
-315.852569
-289.262548
-318.772861
-361.347635
-353.508958
-375.487993
-359.349541
-355.814451
-377.332388
-307.860193
-283.883063
-239.156495
-194.583627
-159.540130
-159.232731
-181.980264
-116.350557
-91.143831
-67.474101
45.341366
149.703359
165.995511
229.627123
310.319385
267.590911
258.983737
365.497523
397.313329
357.351447
455.258058
550.705477
493.682945
478.620390
498.601331
460.330143
401.770616
415.757275
483.692475
502.136420
545.479692
545.787092
481.694380
403.307611
301.404812
249.608064
195.966922
108.204481
32.584304
8.453475
-16.292152
-53.487442
-61.172420
-27.665918
27.512219
15.984753
-7.223879
-79.770065
-167.993605
-222.864343
-282.807167
-352.125662
-462.789336
-456.333955
-444.499090
-434.354920
-358.581043
-291.875440
-161.538224
-115.428360
-9.529372
197.965017
307.091695
349.205371
356.121851
285.420059
150.932955
155.543942
200.731608
124.342934
32.738004
8.760874
-61.787218
-145.860870
-202.576003
-333.528017
-446.497184
-512.895389
-501.982721
-558.236755
-691.494262
-790.323071
-896.068359
-977.068021
-1002.889545
-898.681252
-758.046166
-596.661642
-441.117700
-396.237432
-394.546737
-383.326670
-365.651222
-307.706493
-202.114904
-90.682733
29.664013
92.988226
89.606836
82.844056
52.104146
-51.489348
-127.263225
-113.276566
-109.126678
-91.758630
-9.529372
91.297531
177.984075
309.550888
446.036086
524.730254
584.826777
705.327221
803.541232
821.677779
862.715558
910.362417
999.969253
1069.134049
1064.369363
1025.022279
985.828895
971.073738
925.578672
875.165221
837.508832
814.761299
746.672400
664.289442
591.435857
501.060523
410.531490
299.099319
207.648088
105.284190
-12.757062
-169.837999
-362.730931
-491.838551
-489.686757
-470.320614
-518.428572
-586.978570
-655.989667
-659.063658
-626.633053
-518.121173
-308.628690
2.151794
348.590573
548.092585
549.168482
450.032274
405.766804
378.561984
303.095507
206.111093
87.762441
-96.677015
-322.307950
-545.325993
-761.581256
-830.746052
-672.589218
-482.770277
-476.161197
-511.973191
-468.322520
-446.650884
-383.941469
-261.596629
-106.974885
-1.229596
-87.762441
-243.152683
-398.235526
-543.788997
-711.014105
-892.379570
-1025.944477
-1117.856806
-1141.219137
-1178.875526
-1227.905681
-1241.892340
-1188.097499
-1112.323622
-1031.323961
-864.098854
-650.149084
-444.345391
-278.196180
-96.369616
86.379145
224.093940
314.776672
356.582949
384.095168
411.914786
431.434629
414.373979
383.172971
383.634069
407.764898
413.451782
419.446064
468.322520
538.563213
556.546060
553.010970
570.840118
594.817247
619.870273
629.092246
637.392022
647.075093
690.725764
725.922961
729.458050
735.606032
755.125875
759.890561
729.611750
705.788320
694.414554
700.408836
651.071281
597.122740
589.745162
581.445386
570.532719
530.109738
484.460972
455.565457
414.681378
354.277456
306.784296
237.004702
179.059972
145.707171
71.623989
-19.980941
-72.699886
-82.844056
-141.096184
-216.562662
-249.761764
-285.573758
-331.068824
-366.266021
-410.531490
-463.557834
-489.379358
-519.965568
-554.086867
-572.838212
-581.906485
-592.819153
-605.729915
-609.879803
-621.560968
-625.096058
-625.096058
-612.338995
-585.287875
-556.238661
-542.866800
-557.007159
-547.631486
-539.485410
-528.880141
-515.815680
-506.440008
-455.719157
-400.848419
-390.704249
-406.381602
-355.660752
-318.004363
-318.926560
-276.966584
-253.296854
-248.071069
-224.708738
-160.001228
-142.325781
-137.561095
-54.255940
4.149888
14.140358
47.032061
109.280378
143.247978
163.075219
162.306722
161.538224
167.532506
200.270510
275.122189
333.066918
447.880480
624.942358
814.914998
967.999747
1105.253443
1268.482362
1385.447717
1445.083141
1462.912289
1421.259712
1291.998393
1127.078779
918.354794
647.228793
375.949092
84.381051
-210.414680
-492.607048
-700.408836
-820.140783
-897.605355
-919.276991
-915.588202
-852.571387
-753.281480
-635.086528
-529.802339
-433.432723
-316.313668
-238.849096
-190.587438
-170.606497
-139.251790
-137.407395
-185.515353
-239.156495
-300.328915
-343.979586
-392.702343
-433.740122
-468.476219
-479.388887
-461.713439
-439.734404
-404.229809
-349.051671
-257.139342
-183.363560
-126.033629
-77.157173
-32.891703
-6.147982
-14.755157
1.998094
17.214349
24.591928
-1.383296
-19.673542
-9.068273
0.000000
42.574775
59.020626
99.904706
177.215578
268.666808
361.501335
442.347296
544.250096
612.800094
657.372963
642.771506
593.126552
537.026217
450.800772
355.968151
245.765576
167.686206
81.460760
0.000000
-41.498878
-88.069840
-104.515692
-153.392148
-187.513447
-235.621406
-294.795731
-327.994833
-513.202788
-773.723520
-1096.031470
-933.417349
-392.241244
322.307950
1147.059720
1838.861381
2745.688709
3312.378939
3970.981498
4354.922966
4342.012204
4121.145955
3333.896875
2551.258782
1286.465209
265.592817
-721.926773
-1757.554321
-2570.163826
-3292.397997
-3442.562455
-3552.611331
-3241.369748
-2838.984334
-2382.957778
-1942.915974
-1623.528316
-1237.896152
-1127.693577
-924.502776
-989.978783
-1129.999070
-1362.239086
-1517.629328
-1476.437849
-1523.162511
-1259.567788
-1001.506249
-615.720385
-256.524544
156.158740
649.073187
901.908942
1161.814876
1168.577656
1038.086741
729.919149
423.749651
117.426454
-336.294609
-649.226887
-953.090891
-1088.961291
-1208.232139
-1110.018129
-886.231588
-578.371396
-123.113337
135.101902
467.554022
669.976326
978.451317
1121.238196
1191.325189
1289.692899
1153.515101
1158.740885
1010.881921
973.994030
820.448182
700.255136
590.359960
319.848757
199.194613
56.407734
39.654483
-83.766253
-122.498539
-133.257507
-129.107620
-38.885985
64.707509
237.926899
311.241583
436.506714
470.166914
475.238999
448.956377
410.377791
317.389565
73.007285
-96.830715
-257.907840
-348.283174
-420.675660
-404.690907
-321.232053
-256.370844
-107.743382
58.866927
253.604253
396.237432
513.356487
511.358393
412.529584
314.622973
220.712550
70.394393
-218.560756
-400.541020
-592.511754
-766.960740
-924.810175
-951.553896
-972.610734
-1140.143240
-1235.283260
-1438.935160
-1779.225957
-1720.666429
-250.376562
1458.916101
2154.713950
2274.445897
3239.525353
4713.196610
4972.641446
4957.578890
4828.778670
4640.343025
3619.163234
2124.435139
1010.574522
-236.236204
-912.053112
-1900.494899
-3063.078273
-3883.987554
-3773.170181
-3162.982979
-3221.388807
-2969.782648
-2258.614844
-1546.371143
-1487.504216
-1430.327985
-969.844142
-754.357377
-839.353226
-1206.234045
-1429.252088
-1578.801747
-1311.210836
-999.661854
-958.162976
-631.551439
25.206726
690.264666
771.418027
1086.655798
1721.896026
1893.271021
1503.027871
972.764433
728.843252
282.653467
-292.797637
-838.277330
-1363.929781
-1721.127528
-1869.754990
-1875.441873
-1931.234809
-1643.662956
-1075.282031
-703.636526
-610.648300
-226.399433
512.741689
965.233155
1351.633817
1576.342555
1805.815978
1737.880779
1623.835715
1533.921480
1109.557030
968.153447
548.399984
115.889458
-348.283174
-477.851892
-383.326670
-574.528907
-554.547966
-519.658169
-276.966584
-125.265131
113.430266
381.021177
586.056373
736.528229
679.659397
613.875991
493.990344
496.142138
275.122189
-64.861209
-351.510864
-474.931600
-549.783280
-677.661303
-555.470163
-436.506714
-286.034857
-141.096184
77.771971
331.068824
527.804245
762.042354
767.729238
678.737200
610.340901
568.534625
355.199653
12.603363
-193.968828
-452.030368
-768.497735
-1057.452884
-1137.837747
-1222.065099
-1361.931686
-1469.828768
-1645.353651
-1829.178309
-919.738090
993.206473
2149.334466
2288.893655
2626.878959
4206.449204
4999.999965
4732.870152
4507.854015
4530.294149
4086.256158
2391.411253
1181.488418
197.196519
-583.289781
-1409.271147
-2517.905980
-3289.477706
-3613.783750
-3040.791839
-2875.257427
-2935.815048
-2392.640849
-1562.048497
-1258.338192
-1532.384484
-1171.651647
-657.680362
-646.767694
-1041.468131
-1246.195928
-1246.042228
-1238.818349
-951.707595
-761.888655
-512.741689
-37.810089
635.547627
929.574861
961.851765
1520.088520
1941.993777
1693.154210
1007.193132
679.351998
435.738216
-276.351786
-938.796833
-1417.878322
-1722.664523
-2029.141420
-2127.355431
-2082.782562
-1933.232903
-1401.893569
-896.222059
-656.297066
-445.421287
174.295286
669.668927
793.089663
1005.656136
1347.330229
1446.466437
1171.190549
1081.583713
1055.762189
917.278897
680.427895
355.045954
27.819618
-208.416586
-213.949769
-330.146627
-501.521622
-462.328238
-316.621067
-283.575664
-289.877346
-1.229596
347.207277
490.147856
501.982721
542.098302
587.593368
555.623863
452.645166
230.703020
-22.593833
-207.033290
-347.053577
-522.885859
-586.978570
-434.816019
-297.254924
-273.738893
-133.872305
183.517259
454.182162
575.297405
691.647962
770.034731
707.171616
551.627674
363.192030
97.138114
-217.792258
-521.502563
-841.351321
-1280.163527
-1643.970355
-1926.777522
-1437.705563
208.109187
1586.179326
2005.779089
2082.167764
3570.594178
4938.981245
4816.175307
4416.556485
4342.627002
4336.632720
2670.529630
1073.591336
182.748761
-565.614333
-1404.813860
-2721.557880
-3378.777143
-3682.333748
-3215.240825
-2845.593414
-2863.268862
-2311.487488
-1488.580113
-947.557708
-1221.911399
-1055.762189
-460.483843
-397.620728
-861.485961
-1231.287071
-1162.122275
-1185.792006
-1031.785059
-773.877219
-482.616578
-60.557622
547.016688
1026.559275
1077.741224
1491.193006
1981.648260
1865.605102
1136.454451
612.185296
436.353014
-254.372750
-1054.686292
-1589.253317
-1849.466650
-2176.846685
-2407.088606
-2198.210922
-1937.382791
-1478.435943
-1007.193132
-602.963323
-316.159968
164.151116
778.180807
908.825422
891.764772
1080.046717
1326.273392
1095.262972
887.614884
1038.240440
1066.060058
745.750202
444.806489
391.011648
191.970734
18.443946
-122.805938
-313.547076
-519.504469
-531.185635
-449.571175
-545.018594
-402.846513
-34.274999
193.200331
198.579815
344.748084
685.807379
776.951210
648.765788
507.515904
355.660752
83.919953
-226.860531
-430.358732
-588.669265
-676.585406
-674.587312
-642.156708
-562.386643
-276.198086
113.891364
327.226336
424.057050
606.037314
776.490112
683.040787
499.062429
380.713778
161.845623
-229.627123
-626.940452
-979.219814
-1349.789422
-1566.659483
-734.530135
740.524418
1630.444795
1809.812167
2388.644661
4148.811874
4975.869136
4709.046723
4395.960745
4517.690787
4075.650889
2183.609465
822.907375
-40.269281
-691.494262
-1905.259585
-3258.276698
-3713.842155
-3700.009196
-3248.747326
-3253.050913
-2991.915383
-2141.956888
-1384.679219
-1177.184831
-1273.708146
-692.262760
-217.792258
-396.852230
-860.563764
-1015.954006
-962.312864
-1021.948288
-872.706028
-650.763882
-332.913219
94.064123
657.834061
981.064209
1156.742791
1687.774726
2021.917541
1744.028760
1042.236629
702.099531
404.844607
-389.474652
-1157.203890
-1648.581342
-1902.185594
-2315.791075
-2531.585239
-2375.580199
-2050.044559
-1494.574396
-1035.320149
-601.887426
-185.207954
419.292364
914.666005
1070.209946
1234.822161
1361.163189
1374.227650
1064.523063
886.538987
853.800984
799.391344
581.599086
262.365127
174.602685
88.069840
47.185761
-126.187328
-183.670959
-225.323536
-311.087883
-343.057389
-391.011648
-231.317818
-90.529033
50.567151
39.654483
106.360087
341.827793
457.563552
423.749651
292.643938
253.911652
84.995850
-178.598874
-360.271738
-413.144382
-460.637543
-598.967135
-632.934735
-519.197070
-283.883063
-75.620177
93.449325
254.219051
377.486088
469.859515
429.436534
356.121851
212.720173
-25.821524
-329.224430
-738.372624
-1027.942571
-1032.553557
-139.098090
1064.215664
1654.421924
1854.385035
2630.106649
4177.707388
4647.566904
4347.545388
4252.712767
4429.159847
3711.382963
1910.792769
816.913093
131.413113
-633.856932
-1997.786713
-3159.601589
-3482.524337
-3468.998777
-3292.859096
-3395.837793
-2961.482873
-2093.695230
-1510.712848
-1442.009150
-1268.482362
-477.237094
-110.817373
-377.178688
-688.266572
-622.636865
-624.481260
-801.543138
-690.418365
-453.874762
-185.669053
114.659862
527.343146
770.803228
1016.722504
1533.614080
1744.028760
1398.973277
887.307485
698.871840
337.216806
-453.567363
-1084.811403
-1450.155226
-1772.309477
-2261.535135
-2454.735466
-2293.197242
-1936.767992
-1427.561393
-1055.301090
-642.156708
-116.196858
586.978570
953.398290
1007.346831
1249.423618
1408.656349
1241.431242
819.679684
725.461862
716.700988
454.796960
170.299098
-12.910762
-27.665918
-73.468383
-77.925670
-119.424548
-135.716700
-37.041591
-21.517937
-117.426454
-139.251790
60.096523
145.707171
37.656389
-10.451569
132.489010
238.387997
180.596968
138.944391
130.952014
90.836432
-55.946635
-231.625217
-318.772861
-313.547076
-316.313668
-430.051333
-474.931600
-315.237771
-96.215916
-20.595739
25.206726
207.955487
333.528017
271.433400
166.917708
131.874211
21.364237
-235.621406
-520.119267
-707.632715
-668.131931
139.405489
1207.156243
1764.624500
1933.694001
2655.774474
4035.689007
4391.349759
4118.840462
4050.444163
4260.090346
3561.218505
1910.024271
928.960062
278.349880
-471.089112
-1812.271359
-2885.555296
-3252.128716
-3318.834320
-3264.270980
-3436.414473
-3035.719754
-2235.713611
-1693.307910
-1678.552753
-1474.132356
-637.084623
-227.475330
-485.383170
-747.440897
-571.454916
-520.119267
-733.915337
-682.579688
-416.218373
-166.610309
37.348990
385.785863
653.684174
944.330017
1426.792895
1662.414301
1421.413411
1011.957818
905.597731
593.741350
-145.092372
-792.474865
-1166.425863
-1537.302870
-2130.890520
-2424.456655
-2242.783791
-1913.405661
-1604.623271
-1258.184492
-755.125875
-182.441362
339.522299
779.103004
1030.709163
1197.626871
1325.658593
1197.165772
894.223965
674.126213
659.371057
456.180256
43.804371
-128.800220
-79.308966
-82.536657
-170.452798
-85.764347
64.246411
65.014908
39.347084
67.474101
118.348651
171.528695
196.889120
141.096184
19.519842
34.121299
123.574436
84.073652
1.383296
-16.138452
-6.916480
-151.855152
-323.691246
-333.220618
-314.008175
-379.637881
-496.756936
-483.231376
-350.742366
-225.016137
-130.644615
-25.667824
108.511880
189.357842
182.902461
110.663674
68.703698
-21.671636
-229.012325
-465.863327
-459.715345
225.169836
1120.930797
1652.270131
1843.626067
2495.004747
3662.813906
4063.354925
3880.145065
3852.940246
4120.377457
3524.945412
2061.110926
1144.754226
610.648300
-145.860870
-1486.428320
-2473.486811
-2821.462585
-3032.184664
-3183.886117
-3325.750799
-2936.583546
-2294.887937
-1849.774049
-1732.962393
-1471.365764
-748.977893
-333.528017
-456.026556
-627.247852
-462.481937
-396.698531
-610.187202
-630.936641
-382.558173
-148.781162
-41.498878
184.439456
453.721063
747.133498
1140.911738
1376.686843
1276.321039
994.128670
888.998180
632.781035
24.899327
-542.559401
-883.311297
-1234.053663
-1806.123377
-2108.296687
-1949.678754
-1659.494010
-1505.179664
-1300.298168
-857.028674
-348.744272
46.570963
361.808734
677.046505
865.021051
904.521834
762.964552
594.970947
487.381264
433.432723
283.575664
-20.288340
-139.712888
-73.314684
-35.504595
-100.365804
5.533184
245.150778
255.909746
147.705265
193.968828
342.749990
324.767143
198.887214
123.574436
67.627801
9.221973
-11.988565
-44.880268
-84.534751
-61.172420
-59.789124
-167.071408
-271.126001
-194.583627
-141.249884
-260.213333
-367.956716
-285.266359
-170.760197
-181.211766
-170.760197
-54.870738
13.218161
-11.373766
-51.489348
-70.548092
-126.802126
-239.617594
-310.934184
-190.741138
558.236755
1453.382917
1939.688284
2068.488504
2732.316848
3847.714461
4102.855709
3844.794170
3735.052693
3932.402911
3228.151587
1866.373600
1057.299184
515.354581
-257.293042
-1596.477195
-2483.323582
-2805.170433
-2966.093859
-3148.227822
-3334.204274
-2944.883322
-2364.974930
-2008.238282
-1937.536490
-1571.577869
-819.372285
-519.043370
-670.437424
-726.998858
-461.559740
-405.152006
-591.435857
-524.115455
-270.664902
-71.470289
41.345178
307.091695
616.335184
940.641228
1290.153998
1423.104106
1288.463303
1076.819027
992.899074
657.526662
47.646860
-479.696286
-840.736522
-1204.697050
-1722.203425
-1969.044897
-1859.303421
-1627.524504
-1460.145697
-1323.045701
-881.005804
-359.810640
-0.307399
237.773199
502.443819
762.042354
722.695270
590.052561
485.690569
390.089450
267.129813
81.153361
-85.456948
-188.281945
-88.069840
12.449663
0.307399
87.916141
320.924654
391.626446
281.423871
319.541358
447.726781
375.487993
155.697641
84.073652
56.868832
-45.495066
-125.879929
-155.851341
-182.441362
-215.486765
-185.054255
-192.585532
-209.646182
-126.494727
-67.935200
-130.337216
-205.803694
-105.284190
-4.610986
-68.549998
-95.601118
-17.521748
11.681166
-100.673203
-199.809411
-171.067596
-280.501673
-429.282835
-431.127229
150.318157
1077.280125
1651.962732
1916.479652
2337.001613
3417.509429
3978.359076
3844.486770
3707.540474
3892.594729
3676.646865
2389.720558
1387.906910
867.633943
354.431156
-839.968025
-2037.748595
-2441.363605
-2615.658892
-2832.221554
-3210.322439
-3018.505405
-2433.217529
-2098.921015
-2081.091867
-1910.331670
-1183.640212
-714.856593
-814.300200
-964.772057
-752.974081
-553.164670
-728.382153
-767.729238
-504.749313
-207.955487
-106.360087
55.485536
401.924316
766.807040
1145.676424
1363.161283
1381.605228
1240.970143
1165.657365
999.200755
519.197070
1.229596
-404.537208
-768.036637
-1302.603661
-1704.066878
-1710.983358
-1571.424169
-1490.117109
-1430.174285
-1105.714541
-653.223075
-328.148533
-46.724662
244.535979
488.457161
517.967474
449.878574
415.142477
337.985304
259.291136
131.566812
-38.578586
-147.858964
-88.992038
11.681166
4.149888
109.434078
343.057389
418.370167
316.621067
372.106603
520.580366
444.499090
235.467706
145.092372
93.449325
-80.077464
-187.974546
-212.412774
-256.985643
-322.000551
-333.681717
-324.459744
-343.825887
-246.072975
-143.862776
-172.143493
-183.363560
-87.301343
8.760874
-43.650671
-52.104146
44.572869
49.644954
-48.569057
-138.636991
-153.545848
-241.769388
-351.971963
-255.448647
408.840795
1246.964425
1756.171025
1974.270682
2576.004409
3623.313122
3958.685534
3800.836099
3699.240698
3899.511208
3367.403376
2105.683795
1325.965992
824.905469
159.386430
-1152.131805
-2068.642204
-2372.352509
-2585.994879
-2870.646440
-3165.749571
-2824.536576
-2361.439841
-2151.025161
-2134.579309
-1793.058916
-1076.204228
-821.062980
-952.476093
-942.485623
-620.792471
-526.267249
-723.002669
-634.164331
-326.150439
-142.018381
-112.046970
129.107620
518.735971
843.042016
1112.477322
1269.865658
1287.541106
1186.867902
1131.997164
888.383382
423.595952
-15.216255
-380.252679
-780.947399
-1295.072383
-1482.585831
-1493.037400
-1546.371143
-1580.492442
-1407.734151
-1013.955912
-792.935963
-509.821398
-213.181272
45.033967
163.997417
209.646182
279.425777
206.725891
187.974546
114.506163
13.525560
-74.236881
-16.906950
78.233069
63.016814
148.781162
327.687434
452.798866
434.662319
489.225658
577.756597
533.798527
387.322859
286.188557
227.936428
89.145737
-42.574775
-132.796409
-195.966922
-265.285418
-326.611537
-354.892254
-383.787769
-341.059295
-309.243489
-314.008175
-290.492144
-213.642370
-126.955826
-152.469951
-124.342934
-67.627801
-83.766253
-163.536318
-216.870061
-237.004702
-337.524205
-254.987549
435.738216
1296.148280
1817.804543
2082.014064
2773.047228
3817.281951
4129.138332
4054.901450
4037.994500
4204.143711
3593.034311
2317.020672
1529.925291
958.624075
195.659523
-1183.793911
-2148.719668
-2468.261026
-2739.694426
-3110.725133
-3396.913689
-2981.002715
-2505.148917
-2389.105759
-2335.310918
-1856.229430
-1129.691671
-956.318582
-1090.805685
-987.826989
-664.750541
-620.946170
-786.173183
-647.382492
-294.180933
-84.842150
-36.887891
223.171742
661.830250
1081.276314
1345.946934
1463.373387
1507.024059
1449.694128
1339.030454
1000.737751
540.561307
97.445513
-361.655034
-904.060736
-1451.077424
-1621.991320
-1577.879550
-1646.890647
-1775.383468
-1595.708697
-1138.913644
-837.047733
-649.841685
-280.501673
81.460760
142.786879
106.206387
216.870061
327.226336
208.723985
94.064123
11.834865
-65.014908
-41.345178
53.333743
117.119055
149.395960
339.214900
449.263776
379.023083
433.586422
628.938547
596.815341
326.765237
232.393715
258.215239
86.225446
-121.115243
-116.811656
-116.965355
-269.896405
-375.795393
-325.689340
-302.173310
-324.152345
-303.402906
-304.017704
-302.327009
-254.219051
-161.691923
-173.526789
-163.997417
-82.690356
-85.764347
-182.595062
-211.951675
-175.678582
-265.746517
-347.207277
95.754818
982.447505
1541.760156
1842.703870
2324.090851
3410.746649
4014.632169
3977.129480
4042.298087
4209.062096
4065.814118
2888.782987
2019.765748
1481.971033
784.021390
-421.444158
-1686.084031
-2118.901956
-2509.298805
-2939.042739
-3381.851134
-3243.214142
-2753.834785
-2605.053623
-2555.408669
-2238.633903
-1509.790651
-1128.000976
-1187.790100
-1129.230572
-802.772734
-616.642583
-779.717802
-755.740673
-447.419381
-195.813223
-152.008852
17.829147
474.624201
905.597731
1223.448395
1408.963748
1579.416546
1613.998944
1527.619798
1324.121598
925.271273
509.667698
10.758968
-503.519716
-1100.181358
-1489.963409
-1601.241881
-1733.269792
-1856.229430
-1828.256112
-1474.747154
-1164.888867
-920.199188
-545.633392
-151.086655
65.168608
104.361992
236.851002
330.300327
279.118377
160.462327
76.542374
-2.766592
-46.109864
-1.536995
44.726568
126.187328
264.363221
418.831266
453.413664
533.952226
687.498074
702.868029
559.466351
444.499090
419.138665
245.611876
5.840583
-106.360087
-161.845623
-309.243489
-468.783619
-483.231376
-457.563552
-467.092923
-469.091018
-445.421287
-395.468935
-327.072636
-243.921181
-192.431833
-140.788785
-61.787218
-33.045403
-86.686545
-108.204481
-93.295625
-190.741138
-304.325103
-262.211427
373.028801
1100.488757
1546.524842
1879.438061
2514.985688
3596.262002
3884.909751
3921.951342
4036.150106
4272.386309
3802.680494
2593.372457
2023.608236
1471.980562
654.145272
-739.602220
-1659.340310
-2007.316085
-2527.589051
-3016.661010
-3346.039139
-3019.427602
-2735.083440
-2714.026602
-2620.423578
-2138.575498
-1458.147603
-1309.827540
-1368.079668
-1161.353778
-790.784170
-769.727332
-936.337641
-729.765449
-365.190124
-228.090128
-222.556944
124.957732
625.557157
987.826989
1238.049852
1467.523275
1677.015758
1655.651521
1588.638518
1359.933592
1023.638983
614.337090
89.145737
-461.252341
-1022.716786
-1288.002204
-1473.517558
-1708.216766
-1839.937278
-1717.592438
-1438.781460
-1264.332474
-1009.959724
-598.506036
-292.797637
-199.655712
-99.443607
102.824997
210.107281
120.193046
64.400110
49.183855
9.683071
-11.373766
31.508407
137.868494
241.923087
377.793487
458.178350
510.128797
651.224981
765.116345
686.268478
530.263437
487.534963
450.032274
232.547415
55.331837
18.443946
-72.238787
-273.277795
-397.467029
-371.952904
-393.624540
-481.848080
-517.198976
-511.050994
-486.305367
-460.176444
-430.358732
-385.017365
-303.402906
-233.469612
-228.704926
-254.219051
-158.003134
-130.183516
-242.384186
-277.427682
33.660201
843.964213
1360.548391
1748.024949
2155.175049
3058.620986
3813.285762
3833.574103
3980.818269
4132.212323
4192.001446
3224.462798
2310.872690
1889.121133
1252.497609
167.071408
-1152.131805
-1641.203763
-2060.496128
-2637.176828
-3133.780065
-3134.241163
-2764.132654
-2738.464830
-2756.908775
-2483.016183
-1845.624161
-1452.307020
-1494.420696
-1428.944689
-1082.813309
-839.968025
-974.916227
-946.635510
-581.752786
-285.112660
-281.423871
-148.781162
363.653128
813.685402
1097.414766
1293.535388
1574.037061
1713.442551
1647.351745
1511.788745
1230.825973
923.273179
446.343485
-91.143831
-695.183051
-1153.668800
-1423.718904
-1696.381901
-1865.605102
-1818.265642
-1446.159038
-1238.357251
-1028.864768
-655.989667
-154.621744
45.802465
4.149888
213.027572
286.957054
146.936767
-137.099996
-119.578248
-167.378807
-372.414003
-391.472746
-297.254924
-117.119055
2.459193
273.277795
455.104359
626.479354
888.998180
963.081362
872.552329
812.148407
855.952778
598.813435
201.807505
61.940917
-5.379484
-292.490238
-558.236755
-513.817586
-484.153573
-602.502224
-636.469824
-490.916353
-410.377791
-373.797298
-299.406718
-220.251451
-173.526789
-119.885647
-98.982508
-171.221295
-186.591250
-149.088561
-262.057728
-445.113888
-438.504808
-105.437889
628.784847
1194.399180
1678.706453
2090.160140
2985.921101
3840.183183
3946.696969
4058.743939
4198.456827
4286.680367
3272.724455
2306.415403
1906.335482
1273.708146
101.134302
-1255.571600
-1669.484480
-2070.640298
-2657.157769
-3117.334213
-3029.264373
-2641.634115
-2638.099026
-2651.009788
-2348.529079
-1694.691206
-1354.400409
-1470.904665
-1443.699845
-1082.659609
-899.603449
-1132.611962
-1113.245819
-681.964890
-414.835077
-495.219941
-310.934184
346.131380
828.440559
1053.149296
1289.539200
1667.486386
1801.666091
1687.313628
1582.797936
1368.079668
1032.246158
476.468596
-93.910423
-663.520945
-1078.048623
-1321.201306
-1572.807465
-1710.368560
-1690.541318
-1498.109485
-1310.903437
-1051.304902
-661.830250
-355.353353
-238.080598
-193.200331
-54.717039
44.265470
-33.506501
-165.995511
-211.797976
-242.998984
-329.531829
-317.389565
-131.259413
81.460760
192.892932
328.148533
544.864894
750.514888
884.848292
922.658381
894.070265
802.926434
695.644150
503.212317
269.281606
137.868494
25.514125
-179.674771
-395.007836
-402.231715
-346.131380
-415.142477
-478.620390
-418.523867
-362.577231
-390.396850
-370.415908
-265.439118
-187.974546
-220.251451
-231.932617
-230.856720
-224.708738
-227.475330
-290.799543
-387.630258
-448.956377
-233.623312
483.846174
1135.532254
1576.035155
1948.449158
2793.642967
3698.318501
3801.911996
3918.723652
4128.677233
4279.149089
3375.395753
2364.052733
2029.141420
1460.914195
377.639787
-981.525307
-1462.451190
-1840.244677
-2482.401384
-2986.228500
-2963.788366
-2589.222570
-2626.417860
-2723.402274
-2440.287709
-1799.360597
-1468.138073
-1599.397487
-1551.135829
-1170.422051
-1004.272840
-1232.516668
-1197.012072
-746.365000
-475.546399
-562.079244
-382.097074
254.680149
739.909620
964.003559
1224.985390
1625.372710
1779.994454
1663.490198
1572.500066
1409.578546
1116.319810
593.280252
42.267375
-502.290120
-940.180129
-1239.433147
-1564.507689
-1722.510824
-1680.704547
-1448.464531
-1321.816105
-1061.141673
-580.984288
-208.416586
-127.570624
-91.143831
177.369277
189.511542
3.842489
-147.397866
-126.648427
-290.492144
-527.496845
-467.400323
-324.767143
-198.272416
-100.519504
157.080937
382.865572
612.185296
858.411970
962.466564
966.616451
971.534837
923.734278
645.999196
409.148194
325.535641
130.798315
-217.792258
-392.087545
-354.892254
-449.263776
-597.122740
-546.248190
-412.222185
-439.273305
-454.335861
-317.235865
-197.811317
-162.767820
-167.378807
-122.344839
-135.870400
-155.390242
-190.587438
-284.344162
-400.387320
-471.550210
-445.574987
75.927576
842.119818
1385.447717
1697.918896
2304.417309
3462.389696
3829.270515
3848.021860
4033.998312
4375.057607
3857.858631
2611.509004
2179.305878
1770.465082
851.649190
-588.515566
-1337.186059
-1608.926859
-2242.015293
-2803.787137
-2970.858545
-2615.658892
-2527.896450
-2662.690953
-2530.663042
-1978.420570
-1489.194911
-1560.511501
-1645.661050
-1341.950745
-1073.745036
-1262.795479
-1365.927875
-959.699972
-602.194825
-648.765788
-573.606710
39.808183
601.887426
866.250647
1132.458263
1540.684260
1787.525732
1699.916990
1644.738853
1514.862736
1247.271824
782.945493
234.699208
-310.626785
-810.918810
-1104.638645
-1434.324173
-1739.417774
-1819.956337
-1633.057687
-1409.578546
-1215.917117
-759.583162
-280.501673
-108.511880
-73.775783
150.932955
361.193936
195.352124
-37.810089
-90.529033
-202.422303
-463.865233
-540.407607
-387.169159
-289.108848
-242.998984
-47.646860
230.395621
475.853798
764.347847
962.159165
992.437975
994.128670
1023.638983
880.391006
596.815341
467.707722
327.841134
-29.356613
-335.218712
-336.909407
-340.290797
-521.656263
-582.828682
-461.867139
-438.351108
-495.834739
-368.110415
-195.659523
-181.211766
-185.976452
-113.891364
-73.314684
-120.346745
-108.972979
-147.551565
-233.008513
-322.922748
-387.937657
-493.682945
-207.340689
705.327221
1300.759267
1557.591210
1902.031895
3103.501254
3792.228924
3665.580498
3814.976457
4155.113555
4064.430822
2772.278730
2101.533907
1858.073824
1164.120369
-146.936767
-1266.791667
-1499.185382
-1948.910257
-2535.581428
-2922.289488
-2697.273351
-2388.337262
-2538.655419
-2619.193981
-2196.520227
-1545.295246
-1467.062177
-1723.740420
-1566.659483
-1166.118463
-1202.237857
-1431.403882
-1147.828217
-657.987761
-567.612427
-628.631147
-158.156834
522.732160
881.774301
1101.872053
1395.745587
1721.742326
1721.127528
1615.843338
1480.587737
1245.734829
883.464996
295.103130
-245.150778
-699.640338
-971.842236
-1272.324850
-1596.169796
-1693.154210
-1492.576301
-1246.964425
-1144.446827
-881.620602
-349.820169
-41.191479
-176.293380
-136.331498
169.223201
201.961205
-242.230486
-360.271738
-212.259074
-390.704249
-658.141460
-499.369828
-127.416925
-114.506163
-21.210537
329.685528
634.625430
800.006142
1008.576428
1085.272502
997.510060
998.739657
930.497058
578.525095
323.844946
369.493711
122.344839
-360.271738
-410.070392
-196.120622
-378.561984
-640.004914
-431.895727
-228.858626
-409.916692
-452.184067
-158.617933
-64.092711
-228.858626
-190.280039
-90.682733
-129.876117
-182.748761
-144.938673
-231.778917
-331.068824
-317.235865
-372.106603
-453.259964
156.773538
1086.655798
1448.925630
1628.446701
2316.713273
3508.806960
3639.912673
3565.675792
3870.615693
4101.933512
3469.767275
2289.508453
1999.016309
1547.447040
653.223075
-618.333278
-1336.571261
-1584.642330
-2101.687606
-2587.531875
-2806.246330
-2461.651946
-2307.644999
-2539.577616
-2493.006653
-1912.944563
-1456.918007
-1659.186610
-1804.432682
-1445.697940
-1201.469359
-1418.646819
-1438.627760
-969.229344
-626.018255
-628.323748
-459.100547
164.304816
705.480921
996.587863
1233.746264
1518.397825
1726.045913
1641.664862
1498.416884
1276.167339
1046.386516
601.426328
-17.214349
-495.066241
-825.059169
-1020.257593
-1341.950745
-1515.477534
-1481.817333
-1313.977428
-1100.335057
-933.417349
-587.285969
-296.332727
-184.900555
-238.695397
-174.448986
19.827242
-113.737665
-365.343823
-448.648978
-359.042142
-451.722969
-504.441913
-228.704926
35.043497
130.798315
276.351786
622.636865
866.558046
990.747280
1078.970820
1067.135955
957.240779
860.717463
711.936302
441.117700
273.738893
167.071408
-99.597306
-360.886536
-323.076448
-233.623312
-388.091356
-454.796960
-299.867816
-236.082504
-355.507052
-294.949431
-104.823091
-141.096184
-253.296854
-196.735420
-104.054593
-176.908179
-218.407056
-188.281945
-240.078692
-286.803355
-326.611537
-330.915125
-330.761425
369.493711
1173.803441
1546.217443
1771.079881
2458.116856
3570.901577
3612.093055
3589.806621
3765.638903
3974.209188
3225.999793
2067.105208
1785.681338
1344.871037
446.650884
-864.406253
-1428.483590
-1626.448607
-2134.579309
-2619.808780
-2714.334001
-2316.405874
-2264.148028
-2516.983783
-2424.149256
-1828.870910
-1463.834486
-1715.594344
-1833.328197
-1479.204441
-1262.641779
-1496.265091
-1449.079330
-923.580578
-554.855365
-576.680701
-385.785863
315.237771
855.952778
1098.951761
1272.632250
1582.951635
1744.028760
1548.061838
1374.996148
1173.957140
938.489434
414.066580
-192.431833
-611.416798
-901.294144
-1123.389989
-1426.485496
-1529.771592
-1438.935160
-1267.099066
-1114.782815
-882.850198
-528.265343
-256.217145
-130.644615
-101.441701
1.383296
51.335649
-37.656389
-217.177460
-287.571853
-260.981831
-342.749990
-375.180594
-222.249545
57.329931
182.287663
289.723646
572.069714
838.123630
940.026430
952.322394
1016.722504
1001.198849
842.734616
656.604465
495.373640
330.915125
136.177799
-79.923764
-250.069163
-316.159968
-336.755708
-414.527678
-466.324426
-371.030707
-294.027234
-339.983398
-349.205371
-202.576003
-110.356275
-201.346407
-189.357842
-63.170514
-55.639236
-145.092372
-130.952014
-61.326119
-110.356275
-219.175554
-226.245733
-257.754140
-33.813900
770.188430
1333.804669
1643.662956
1862.838510
2865.113257
3537.087676
3366.020080
3471.150571
3667.271193
3652.054938
2426.454749
1727.582909
1533.460381
918.508493
-203.959299
-1259.260389
-1414.496932
-1768.005890
-2297.193430
-2615.505192
-2411.699593
-2082.628863
-2271.218207
-2431.987933
-2073.714289
-1503.950068
-1498.263185
-1844.240865
-1695.767103
-1291.383594
-1356.244803
-1605.238069
-1234.207363
-653.991573
-510.743595
-578.832494
-68.857397
657.372963
945.252214
1070.978444
1305.062854
1626.602306
1497.955786
1236.359156
1088.961291
921.275085
578.525095
-34.274999
-472.779807
-753.127781
-943.715219
-1138.606245
-1291.690993
-1215.763417
-1119.240102
-969.229344
-780.486300
-494.912542
-253.757952
-208.877684
-246.226674
-250.222863
-175.217484
-238.234298
-381.328576
-449.571175
-367.803016
-368.725213
-345.055483
-110.817373
204.420398
377.793487
459.869045
732.070943
957.701878
1032.399858
1025.175979
1019.796495
925.732372
720.850876
556.084961
392.548643
240.539791
100.212105
-69.011097
-223.786541
-254.372750
-193.354030
-221.173648
-276.812884
-216.716361
-181.672865
-262.211427
-276.505485
-201.961205
-189.818941
-289.569947
-295.103130
-203.037102
-199.655712
-197.042819
-151.086655
-79.155267
-97.138114
-93.910423
-88.992038
-122.344839
-189.204142
16.292152
806.768922
1322.123504
1645.507351
1797.055104
2691.893867
3385.078824
3239.679053
3255.510106
3396.145192
3509.114359
2348.221680
1555.746815
1394.054892
945.559613
-148.781162
-1256.186398
-1344.102539
-1588.945917
-2148.565968
-2517.444881
-2275.829193
-1944.145571
-2179.613277
-2374.196903
-2046.202070
-1519.627422
-1525.468004
-1853.923937
-1735.728985
-1327.656687
-1345.639534
-1590.175514
-1250.960613
-642.464107
-448.495278
-550.551778
-83.305155
659.678456
944.330017
1010.728221
1205.772947
1533.614080
1382.220027
1099.720259
968.768245
807.537420
474.316802
-85.303249
-455.565457
-716.239889
-887.614884
-1059.758377
-1207.463642
-1178.414427
-1100.027658
-1009.806024
-908.364323
-557.468257
-269.127907
-229.012325
-308.321291
-143.401677
132.027911
31.201008
-79.155267
-54.102241
61.479819
-106.052687
-161.230825
119.731947
281.116472
258.061540
264.055822
525.345052
661.369151
685.346280
768.190336
797.393250
740.831817
633.856932
556.084961
446.343485
384.402567
316.467367
78.540469
-136.331498
-127.109525
-126.187328
-306.630596
-383.941469
-288.647749
-315.391471
-483.385075
-411.914786
-234.699208
-254.526450
-332.759519
-219.482953
-94.525221
-80.384863
-45.341366
73.622083
96.369616
68.857397
37.041591
29.049214
-34.274999
-122.344839
-241.461988
-102.671297
727.921055
1235.898058
1488.887512
1623.220916
2683.747791
3337.278265
3040.791839
3092.895985
3364.021986
3388.460214
2053.118550
1371.461058
1287.848505
724.847064
-415.603575
-1345.178436
-1329.808481
-1596.323496
-2113.061373
-2357.443653
-2066.797809
-1719.744232
-1945.836266
-2149.488166
-1831.483803
-1335.187965
-1453.382917
-1859.149721
-1708.677865
-1314.745925
-1439.088859
-1694.076408
-1231.440771
-632.166237
-483.999874
-520.272967
49.798653
718.084284
909.286520
1005.502437
1187.482701
1423.104106
1215.148619
923.887977
732.685741
536.565119
255.756046
-246.841473
-583.443481
-737.604126
-804.617129
-896.375758
-968.768245
-807.691120
-695.797850
-626.479354
-499.523528
-291.260642
-136.792597
-218.560756
-289.416247
-330.300327
-294.795731
-329.992928
-408.379697
-381.021177
-263.441024
-170.760197
-104.361992
145.399772
463.096735
608.035408
612.031596
763.733049
898.527552
869.478338
782.791793
740.370718
657.372963
444.037991
319.848757
241.461988
159.540130
104.823091
29.049214
-55.024438
-98.367710
-46.263564
-70.548092
-162.767820
-162.921520
-158.310533
-278.349880
-362.423532
-286.957054
-236.236204
-328.455932
-311.241583
-178.598874
-93.295625
-54.870738
23.054932
140.020287
146.321969
98.982508
69.779594
33.506501
-93.910423
-239.002796
-293.719834
448.034180
1044.542122
1339.337853
1427.868792
2195.290631
3219.544412
2984.537805
2967.477155
3156.834997
3424.118509
2384.648473
1296.301980
1255.878999
861.178562
-90.375334
-1217.146713
-1359.472494
-1377.762740
-1880.052860
-2206.971796
-2042.513281
-1580.492442
-1667.486386
-2033.906106
-1911.253868
-1399.741775
-1355.476305
-1852.079542
-1930.158912
-1527.158700
-1468.291773
-1836.863287
-1539.762062
-847.653002
-505.364111
-539.639110
-152.316251
633.549533
935.261744
1035.781248
1153.054002
1381.758928
1267.252765
884.233494
659.832155
457.563552
249.915464
-188.128246
-557.160858
-670.898523
-681.657491
-681.657491
-743.444709
-591.896956
-436.506714
-409.916692
-402.078015
-261.135530
-110.202575
-209.338783
-387.322859
-463.404134
-420.214562
-459.869045
-483.846174
-406.381602
-221.173648
-91.604930
1.998094
246.072975
533.798527
718.699082
718.699082
749.746391
821.524079
791.706367
698.564441
584.211978
511.665792
392.087545
243.767482
144.784973
127.416925
148.934861
86.071746
-13.832959
-34.274999
-4.918386
-59.481725
-148.473762
-169.837999
-180.135869
-298.945619
-365.651222
-317.389565
-257.446741
-280.194274
-256.217145
-158.310533
-84.995850
-4.457287
66.090805
143.401677
151.701453
138.483292
46.263564
-6.609081
-138.022193
-237.465800
-409.455593
183.056161
964.464658
1311.979334
1452.460720
1950.139853
3138.544751
3106.421545
2927.054174
3026.958880
3286.557415
2587.685574
1257.723394
1034.705351
812.302106
77.310872
-1036.242346
-1415.880227
-1270.173057
-1606.313966
-1977.498372
-1942.915974
-1486.120920
-1415.880227
-1870.062389
-1993.329426
-1605.699168
-1440.625855
-1910.331670
-2168.546909
-1845.009363
-1594.786500
-1841.781672
-1656.112619
-914.512305
-363.499429
-258.522638
-39.193384
675.663209
1079.739318
1155.820594
1140.758038
1225.139090
1178.721826
762.503453
432.971624
236.082504
137.253696
-126.648427
-489.533057
-576.373301
-530.263437
-476.775995
-485.997968
-413.759181
-288.494050
-312.317480
-367.803016
-347.668375
-258.368939
-245.765576
-395.315235
-535.642921
-490.301555
-380.867478
-339.983398
-293.258736
-73.468383
140.327686
162.306722
269.742705
517.967474
700.101437
659.832155
603.885520
638.160519
573.453010
502.136420
449.571175
408.072297
352.279362
271.279701
205.342595
136.792597
183.517259
202.883402
58.405828
-68.396298
-66.551904
-83.612554
-220.558850
-268.359409
-193.661429
-230.549321
-314.315574
-274.968490
-177.522977
-133.257507
-125.726229
-48.415357
-31.354708
-15.216255
70.701792
61.940917
60.557622
53.487442
22.286434
-93.141926
-190.587438
-219.944052
-325.228242
-512.895389
108.358181
969.075644
1367.618570
1526.851300
1957.517431
3092.127488
3073.990941
2857.428279
2870.339041
3030.032871
2457.348358
1125.080684
813.070604
637.084623
122.959638
-839.968025
-1282.315321
-1057.145485
-1233.438865
-1622.145020
-1706.064972
-1313.977428
-1234.668461
-1808.736270
-2118.287157
-1822.569229
-1669.023381
-2100.458010
-2357.751052
-2026.989627
-1638.590871
-1741.876967
-1507.946256
-768.805134
-130.183516
71.931388
139.405489
683.348186
1049.767906
1081.276314
922.812081
869.939436
861.485961
503.519716
189.050443
88.069840
136.638897
31.047309
-231.010419
-274.968490
-195.505824
-140.481386
-205.803694
-230.395621
-252.067257
-330.454026
-491.223752
-563.308840
-494.912542
-415.910974
-447.111982
-568.995723
-429.436534
-242.230486
-118.502351
-70.855491
125.572530
332.452120
268.205710
265.592817
405.766804
534.874424
477.390793
377.793487
389.167253
381.789675
382.250774
385.478464
384.248868
392.856042
383.326670
280.194274
189.818941
208.570285
238.695397
66.398204
-110.663674
-95.140020
-112.661768
-209.185084
-252.374656
-142.479480
-131.720512
-215.025666
-189.357842
-95.447419
-24.745627
-37.963788
-47.339460
-56.715133
-36.426793
-2.459193
-11.220067
-14.908856
45.341366
27.665918
-80.845962
-163.843717
-93.141926
-205.649994
-380.252679
-519.811868
97.906611
944.791116
1275.706241
1515.938633
1862.377412
2935.661349
2959.945877
2650.241290
2657.618868
2833.758549
2342.995895
991.976877
625.249757
621.099870
162.153022
-770.956928
-1157.357589
-874.550423
-1038.701539
-1483.815427
-1587.716321
-1248.040322
-1212.843126
-1770.465082
-2168.393210
-1957.978530
-1752.328536
-2086.625051
-2300.574820
-1985.029650
-1467.369576
-1505.948162
-1329.193683
-596.815341
43.958070
216.716361
178.445174
620.638771
900.218247
825.673967
668.593030
630.014443
641.234510
378.100886
160.001228
140.173987
234.238110
236.697302
79.770065
15.677354
61.172420
35.658295
-118.502351
-228.704926
-291.875440
-411.761087
-623.866461
-688.573971
-579.754691
-463.865233
-422.058956
-421.905257
-265.746517
-101.441701
7.992376
67.935200
160.923426
257.754140
168.147304
105.898988
163.536318
259.291136
254.065351
200.885308
246.072975
317.850663
353.816357
389.167253
434.354920
456.795054
438.043709
330.607726
256.063445
235.314007
219.944052
97.906611
-37.041591
-64.707509
-99.289907
-159.079031
-164.304816
-92.680827
-97.599212
-161.845623
-146.014570
-107.435983
-91.912329
-80.999661
-76.234975
-91.451230
-101.595401
-83.305155
-48.876456
-42.882174
2.151794
0.614798
-72.853585
-156.312439
-168.147304
-219.944052
-379.176783
-514.278684
-408.687096
526.420949
1200.547162
1613.998944
1717.746138
2457.194659
3234.299569
2871.876037
2662.844653
2627.032658
2679.597903
1557.283811
513.510187
438.351108
347.207277
-235.928805
-979.066115
-947.404008
-765.884843
-1026.098176
-1387.138412
-1355.168906
-1098.644362
-1371.614758
-2031.293214
-2325.474147
-2008.853080
-2026.682227
-2352.832666
-2334.235021
-1753.250733
-1362.085386
-1404.352761
-884.079795
-145.707171
342.288891
278.042481
358.581043
690.725764
729.919149
629.399645
506.440008
549.168482
497.371734
314.622973
257.446741
370.877007
539.024312
497.064335
329.531829
228.704926
160.462327
-62.094617
-287.879252
-455.565457
-597.276440
-771.418027
-946.328111
-853.647284
-679.659397
-419.446064
-260.981831
-178.752573
19.366143
133.411207
185.515353
139.098090
165.227013
156.773538
-25.360425
-86.993944
-5.533184
125.111431
180.750667
255.909746
385.324764
479.542587
534.874424
589.130364
598.044938
579.754691
491.684851
317.235865
193.968828
131.566812
114.659862
-0.307399
-72.085088
-66.551904
-109.434078
-135.409301
-126.187328
-69.625895
-98.828809
-177.215578
-187.667147
-196.735420
-183.517259
-160.001228
-141.864682
-122.498539
-110.202575
-55.024438
-9.836771
13.832959
73.468383
60.096523
13.832959
6.147982
-32.891703
-110.202575
-186.591250
-258.676338
-319.387659
-491.377452
11.681166
918.508493
1478.128544
1672.558471
1865.912501
2699.271445
2806.707429
2445.820892
2238.787602
2248.470674
1864.375506
742.368812
236.851002
252.989454
144.170175
-383.787769
-751.129686
-591.435857
-591.743256
-958.777775
-1256.032699
-1176.108934
-1216.685614
-1762.626406
-2350.527173
-2335.618317
-2105.991194
-2199.440518
-2219.575159
-1874.058577
-1279.702429
-1099.566560
-865.021051
-290.184745
219.175554
410.224091
268.666808
374.873195
484.768371
458.793148
398.235526
414.681378
547.785186
527.650545
471.703910
563.923638
744.674305
770.649529
617.257381
394.393038
188.435645
-89.145737
-399.004024
-587.593368
-792.167466
-900.833045
-982.908603
-955.550084
-795.702555
-506.440008
-147.551565
-44.572869
12.295964
93.141926
142.786879
34.428699
-36.580492
20.903138
-51.028250
-179.367371
-113.122867
128.492821
286.342256
426.362544
598.506036
681.811191
656.143366
647.228793
641.234510
506.132608
398.235526
279.886875
105.284190
-22.132735
28.588116
100.519504
18.290246
18.751345
55.331837
-0.153700
-119.885647
-124.342934
-124.957732
-280.040575
-393.009742
-419.907163
-420.675660
-397.005930
-286.803355
-169.376901
-129.261319
-48.569057
41.037779
79.462666
82.229258
147.705265
130.029817
38.424887
-13.371861
-5.225785
-75.620177
-123.113337
-111.893270
-156.005040
-286.342256
-34.736098
885.463091
1505.640763
1747.102751
1815.652749
2413.390288
2735.698238
2322.861255
2073.253190
2013.002968
1837.016986
889.305579
195.659523
212.105375
198.733514
-191.817035
-651.532380
-618.333278
-595.893144
-956.933380
-1347.945028
-1384.218121
-1364.544579
-1750.945240
-2260.459238
-2356.367756
-2040.822586
-1953.060144
-1895.115415
-1590.175514
-1059.758377
-762.196054
-679.659397
-258.368939
181.211766
365.958622
245.458177
229.780823
370.569608
363.345729
382.558173
476.314896
648.919488
683.655585
616.488883
639.543815
688.420271
660.293254
465.555928
200.731608
-115.889458
-417.909068
-716.547288
-836.586635
-919.584390
-994.128670
-968.153447
-897.605355
-642.464107
-459.561646
-180.443268
48.107958
84.534751
66.090805
-10.297870
27.358519
0.768498
-25.053026
43.189573
80.692262
130.337216
262.365127
477.083394
644.308501
675.509509
668.900429
646.767694
503.058618
411.453687
357.505146
278.810978
181.980264
90.836432
115.274660
98.982508
146.936767
200.577909
146.783067
41.191479
-82.844056
-180.135869
-335.833510
-433.279023
-450.339673
-509.513998
-568.842024
-494.758842
-341.981492
-210.107281
-79.308966
72.238787
183.517259
161.845623
199.655712
245.150778
231.625217
202.576003
173.526789
151.855152
114.813562
150.471857
185.054255
179.521071
136.024099
97.599212
-40.884080
-153.699547
210.414680
836.894034
1300.912966
1401.125071
1557.437510
1979.957565
2089.852741
1886.508241
1671.175175
1610.617554
1277.396936
548.553683
83.766253
57.791030
23.669730
-297.562323
-570.379019
-554.394266
-582.982382
-861.793360
-1063.754565
-1058.375081
-1149.826311
-1515.784933
-1877.132568
-1867.449497
-1707.601968
-1637.207575
-1537.610269
-1260.489985
-908.210624
-745.289104
-576.680701
-242.845284
64.092711
131.413113
41.345178
75.620177
152.162552
160.769726
180.289569
304.939901
438.965906
444.345391
405.766804
451.569269
494.912542
413.605481
229.319724
7.684977
-223.940240
-481.233282
-674.741012
-738.987422
-763.271951
-780.486300
-745.135404
-601.580027
-357.044048
-156.312439
9.683071
144.323875
201.961205
153.699547
59.174326
62.248317
102.210199
74.697980
68.242599
154.314345
273.431494
362.577231
469.244717
600.965229
627.401551
560.081149
488.457161
404.998306
310.934184
239.463894
195.505824
136.177799
87.608742
101.749100
106.821185
81.153361
63.170514
12.449663
-127.263225
-277.120283
-352.125662
-409.455593
-484.922071
-487.842362
-426.055144
-364.114227
-273.277795
-113.891364
59.174326
156.158740
254.833849
322.000551
322.000551
284.036763
274.968490
293.105036
225.016137
196.274322
186.130151
196.735420
193.200331
173.526789
170.760197
98.367710
-5.840583
-167.225107
-325.228242
-166.149210
355.199653
870.554235
1102.025752
1233.746264
1611.847150
1872.214183
1774.768670
1600.473383
1555.900515
1358.550296
789.554573
303.402906
232.393715
224.093940
12.142264
-214.257169
-256.678244
-302.634408
-552.242473
-786.634282
-873.320826
-989.363984
-1313.516329
-1680.858247
-1801.973490
-1715.133246
-1646.429548
-1540.530560
-1303.986957
-1002.735845
-842.888316
-730.841346
-483.538775
-237.158401
-166.610309
-212.105375
-201.500106
-147.858964
-126.187328
-43.035873
151.240354
329.224430
401.463217
425.286647
480.618484
525.498751
456.487655
307.245395
113.737665
-114.045064
-371.952904
-561.464445
-628.170049
-625.096058
-631.397739
-559.773750
-377.332388
-225.323536
-66.090805
37.195290
201.961205
203.805599
150.932955
89.145737
52.718945
64.707509
76.081276
144.477574
180.596968
255.448647
332.298421
418.677566
458.485749
483.385075
456.026556
344.440685
244.228580
169.223201
143.401677
127.878023
140.020287
179.367371
157.542036
161.691923
150.471857
140.635086
72.699886
-14.908856
-129.261319
-256.370844
-330.915125
-347.822075
-318.311762
-266.822414
-170.299098
-78.386769
13.832959
116.811656
211.644276
258.522638
247.763670
233.777011
185.822752
140.020287
119.117149
127.570624
131.259413
128.646521
149.703359
151.701453
132.027911
105.591589
71.162890
-33.506501
-132.181610
-273.124095
-368.878913
-496.449537
-300.328915
187.359748
740.217019
1112.323622
1305.677652
1649.810938
1849.312950
1863.299609
1667.178987
1479.665539
1230.211175
803.541232
410.685190
219.636653
202.114904
159.540130
42.882174
-62.709415
-144.477574
-282.192368
-540.715007
-781.562197
-1047.308714
-1316.590320
-1648.735041
-1855.153533
-1848.083354
-1758.322818
-1577.418451
-1393.132694
-1136.915550
-927.884166
-762.503453
-590.359960
-450.493372
-368.264115
-363.038330
-353.816357
-307.245395
-220.866249
-76.849774
125.418830
330.607726
458.485749
558.697854
600.350431
604.192919
504.134514
344.594384
166.764009
-44.572869
-235.006607
-387.476558
-426.362544
-429.743934
-402.846513
-361.040236
-191.817035
-33.352802
39.039685
65.629707
96.830715
135.409301
62.863115
4.918386
-23.362331
-42.421075
-43.343272
15.369955
100.212105
173.526789
255.141248
341.674093
361.808734
335.833510
339.368600
315.545170
240.693491
200.731608
207.033290
224.708738
211.951675
258.830037
304.171404
291.721740
258.368939
212.105375
130.490915
10.605269
-75.005379
-141.864682
-220.097751
-251.452459
-222.556944
-178.906273
-130.337216
-53.026344
56.100335
108.819279
129.107620
130.183516
114.813562
96.062217
68.549998
50.413451
31.354708
30.278811
40.422981
53.180043
82.229258
103.900894
110.202575
69.625895
29.202914
-8.607175
-86.225446
-107.435983
-203.651900
-257.139342
-361.655034
-232.547415
225.016137
746.518700
1204.082252
1353.017113
1583.105335
1716.362842
1712.981452
1539.608363
1332.267674
1150.133711
807.844819
460.483843
251.452459
231.471518
215.640465
137.868494
16.753251
-148.473762
-361.655034
-662.137649
-924.349076
-1191.017790
-1443.546146
-1692.232013
-1868.986492
-1850.388847
-1754.634029
-1539.762062
-1308.905343
-1063.447166
-883.311297
-774.492018
-652.761976
-549.168482
-466.631825
-428.975436
-382.404473
-309.858287
-202.422303
-30.739909
189.050443
427.131041
563.155140
626.171955
609.572404
556.699759
461.713439
310.780484
157.542036
-11.527466
-144.323875
-246.072975
-274.814790
-247.148872
-193.354030
-150.625556
-45.802465
50.106052
86.225446
46.878362
27.665918
36.887891
-31.508407
-112.815468
-153.545848
-137.253696
-99.289907
-0.461099
131.874211
235.928805
280.347974
345.055483
384.556267
353.662658
309.704587
294.180933
267.437212
212.566474
191.202237
250.222863
290.184745
318.619161
346.131380
337.985304
282.346068
214.410868
154.621744
58.713227
-49.337555
-125.726229
-174.141587
-210.260980
-188.743044
-127.109525
-80.077464
-26.590022
23.516031
68.857397
74.236881
55.639236
53.794841
12.910762
-10.605269
-37.810089
-26.282623
-5.840583
19.212443
61.326119
100.365804
127.263225
125.418830
130.798315
103.593495
63.324213
0.768498
-62.555716
-104.669392
-177.369277
-223.632841
-300.636314
-292.490238
7.992376
460.791242
950.170600
1149.672612
1299.068572
1424.487402
1457.840204
1400.663972
1202.084157
1031.477660
748.670494
493.990344
296.025328
197.196519
153.084749
104.515692
65.629707
-69.625895
-257.600441
-502.290120
-744.828005
-957.548178
-1187.790100
-1366.388973
-1532.999282
-1567.427981
-1514.401637
-1380.375632
-1217.300413
-1035.473848
-865.789549
-774.953116
-709.938208
-669.976326
-606.652112
-582.982382
-524.115455
-428.514337
-321.539452
-182.902461
-13.371861
215.947864
402.385414
517.506375
566.843930
540.715007
483.077676
382.097074
291.260642
185.515353
90.836432
0.307399
-61.633518
-62.709415
-48.415357
-16.906950
-24.130829
21.056838
62.863115
123.574436
153.238448
110.048876
33.199102
-91.758630
-125.572530
-160.308628
-133.411207
-100.826903
-37.348990
32.584304
87.762441
183.056161
228.704926
254.526450
233.469612
224.401339
207.494389
185.361654
221.942146
268.513109
329.224430
372.260303
424.671849
443.115794
406.074203
358.119945
281.270171
191.355936
63.016814
-27.665918
-103.747194
-136.331498
-138.790691
-105.745288
-53.333743
-14.447757
25.975223
36.426793
37.810089
26.897421
2.151794
-33.199102
-79.155267
-102.978697
-107.282284
-100.980602
-67.166702
-31.047309
21.671636
36.887891
64.400110
65.783406
69.011097
16.906950
-27.973318
-63.477913
-94.525221
-126.648427
-162.767820
-174.910085
-205.342595
-233.162213
-137.253696
155.236543
562.386643
926.347170
1100.027658
1214.380121
1203.467453
1191.478889
1068.826650
960.007371
784.636188
579.447292
427.438440
325.689340
291.721740
221.327348
217.177460
180.596968
54.255940
-163.997417
-434.662319
-674.126213
-926.961968
-1129.691671
-1272.017451
-1363.314982
-1351.019019
-1311.057136
-1197.319472
-1097.107367
-940.026430
-823.061074
-747.748296
-721.004575
-709.477109
-703.021728
-691.340563
-612.031596
-485.229470
-334.603914
-167.532506
6.762780
181.980264
325.535641
436.506714
491.223752
464.018933
405.305706
317.389565
239.924993
152.008852
102.824997
75.773877
81.614459
118.348651
173.373089
219.790352
239.002796
239.310195
204.420398
138.636991
56.254034
-26.743721
-114.659862
-182.748761
-205.496294
-185.822752
-145.707171
-80.999661
-4.918386
58.405828
110.971073
149.242260
178.598874
185.515353
195.044725
211.951675
221.327348
245.611876
290.031045
347.975775
389.935751
410.992589
423.442252
405.459405
361.808734
296.179027
227.936428
150.318157
86.532845
39.193384
10.912668
-8.453475
-10.912668
-0.922197
-6.762780
-18.290246
-32.738004
-55.331837
-98.521410
-140.020287
-158.771632
-165.227013
-163.843717
-154.160646
-129.876117
-106.360087
-79.462666
-42.574775
-16.292152
6.301681
4.457287
10.605269
10.144170
13.679260
9.068273
-1.536995
-8.914574
-4.149888
-8.760874
-11.527466
-25.360425
-47.339460
-100.673203
-138.022193
-49.798653
148.012664
420.829360
638.160519
818.296389
887.922283
887.614884
825.366568
775.414215
708.554912
598.813435
475.392699
373.336200
306.015798
246.380374
210.875779
189.972640
140.327686
37.656389
-89.145737
-231.010419
-404.076109
-614.183390
-793.397062
-916.510399
-967.231250
-983.830801
-950.631699
-912.975309
-873.474526
-837.508832
-790.937869
-737.757826
-701.331033
-686.268478
-688.573971
-687.651774
-655.682268
-592.050655
-495.219941
-372.721402
-233.008513
-99.443607
8.146076
92.219728
151.547753
174.295286
173.065690
163.075219
158.156834
158.310533
161.230825
173.834188
188.435645
213.181272
273.892593
362.116133
457.102453
531.800433
568.995723
544.403796
432.817924
277.427682
106.052687
-30.586210
-119.424548
-128.646521
-88.684639
-24.591928
38.117488
95.601118
133.718606
137.561095
138.636991
127.724324
123.267037
108.050782
103.286096
108.050782
120.039346
142.633180
177.984075
219.021855
246.841473
246.226674
206.879590
150.318157
97.906611
52.872644
12.295964
-16.906950
-3.227690
40.884080
74.697980
97.445513
102.210199
103.900894
102.363898
103.747194
88.530939
29.049214
-50.106052
-114.506163
-143.862776
-145.399772
-110.663674
-57.483631
-3.073991
30.125111
77.618271
114.352463
102.978697
57.637330
-6.455381
-22.440134
-28.588116
-37.656389
-9.990471
20.903138
43.035873
19.519842
-6.455381
-12.295964
-17.829147
-21.364237
-36.734192
-65.783406
-123.881835
-166.610309
-179.982170
-136.946296
-63.324213
41.652577
151.855152
248.378468
304.478803
322.000551
305.554700
274.507391
229.166025
195.352124
182.287663
179.521071
172.604591
156.158740
147.858964
122.344839
72.085088
17.982847
-21.671636
-59.481725
-114.813562
-189.972640
-262.211427
-342.288891
-406.996401
-457.409852
-473.855704
-482.309179
-477.698192
-472.318708
-461.098641
-445.882386
-437.121512
-428.975436
-435.891915
-433.432723
-422.673754
-391.626446
-346.438779
-288.186651
-229.934522
-173.526789
-124.035534
-80.538563
-48.261658
-27.204820
-6.762780
10.605269
29.510313
51.181949
86.840244
132.489010
175.832282
214.410868
250.530262
299.099319
347.360976
379.791581
382.865572
349.205371
300.482614
228.397527
158.310533
97.445513
67.627801
67.166702
82.382957
119.578248
167.686206
213.949769
232.547415
221.788446
187.052349
135.409301
86.532845
55.639236
62.709415
96.830715
134.487104
156.927238
163.382619
168.608403
167.839905
143.401677
102.210199
71.162890
55.024438
45.495066
35.043497
27.051120
27.665918
32.430604
33.506501
31.662107
18.751345
-0.614798
-12.603363
-9.068273
5.379484
6.609081
-15.369955
-32.276905
-42.728474
-64.246411
-95.601118
-115.120961
-114.506163
-107.128584
-92.066029
-66.705603
-52.565245
-60.557622
-72.853585
-86.379145
-110.356275
-135.870400
-138.483292
-102.978697
-54.409640
-18.905044
-1.383296
7.377578
9.221973
3.535090
-2.151794
-3.227690
1.383296
10.297870
22.593833
37.502689
47.185761
40.576680
19.673542
-1.998094
-11.681166
-21.210537
-34.121299
-45.033967
-48.107958
-51.796747
-68.549998
-88.377240
-97.752912
-92.680827
-86.532845
-76.081276
-57.791030
-33.045403
-10.912668
1.998094
7.684977
0.614798
-14.601457
-27.665918
-30.586210
-18.443946
3.842489
25.821524
40.730380
54.255940
64.092711
62.709415
54.102241
48.415357
46.878362
40.269281
32.584304
23.362331
7.223879
-11.681166
-31.047309
-49.952353
-60.865021
-63.785312
-61.018720
-56.254034
-48.107958
-40.269281
-44.111770
-52.104146
-55.946635
-74.236881
-97.906611
-106.974885
-106.360087
-100.826903
-79.155267
-51.489348
-40.422981
-36.580492
-27.665918
-24.130829
-36.273093
-28.280717
-7.838677
0.307399
26.743721
57.483631
30.586210
-5.840583
24.899327
75.312778
66.090805
40.269281
71.777688
102.056499
89.453136
79.923764
84.842150
91.297531
99.904706
108.050782
111.278472
95.601118
91.451230
112.815468
93.449325
48.569057
49.952353
84.381051
115.274660
85.764347
52.257846
52.257846
25.514125
12.910762
44.726568
32.123205
5.994282
7.531278
27.358519
14.140358
-37.502689
-56.561433
-37.963788
-56.561433
-15.216255
48.107958
26.436322
-14.601457
-25.975223
-16.445852
-15.523654
-58.713227
-41.191479
5.840583
19.980941
31.508407
-5.686883
-40.269281
-9.375672
1.998094
-27.973318
-31.354708
10.297870
59.174326
41.959976
18.290246
2.920291
-29.356613
-38.271187
-15.523654
-13.525560
-37.810089
-35.965694
2.459193
-1.536995
-31.815806
-45.956165
-53.180043
-41.037779
-25.667824
-18.905044
-12.449663
-19.673542
-10.297870
-19.212443
-66.705603
-100.058405
-100.058405
-59.328025
-5.533184
-11.373766
-9.990471
-9.221973
-29.510313
-29.202914
-26.282623
-39.961882
-34.889797
-2.151794
23.054932
16.906950
13.218161
8.607175
-30.893609
-72.853585
-60.403922
-6.916480
39.193384
65.476007
54.102241
13.371861
-7.531278
-64.553810
-92.680827
-28.895515
6.455381
-11.834865
-9.529372
-45.341366
-91.297531
-79.308966
-52.718945
-55.485536
-70.701792
-23.362331
35.811994
37.810089
-48.876456
-90.990132
-51.796747
1.075897
32.584304
81.921859
66.551904
36.426793
51.643048
70.855491
66.859303
36.426793
92.988226
157.695735
146.168269
131.105714
124.342934
42.267375
43.650671
67.781500
45.495066
63.477913
82.844056
21.517937
3.996188
16.599551
-7.838677
-27.204820
-34.274999
24.130829
35.658295
-47.493160
-94.064123
-103.286096
-136.638897
-144.016476
-69.011097
3.842489
31.815806
45.187667
-0.768498
-45.187667
-13.986659
17.521748
7.531278
25.821524
29.817712
26.282623
29.817712
52.565245
58.866927
90.529033
130.644615
124.189234
79.462666
19.519842
-41.037779
-39.500784
-18.443946
-12.295964
63.170514
79.155267
60.403922
14.294058
-44.111770
-22.593833
-8.453475
-84.842150
-64.861209
-28.588116
-89.606836
-13.679260
76.849774
-55.639236
-91.758630
-15.831053
14.294058
16.906950
-61.479819
-105.284190
-66.398204
-2.305493
-16.906950
-34.889797
16.906950
-4.303587
-24.591928
33.352802
18.597645
-33.967600
-41.498878
-39.193384
-25.206726
-1.998094
-13.679260
-45.648765
-33.199102
3.996188
16.292152
-0.153700
-38.117488
-51.181949
-45.187667
18.597645
59.020626
12.142264
-63.785312
-74.390581
-44.111770
-42.267375
7.377578
43.804371
35.504595
7.070179
-36.426793
-55.024438
-67.013003
-54.102241
-5.225785
21.671636
42.267375
42.113676
0.614798
-2.459193
-1.844395
1.383296
13.371861
52.718945
88.838338
114.967261
87.301343
-4.149888
-21.056838
-12.449663
-1.075897
114.659862
108.819279
35.658295
61.479819
3.227690
-2.151794
-0.461099
14.140358
-12.757062
-25.667824
-40.730380
-35.504595
-23.669730
-92.527127
-32.430604
5.533184
-10.605269
-10.144170
-6.609081
-99.136208
-130.029817
-44.111770
3.535090
-0.461099
58.405828
86.071746
27.358519
53.180043
54.102241
26.436322
37.041591
157.542036
163.075219
2.305493
-12.449663
57.637330
-0.307399
-22.286434
31.969506
69.318496
45.033967
-15.523654
40.422981
89.453136
127.570624
69.625895
-16.292152
-50.874550
-88.377240
-84.227352
-67.474101
-8.607175
31.662107
20.903138
-4.457287
-25.667824
-67.474101
-71.009191
-64.707509
-43.804371
10.912668
19.519842
-16.906950
-77.618271
-72.853585
-54.717039
-39.500784
-37.348990
-36.426793
28.434416
-19.366143
-82.075558
-82.844056
-93.603024
-64.861209
-52.104146
-28.588116
1.229596
41.652577
-5.840583
-73.160984
-117.426454
-90.682733
-15.369955
-17.214349
-11.220067
-25.821524
-44.265470
-47.493160
43.189573
41.191479
36.119394
60.557622
23.054932
62.248317
71.931388
36.273093
63.170514
20.903138
2.766592
31.662107
56.407734
86.225446
75.466478
97.138114
63.016814
56.561433
37.502689
35.043497
59.635424
55.639236
52.872644
27.819618
18.290246
12.910762
24.745627
39.500784
62.863115
73.468383
52.565245
24.284528
5.994282
-19.366143
-55.946635
-42.421075
-17.368049
-51.489348
-28.280717
7.992376
-15.677354
-41.345178
-58.098429
-62.402016
-40.576680
-26.436322
-46.724662
-34.889797
-50.874550
-88.684639
-77.618271
-70.701792
-66.705603
-45.187667
-9.068273
8.299776
4.918386
26.590022
9.221973
-21.825336
-15.984753
-0.461099
-16.292152
34.889797
50.567151
41.806277
28.741815
19.366143
21.825336
28.741815
48.876456
24.438228
37.502689
14.294058
-8.299776
-23.823430
-50.720851
-14.140358
7.223879
21.210537
31.354708
33.506501
-2.920291
-8.914574
-12.757062
-28.741815
-3.996188
-17.675448
-26.897421
14.601457
30.586210
40.422981
35.658295
45.495066
42.728474
25.667824
20.442040
20.595739
6.147982
-14.601457
-29.817712
-39.347084
-15.831053
-25.821524
-3.381390
24.591928
-1.998094
-45.341366
5.072085
12.295964
-69.933294
-71.777688
-29.356613
-15.369955
-60.865021
-56.868832
-12.142264
10.144170
2.459193
-14.294058
-18.290246
-18.597645
-22.901233
-53.641142
-45.341366
-29.510313
-12.449663
-2.920291
20.903138
41.345178
20.134641
-17.368049
-26.282623
-7.223879
-2.459193
4.457287
19.212443
27.358519
24.284528
17.829147
8.453475
3.227690
12.757062
28.434416
31.662107
40.576680
56.100335
51.643048
50.413451
67.781500
71.009191
67.013003
68.396298
45.648765
33.045403
23.823430
9.683071
10.605269
19.366143
20.288340
19.058744
9.221973
10.912668
13.218161
-15.523654
-35.504595
-33.045403
-43.958070
-59.635424
-61.172420
-61.940917
-62.402016
-64.246411
-48.261658
-32.584304
-27.358519
-19.673542
-12.603363
-11.220067
-15.523654
-16.445852
-8.607175
1.383296
10.144170
24.591928
36.734192
42.267375
43.804371
37.810089
33.967600
27.973318
25.514125
19.673542
12.603363
8.453475
-2.305493
-5.686883
-11.988565
-12.603363
-13.064461
-17.368049
-27.512219
-32.738004
-26.590022
-33.967600
-34.736098
-35.811994
-35.504595
-23.669730
-14.447757
-17.521748
-13.064461
0.922197
4.149888
1.998094
7.684977
17.368049
22.747533
27.204820
25.821524
25.360425
23.362331
17.060650
11.988565
10.144170
15.831053
13.525560
2.459193
1.536995
1.229596
-3.535090
-9.836771
0.922197
3.073991
-5.840583
-4.149888
-9.068273
-16.292152
-23.977129
-25.667824
-25.360425
-30.125111
-39.193384
-40.115582
-35.197196
-34.121299
-33.967600
-35.043497
-38.885985
-43.035873
-50.259752
-53.026344
-47.800559
-37.656389
-25.821524
-9.068273
11.988565
21.979035
29.356613
35.043497
38.732286
47.339460
53.026344
52.104146
49.798653
50.720851
50.567151
51.181949
59.635424
67.781500
67.781500
73.007285
79.308966
73.160984
58.559527
45.033967
37.810089
36.273093
35.965694
23.977129
14.908856
12.603363
7.684977
1.690695
-6.762780
-10.144170
-16.292152
-28.280717
-32.738004
-35.811994
-43.958070
-52.257846
-52.565245
-51.796747
-44.265470
-35.504595
-35.197196
-25.053026
-10.758968
-1.690695
3.381390
8.453475
13.525560
14.601457
11.834865
15.369955
20.134641
15.216255
5.840583
0.307399
-1.229596
-2.151794
-3.996188
-7.377578
-13.986659
-24.284528
-31.047309
-31.508407
-32.584304
-37.041591
-43.804371
-48.569057
-47.800559
-50.413451
-51.489348
-45.341366
-41.498878
-43.189573
-38.117488
-25.206726
-14.908856
-10.605269
-9.068273
-3.073991
3.688789
4.918386
6.762780
14.447757
22.440134
25.821524
25.360425
26.128923
30.278811
30.739909
28.280717
28.588116
30.125111
30.739909
32.584304
34.582398
36.734192
39.193384
40.576680
38.732286
34.582398
27.973318
20.442040
14.447757
8.760874
2.459193
-2.305493
-7.223879
-14.140358
-18.290246
-20.134641
-22.747533
-26.743721
-30.586210
-32.430604
-33.352802
-36.273093
-38.732286
-38.117488
-33.045403
-21.979035
-8.760874
-0.768498
3.688789
7.992376
9.529372
10.451569
15.062556
19.827242
22.440134
25.360425
30.125111
34.121299
33.813900
30.125111
29.510313
30.739909
31.354708
27.358519
20.903138
19.366143
17.675448
12.449663
9.836771
12.142264
9.221973
-0.614798
-7.531278
-9.375672
-10.451569
-11.834865
-11.066367
-6.609081
-2.766592
-4.303587
-8.299776
-11.220067
-9.068273
-1.383296
5.994282
11.988565
14.140358
10.451569
3.535090
-0.614798
-1.844395
-1.536995
1.383296
5.840583
9.068273
7.223879
3.535090
1.229596
-1.690695
-6.455381
-6.609081
-5.686883
-10.912668
-21.364237
-30.125111
-36.119394
-41.498878
-44.265470
-43.650671
-41.652577
-40.422981
-38.578586
-36.119394
-32.276905
-27.512219
-23.054932
-18.597645
-13.832959
-10.451569
-7.377578
-5.533184
-1.383296
5.072085
11.220067
16.599551
21.364237
26.128923
28.895515
30.278811
30.432510
29.510313
27.358519
24.130829
17.829147
12.295964
8.146076
5.686883
7.070179
11.527466
13.679260
10.758968
6.609081
3.688789
0.153700
-4.149888
-4.764686
-3.073991
-3.227690
-5.686883
-6.147982
-5.686883
-7.838677
-13.218161
-16.445852
-16.445852
-17.214349
-19.519842
-18.905044
-15.216255
-11.681166
-10.451569
-9.221973
-7.531278
-6.147982
-6.301681
-4.457287
0.153700
4.918386
7.838677
8.760874
9.529372
10.451569
9.990471
9.529372
10.912668
13.986659
16.445852
16.138452
16.906950
18.136547
16.906950
15.062556
13.832959
13.679260
13.371861
12.757062
12.603363
14.294058
12.910762
9.836771
9.529372
9.990471
10.144170
10.144170
10.144170
10.451569
7.992376
3.842489
1.383296
0.768498
0.153700
-1.383296
-0.768498
-1.075897
-3.842489
-6.916480
-9.529372
-10.144170
-10.144170
-8.914574
-6.762780
-3.381390
-2.612892
-4.610986
-5.994282
-7.531278
-10.912668
-13.218161
-13.218161
-11.373766
-9.529372
-8.146076
-5.994282
-4.457287
-4.457287
-4.918386
-4.610986
-3.535090
-4.610986
-5.686883
-5.533184
-5.686883
-5.840583
-5.533184
-4.149888
-2.920291
-2.612892
-2.612892
-1.844395
-1.383296
-1.383296
-1.998094
-1.690695
-1.075897
-1.536995
-2.305493
-3.227690
-4.918386
-6.147982
-5.840583
-5.533184
-3.996188
-2.459193
-1.998094
-1.844395
-1.229596
0.461099
2.151794
3.688789
5.072085
5.840583
6.762780
6.609081
7.223879
7.992376
8.760874
9.683071
10.144170
10.451569
8.914574
6.147982
4.918386
2.766592
0.922197
0.922197
0.768498
0.000000
-1.536995
-3.381390
-4.764686
-5.686883
-5.840583
-5.072085
-3.227690
-2.151794
-2.612892
-2.151794
-1.536995
-0.768498
0.307399
1.229596
2.766592
3.227690
3.996188
4.918386
6.455381
7.377578
7.684977
6.762780
5.072085
4.610986
5.225785
7.070179
7.838677
7.684977
7.070179
5.994282
5.225785
5.379484
4.764686
4.457287
4.764686
3.842489
3.073991
2.305493
0.922197
0.153700
-1.844395
-2.151794
-2.305493
-2.151794
-2.920291
-4.610986
-5.840583
-7.377578
-8.607175
-9.683071
-9.683071
-9.068273
-8.146076
-8.146076
-6.762780
-6.455381
-6.916480
-6.762780
-5.533184
-3.227690
-1.998094
-0.307399
1.075897
1.690695
1.536995
2.151794
2.766592
3.688789
4.610986
5.686883
6.147982
5.686883
4.918386
3.996188
2.305493
1.229596
1.229596
0.153700
-1.844395
-3.996188
-6.147982
-8.760874
-9.990471
-10.758968
-10.912668
-9.683071
-9.375672
-9.529372
-9.529372
-8.914574
-7.838677
-6.916480
-5.072085
-3.535090
-2.151794
-0.768498
0.461099
1.690695
3.073991
4.610986
5.994282
7.377578
8.453475
8.453475
7.684977
6.762780
6.455381
5.686883
4.610986
4.610986
4.610986
3.996188
3.688789
2.766592
1.383296
0.000000
-0.768498
-1.690695
-1.998094
-1.690695
-1.844395
-2.151794
-1.690695
-1.536995
-1.075897
-0.461099
0.000000
0.614798
1.229596
1.844395
1.998094
0.922197
1.229596
2.612892
3.842489
4.610986
5.379484
5.533184
4.764686
4.457287
3.535090
2.766592
2.459193
3.227690
3.381390
3.535090
3.688789
3.688789
3.073991
2.305493
1.998094
1.536995
1.690695
1.690695
1.383296
0.000000
-0.922197
-2.151794
-2.612892
-2.459193
-0.922197
0.153700
-0.153700
-0.768498
-2.305493
-3.842489
-4.303587
-3.688789
-2.766592
-0.768498
0.307399
0.000000
-1.229596
-3.073991
-3.996188
-4.764686
-4.764686
-3.842489
-2.305493
-0.461099
0.768498
0.614798
-0.307399
-0.461099
-0.614798
-1.383296
-2.305493
-2.459193
-2.920291
-3.227690
-3.381390
-3.073991
-2.920291
-2.459193
-1.844395
-1.229596
-0.922197
-1.383296
-2.151794
-2.151794
-2.766592
-1.844395
-0.768498
-0.153700
-0.307399
0.461099
0.768498
0.614798
0.307399
0.461099
0.922197
1.536995
2.459193
1.998094
1.075897
0.461099
0.307399
0.000000
0.768498
0.614798
0.614798
1.536995
2.151794
2.459193
2.305493
2.305493
0.768498
-0.461099
-0.768498
-0.768498
0.000000
0.768498
1.229596
2.305493
2.612892
1.998094
1.229596
0.768498
-0.461099
-0.614798
0.768498
1.229596
1.844395
1.536995
1.075897
1.229596
-0.153700
-0.153700
-0.461099
-0.307399
0.461099
0.768498
1.229596
0.768498
-0.307399
-0.307399
-0.768498
-1.844395
-3.073991
-3.227690
-3.073991
-2.459193
-1.844395
-1.075897
0.000000
0.153700
0.153700
0.153700
0.153700
0.461099
0.307399
0.461099
0.922197
1.383296
2.305493
2.459193
2.459193
2.920291
3.535090
3.227690
2.766592
3.227690
2.766592
2.612892
2.920291
2.612892
1.844395
1.229596
0.768498
0.000000
-0.614798
-1.229596
-1.536995
-1.075897
-0.922197
-1.075897
-0.614798
-0.768498
-1.536995
-2.459193
-2.766592
-3.688789
-3.227690
-3.073991
-3.073991
-2.920291
-3.073991
-3.227690
-3.535090
-3.996188
-3.996188
-3.688789
-3.535090
-2.920291
-2.612892
-1.690695
-1.383296
-1.075897
-0.922197
-1.229596
-1.229596
-1.229596
-0.922197
-0.922197
-0.307399
0.614798
0.614798
1.229596
0.922197
0.614798
0.614798
0.000000
0.153700
-0.153700
-0.461099
-0.461099
-0.153700
0.768498
1.536995
1.229596
1.229596
0.614798
0.461099
1.075897
1.075897
1.383296
1.536995
2.305493
2.151794
2.459193
3.381390
3.073991
3.842489
4.457287
4.457287
4.918386
4.764686
4.610986
4.149888
3.842489
3.996188
3.535090
2.766592
2.612892
2.151794
2.459193
2.305493
1.536995
1.229596
0.000000
-1.229596
-1.690695
-1.998094
-2.459193
-2.920291
-3.073991
-3.535090
-3.996188
-4.303587
-4.918386
-5.225785
-5.379484
-5.379484
-4.610986
-3.842489
-3.073991
-1.998094
-1.536995
-1.383296
-1.229596
-1.075897
-0.461099
0.307399
1.536995
2.151794
2.920291
3.227690
3.381390
3.073991
2.920291
2.612892
1.844395
1.536995
1.998094
1.844395
1.383296
1.383296
1.229596
0.922197
0.153700
-0.768498
-1.229596
-1.383296
-1.383296
-1.690695
-2.151794
-1.844395
-2.459193
-1.998094
-2.151794
-1.844395
-1.383296
-1.383296
-1.383296
-1.536995
-1.229596
-1.229596
-0.768498
-0.922197
-0.922197
-0.461099
-0.614798
-1.229596
-1.075897
-1.229596
-1.690695
-1.998094
-1.536995
-1.690695
-1.690695
-1.229596
-1.383296
-1.383296
-1.229596
-0.614798
-0.922197
-0.307399
0.000000
-0.153700
0.153700
0.307399
0.614798
0.461099
1.075897
1.075897
1.690695
1.998094
1.383296
1.229596
1.536995
2.459193
2.459193
2.459193
2.612892
3.227690
3.073991
3.381390
3.227690
3.535090
3.688789
3.381390
3.227690
3.073991
2.459193
2.766592
2.920291
2.766592
2.459193
1.998094
1.844395
1.690695
0.922197
0.614798
0.153700
-1.075897
-1.844395
-1.998094
-2.305493
-2.151794
-3.381390
-4.149888
-4.149888
-4.610986
-3.996188
-4.303587
-4.764686
-4.457287
-3.842489
-3.381390
-3.227690
-2.612892
-2.305493
-1.844395
-1.383296
-1.075897
-1.075897
0.153700
0.307399
0.768498
0.922197
1.229596
1.690695
1.383296
1.383296
1.844395
1.383296
1.383296
1.690695
1.536995
1.075897
0.922197
0.768498
0.768498
0.614798
0.614798
0.768498
0.614798
0.461099
0.768498
1.383296
1.075897
0.922197
0.461099
0.922197
1.075897
1.075897
0.768498
1.229596
1.075897
0.307399
0.768498
0.614798
0.614798
-0.153700
0.000000
0.000000
-0.153700
-0.461099
-0.307399
-0.153700
-0.307399
-0.768498
-1.229596
-1.229596
-1.229596
-1.536995
-1.383296
-1.229596
-1.383296
-1.536995
-1.844395
-2.151794
-1.536995
-1.536995
-1.383296
-0.922197
-1.229596
-0.461099
-0.461099
0.000000
0.000000
-0.153700
0.614798
0.922197
0.153700
0.461099
1.383296
0.153700
0.153700
0.307399
0.461099
0.307399
0.153700
0.153700
0.461099
1.229596
1.229596
0.922197
1.075897
0.922197
0.768498
1.383296
0.768498
0.768498
0.768498
0.614798
0.000000
0.000000
-0.153700
-0.153700
-0.461099
-0.768498
-0.922197
-0.768498
-0.614798
-0.922197
-0.614798
-0.614798
-0.614798
-0.768498
0.000000
0.153700
0.000000
0.000000
-0.461099
0.000000
0.153700
0.000000
0.461099
0.768498
0.768498
0.614798
0.614798
0.614798
0.307399
0.307399
-0.461099
-0.153700
-0.614798
-1.536995
-0.768498
-0.307399
-0.461099
-0.614798
-0.307399
0.000000
-0.153700
-0.153700
0.153700
-0.307399
