-0.152593
-0.152593
-0.152593
-0.457778
0.305185
0.000000
0.457778
0.457778
0.305185
0.915555
0.000000
0.152593
-0.152593
0.762963
0.762963
0.762963
1.220740
0.762963
0.305185
-0.457778
-0.915555
-0.305185
-0.152593
-0.610370
-0.762963
0.000000
0.305185
0.610370
0.305185
-0.152593
-0.762963
-0.305185
-0.152593
0.152593
-0.152593
0.305185
0.000000
-0.457778
0.152593
0.457778
0.000000
-0.457778
-0.305185
-0.152593
0.000000
-0.915555
-0.762963
-0.610370
-1.373333
-0.915555
-0.915555
-0.762963
0.152593
-0.457778
-0.915555
-1.068148
-0.305185
-0.152593
-0.305185
0.000000
-0.152593
-0.152593
0.152593
-0.152593
-0.762963
-0.762963
0.000000
0.610370
0.610370
0.915555
0.915555
0.610370
0.152593
0.915555
0.915555
1.220740
1.678518
0.915555
1.373333
0.915555
0.762963
0.915555
0.762963
1.373333
0.915555
0.305185
0.305185
-0.152593
-0.305185
-0.305185
-0.305185
0.305185
0.000000
0.305185
-0.305185
-0.610370
-0.457778
0.610370
0.305185
-0.915555
-0.152593
-0.457778
-1.373333
-0.915555
-0.762963
-1.373333
-0.762963
0.305185
0.610370
0.305185
0.457778
0.610370
0.457778
0.610370
0.457778
0.305185
0.000000
0.000000
-0.152593
0.000000
0.000000
0.000000
-0.305185
-0.152593
-0.305185
-1.068148
-1.678518
-1.373333
-0.457778
-0.152593
0.152593
0.152593
-0.152593
0.457778
-0.152593
-0.915555
-0.762963
-0.610370
-0.305185
-0.305185
-0.457778
-0.152593
-0.457778
-0.762963
-0.152593
0.305185
0.457778
0.610370
0.762963
0.305185
-0.610370
-0.305185
0.152593
0.305185
-0.305185
0.457778
2.288888
1.220740
0.457778
0.000000
-0.152593
-0.610370
-0.305185
0.152593
0.152593
0.610370
0.457778
0.457778
0.610370
0.152593
0.610370
0.610370
0.152593
-0.457778
-0.457778
0.457778
-0.762963
-0.610370
-1.068148
0.000000
-0.305185
0.305185
0.152593
-0.457778
-0.152593
-0.610370
-0.610370
-0.762963
-0.610370
-1.068148
-0.152593
0.305185
0.762963
0.000000
0.457778
0.457778
0.152593
-0.152593
-0.152593
-0.152593
-0.305185
1.068148
0.305185
0.305185
0.457778
-0.152593
-0.152593
0.152593
0.305185
-0.762963
-0.305185
0.457778
1.220740
0.915555
0.152593
-0.457778
-1.068148
0.152593
0.152593
-0.305185
0.457778
0.915555
0.457778
1.068148
0.610370
1.220740
0.610370
0.457778
0.152593
-0.305185
0.152593
0.610370
0.305185
-0.610370
0.152593
0.305185
0.305185
0.457778
0.000000
-0.762963
-0.610370
-1.068148
-1.068148
-0.762963
-0.762963
-0.457778
-0.457778
-1.220740
-0.457778
0.305185
-0.152593
0.000000
0.152593
-0.762963
-1.068148
-0.762963
-0.457778
0.762963
-0.610370
-1.525926
-0.610370
-0.457778
-0.915555
-0.457778
0.610370
0.152593
0.305185
0.000000
0.305185
1.373333
-0.305185
0.000000
-0.305185
0.152593
0.000000
-0.915555
0.152593
0.915555
1.068148
0.457778
0.152593
0.305185
0.915555
0.000000
0.457778
0.610370
0.152593
0.000000
0.305185
1.068148
1.831111
2.136296
0.457778
-0.610370
0.610370
0.457778
0.000000
-1.068148
-0.915555
-0.152593
-0.152593
-0.457778
-0.152593
0.152593
-1.068148
-1.678518
-0.762963
-1.983703
-3.662221
-2.136296
-0.457778
1.373333
1.831111
4.119999
3.051851
1.831111
0.305185
-1.220740
-2.136296
-1.220740
0.457778
-0.305185
0.457778
1.678518
3.051851
2.288888
0.610370
0.915555
-0.305185
-1.525926
1.220740
0.152593
-0.762963
-0.915555
0.000000
-3.814814
-2.288888
-0.305185
-1.373333
-2.441481
-1.068148
-2.288888
-2.746666
-0.305185
0.610370
-1.831111
-1.525926
0.000000
0.457778
0.152593
1.373333
4.272592
-1.525926
0.915555
2.899259
3.204444
2.746666
1.220740
-2.899259
-1.220740
4.577777
1.373333
0.610370
-0.762963
1.068148
4.577777
2.594073
0.305185
1.831111
-0.305185
-0.152593
-1.678518
1.525926
2.441481
0.305185
-1.983703
-0.152593
0.762963
-1.831111
-7.629628
-5.188147
0.305185
-3.204444
0.000000
-0.610370
0.762963
5.493332
1.068148
-3.509629
-3.662221
-1.983703
-4.577777
-9.002961
-5.188147
0.000000
-1.983703
2.288888
4.882962
1.525926
-0.457778
-1.373333
0.610370
4.425184
4.577777
4.119999
-0.610370
3.051851
6.408887
6.866665
5.188147
-0.305185
-1.678518
-1.678518
-2.594073
-7.171850
-1.831111
-2.441481
-2.899259
0.000000
-0.915555
1.525926
6.714072
1.678518
-0.457778
-1.678518
-0.915555
-4.577777
3.051851
4.577777
-5.340739
-7.324443
-4.272592
-4.425184
-4.272592
3.662221
1.525926
0.762963
3.204444
4.730369
10.071109
3.357036
0.305185
0.457778
-5.493332
-8.697776
-0.457778
1.068148
-0.457778
3.509629
1.983703
1.525926
4.882962
2.288888
3.204444
0.000000
-3.051851
-4.577777
2.441481
0.305185
1.220740
1.068148
2.746666
-0.457778
4.119999
1.373333
-12.970367
-11.139256
1.525926
4.577777
-3.357036
-2.288888
-2.899259
-1.525926
4.425184
8.087405
0.610370
-13.580737
-9.918516
-7.782220
-8.087405
4.730369
11.597034
6.561480
0.762963
-1.068148
-2.441481
7.171850
-7.171850
0.762963
18.311107
12.665182
2.136296
5.188147
12.665182
6.866665
-3.662221
-1.983703
18.616292
9.613331
-3.357036
1.983703
-3.357036
-13.580737
-5.493332
-10.376294
-15.411848
1.525926
0.915555
-13.885922
-2.899259
8.850368
-9.613331
-21.362958
-16.327403
-18.768884
-16.174811
-1.525926
10.834071
8.392591
7.934813
14.648885
8.850368
10.071109
9.918516
-1.068148
-7.477035
-3.204444
8.392591
1.068148
2.288888
11.291849
11.597034
-3.967406
-15.869626
-2.899259
-7.782220
-3.662221
16.632588
27.924438
17.242959
7.171850
13.428145
8.087405
-6.561480
-10.681479
-13.733330
-10.376294
-6.866665
-13.885922
-6.714072
1.983703
8.697776
4.730369
2.288888
-1.831111
2.899259
3.051851
-5.645925
-5.340739
-11.139256
-21.210365
5.188147
0.000000
-11.291849
-23.194068
-20.905180
-0.762963
1.983703
-15.411848
-2.441481
5.951110
-29.145178
-13.428145
25.025179
-9.918516
-22.431106
4.272592
-4.882962
-8.392591
12.512589
18.768884
-4.425184
-9.460738
11.902219
23.194068
10.376294
-4.882962
10.834071
25.482957
11.749627
18.158514
27.771845
26.856290
21.362958
15.717033
15.259255
26.703697
29.602956
3.509629
11.139256
-10.528886
-12.512589
10.376294
-13.885922
-39.979249
-21.668143
8.392591
8.545183
-17.090366
-20.142217
-28.229623
-29.450363
-21.515550
-10.528886
-13.580737
-32.502214
-1.831111
5.493332
-10.681479
29.297771
29.602956
-21.210365
-18.616292
-12.970367
1.831111
18.768884
5.951110
16.174811
32.044436
4.730369
-19.379254
9.155553
2.594073
10.071109
20.905180
-13.580737
-30.823696
14.343700
25.330364
-32.349622
-51.423691
-15.259255
18.005921
-22.278513
-3.204444
53.254802
34.943695
-21.668143
16.327403
30.060733
-26.398512
2.441481
24.414809
19.379254
11.444442
-45.167396
-27.619252
-2.746666
-21.210365
3.051851
41.657767
35.706658
41.047397
32.197029
-17.395551
9.765924
21.210365
14.801478
8.697776
-37.079991
-71.565908
-25.025179
-13.428145
-24.109624
-20.447402
-35.554065
-30.213326
8.239998
19.226662
22.583698
22.278513
-0.305185
77.669610
52.186654
-35.401473
1.373333
4.730369
-58.442948
-35.554065
6.561480
-22.125920
-12.512589
23.346661
1.220740
10.071109
30.823696
-14.954070
-22.888883
-15.259255
8.239998
22.278513
4.730369
-9.460738
-1.068148
-17.395551
-48.829618
-63.020725
-35.859250
-27.466660
-0.305185
26.551105
12.512589
5.340739
-2.594073
-6.103702
-29.908141
-8.392591
27.008882
4.272592
-7.171850
28.077030
13.885922
17.090366
29.450363
10.376294
22.431106
72.634056
58.290356
-4.577777
-19.379254
7.934813
34.333325
12.970367
46.693322
57.222208
1.068148
-71.108130
-43.031100
5.340739
-46.235544
-20.752587
15.259255
-1.983703
22.431106
80.874054
83.925905
50.355543
58.290356
8.697776
-60.731837
-22.583698
0.610370
31.281474
30.365918
-26.398512
-12.970367
-21.668143
-23.957031
-32.959992
-65.614799
-20.905180
15.411848
26.551105
44.862211
26.245919
23.651846
39.063694
-7.019258
-76.601462
-75.685907
-40.284434
-27.619252
-37.232583
-29.297771
-16.937774
-35.096288
-31.434066
-8.545183
-25.940734
-54.017764
-36.622213
23.499253
70.650353
75.533315
59.205911
47.761470
27.771845
27.161475
-11.902219
-65.309613
-83.315535
-69.277020
-77.059240
-88.961459
-7.019258
-26.856290
-93.844421
-29.602956
10.376294
15.717033
56.917023
37.842954
34.333325
91.097755
105.899233
45.319989
23.804439
63.478503
91.097755
109.103677
41.352582
-54.322949
-99.948123
-103.762937
-73.854796
-12.970367
28.839993
21.668143
-11.139256
-14.496293
-23.346661
-5.188147
8.697776
-41.810360
-14.343700
45.014804
-12.054812
-76.601462
-60.426652
-44.709619
-17.395551
-0.610370
54.628135
82.552572
90.792570
96.896272
61.952577
19.531847
-10.681479
8.087405
32.654807
22.736291
69.277020
49.134803
-81.789609
-71.260723
26.703697
-72.786649
-143.742187
-39.521472
1.068148
41.657767
31.434066
8.392591
6.256295
22.125920
45.167396
25.940734
-21.820735
-20.294810
-1.678518
-27.619252
-3.357036
40.894805
54.322949
83.162942
62.868133
-26.245919
-94.149606
-89.571830
-86.672571
-72.634056
-1.525926
-9.918516
16.937774
57.069615
52.797024
75.228129
69.582205
17.853329
18.158514
29.297771
0.000000
22.125920
31.128881
20.447402
-14.954070
-14.954070
18.005921
-13.122960
-39.826657
-31.739251
-68.056279
-95.217754
-55.543690
-16.022218
-66.988132
-39.826657
21.515550
3.814814
-35.096288
-61.799985
-68.056279
-95.828124
-99.948123
-31.739251
33.417769
-0.457778
66.225169
175.939216
119.174785
39.368879
54.933320
27.924438
13.428145
1.373333
-34.638510
-73.397019
-46.693322
-33.722955
-64.088873
-6.866665
41.352582
-12.359997
-71.108130
-39.216287
-6.256295
0.610370
-2.441481
-1.373333
12.817775
60.884429
55.238505
-9.918516
-23.194068
28.534808
18.463699
-14.343700
-10.834071
42.420730
59.358504
-0.915555
26.856290
100.711086
84.231090
76.754055
105.899233
72.786649
67.445909
50.202950
-22.736291
-37.537768
-0.457778
-52.034061
-80.568869
-13.885922
-16.479996
-76.754055
-75.380722
-53.559987
-62.868133
-77.364425
-81.179239
-62.868133
-34.791102
-14.496293
7.782220
15.564441
50.813321
77.364425
36.927398
-37.690361
-48.982210
-37.690361
-88.045904
-83.468127
-27.924438
-13.428145
23.499253
90.639977
64.699243
23.194068
26.398512
0.152593
3.967406
53.865172
61.952577
50.508136
12.054812
19.226662
52.186654
41.047397
15.869626
20.294810
6.714072
-29.297771
-26.703697
-14.648885
-22.431106
-32.502214
-46.540729
-73.397019
-61.037022
-33.570362
-5.035554
24.567401
44.557026
32.044436
-2.746666
-4.425184
29.145178
20.905180
-4.730369
-28.839993
-44.404433
-16.632588
37.079991
75.380722
66.682946
32.807399
11.597034
-20.142217
-59.205911
-62.715540
-74.922944
-107.119973
-99.032568
-64.699243
-50.965913
-0.915555
51.271098
56.764430
41.810360
26.245919
13.428145
1.068148
-18.768884
-42.115545
-46.845914
-2.899259
37.842954
42.420730
61.952577
97.506642
63.936280
11.749627
17.853329
43.794063
74.922944
79.348128
62.410355
56.917023
79.958499
75.533315
38.148139
5.188147
-5.035554
-7.934813
-32.959992
-43.641471
-31.434066
-11.902219
-34.638510
-52.339246
9.308146
20.599995
-34.485917
-24.872586
12.665182
2.136296
18.768884
8.850368
-48.524432
-46.082952
-40.131842
-55.085912
-49.592580
2.594073
30.823696
-13.885922
-36.317028
-9.308146
-21.362958
-58.595541
-39.368879
-25.788142
-48.677025
-33.417769
11.597034
7.629628
-19.989625
-7.934813
-0.152593
-3.051851
6.866665
32.502214
56.306653
46.082952
25.025179
33.417769
38.911101
15.411848
15.717033
26.093327
15.411848
-9.765924
-32.959992
-42.115545
-24.872586
35.706658
65.614799
57.679986
61.799985
46.845914
15.106663
-3.814814
-40.284434
-55.391097
-35.859250
-62.410355
-84.536275
-82.552572
-62.868133
-23.194068
-55.391097
-100.100716
-77.211833
-59.968874
-50.355543
-4.119999
48.371840
74.159982
69.277020
58.595541
58.595541
39.216287
20.142217
14.191108
23.346661
43.641471
55.085912
70.497760
71.871093
61.342207
59.053319
40.589620
18.311107
18.768884
39.826657
59.968874
49.745173
26.245919
9.155553
-11.291849
-17.090366
-17.242959
-30.823696
-32.044436
-28.077030
-23.499253
-13.733330
-2.899259
9.765924
9.765924
14.038515
27.314067
23.041476
9.460738
-1.068148
-21.210365
-45.167396
-55.391097
-70.192575
-71.871093
-41.810360
-7.019258
-0.610370
-2.441481
5.188147
2.288888
9.308146
18.616292
16.327403
-5.188147
-21.668143
-18.158514
-14.648885
-20.142217
-17.853329
-4.272592
-17.090366
-21.668143
-2.288888
11.139256
34.638510
59.205911
47.914062
26.398512
42.268138
53.559987
34.943695
4.730369
-9.765924
-20.294810
-47.761470
-57.985171
-44.251841
-43.946656
-72.176278
-72.023686
-42.268138
-20.752587
-4.882962
4.577777
12.512589
38.148139
69.277020
57.222208
43.946656
49.897765
39.826657
12.512589
-4.425184
1.373333
1.678518
-10.986664
-37.232583
-37.995546
-26.245919
-26.398512
-19.226662
0.915555
8.850368
-9.155553
-5.951110
6.408887
11.139256
17.242959
19.684440
0.000000
-40.131842
-55.848875
-75.533315
-114.139231
-129.398486
-114.902194
-106.051826
-113.681453
-92.928866
-62.410355
-57.222208
-54.322949
-33.722955
-18.005921
-6.866665
31.434066
57.069615
54.475542
42.878508
30.976289
15.259255
-17.090366
-21.057773
-10.528886
-1.678518
15.717033
43.488878
74.617759
87.588126
110.171824
128.482931
136.722929
130.924412
127.109598
127.414783
111.697750
103.152567
95.828124
84.536275
52.034061
29.908141
12.054812
-18.768884
-30.518511
-23.651846
0.457778
2.899259
-1.220740
-7.171850
-3.051851
31.891844
54.170357
48.677025
23.957031
33.570362
45.625174
30.976289
44.862211
85.146646
88.503682
26.703697
-21.820735
-50.813321
-69.277020
-80.416276
-90.334792
-97.048865
-95.828124
-47.151099
-9.155553
15.717033
35.554065
46.845914
14.954070
-63.020725
-73.397019
-53.865172
-48.066655
-58.748134
-43.794063
-31.586659
-57.985171
-48.371840
-47.151099
-46.845914
-44.404433
-57.527393
-95.980717
-127.414783
-81.179239
-25.025179
5.188147
1.068148
-2.441481
9.308146
2.594073
-3.967406
1.525926
22.431106
10.681479
-27.771845
-60.884429
-73.244426
-59.358504
-45.014804
-41.657767
-73.549611
-97.811828
-84.688868
-52.491839
-21.820735
-0.305185
22.431106
7.629628
-13.580737
9.765924
64.394058
115.512564
135.654781
148.319963
130.008857
76.143685
31.739251
-3.051851
-28.077030
-54.628135
-77.364425
-75.533315
-50.965913
-6.714072
45.014804
88.045904
106.509603
97.354050
96.133309
99.948123
89.877015
88.961459
88.045904
66.072576
41.352582
29.297771
25.482957
14.343700
0.915555
-6.714072
-29.297771
-41.047397
-41.199990
-38.453324
-6.714072
33.875547
67.903687
71.260723
69.124427
87.740719
87.130349
74.007389
52.797024
22.125920
-24.719994
-91.708125
-125.888858
-137.028114
-138.706632
-110.934787
-77.669610
-48.982210
-28.077030
3.051851
23.651846
18.311107
26.551105
42.573323
29.755548
-4.119999
-31.281474
-35.401473
-34.638510
-59.511096
-75.228129
-86.062201
-109.561454
-123.752562
-148.167371
-162.816256
-161.442923
-138.248855
-122.989599
-150.151074
-138.248855
-86.672571
-58.900726
-65.004428
-65.462206
-50.508136
-45.014804
-43.641471
-44.862211
-68.056279
-114.749601
-127.109598
-130.161449
-132.297745
-134.128856
-158.543664
-142.826631
-130.161449
-102.847382
-67.445909
-57.985171
-30.823696
-42.268138
-39.521472
-18.616292
18.311107
116.275527
265.205860
598.315407
1122.318240
1702.475133
2133.243915
2326.731274
2423.780139
2348.857194
1991.180246
1422.467795
824.610166
234.076979
-433.973226
-1032.288632
-1425.824831
-1622.669227
-1655.476626
-1538.895914
-1352.275220
-1164.891562
-927.152362
-667.897612
-453.962850
-268.715489
-44.862211
122.074044
155.949591
206.305134
293.435483
308.999923
201.422172
54.017764
-108.188121
-354.625097
-598.620592
-789.666471
-960.722724
-1094.546395
-1138.645643
-1106.448614
-1033.967151
-877.559782
-639.667989
-421.613229
-233.924386
-35.401473
114.139231
148.319963
125.736265
95.370347
20.142217
-98.727383
-196.996988
-246.284383
-266.731786
-225.531796
-130.466634
-45.319989
41.962953
139.011817
231.177720
277.108079
280.007338
301.217703
261.696231
190.435508
144.810334
134.128856
123.294784
85.146646
58.137763
-18.463699
-137.180707
-196.996988
-200.048839
-208.136245
-217.139205
-219.580686
-180.822177
-168.919958
-152.134777
-129.551079
-207.373282
-326.090289
-369.121390
-434.431003
-543.076902
-757.469441
-65.614799
2251.503144
4459.059633
4835.505466
3712.424263
3667.256867
4452.192968
3445.539885
1184.576002
-357.219171
-598.010222
-1402.935948
-3234.809567
-4002.350117
-3260.597709
-1912.900266
-1400.341874
-1718.344758
-1444.746308
-603.350961
-152.439962
-702.230937
-1053.346405
-383.922868
47.456285
-343.485841
-495.162840
538.346533
1852.015836
2340.159419
2317.117943
2265.083882
2047.792084
1283.913755
162.663663
-921.811623
-1774.804004
-2392.651258
-3075.502940
-3597.827254
-3515.122090
-2746.360799
-1839.808432
-1229.895991
-623.340586
-23.957031
351.573246
427.716931
395.825087
499.893209
606.860590
690.481310
711.996860
772.118327
1103.396763
1515.091476
1773.430671
1677.144769
1384.472249
1009.094564
362.254725
-457.319886
-1182.744891
-1596.118122
-1785.790668
-1931.058780
-1874.904719
-1474.654449
-621.051698
690.023532
1717.581796
2070.986152
1973.784695
1772.972893
1348.307813
480.819140
-115.512564
-318.613254
-608.081330
-923.795326
-918.759772
-556.352454
-184.484399
178.228104
463.118403
388.195459
252.998456
269.936229
213.782169
105.288863
263.069564
499.893209
340.586582
27.161475
-25.635549
-64.546651
-353.556949
-636.616138
-811.029428
-980.254571
-1021.301969
-881.527188
-695.211679
-472.121364
-120.548118
191.961434
248.573272
335.245843
568.559859
619.983550
468.459143
296.182149
114.139231
-241.859199
-553.148011
-710.318342
-824.915351
-976.592350
-178.838474
2035.432087
3834.956084
3960.692349
2913.907424
2939.085196
3568.529484
2459.639389
348.826580
-1005.584935
-905.026442
-1203.955256
-2705.008217
-3245.796231
-2170.171313
-536.057645
-253.151048
-1127.811572
-1039.765668
-234.076979
-76.906648
-1060.213070
-1575.670720
-608.539108
137.943669
-160.832553
-323.343623
857.722750
2447.889762
2695.852664
1984.466174
1489.913704
1333.506335
571.306525
-916.776069
-2023.377275
-2273.018695
-2269.814251
-2705.160810
-2990.661479
-2419.812732
-1340.830778
-570.543562
-357.829541
-97.811828
263.374749
368.816205
155.491813
-43.641471
186.010324
551.927270
750.755369
828.424979
995.666419
1381.267805
1606.189231
1474.349263
1018.250117
420.545081
-141.758483
-815.149427
-1484.420372
-1886.501754
-1818.445474
-1439.710753
-1153.752306
-854.670899
-282.601411
510.574688
1015.503451
1228.370065
1714.682537
2177.800941
2122.562436
1586.199606
1136.509347
801.263505
117.038489
-554.673936
-1028.626411
-1364.330031
-1445.204085
-1290.627828
-1038.697520
-800.347949
-247.962901
382.854720
536.057645
589.617631
907.620515
1140.018976
907.773108
640.430952
572.374673
280.159930
-165.105144
-493.636914
-765.556847
-1050.141961
-1137.577495
-1100.192319
-1141.697494
-976.897535
-520.035426
-177.312549
-33.112584
276.039931
632.801324
643.025025
482.039880
435.041373
322.275476
-18.616292
-383.312497
-727.103523
-1053.651590
-1223.181918
-1147.801196
-1140.781939
-135.502189
2427.442360
4429.761863
4411.908534
3170.568101
3361.613980
4005.249375
2481.765309
96.591087
-1117.282685
-749.992406
-1043.733074
-2686.697110
-3201.086612
-1935.178779
-181.279955
-239.417718
-1598.712195
-1510.513699
-498.214691
-479.293214
-1753.135861
-1968.596548
-276.802894
754.264998
341.044360
258.491788
1778.924003
3458.052474
3263.191782
1984.618766
1245.155246
1077.608621
118.106637
-1754.814379
-2845.545960
-2590.868986
-2238.075000
-2746.665984
-3042.085170
-2142.552060
-899.533110
-446.791000
-586.260595
-352.793986
140.690335
203.863653
-112.155528
-147.404408
521.256167
1250.343393
1458.174453
1383.556693
1508.377403
1816.156586
1604.815898
874.660523
105.746640
-545.518383
-1141.087124
-1818.598067
-2234.870556
-2155.675020
-1652.424775
-1012.146415
-613.116885
-221.411797
428.174708
1057.008626
1258.430799
1093.783432
1355.479663
2381.206816
2723.929694
1895.504714
989.257532
676.900573
295.114001
-988.647162
-1828.058805
-1780.602521
-1782.586224
-1745.201048
-1417.584833
-676.747980
111.697750
870.998302
1424.604091
1266.823389
1254.463392
1497.390739
1120.334537
371.562871
153.660703
236.823645
-384.228053
-1115.909352
-1158.787860
-1087.069360
-1215.857476
-1153.447121
-926.236807
-804.162763
-453.810258
102.847382
274.208821
327.158437
706.198343
882.595336
392.468051
19.531847
80.874054
-181.432548
-785.393879
-1105.533059
-1202.429331
-1314.737451
-1378.063361
-887.936076
1186.712298
3728.751666
4961.241731
4037.598997
2860.652623
3593.554663
3404.950265
1042.817519
-1172.826375
-1304.971528
-564.897637
-1794.488443
-3226.264384
-2622.608237
-794.854617
207.525874
-970.793833
-1881.923977
-1181.066373
-488.601360
-1144.291568
-2180.089829
-1044.496037
1025.879745
1324.503375
661.793910
1299.935973
3273.873261
3860.591634
2371.746078
969.420500
562.608749
53.559987
-1582.079607
-3154.240698
-3165.990325
-2273.171287
-2129.886878
-2685.323777
-2360.606821
-1009.094564
-153.355517
-431.684337
-636.768731
-63.936280
356.303615
116.885897
-105.441455
522.019130
1574.449979
2011.627648
1832.789174
1602.984787
1655.476626
1397.442616
432.447300
-573.290228
-1195.257481
-1575.975905
-2054.506156
-2402.874959
-2124.698731
-1399.731504
-619.220587
-109.561454
203.100690
638.752434
1067.384920
1219.672290
1017.334562
917.081254
1137.730088
1785.943260
2292.855727
2039.094308
1637.928482
1051.362702
222.022167
-1104.770096
-2228.309076
-2349.620157
-2382.427556
-2195.196492
-1522.568511
-476.393956
603.045776
1257.210058
1827.906213
1917.020265
1623.889967
1315.500414
613.422070
-80.111091
-362.102132
-305.185109
-504.165801
-892.513852
-835.749422
-768.761291
-951.414578
-993.682716
-784.478324
-618.762809
-495.010247
-144.657742
141.453298
332.193992
631.885769
784.630916
545.060605
208.899207
60.884429
-299.234000
-839.869421
-1149.937492
-1310.007082
-1544.389246
-1586.809976
-1227.301917
579.393930
3278.908815
4873.806197
4515.061101
3122.196261
3348.643613
3425.092483
1344.645592
-946.226432
-1596.575900
-743.278334
-1273.842647
-2832.880778
-2676.168224
-1102.328615
226.905129
-601.367258
-1915.494339
-1497.695924
-778.374621
-1166.875266
-2171.086868
-1315.042636
1084.017509
1921.292856
1313.516711
1473.891486
3082.217012
3928.342728
2486.648271
716.727229
61.342207
-295.114001
-1671.193659
-3262.734004
-3245.338453
-2058.015785
-1565.294426
-2092.501702
-2017.578758
-896.633851
-148.167371
-540.177644
-935.697545
-344.706581
327.463622
270.546599
66.682946
696.737605
1940.061740
2467.421609
2110.355031
1652.577367
1437.421865
937.681249
-268.105119
-1318.857450
-1712.851426
-1816.766956
-2011.017278
-2156.743168
-1696.524023
-852.382010
-140.537743
214.545132
357.676948
627.765770
856.807195
811.639798
657.368726
747.245740
1118.198241
1315.042636
1448.408529
2051.149120
2405.163847
1759.544748
439.771743
-733.054633
-1542.405543
-2393.414220
-2756.126723
-2341.227567
-1549.119615
-539.414681
412.762860
1114.383427
1481.215928
1675.924028
1613.818858
954.619022
274.056228
-27.466660
-256.202899
-461.592478
-354.472505
-62.715540
-137.333299
-486.312472
-731.986485
-953.550874
-1103.701948
-993.987901
-783.257583
-568.407266
-168.614773
335.551028
625.324289
756.096108
871.608672
623.645771
52.949616
-395.825087
-694.448716
-1119.876759
-1530.655916
-1615.039599
-1450.392232
-1303.140417
-849.177567
1425.214461
4045.533810
5000.000239
4016.236039
2644.581565
3048.494058
2593.463059
324.564364
-1639.301815
-1617.175895
-360.118429
-1108.279725
-2485.580123
-1972.258769
-330.362881
366.527316
-1201.818961
-2179.021681
-1428.266312
-950.956801
-1594.134419
-2117.679474
-335.245843
2072.664670
2391.888295
1585.894421
1866.969907
3296.151774
3203.833278
1188.085631
-293.435483
-462.508033
-798.516839
-2237.006852
-3154.851068
-2331.461643
-1087.527137
-1096.987876
-1779.381780
-1526.841102
-661.641317
-549.028012
-1239.661914
-1245.765616
-204.626616
528.122832
520.035426
628.223548
1602.679602
2590.411208
2457.808278
1732.230681
1144.901938
699.484271
-205.542171
-1367.992253
-1824.701769
-1661.885513
-1437.116680
-1460.768526
-1373.943362
-803.857578
-238.196978
7.477035
-10.681479
43.488878
278.786597
403.912492
475.936178
686.208718
1145.054530
1621.448486
1743.217345
1632.740335
1774.498818
1585.131458
686.208718
-346.690284
-936.918286
-1164.738970
-1632.587743
-1725.821794
-1221.350808
-615.405773
-51.271098
348.521395
647.450210
721.762784
714.285748
672.780574
334.177695
188.909583
279.702153
242.164384
66.988132
22.278513
86.825164
-227.210314
-648.060580
-837.885718
-976.744943
-1051.667887
-890.224964
-554.826529
-262.764379
100.100716
490.432471
594.805778
539.872458
460.524330
206.152541
-278.786597
-564.134675
-659.047244
-918.912364
-1090.731581
-1091.647136
-1043.733074
-1109.500465
-971.861981
-664.387983
964.384946
3552.659858
4795.678809
4116.489348
2593.310467
2839.594850
2909.177055
859.706453
-1066.011587
-1340.525593
-249.183642
-641.193915
-2180.242421
-2165.898721
-959.959762
-106.967381
-1296.731530
-2527.848261
-1806.543255
-949.736060
-1270.790795
-1865.291389
-358.897689
2245.857220
2843.104479
1923.123967
1757.255860
2859.126697
3011.719252
1244.239691
-319.071032
-511.795428
-513.473947
-1662.190698
-2749.260058
-2188.024642
-960.570132
-976.134572
-1950.895812
-2027.649867
-1231.879694
-951.261986
-1461.073711
-1415.143352
-191.656249
919.370142
1160.924156
1128.269349
1779.381780
2629.169717
2380.596446
1393.627802
626.697622
269.325859
-393.841384
-1435.590755
-1767.174376
-1385.082619
-981.017534
-987.884199
-1135.746385
-878.017560
-535.294682
-391.552495
-452.894702
-399.945086
-13.122960
404.217677
696.585012
1019.165673
1491.439630
1925.718040
1925.718040
1893.673604
2041.993567
1405.530021
181.737733
-911.282737
-1399.273726
-1595.507752
-1838.129914
-1508.224811
-953.703467
-481.429510
28.992585
392.468051
613.574662
653.859097
722.067969
693.838346
517.593946
627.460585
699.026493
466.475440
224.616241
137.333299
-142.368854
-726.950931
-1134.678237
-1282.082644
-1336.710779
-1136.204162
-664.540576
-244.911050
88.351089
465.559884
662.099095
604.113924
526.444314
366.527316
-13.733330
-429.548041
-538.499125
-608.386516
-742.515371
-800.500542
-851.161270
-1023.438264
-1125.370091
-975.524202
-414.746564
1829.737323
4047.670106
4479.201850
3256.935487
2317.117943
2947.630379
2113.864660
14.954070
-1130.100460
-630.359843
193.487359
-932.187917
-2007.355057
-1543.321098
-530.716905
-606.860590
-2225.409818
-2556.230476
-1515.244068
-1153.599713
-1767.784746
-1534.165545
835.139052
2769.554868
2502.212712
1675.466250
2008.270612
2792.596343
1996.215800
275.276969
-429.548041
-150.151074
-555.436899
-1831.568434
-2195.806862
-1264.839686
-681.325757
-1524.704806
-2346.873491
-2030.701718
-1472.060375
-1548.967023
-1779.381780
-910.519774
560.777638
1324.503375
1362.346328
1470.534450
2126.224657
2260.353513
1449.934455
664.387983
338.297694
114.749601
-618.152439
-1215.247106
-1018.860488
-605.182072
-535.599867
-893.734593
-1116.977500
-1028.321226
-970.488648
-960.264947
-796.075358
-257.881417
365.916946
796.380543
1109.653058
1509.445551
1903.286935
2556.230476
2766.503017
1781.975854
638.294656
-284.890300
-832.087201
-1530.198138
-1883.144717
-1408.124095
-1200.750813
-957.823466
-565.355415
-187.994027
91.250348
251.625123
646.382062
703.451677
753.807220
1061.738996
1037.171594
817.438315
693.685754
635.700583
76.296277
-690.023532
-1117.587871
-1451.612973
-1610.156637
-1369.518178
-934.934583
-666.829464
-303.048814
166.783662
335.093250
396.435457
610.980589
659.657614
300.149555
-16.479996
-64.546651
-212.103651
-446.028037
-616.321328
-749.839814
-989.410125
-1031.830855
-945.463469
-381.939164
2078.158002
4261.147090
4421.827050
2868.587436
1859.035094
2433.088285
1461.073711
-447.096185
-1271.095981
-418.103600
641.804285
-401.623604
-1481.063336
-1153.752306
-306.863627
-707.876861
-2524.949002
-2754.448205
-1600.238121
-1203.955256
-1779.992150
-1325.876708
1162.297489
2954.802229
2468.489757
1404.004096
1568.804055
2127.292805
1269.417462
-193.792544
-436.414706
270.088822
-31.128881
-1250.343393
-1588.030717
-794.091655
-554.979121
-1770.378819
-2710.654141
-2437.360876
-1837.824729
-1791.131407
-1819.513622
-679.494646
858.638305
1532.487027
1367.076697
1295.663382
1776.177337
1649.983294
821.405722
312.967330
420.545081
509.964318
-61.952577
-536.973200
-391.552495
-186.773287
-435.651744
-1071.504919
-1449.171492
-1469.161117
-1405.682614
-1262.398205
-804.925726
-18.616292
712.454638
1064.638254
1196.173036
1346.324110
1851.252873
2592.089726
2143.925393
1025.421968
248.725864
-163.579219
-691.549458
-1437.727050
-1185.491557
-715.811674
-772.118327
-738.242780
-597.552444
-381.481387
-314.798440
-10.986664
391.857680
588.549483
1062.654551
1264.229316
943.327173
695.059087
772.576104
525.223573
-254.982159
-739.310927
-925.626437
-1226.996732
-1350.291516
-1002.838269
-681.173164
-545.670976
-301.217703
-119.632563
-16.937774
198.522914
469.679883
404.370270
213.019206
249.641419
122.684414
-184.484399
-336.466583
-470.900624
-729.087226
-989.562717
-782.647213
-599.230962
206.305134
2630.237865
4344.004847
4142.124897
2402.111996
1517.380364
1798.761035
755.790923
-701.467974
-1215.094513
-98.727383
875.270894
-174.260697
-1224.555251
-1081.118250
-469.374698
-1302.835232
-2966.246671
-2764.977091
-1417.127055
-972.167166
-1465.651488
-740.836853
1572.313684
2889.034838
2050.691342
896.633851
1113.162686
1530.198138
735.953891
-343.485841
-47.914062
886.562743
445.417667
-818.964241
-1271.401166
-750.297591
-936.155323
-2280.343137
-2964.720745
-2475.814200
-1707.205502
-1600.848491
-1473.738893
-274.361413
981.627904
1256.141910
769.219068
716.574637
1210.669329
1077.150844
547.654679
504.470986
1020.844191
1216.162661
640.278359
101.474049
-35.401473
-192.266619
-712.912416
-1332.438188
-1543.321098
-1391.491506
-1189.306371
-945.616061
-464.644329
160.832553
607.318368
676.900573
727.713893
1726.737349
2275.154990
1626.484040
847.193864
653.096134
809.350910
-120.853303
-759.300552
-710.013157
-832.392386
-899.685702
-995.819012
-747.245740
-618.457624
-394.756939
-12.970367
-3.814814
445.875445
1004.059010
985.747903
621.509475
678.884276
890.682742
404.522862
-126.651820
-284.279929
-545.823568
-1022.827894
-1113.010094
-930.356806
-897.701999
-720.236858
-550.553937
-493.331729
-308.694738
90.029607
237.739200
35.401473
166.325885
309.915479
24.567401
-291.756965
-387.127311
-479.445807
-540.482829
-325.174734
462.965811
2473.372719
4445.631488
4517.044804
2647.480824
1062.196773
1219.672290
802.026467
-643.940581
-1241.035247
-257.881417
904.416072
331.583621
-865.352378
-1239.814507
-992.309383
-1362.346328
-2723.777101
-2978.148890
-1590.472198
-510.269503
-760.826478
-726.340560
935.087175
2394.940146
1897.641010
657.521318
509.659133
1035.187891
847.499049
150.761444
236.671052
1100.344912
1103.091578
-78.737758
-1024.659005
-971.251611
-973.998277
-2000.946170
-2863.551881
-2600.634910
-1819.971400
-1441.541864
-1392.559654
-739.005742
209.814763
524.308018
139.774780
-63.783688
453.352480
865.657563
780.968695
856.044232
1424.451498
1836.146211
1461.378896
775.780548
350.352506
43.946656
-459.150997
-1033.356780
-1324.808560
-1259.498946
-1041.749371
-780.510917
-364.391021
-27.314067
18.768884
-99.185161
-180.822177
475.783586
1347.850036
1465.498895
1155.583417
760.368700
635.547990
193.792544
-318.308069
-263.679935
-254.676974
-283.211782
-311.899182
-238.807348
-210.882911
-343.028063
-257.576232
-192.724397
-30.365918
331.888806
464.949514
290.688817
205.389579
322.275476
193.487359
-57.679986
-134.739226
-255.745122
-554.063566
-641.193915
-452.589517
-435.804336
-480.666547
-468.001365
-462.965811
-387.890274
-179.906622
51.881469
36.317028
62.105170
106.967381
-110.629602
-381.786572
-500.198394
-564.287267
-483.718398
-44.709619
1815.393623
4198.584142
4722.892160
3259.529561
1193.273778
962.553835
1174.352301
65.462206
-758.537589
-114.749601
1378.826324
1068.453068
-667.134649
-1401.867800
-1270.485610
-1579.180348
-2955.107414
-3391.064343
-1881.313607
-423.139154
-568.559859
-1112.094539
-62.257762
1486.251483
1391.186321
204.168838
131.839967
1111.331576
1284.218940
679.952424
686.819089
1602.832194
1664.021809
258.186603
-903.042739
-912.961255
-569.475414
-1203.650071
-2091.433555
-1983.550618
-1465.346303
-1437.879643
-1846.522504
-1620.227746
-775.780548
-415.204341
-625.934659
-632.801324
7.782220
556.199862
540.330236
578.936152
1113.620464
1634.724038
1519.669252
1109.500465
900.753850
828.272387
525.833943
91.402940
-176.549586
-300.454740
-344.706581
-433.362855
-629.291696
-716.269452
-711.691675
-689.413162
-750.755369
-421.765821
395.367309
653.706504
491.195434
363.170280
428.937671
293.893260
-2.288888
179.906622
302.133258
260.933269
336.771768
364.238428
184.789584
-23.346661
14.038515
-79.958499
-161.900701
70.192575
205.084394
-16.174811
-174.565883
-96.285902
-269.325859
-445.112482
-349.436950
-285.195485
-454.420628
-510.269503
-293.435483
-317.392514
-378.734721
-268.105119
-263.374749
-232.551053
-93.386643
10.986664
-91.555533
-192.571804
-139.622188
-312.051774
-517.136168
-449.690259
-96.896272
346.537692
2079.989113
4207.892288
4373.760395
2623.981570
748.619073
950.956801
1265.602649
464.644329
-1.678518
672.017611
1859.798057
1093.478247
-792.718322
-1607.562564
-1448.255937
-1737.876605
-3055.360723
-3053.224427
-1360.057440
-210.730318
-808.740540
-1540.727025
-659.047244
384.380645
139.011817
-513.168761
149.388111
1467.024821
1652.882552
1075.472325
1093.325654
1827.295842
1532.792212
83.468127
-741.752408
-416.730267
-26.398512
-672.627981
-1345.255962
-1252.327096
-1141.392309
-1610.614415
-2202.520934
-1875.362497
-1140.781939
-921.811623
-1077.913806
-856.502009
-196.234025
45.777766
-94.302199
18.616292
589.617631
1052.736035
1091.341951
1174.657486
1333.201150
1353.648553
1022.675302
620.288735
421.002858
267.494748
119.174785
-68.819242
-183.416251
-234.992534
-398.876938
-279.549560
0.457778
-194.555507
-636.005768
-825.373128
-496.383580
-252.082900
-183.568843
91.402940
227.515499
201.879950
218.359946
253.151048
232.093276
315.713996
505.233949
404.370270
285.500670
506.759874
578.173190
179.143659
-59.053319
67.140724
-12.970367
-237.891793
-268.715489
-304.269554
-548.265049
-659.962799
-623.340586
-684.987978
-549.943567
-296.029556
-385.753978
-588.549483
-398.266568
-127.567376
-184.636991
-209.356985
-31.891844
-79.500721
-313.882885
-334.482880
-234.382164
-228.736239
-9.918516
331.278436
1626.789226
3701.742784
4261.147090
2667.775634
508.438392
676.900573
1653.187737
1151.005640
565.660600
1052.430850
2051.912083
1312.601155
-594.042815
-1509.598144
-1322.824857
-1320.993746
-2439.191987
-2742.545985
-1263.008575
-23.041476
-786.919805
-2069.307634
-1642.201074
-647.145024
-647.297617
-930.814584
5.340739
1380.657435
1485.335927
760.521293
542.619124
1230.201176
1393.932987
540.330236
-19.684440
422.071006
970.030870
374.462129
-472.426549
-670.491685
-826.288684
-1540.727025
-2214.270561
-1872.310646
-1161.229341
-938.139026
-1176.030819
-1212.653032
-870.387932
-807.977577
-964.384946
-857.112380
-235.908090
394.146569
626.239844
840.632384
1118.961204
1246.528579
1079.592324
855.586454
826.136091
967.894574
1112.247131
1123.386388
818.353871
428.327301
130.008857
-182.958473
-389.416200
-298.318444
-112.308120
-361.491762
-752.128702
-883.510892
-918.149402
-1017.944932
-894.650148
-485.702102
-201.116987
51.881469
436.567299
654.622060
567.491711
497.451728
541.398384
452.284332
496.078395
734.275373
735.801299
447.859148
217.596983
22.736291
-332.041399
-469.374698
-321.207328
-334.788065
-520.798389
-538.499125
-506.454689
-657.216133
-665.303538
-508.896170
-449.385074
-411.389527
-264.442897
-154.728850
-254.829566
-356.303615
-367.137687
-463.423589
-463.270996
-311.136219
-24.262216
163.884404
1112.704909
3203.528093
4014.862706
2677.846742
495.010247
365.611761
1779.229188
1934.110631
1403.241133
1507.614440
2352.214231
1787.469186
-259.254750
-1381.115212
-1071.657512
-734.733151
-1672.414399
-2255.165366
-1209.906366
-75.533315
-814.844242
-2445.753467
-2518.387523
-1581.927014
-1301.004121
-1469.008524
-450.910999
1115.146390
1218.604142
215.765872
-250.099197
434.125818
821.710907
470.595439
429.090264
1077.913806
1646.015887
1075.624918
231.025128
-52.797024
-134.434041
-704.825010
-1358.989292
-1056.398256
-446.791000
-484.939139
-1135.746385
-1499.832220
-1416.516685
-1510.208514
-1597.644048
-1278.573016
-614.795403
-211.188096
-170.140698
-133.518485
23.651846
180.364400
241.096236
486.007287
853.907936
1198.919702
1373.638177
1340.373000
1267.433759
1061.128625
832.544978
602.282813
746.940555
1047.090110
669.118352
-34.791102
-488.143582
-535.599867
-755.180553
-921.048660
-645.313914
-545.365790
-764.641292
-841.547939
-559.556898
-379.345091
-256.660677
-37.079991
124.668117
308.084368
605.639850
726.035375
433.362855
352.183616
442.060631
248.878457
111.850343
342.112508
481.276917
86.825164
-226.447351
-243.232532
-341.959915
-419.019155
-335.093250
-301.217703
-425.428042
-405.896195
-368.968797
-550.401345
-562.150971
-416.882859
-483.718398
-584.124299
-419.324340
-311.288812
-418.408785
-400.402864
-91.708125
67.293317
904.721257
2642.292677
3174.535508
1828.211398
334.635472
879.238300
2144.077986
2151.249836
1695.150690
1811.578809
2214.575746
1438.032235
-147.251815
-797.753876
-254.371789
-46.235544
-1026.795300
-1585.894421
-829.950905
-291.756965
-1354.869293
-2546.617145
-2320.780164
-1572.924054
-1457.564082
-1450.850010
-564.897637
224.616241
-59.968874
-799.432394
-802.636838
41.962953
531.937646
501.876912
572.374673
1031.525670
1203.955256
621.814660
147.251815
233.314016
403.607307
134.128856
-83.620720
154.576258
272.225118
-212.866614
-921.811623
-1185.796742
-1146.275271
-1123.844165
-1091.189359
-865.352378
-660.420577
-759.758330
-950.499023
-1035.645669
-817.896093
-347.911025
162.968848
456.556924
540.788014
668.050204
727.256116
741.447223
820.642759
1021.607154
1041.749371
860.011638
807.214614
781.579065
568.254674
181.432548
-67.903687
-227.210314
-311.899182
-255.439937
-209.814763
-282.296226
-401.623604
-457.167294
-523.545055
-452.894702
-201.269580
-25.482957
-53.407394
-95.828124
-17.548144
-18.311107
-54.322949
10.528886
106.509603
111.545157
112.155528
190.130323
176.854771
106.967381
72.939241
69.582205
99.642938
153.355517
212.866614
147.557000
59.205911
-83.010350
-292.977705
-428.174708
-432.142115
-331.583621
-425.580635
-525.376166
-472.273957
-256.965862
-100.711086
572.374673
1800.744738
2225.715003
1208.380441
-83.620720
314.645848
1665.395142
2156.437983
1760.612896
1621.906264
1868.801017
1322.367079
191.961434
-258.186603
304.727332
617.084291
-58.748134
-686.666496
-441.297668
-151.066629
-1041.596778
-2118.289844
-2075.106151
-1317.026340
-1067.537513
-1216.925624
-868.556821
-508.590985
-856.349417
-1554.612947
-1527.451472
-697.347975
47.151099
218.817723
115.817749
256.355492
360.271022
119.632563
-159.306627
50.660728
504.318393
595.568741
463.118403
468.153958
520.035426
187.231065
-265.205860
-433.362855
-331.278436
-170.751069
-152.897740
-224.921426
-447.706555
-707.419084
-892.056075
-935.544953
-631.122806
-176.702178
50.813321
-25.177772
-158.543664
-124.515525
-83.315535
-19.531847
167.546625
340.433990
406.659158
457.014701
506.912467
458.235442
315.713996
232.856238
225.989573
228.583647
289.468076
330.973251
254.524381
140.232558
46.388137
-6.714072
3.509629
108.645899
169.072551
43.794063
-90.182200
-122.226636
-146.336260
-194.097730
-206.915504
-170.140698
-190.740693
-245.826606
-256.050307
-246.894753
-229.194017
-178.838474
-140.995521
-113.223676
-23.957031
86.825164
104.220715
70.650353
135.807374
169.988106
45.625174
-103.305160
-166.020700
-172.734772
-215.765872
-211.340688
-3.662221
149.540704
845.820531
1691.641061
1825.006954
924.253104
-40.742212
345.927321
1259.346354
1740.165494
1670.278104
1665.242549
1600.238121
943.937543
90.487385
-96.285902
464.491736
695.059087
235.755497
-299.691777
-230.719943
-278.328820
-1028.779004
-1615.802562
-1495.254443
-1021.759746
-1054.109368
-1155.125639
-914.181995
-803.094615
-1163.060452
-1610.767007
-1423.688535
-814.844242
-327.768807
-223.242908
-209.662170
-125.431080
-160.832553
-332.041399
-313.119922
149.235518
515.152465
505.844319
330.820659
359.660651
393.841384
178.838474
65.919984
127.109598
242.622162
146.641445
-10.071109
-106.967381
-252.235493
-401.776196
-410.779157
-224.005870
-135.807374
-140.385150
-204.474023
-289.010299
-396.282865
-416.730267
-258.186603
-120.700711
-12.665182
77.517018
63.325910
-63.631095
-64.088873
65.004428
110.324417
170.903661
361.186577
479.750992
330.973251
183.568843
163.579219
167.241440
202.948098
334.330287
414.441379
327.005845
253.456233
145.725890
-32.502214
-78.890351
56.611838
82.399980
-61.799985
-96.438495
-73.397019
-209.967355
-367.442872
-309.457701
-227.515499
-231.482905
-223.853278
-219.733279
-215.765872
-167.394032
-110.324417
-139.469595
-166.783662
-59.816281
-29.450363
-121.005896
-144.047372
-27.619252
-110.477010
-157.017739
39.063694
593.890223
1417.737426
1745.811418
1407.971502
501.724320
305.337702
970.641240
1574.297387
1718.344758
1662.648476
1646.778850
1137.424903
377.666573
87.435534
488.448768
829.950905
615.405773
161.442923
-103.610345
-171.208846
-629.139103
-1128.727127
-1236.762656
-935.239768
-833.613126
-1105.533059
-1159.093045
-1098.971579
-1236.304878
-1579.332941
-1564.378871
-1109.653058
-696.585012
-614.490218
-714.438341
-733.817595
-745.719815
-709.097602
-552.079863
-120.853303
280.465116
361.949540
199.591062
50.813321
110.782195
180.516992
323.648808
504.318393
645.771691
608.081330
410.168787
227.362906
87.740719
70.497760
119.632563
192.266619
198.675506
193.334767
25.482957
-246.589568
-409.863602
-396.893235
-332.804362
-338.450286
-222.479945
-151.982184
-289.620669
-461.287293
-445.265075
-336.924361
-257.728825
-97.506642
95.370347
191.808841
182.348103
208.441430
195.318470
216.528835
340.128804
400.402864
375.835462
374.462129
435.499151
357.676948
223.090315
234.229571
277.413264
181.890325
65.157021
38.758509
-18.158514
-83.773313
-112.613305
-131.687375
-195.318470
-224.921426
-249.641419
-353.251764
-358.897689
-246.589568
-172.734772
-221.564389
-264.748082
-244.453273
-283.974744
-289.162891
-247.199939
-189.062175
-212.866614
-162.816256
-40.742212
374.614722
1187.475261
1542.558135
1157.719712
428.785079
485.091731
1114.993797
1481.215928
1604.510713
1756.340304
1801.965478
1253.700429
558.641343
419.782118
888.699039
1181.218966
883.358299
401.776196
136.722929
-18.921477
-508.133207
-854.365714
-716.422044
-447.553963
-638.142064
-1090.884173
-1184.423409
-1175.267856
-1404.767058
-1698.660319
-1576.281090
-1195.867851
-989.104939
-1052.736035
-1138.493051
-1093.325654
-1093.325654
-1100.802690
-945.768654
-484.633954
-61.799985
20.905180
-78.737758
-126.804413
-59.053319
-25.940734
145.268112
469.832476
705.587973
684.530200
504.928763
376.140647
302.438443
376.598425
533.768756
642.872433
533.921349
395.214717
332.499177
222.022167
40.589620
-75.228129
-50.202950
-86.214793
-177.312549
-246.742161
-303.353999
-408.185084
-449.079888
-390.484347
-348.368802
-299.386592
-217.749576
-192.724397
-282.754004
-250.709567
-67.751094
73.549611
157.780702
267.799933
352.488801
277.108079
220.954019
267.036971
323.801401
380.718424
450.910999
438.093225
312.051774
214.697724
161.137738
75.075537
3.662221
53.407394
70.497760
-16.174811
-73.244426
-96.133309
-171.208846
-268.410304
-298.165852
-309.610293
-316.934736
-290.536224
-260.322898
-307.168813
-362.712502
-344.248803
-327.463622
-312.204367
-281.533263
-176.854771
30.518511
660.725762
1225.775992
1169.316747
562.761342
219.733279
664.387983
1170.995265
1455.885564
1608.020341
1731.009940
1472.365560
814.081279
395.367309
616.931699
1140.781939
1270.485610
959.959762
539.872458
284.585114
-57.527393
-454.573220
-486.159879
-206.152541
-95.675532
-503.250245
-916.165698
-1051.973072
-1162.144897
-1382.030768
-1487.014445
-1313.516711
-1151.310825
-1174.810079
-1292.458938
-1321.604116
-1317.789302
-1317.789302
-1289.101902
-1094.851580
-724.509450
-465.254699
-406.048788
-449.537666
-376.140647
-258.949565
-150.151074
78.737758
370.494723
530.411720
463.423589
369.273982
364.085835
422.071006
492.721359
578.478375
665.150946
733.207225
738.547965
584.276892
370.494723
205.084394
200.354024
268.257711
350.199913
335.245843
126.194043
-167.546625
-379.650276
-383.770275
-269.325859
-120.242933
-47.456285
-116.885897
-297.097704
-436.719892
-411.389527
-239.570311
-11.444442
115.970342
134.739226
86.214793
35.248880
-2.136296
11.139256
116.733304
229.041425
289.620669
283.364374
279.244375
251.167345
175.328845
100.405901
93.844421
145.268112
180.211807
177.465141
124.057747
66.835539
-14.343700
-106.814788
-135.959966
-108.340714
-87.282941
-177.617734
-263.374749
-298.623630
-309.457701
-326.853252
-320.902143
-267.342156
-253.608826
-267.952526
-307.473998
-355.540652
-193.945137
517.288760
1176.336004
1123.386388
387.432496
12.817775
455.183591
963.011613
1214.789328
1429.181867
1704.153651
1468.550746
655.232430
100.711086
427.716931
1123.233795
1297.647085
944.547914
583.513929
443.739149
71.565908
-379.955461
-346.537692
116.428119
264.595490
-244.453273
-699.789456
-785.699064
-851.161270
-1130.253053
-1282.845607
-1091.952321
-914.029403
-1036.866409
-1282.235237
-1331.980410
-1270.027833
-1298.104863
-1407.818910
-1290.627828
-929.899028
-680.562794
-675.069462
-703.451677
-572.069488
-482.192473
-467.848773
-319.223624
14.496293
301.370296
336.161398
249.641419
186.468102
217.291798
305.642887
458.388034
592.211705
724.967227
849.024974
766.014625
576.036894
417.340637
426.038413
428.785079
386.516941
451.826554
488.753953
332.499177
94.454791
-28.687400
-95.828124
-148.930333
-126.651820
-17.853329
-46.540729
-158.085887
-178.838474
-174.565883
-162.663663
-106.509603
13.275552
65.767391
38.300731
15.564441
-9.918516
-52.491839
-17.395551
33.722955
17.090366
39.826657
106.967381
120.090341
37.385176
33.722955
122.531821
117.191082
79.195536
117.191082
179.906622
146.946630
66.377761
26.093327
5.340739
-8.697776
-4.577777
-16.479996
-59.663689
-84.688868
-128.482931
-207.983652
-253.914011
-227.210314
-192.571804
-218.970316
-209.051800
-215.918465
-277.871042
-388.653237
39.063694
830.561275
1161.687119
655.385022
-74.312574
6.561480
480.971732
776.238326
954.313837
1371.196696
1607.104786
1027.863448
145.420705
-53.407394
578.783560
1084.780471
1023.133079
753.349442
658.742059
436.567299
-133.823670
-411.084342
-87.893312
379.192498
216.223650
-302.438443
-550.248752
-565.813193
-744.804259
-1040.681223
-1019.776043
-798.059061
-778.069436
-1063.112329
-1236.915248
-1165.654525
-1090.578988
-1216.010068
-1336.100409
-1162.602674
-904.416072
-789.819063
-797.601283
-679.952424
-537.583570
-571.153932
-626.697622
-486.312472
-170.751069
43.488878
103.152567
82.857757
79.042943
90.792570
144.810334
278.328820
449.232481
623.035401
657.368726
552.079863
423.749524
414.136193
481.429510
555.742084
615.558366
851.771640
990.325680
678.121313
228.278462
61.037022
227.820684
274.514006
316.171773
487.075435
397.808790
-45.014804
-321.817698
-217.291798
-92.318496
-18.768884
134.128856
212.256244
0.000000
-161.137738
-144.352557
-174.108105
-188.604398
-88.656274
-48.066655
-173.650327
-171.971809
-65.462206
-119.479970
-215.765872
-116.580712
-34.333325
-83.162942
-28.687400
119.327378
115.817749
-16.785181
-18.158514
24.262216
10.223701
91.402940
194.555507
145.725890
15.717033
-37.537768
-80.874054
-148.014778
-108.951084
-5.493332
-19.837032
-86.672571
-104.831085
-144.199964
-219.122909
-238.044385
-240.485866
-296.182149
121.616266
799.432394
974.150869
330.210288
-220.496242
60.731837
463.423589
556.047269
717.337600
1207.159700
1337.168557
720.084266
12.512589
-9.002961
547.044309
928.373103
898.617555
731.070930
724.204265
488.906545
-100.711086
-389.111014
-4.730369
434.125818
191.656249
-255.134751
-350.047320
-339.976212
-636.616138
-911.587922
-809.656095
-636.158360
-725.272412
-983.001237
-1075.014548
-1003.906417
-942.564210
-1063.417514
-1201.818961
-1102.481208
-897.549407
-845.057568
-877.559782
-724.967227
-572.527265
-645.924284
-760.368700
-627.155400
-337.229546
-159.459220
-56.001468
7.324443
20.599995
-4.577777
43.794063
149.388111
298.013259
509.201355
643.635396
604.571702
492.568767
489.669508
531.174683
519.730241
628.528733
1058.839737
1165.044155
771.965734
355.082875
343.943618
431.531745
308.847331
415.967304
628.070955
469.679883
42.268138
-101.016271
-35.554065
-63.783688
-61.342207
62.105170
19.226662
-172.124402
-163.274034
-141.758483
-237.739200
-255.592529
-158.085887
-185.399954
-276.039931
-139.927373
-9.918516
-131.839967
-226.447351
-126.957006
-90.792570
-107.730344
47.456285
237.739200
210.119948
89.419237
76.296277
55.238505
34.333325
102.237012
171.056254
134.281448
76.906648
47.608877
-56.154060
-136.875522
-93.844421
-41.047397
-106.051826
-133.365893
-108.493306
-152.897740
-237.128830
-247.352531
-225.836981
-284.585114
-334.635472
-358.439911
-47.456285
474.410253
744.499074
373.699166
-142.521446
-12.665182
363.475465
463.423589
512.863576
973.998277
1267.128574
791.955359
127.109598
84.841460
528.122832
763.725736
750.297591
714.743526
701.925752
498.214691
95.065162
-136.875522
24.872586
335.093250
224.158463
-170.751069
-329.905103
-248.268086
-397.808790
-718.558340
-729.392411
-579.851708
-686.361311
-992.156791
-1037.934557
-890.530149
-840.479791
-924.710881
-1016.876784
-1017.181970
-982.543460
-923.490141
-862.910897
-729.239819
-574.205783
-548.570234
-656.605763
-650.044283
-441.755446
-240.180681
-115.054786
-2.746666
111.545157
92.471088
32.044436
87.588126
224.768833
382.854720
525.681351
645.771691
660.115392
616.931699
695.669457
795.159802
777.611659
666.066501
599.078370
591.601335
530.106535
487.228027
503.860616
450.453221
278.023635
122.531821
77.211833
89.877015
75.380722
86.977756
69.582205
-40.437027
-133.976263
-141.605891
-107.119973
-87.282941
-71.871093
-68.056279
-111.545157
-138.706632
-89.419237
-35.248880
-15.411848
-14.191108
-19.531847
-32.807399
-19.226662
40.131842
86.672571
83.162942
68.819242
52.797024
53.865172
70.192575
88.045904
77.059240
41.505175
1.525926
-49.134803
-94.149606
-102.999974
-72.481463
-68.361465
-86.214793
-115.817749
-148.625148
-189.672545
-221.716982
-227.210314
-211.645873
-176.702178
-171.514031
-177.617734
-198.217729
-167.851810
-175.939216
-150.914037
123.599969
460.829515
546.433938
228.736239
43.031100
198.370321
368.053242
390.789533
495.468025
775.322770
831.934608
536.210237
262.154009
313.119922
481.429510
534.989497
497.146543
485.244324
494.705062
350.352506
139.927373
23.041476
74.617759
83.620720
-99.032568
-267.952526
-300.607333
-305.795480
-430.768782
-551.164308
-585.039855
-633.411695
-747.550925
-815.149427
-765.251662
-701.315381
-682.546497
-726.798338
-782.494620
-803.552393
-777.001288
-706.808713
-629.749473
-518.662093
-436.262114
-435.193966
-454.268035
-412.915453
-323.191031
-223.242908
-133.976263
-52.034061
-4.119999
21.973328
112.460713
201.727357
286.263633
362.102132
430.768782
459.608775
435.956929
454.878406
508.896170
527.665054
511.185058
497.299136
448.469518
383.465090
345.774729
347.911025
334.330287
281.685856
266.274008
237.891793
168.156995
112.613305
102.847382
114.139231
97.201457
90.182200
101.016271
116.275527
113.376268
98.117013
37.995546
-4.730369
-7.629628
3.662221
12.054812
20.905180
45.014804
15.411848
-37.232583
-49.897765
-19.379254
4.730369
6.561480
17.548144
32.807399
25.482957
1.220740
-21.057773
-37.995546
-49.897765
-64.394058
-63.478503
-46.082952
-32.197029
-44.862211
-92.623681
-119.632563
-112.613305
-98.574790
-103.915530
-101.931827
-75.991092
-61.952577
-81.484424
-112.613305
-119.479970
-109.866639
-108.340714
-131.077004
-152.439962
-173.650327
-203.100690
-217.291798
-87.282941
206.457726
387.127311
290.688817
80.568869
55.696282
160.222182
201.269580
280.617708
484.786546
647.297617
549.943567
329.294733
251.625123
316.019181
365.306576
370.189538
390.636940
408.642861
341.044360
183.263658
68.361465
45.625174
50.355543
-18.921477
-127.414783
-175.786623
-186.468102
-229.194017
-316.476958
-386.669534
-453.657665
-547.502086
-635.700583
-651.112431
-606.707997
-571.611710
-573.595413
-610.522811
-652.180579
-677.968720
-659.505021
-615.100588
-548.417642
-477.919881
-426.801375
-401.318419
-379.802869
-316.629551
-236.976237
-137.638484
-30.060733
57.679986
99.948123
113.986638
143.894779
192.114026
264.442897
365.764354
446.028037
455.946553
421.460636
390.331755
367.290279
345.316951
348.063617
370.799908
365.916946
335.703620
302.285851
272.530303
238.196978
207.525874
202.642913
201.422172
197.759951
189.977731
180.669585
153.813295
110.477010
76.754055
66.682946
65.309613
58.595541
60.579244
54.933320
44.099248
24.262216
8.239998
0.305185
-0.152593
18.768884
18.463699
10.681479
16.632588
32.959992
45.930359
54.170357
65.614799
53.559987
25.177772
0.915555
-17.090366
-35.554065
-42.878508
-44.251841
-53.559987
-64.851836
-70.955538
-80.416276
-99.642938
-108.188121
-104.983678
-94.607384
-87.740719
-100.558494
-116.733304
-122.074044
-105.746640
-109.256269
-135.502189
-140.537743
-118.869600
-103.457752
-129.398486
-153.965888
-162.816256
-162.511071
-174.565883
-144.199964
-19.989625
142.521446
251.472530
225.684388
164.952552
140.842928
169.682921
210.425133
259.254750
359.508059
440.839890
438.856187
354.167319
297.250297
281.685856
262.459194
226.752536
202.795505
203.711061
167.546625
114.444416
52.797024
8.697776
-41.505175
-117.343675
-186.925879
-236.213275
-258.644380
-282.906596
-309.915479
-341.196952
-390.636940
-445.417667
-491.958396
-504.776171
-495.315433
-466.628032
-451.979147
-457.014701
-454.878406
-437.635447
-406.048788
-375.377685
-331.583621
-280.770301
-232.551053
-176.244401
-113.986638
-54.780727
-13.733330
25.788142
59.511096
84.231090
117.801452
173.802920
222.937722
232.856238
229.499202
230.567350
228.431054
216.376243
228.278462
259.712528
268.562896
248.725864
221.869575
199.285876
186.468102
187.078472
197.149581
201.879950
191.351064
156.559961
105.288863
86.367386
99.490346
107.730344
107.425159
110.629602
93.997014
50.355543
31.434066
47.151099
58.137763
65.004428
79.958499
83.162942
71.718501
71.108130
85.451831
92.623681
82.399980
68.819242
63.478503
57.222208
49.897765
42.725915
34.485917
31.891844
22.736291
-4.425184
-20.294810
-8.392591
2.136296
-21.820735
-58.442948
-73.397019
-76.143685
-89.114052
-105.746640
-100.405901
-92.318496
-103.610345
-133.060708
-151.371814
-139.469595
-123.905154
-115.970342
-111.697750
-94.302199
-81.026647
-85.451831
-86.977756
-69.124427
-35.554065
-17.853329
-18.921477
-20.294810
-13.580737
-9.002961
-7.171850
4.425184
16.632588
28.534808
38.300731
60.884429
87.740719
90.945163
96.896272
117.801452
131.839967
115.207379
113.528861
142.521446
156.254776
141.911076
129.093301
128.025153
102.694789
73.549611
60.274059
52.797024
33.417769
18.311107
8.697776
-27.771845
-59.053319
-67.598502
-77.211833
-110.629602
-132.755523
-129.856264
-144.199964
-177.922919
-199.743654
-189.367360
-180.822177
-183.111066
-190.435508
-190.130323
-182.653288
-199.896247
-218.054761
-213.782169
-181.432548
-146.031075
-122.531821
-104.831085
-95.217754
-85.299238
-73.549611
-48.219247
-11.291849
27.924438
46.998507
32.959992
25.330364
31.434066
38.453324
41.657767
51.881469
66.530354
59.968874
44.862211
35.554065
37.842954
39.368879
41.810360
51.423691
60.121467
66.530354
70.192575
80.416276
89.877015
99.185161
97.811828
88.503682
97.201457
110.171824
118.106637
119.479970
108.645899
97.964420
105.899233
111.239972
104.068122
112.460713
119.937748
115.512564
110.171824
113.681453
111.545157
83.162942
57.069615
54.780727
54.475542
48.677025
53.712579
40.131842
11.291849
0.762963
-9.918516
-15.869626
-12.054812
-27.466660
-43.641471
-29.297771
-25.940734
-48.219247
-53.102209
-42.420730
-45.777766
-63.020725
-61.952577
-38.605916
-20.905180
-12.817775
-8.239998
-18.768884
-22.888883
-3.509629
3.204444
-5.035554
2.441481
-3.662221
-30.976289
-32.654807
-17.395551
-15.564441
-7.324443
4.577777
-1.983703
-16.479996
-22.583698
-25.635549
-21.820735
-9.460738
-4.272592
-15.717033
-33.112584
-43.336286
-51.728876
-58.290356
-54.475542
-42.725915
-37.537768
-42.878508
-42.268138
-31.434066
-37.232583
-43.641471
-20.142217
-1.525926
-7.171850
-2.441481
5.035554
1.678518
9.155553
16.174811
3.967406
4.425184
21.668143
26.703697
21.820735
21.057773
20.752587
17.548144
18.463699
23.041476
24.872586
25.635549
19.531847
-1.525926
-15.869626
-20.905180
-32.197029
-30.365918
-32.807399
-57.527393
-68.361465
-76.601462
-107.272566
-122.226636
-115.054786
-108.951084
-107.577751
-122.837007
-138.859225
-135.502189
-124.820710
-101.931827
-59.511096
-36.469621
-43.946656
-51.881469
-38.758509
-4.272592
26.856290
39.521472
45.930359
43.488878
62.257762
84.688868
68.056279
76.754055
114.139231
111.850343
105.441455
99.948123
79.500721
84.078498
89.266644
72.634056
75.991092
85.451831
65.614799
58.748134
63.173318
39.521472
38.758509
59.816281
52.644431
63.173318
69.582205
41.505175
39.063694
56.154060
41.657767
26.245919
33.875547
45.777766
43.488878
32.654807
30.671103
28.229623
20.905180
36.164435
43.641471
31.128881
19.684440
9.765924
11.902219
6.256295
10.376294
30.671103
24.262216
25.940734
37.385176
22.125920
1.068148
-5.645925
-9.002961
-13.885922
9.308146
38.605916
22.736291
3.662221
-7.171850
-35.096288
-45.625174
-42.268138
-41.505175
-39.216287
-44.251841
-52.797024
-54.322949
-66.835539
-79.042943
-71.718501
-70.039983
-71.413316
-68.666650
-58.137763
-46.235544
-58.595541
-65.919984
-66.377761
-78.890351
-63.325910
-23.957031
-11.597034
-37.232583
-38.758509
-29.450363
-55.085912
-59.053319
-32.654807
-26.245919
-27.466660
-9.002961
-9.155553
-26.398512
-27.619252
-14.648885
-9.002961
7.019258
21.820735
3.204444
-19.074069
-16.785181
-23.041476
-27.619252
-15.717033
-9.613331
-8.545183
-10.986664
-23.957031
-30.213326
-20.752587
-14.496293
-13.885922
-9.918516
6.103702
12.512589
41.047397
60.579244
37.995546
43.031100
61.342207
44.557026
51.576283
78.890351
74.617759
77.059240
66.225169
36.317028
21.973328
15.869626
19.531847
34.028140
25.788142
5.645925
4.882962
13.733330
0.915555
16.022218
21.668143
-15.411848
-20.142217
-3.967406
-10.528886
-7.629628
17.548144
8.697776
2.746666
-5.645925
-21.057773
-31.891844
-18.158514
-16.785181
-21.820735
-8.239998
-9.613331
-0.762963
16.022218
17.090366
11.902219
23.041476
33.570362
54.170357
49.745173
16.327403
3.357036
14.191108
32.349622
55.391097
64.394058
66.377761
57.069615
56.611838
51.881469
41.505175
6.103702
10.071109
22.583698
35.706658
34.943695
36.469621
28.382215
7.477035
16.937774
4.272592
-20.142217
-34.791102
-37.842954
-45.167396
-33.265177
-25.635549
-31.586659
-8.697776
-3.967406
-8.239998
-18.158514
-32.654807
-26.856290
-16.174811
-15.259255
-32.044436
-13.275552
-23.346661
-32.044436
-53.865172
-37.842954
-7.477035
-58.900726
-81.484424
-42.420730
-64.088873
-85.451831
-73.549611
-87.588126
-47.608877
-22.431106
-78.890351
-76.754055
-36.164435
-46.998507
-61.037022
-51.271098
-41.962953
-13.885922
8.545183
-33.875547
-65.614799
-61.494800
-35.401473
-25.025179
15.259255
47.151099
34.028140
17.700736
30.671103
63.020725
69.429612
83.468127
62.715540
48.066655
88.961459
105.899233
98.727383
99.642938
98.879975
104.525900
86.977756
50.050358
47.761470
43.336286
9.765924
21.210365
41.199990
22.431106
-16.785181
-17.853329
-31.281474
-46.845914
-24.109624
-18.005921
-14.343700
-23.194068
-23.651846
-26.245919
-55.696282
-73.549611
-64.851836
-40.894805
-9.308146
-4.425184
-34.028140
-31.739251
-36.011843
-29.602956
-17.548144
-27.008882
-9.460738
-4.577777
20.294810
20.142217
8.392591
16.327403
0.915555
7.171850
18.005921
35.401473
56.917023
63.020725
73.091834
79.958499
39.674064
23.346661
46.388137
50.050358
41.199990
44.099248
60.121467
54.170357
31.739251
22.125920
-20.447402
-32.349622
-0.305185
5.645925
-7.629628
-12.512589
-20.752587
-53.865172
-31.128881
-6.408887
-31.281474
-21.210365
-13.428145
-10.223701
11.902219
22.278513
40.131842
27.314067
22.583698
34.180732
21.210365
3.814814
18.005921
-3.051851
-41.047397
-33.112584
-17.548144
-34.791102
-48.219247
-52.949616
-93.844421
-108.188121
-89.724422
-71.108130
-83.468127
-61.037022
-68.361465
-74.617759
-80.111091
-84.841460
-99.948123
-90.334792
-61.037022
-59.968874
-21.668143
-28.687400
-48.066655
-27.619252
-5.951110
-20.752587
-30.060733
-5.035554
1.525926
26.551105
57.985171
48.677025
28.229623
42.725915
76.296277
55.848875
74.770352
90.334792
101.474049
125.888858
97.048865
76.448870
72.634056
96.591087
99.795531
111.697750
97.354050
101.016271
77.211833
73.702204
63.478503
57.222208
24.567401
19.989625
47.608877
27.924438
-1.525926
-22.431106
6.256295
-24.109624
-48.371840
-59.358504
-40.894805
-56.154060
-70.497760
-60.426652
-57.832578
-59.205911
-52.949616
-37.537768
-53.407394
-50.050358
-55.085912
-69.277020
-60.274059
-38.300731
-35.096288
-29.297771
-24.262216
-15.717033
-12.817775
-7.477035
23.957031
27.466660
11.597034
27.314067
11.902219
-0.915555
13.733330
17.090366
1.525926
0.000000
11.291849
0.000000
6.714072
4.730369
-9.002961
-37.537768
-51.881469
-51.271098
-39.368879
1.983703
2.899259
7.019258
41.199990
56.611838
22.888883
33.722955
51.881469
32.349622
24.567401
48.982210
89.571830
59.816281
27.314067
34.638510
26.398512
6.714072
38.300731
25.330364
-3.204444
-10.376294
-19.684440
-24.109624
-4.577777
4.272592
-10.071109
-3.814814
-46.388137
-64.088873
-57.832578
-19.074069
-18.158514
-48.524432
-46.845914
-32.502214
-59.816281
-95.980717
-61.952577
-65.919984
-65.309613
-45.625174
-44.557026
-49.134803
-56.001468
-87.893312
-92.471088
-59.816281
-43.641471
-32.349622
-20.447402
-0.457778
2.746666
8.545183
9.460738
19.684440
39.979249
50.813321
58.900726
82.552572
102.389604
98.422198
111.392565
90.487385
73.091834
74.007389
86.367386
109.103677
100.711086
89.724422
72.786649
69.429612
58.748134
35.859250
28.382215
39.216287
27.008882
5.493332
22.888883
28.687400
20.905180
14.954070
6.256295
-15.411848
-27.924438
-23.499253
-39.826657
-39.216287
-41.352582
-64.699243
-51.423691
-52.034061
-58.900726
-34.333325
-32.654807
-34.943695
-37.690361
-30.365918
-41.505175
-29.908141
0.457778
-14.648885
-24.109624
-16.479996
-17.548144
-23.499253
-9.155553
-24.872586
-27.924438
-16.022218
-16.937774
-19.074069
-29.755548
-36.011843
-40.742212
-25.940734
-12.207404
-5.340739
-9.460738
-1.983703
-9.765924
-24.109624
-14.343700
-16.632588
-3.967406
-2.594073
-2.136296
0.762963
-4.577777
18.311107
25.788142
39.979249
49.134803
18.463699
-5.493332
-1.831111
21.057773
48.219247
31.281474
-10.071109
-11.291849
15.259255
30.060733
10.528886
7.019258
24.567401
19.531847
19.989625
31.891844
35.096288
23.651846
27.619252
24.567401
21.210365
23.346661
35.096288
-6.714072
-35.706658
-28.077030
-35.706658
-25.177772
-43.183693
-50.355543
-45.319989
-61.799985
-56.001468
-17.395551
-28.534808
-43.488878
-48.066655
-32.959992
-9.002961
-7.171850
14.496293
-35.248880
8.239998
5.340739
15.869626
33.875547
35.248880
43.488878
23.346661
56.459245
14.343700
31.128881
36.011843
54.170357
42.573323
69.429612
62.868133
32.807399
49.592580
-8.545183
22.583698
26.398512
11.444442
12.207404
40.131842
36.927398
16.785181
21.515550
5.951110
-5.493332
-16.937774
-3.662221
1.525926
-3.357036
-42.115545
-31.891844
-43.336286
-60.121467
-7.477035
-5.493332
0.000000
-0.610370
-10.528886
-18.463699
-21.668143
-14.954070
-9.002961
-6.256295
15.869626
-4.425184
-27.466660
3.357036
1.068148
-12.359997
-31.739251
-33.570362
-2.746666
-3.357036
-13.580737
-32.349622
-32.654807
-49.287395
-71.565908
-27.466660
-28.382215
-42.420730
-17.242959
10.223701
-20.905180
-0.762963
0.915555
-16.174811
-21.973328
-6.103702
3.814814
-9.002961
19.379254
5.645925
-12.207404
22.125920
31.128881
19.531847
6.408887
12.512589
-11.444442
-1.525926
32.807399
18.311107
4.425184
26.703697
28.382215
3.204444
9.460738
21.515550
33.265177
2.594073
35.859250
63.173318
38.758509
14.191108
0.457778
-0.610370
21.820735
1.068148
2.899259
41.047397
18.005921
13.733330
-29.602956
-41.810360
-64.241466
-43.336286
-48.677025
-22.278513
14.496293
-2.441481
-9.460738
5.493332
-9.460738
-30.823696
-49.287395
-13.122960
30.518511
44.099248
50.813321
0.762963
-23.651846
-16.785181
-10.376294
12.054812
55.085912
44.557026
14.801478
25.025179
30.671103
12.207404
22.431106
44.557026
22.431106
-3.051851
9.765924
43.183693
13.428145
36.774806
18.158514
3.967406
-6.714072
-16.937774
-9.460738
-8.239998
20.447402
22.125920
-21.362958
-21.668143
2.288888
-53.102209
-20.599995
-3.509629
-18.311107
2.899259
14.191108
-7.782220
-6.408887
-42.573323
-51.423691
9.002961
1.068148
-11.597034
-7.629628
-25.940734
-27.771845
-36.622213
-5.493332
-15.411848
-26.245919
-8.850368
-12.665182
-5.951110
-4.425184
-3.357036
-44.862211
8.697776
4.272592
-47.914062
23.651846
10.376294
-14.496293
-12.970367
-10.223701
-37.842954
2.288888
9.002961
-19.226662
-3.814814
17.700736
-4.272592
-34.333325
16.022218
-12.970367
-44.709619
6.103702
13.580737
3.662221
3.967406
37.079991
15.717033
29.602956
13.885922
-3.814814
0.305185
0.762963
35.706658
50.202950
50.355543
27.924438
25.788142
3.051851
28.534808
34.333325
-4.272592
4.425184
11.291849
19.837032
10.071109
14.191108
21.057773
5.035554
-11.902219
-15.564441
3.814814
-3.204444
-22.888883
-36.622213
-18.921477
-4.119999
-1.983703
1.525926
28.534808
-5.493332
-26.398512
-35.859250
-36.469621
-22.431106
5.188147
3.204444
-11.291849
9.613331
13.428145
-10.071109
2.136296
21.973328
-24.414809
-28.687400
12.207404
41.047397
13.122960
23.194068
50.660728
13.580737
26.856290
57.832578
-8.697776
14.648885
0.762963
-2.594073
35.096288
21.515550
24.872586
15.411848
-10.223701
-32.959992
-25.635549
1.068148
7.477035
18.311107
25.177772
9.155553
22.736291
19.379254
-27.314067
-29.450363
-12.207404
-28.382215
-44.099248
-28.534808
-26.703697
-54.017764
-54.017764
-36.774806
-46.693322
-46.998507
-29.755548
-15.106663
-0.610370
-4.882962
1.373333
-7.019258
-5.951110
11.749627
20.752587
22.583698
19.379254
18.311107
17.090366
-7.019258
-20.599995
73.702204
38.148139
-33.112584
2.288888
25.025179
3.509629
15.564441
-3.204444
-48.371840
-30.671103
-21.820735
-8.850368
9.460738
-5.035554
-36.927398
-11.291849
-17.548144
-7.629628
-0.610370
15.869626
42.268138
15.869626
-20.599995
5.645925
-12.359997
-22.431106
29.297771
30.671103
21.057773
16.937774
15.717033
-11.902219
-18.921477
1.373333
25.635549
16.022218
-7.629628
1.525926
4.577777
43.946656
23.346661
-7.782220
9.308146
0.610370
-22.583698
-2.746666
-38.453324
-31.128881
23.651846
15.717033
4.272592
35.554065
42.115545
-4.577777
-12.665182
1.678518
-28.077030
-15.106663
16.327403
19.074069
30.365918
-5.798517
-17.548144
1.525926
-0.610370
6.714072
-0.305185
-20.294810
-12.054812
-11.444442
-5.645925
36.622213
27.008882
15.717033
41.352582
40.894805
-19.684440
19.226662
48.371840
30.213326
10.681479
40.131842
35.401473
23.804439
39.826657
2.136296
-12.512589
-0.762963
-3.509629
-2.746666
4.272592
-15.869626
-34.791102
-68.514057
-48.982210
-5.493332
-31.128881
-33.570362
-18.463699
-22.736291
2.136296
23.194068
1.983703
-22.888883
-0.305185
8.239998
-28.229623
-45.167396
-30.365918
-45.014804
-39.674064
-12.359997
-22.583698
-2.136296
5.188147
-17.242959
-15.259255
-26.093327
-57.527393
-41.352582
4.577777
6.103702
28.077030
7.934813
-25.482957
-20.142217
-12.207404
-45.777766
-10.834071
18.463699
10.834071
-13.580737
-26.245919
-12.817775
-36.011843
-21.668143
-1.983703
13.885922
0.610370
-9.613331
16.327403
58.748134
56.764430
0.305185
9.460738
32.959992
16.174811
26.703697
36.774806
34.791102
13.580737
21.820735
61.494800
34.028140
29.145178
36.622213
35.096288
21.668143
28.382215
-0.762963
21.820735
19.379254
48.524432
31.891844
64.851836
18.005921
115.512564
451.521369
118.259230
-98.269605
-21.820735
-124.668117
-185.247361
-10.376294
19.226662
-42.115545
14.648885
14.801478
-81.179239
-145.725890
-177.007363
-192.571804
-142.368854
-97.506642
-86.977756
-64.851836
-7.934813
-5.951110
22.583698
61.342207
-19.074069
-57.985171
9.155553
10.071109
-26.703697
0.152593
34.180732
71.260723
99.642938
94.454791
111.697750
75.991092
7.019258
20.905180
6.103702
-41.352582
-15.106663
7.019258
-3.204444
38.300731
65.919984
10.986664
-53.254802
-63.478503
-26.245919
10.376294
5.340739
36.622213
42.268138
18.463699
35.096288
34.638510
2.899259
-2.288888
46.845914
29.145178
-18.463699
-34.791102
-77.974795
-124.210340
-78.737758
16.174811
-1.525926
-31.128881
-20.905180
-13.122960
-32.197029
-20.142217
-32.959992
-59.663689
-43.641471
-30.823696
-16.174811
38.911101
13.733330
-31.739251
-5.645925
1.525926
0.000000
-35.096288
3.662221
34.943695
7.477035
7.782220
55.238505
51.271098
39.368879
45.472581
16.785181
-25.635549
-7.782220
27.771845
26.551105
84.536275
57.069615
-49.134803
-39.063694
-36.622213
-26.245919
-1.220740
34.791102
57.679986
41.199990
47.914062
32.807399
-11.597034
-41.047397
21.515550
43.336286
6.103702
25.635549
59.663689
28.077030
13.580737
-28.687400
-29.145178
0.000000
8.087405
15.259255
4.882962
-12.054812
-15.717033
-68.361465
-121.005896
-19.989625
-12.054812
-45.014804
-7.934813
-30.976289
-43.488878
-54.475542
-54.322949
-74.007389
-66.377761
-13.885922
-10.071109
-17.700736
36.622213
64.088873
-9.460738
34.943695
77.364425
4.730369
5.798517
78.890351
-6.561480
4.119999
54.017764
-8.239998
37.995546
67.140724
3.662221
16.174811
77.364425
-13.733330
-51.728876
6.714072
21.668143
9.308146
16.937774
-7.782220
8.850368
58.900726
37.690361
56.001468
21.973328
-67.903687
-64.699243
-40.589620
-49.134803
-18.311107
26.856290
0.305185
-1.220740
72.176278
65.309613
-34.180732
-48.371840
-31.281474
-59.205911
-68.666650
-39.979249
-64.088873
-45.472581
-56.764430
-43.183693
-5.493332
40.437027
16.632588
-45.319989
-68.514057
-127.109598
-48.982210
-27.619252
-14.038515
51.728876
90.029607
91.555533
49.287395
12.207404
-33.570362
-67.293317
-115.665156
-58.900726
3.357036
43.641471
94.454791
90.182200
77.211833
16.327403
-43.641471
-54.628135
-25.177772
-27.008882
-1.831111
92.928866
80.111091
-23.346661
-9.155553
-6.714072
-5.035554
43.336286
63.631095
57.527393
50.202950
34.180732
-25.330364
-4.882962
-1.983703
11.749627
40.742212
55.696282
22.583698
-8.697776
50.660728
74.159982
38.453324
9.765924
-54.628135
-65.004428
-25.482957
17.242959
32.044436
7.324443
-25.482957
-54.475542
8.697776
-0.152593
-9.460738
-11.139256
-87.435534
-91.860718
-59.205911
-74.312574
-23.194068
17.395551
-29.450363
4.882962
30.060733
-19.837032
-1.068148
36.164435
-0.457778
-31.586659
0.305185
19.074069
-40.437027
-0.762963
86.367386
21.362958
-32.044436
10.071109
30.976289
34.485917
68.361465
27.771845
-25.940734
1.220740
-42.115545
-70.345168
11.139256
49.745173
61.647392
49.287395
16.327403
64.088873
47.608877
-18.768884
-24.567401
-21.668143
-38.148139
20.905180
66.835539
24.872586
11.749627
37.385176
-0.152593
-68.514057
-74.312574
-49.897765
-52.644431
-81.789609
-40.284434
-34.638510
-39.674064
-42.725915
6.103702
9.765924
-39.826657
-43.183693
-44.862211
-18.158514
-5.188147
1.831111
-7.477035
17.090366
-8.697776
10.681479
32.502214
19.074069
-24.262216
-56.764430
-37.995546
-67.598502
-37.995546
21.057773
14.648885
-16.327403
-5.340739
-40.589620
-38.605916
0.000000
-8.850368
-36.622213
-7.629628
38.148139
13.275552
-4.425184
1.068148
38.911101
44.709619
75.075537
82.552572
73.244426
69.429612
-10.834071
7.782220
71.108130
49.745173
35.554065
53.865172
86.825164
94.607384
63.631095
1.983703
-46.235544
-30.671103
-6.256295
-28.534808
-28.687400
1.831111
10.834071
-25.635549
-14.648885
51.423691
25.940734
10.834071
2.899259
23.346661
18.158514
-8.087405
-7.019258
-31.739251
-12.817775
16.174811
-2.594073
1.525926
65.462206
25.635549
-7.934813
-5.645925
-45.319989
-70.650353
-26.398512
-3.357036
6.714072
27.161475
-37.232583
-98.727383
-31.891844
-0.915555
-1.525926
23.804439
-6.714072
-20.599995
14.343700
25.788142
-21.973328
13.122960
70.192575
77.059240
89.571830
28.534808
-57.985171
-62.257762
-9.155553
-15.717033
-29.450363
-21.668143
-34.791102
-60.121467
-40.131842
34.638510
47.914062
-5.645925
-59.358504
-79.653314
-75.228129
-70.650353
-32.807399
0.610370
17.700736
33.570362
-21.362958
-42.420730
-16.937774
-57.222208
-76.296277
-11.139256
-5.798517
4.272592
55.085912
40.894805
19.379254
-5.035554
13.733330
-17.853329
-30.060733
5.188147
-4.119999
6.714072
23.651846
51.881469
23.651846
38.300731
39.368879
18.005921
85.909608
111.392565
48.677025
8.545183
15.411848
0.000000
10.834071
1.831111
-10.223701
26.551105
79.195536
15.869626
-50.965913
-8.239998
-5.798517
-84.078498
-91.097755
-23.346661
5.951110
54.322949
52.491839
50.660728
52.491839
-4.730369
-35.096288
-22.431106
-5.493332
17.242959
21.820735
0.152593
12.207404
47.303692
56.306653
20.599995
7.782220
10.223701
-12.359997
-47.914062
-34.791102
28.534808
21.362958
-18.616292
-10.681479
-41.810360
-53.865172
7.019258
-40.437027
-60.579244
-41.505175
-37.079991
-9.460738
-5.340739
-18.311107
5.798517
29.297771
0.610370
-6.256295
14.343700
40.742212
29.145178
21.362958
5.188147
-1.983703
-50.965913
-63.325910
-34.485917
23.804439
54.017764
31.739251
32.959992
1.831111
-7.629628
-15.106663
-13.733330
12.970367
59.968874
58.442948
25.025179
1.678518
27.466660
25.482957
-14.038515
-8.545183
-40.437027
-35.859250
2.899259
31.128881
74.007389
27.314067
-22.278513
22.888883
46.693322
22.888883
-4.882962
-32.807399
-52.339246
-19.837032
39.826657
20.294810
-10.528886
-15.717033
-58.290356
-88.045904
-38.300731
-43.794063
-52.186654
-2.288888
26.856290
28.992585
-4.272592
-32.197029
-47.914062
-28.992585
8.392591
-0.610370
-24.414809
9.613331
22.125920
-2.288888
21.210365
42.420730
-10.071109
-12.207404
30.213326
0.305185
10.681479
19.989625
5.035554
5.798517
-13.428145
-18.768884
-6.408887
-16.327403
10.528886
20.142217
2.899259
27.314067
22.125920
-5.645925
26.093327
39.826657
0.457778
-11.291849
5.951110
6.103702
3.204444
2.288888
-19.379254
-22.278513
-47.151099
-29.450363
18.921477
38.605916
4.119999
-16.937774
40.589620
45.625174
38.453324
37.537768
1.525926
3.662221
45.930359
38.300731
14.343700
7.934813
-6.256295
-26.093327
-57.985171
-42.725915
-0.152593
41.352582
30.518511
-7.934813
-14.038515
-30.365918
-47.303692
-23.194068
10.376294
31.739251
34.180732
1.525926
10.681479
18.005921
-15.106663
-31.739251
2.441481
8.850368
-8.239998
0.610370
20.447402
5.798517
-15.411848
-4.577777
-15.869626
-16.174811
10.986664
17.700736
-25.940734
-6.561480
17.700736
-17.242959
-32.349622
-26.093327
-24.872586
-21.362958
-11.139256
-10.681479
-5.340739
9.765924
27.619252
35.706658
7.171850
-38.148139
-43.031100
-29.908141
1.831111
11.139256
-12.970367
9.765924
27.466660
21.210365
13.275552
6.103702
2.136296
-2.746666
-3.814814
2.899259
23.804439
0.152593
-32.197029
3.662221
3.051851
14.801478
16.174811
-10.223701
4.882962
-24.262216
-58.442948
-53.254802
-15.259255
14.648885
46.998507
64.546651
54.322949
43.946656
-16.174811
-43.183693
-25.025179
-45.319989
-47.303692
-19.684440
-1.678518
52.339246
77.822203
49.592580
2.288888
-36.927398
-65.462206
-73.854796
-70.955538
-57.985171
10.223701
56.306653
77.974795
96.438495
57.069615
22.125920
-5.645925
-45.472581
-22.431106
14.801478
12.970367
14.038515
42.115545
52.491839
39.521472
40.894805
5.035554
-22.278513
-7.477035
-5.645925
-5.188147
-4.272592
-14.038515
0.915555
25.330364
14.191108
3.509629
12.207404
-9.002961
-16.174811
-2.441481
-9.308146
-7.019258
-7.934813
-32.044436
-30.213326
30.213326
28.839993
-37.690361
-20.905180
2.899259
-29.755548
-19.837032
2.441481
-2.594073
1.220740
-12.512589
-32.044436
-21.210365
-8.239998
6.866665
18.158514
-12.970367
-2.746666
47.151099
29.297771
9.460738
37.690361
46.235544
55.696282
59.663689
34.485917
-1.525926
-26.551105
-28.534808
-26.093327
-9.613331
7.324443
5.188147
-9.918516
-16.785181
-5.645925
-16.327403
-55.543690
-65.919984
-43.946656
-43.641471
-48.677025
-41.657767
-37.232583
-35.248880
-20.142217
-21.057773
-36.469621
-25.635549
-19.837032
-12.054812
14.801478
8.087405
-20.599995
-23.957031
-23.194068
-36.317028
-35.554065
8.087405
51.576283
66.530354
61.952577
40.131842
0.915555
-36.927398
-38.300731
-19.074069
-9.460738
18.616292
37.690361
20.142217
26.856290
35.401473
18.921477
-1.678518
-20.447402
-27.924438
-26.093327
-3.357036
24.567401
36.317028
35.859250
26.551105
29.908141
35.706658
33.722955
45.167396
42.573323
44.557026
67.140724
57.374801
17.090366
-4.730369
7.324443
21.973328
35.401473
57.374801
46.845914
10.681479
-3.357036
-4.882962
-24.872586
-54.475542
-36.774806
-1.678518
-14.191108
-6.103702
25.635549
7.324443
-19.379254
-32.807399
-36.927398
-17.548144
-13.275552
-24.109624
-13.885922
3.357036
-4.119999
-22.125920
-21.820735
-17.395551
-11.291849
-1.068148
-6.256295
-12.054812
-19.989625
-34.791102
-37.537768
-41.810360
-42.115545
-24.567401
-4.272592
-2.288888
-13.428145
-8.697776
-14.343700
-30.518511
-26.703697
-13.428145
0.152593
-0.305185
13.885922
38.453324
20.294810
13.275552
25.025179
6.714072
-1.678518
-8.087405
-34.333325
-30.823696
10.376294
36.469621
27.771845
10.681479
7.171850
14.954070
15.564441
1.525926
-3.662221
-4.882962
-4.730369
19.074069
44.862211
58.290356
53.102209
19.837032
10.376294
17.853329
6.256295
-3.662221
-9.155553
7.934813
40.589620
38.453324
15.564441
5.188147
-8.697776
-34.485917
-47.761470
-45.014804
-47.456285
-42.573323
-24.414809
-17.395551
-12.207404
-9.460738
-17.395551
-27.466660
-36.927398
-31.434066
-20.447402
-10.834071
4.119999
6.866665
12.054812
20.447402
2.136296
-20.599995
-26.703697
-33.722955
-29.145178
-11.291849
-1.068148
20.752587
45.167396
25.940734
-5.798517
-2.441481
4.882962
-0.762963
7.324443
25.330364
27.161475
5.188147
-12.970367
-9.613331
-3.662221
0.305185
0.000000
-8.239998
-0.610370
26.245919
49.134803
60.731837
54.780727
30.060733
1.831111
-12.359997
-11.902219
0.762963
17.395551
12.207404
-6.256295
-8.239998
2.441481
4.730369
-4.882962
-15.106663
-17.090366
-10.528886
-5.493332
-9.613331
-12.817775
-11.597034
-5.645925
3.967406
4.882962
0.610370
2.288888
9.460738
16.937774
16.479996
9.765924
9.002961
11.597034
6.561480
-5.951110
-19.074069
-19.837032
-2.441481
17.395551
25.788142
19.531847
4.577777
-12.207404
-22.736291
-17.700736
-10.223701
-22.736291
-33.265177
-21.515550
-9.002961
2.594073
19.379254
18.158514
5.340739
6.714072
9.002961
-3.357036
-17.853329
-30.213326
-35.859250
-28.534808
-21.515550
-13.733330
0.915555
10.071109
12.817775
16.327403
9.613331
-3.662221
3.051851
15.259255
-0.915555
-21.668143
-14.038515
-11.139256
-21.973328
-10.071109
12.054812
16.174811
19.989625
27.924438
19.989625
-0.610370
-24.262216
-37.537768
-33.875547
-31.586659
-28.534808
-8.087405
7.171850
2.288888
2.288888
9.308146
6.866665
-0.152593
-8.087405
-18.616292
-18.616292
-5.035554
5.493332
14.954070
26.245919
29.755548
27.008882
22.736291
18.463699
18.158514
15.717033
7.934813
5.951110
10.681479
9.002961
1.373333
2.899259
9.002961
5.493332
-1.373333
-3.967406
-4.272592
0.762963
5.645925
2.899259
-3.967406
-7.019258
-4.425184
0.152593
-1.678518
-7.324443
-0.152593
8.697776
5.340739
1.525926
-3.051851
-16.174811
-23.957031
-15.411848
-6.408887
-4.882962
-3.051851
-2.594073
-1.220740
-2.899259
-9.002961
-12.359997
-9.308146
-5.798517
-3.357036
0.457778
-2.441481
-3.204444
3.509629
5.188147
2.136296
1.220740
3.051851
5.645925
9.308146
6.103702
0.457778
-0.915555
-3.051851
-2.594073
2.288888
6.408887
5.493332
5.493332
7.019258
7.477035
7.782220
2.288888
-5.188147
-7.171850
-5.340739
-6.714072
-9.155553
-4.119999
5.035554
7.019258
-0.457778
-2.136296
5.035554
7.477035
3.814814
2.594073
1.678518
-6.408887
-13.885922
-11.291849
-5.645925
-1.831111
3.051851
9.613331
13.733330
16.632588
19.379254
13.885922
3.509629
-0.152593
1.373333
-2.136296
-11.444442
-15.564441
-10.223701
0.000000
9.155553
13.428145
13.275552
7.934813
-1.525926
-14.038515
-24.109624
-28.382215
-26.551105
-19.531847
-10.681479
-2.899259
3.967406
8.697776
5.645925
-0.762963
-2.746666
-5.340739
-9.155553
-9.155553
-5.645925
1.068148
9.002961
13.122960
14.801478
16.632588
13.885922
7.019258
1.525926
-1.220740
0.305185
3.204444
2.594073
3.204444
5.798517
7.324443
7.629628
5.035554
0.610370
-3.662221
-6.714072
-7.629628
-4.882962
-4.272592
-5.798517
-2.746666
0.762963
1.983703
4.730369
7.782220
4.425184
-0.915555
-2.899259
-1.068148
2.899259
4.272592
3.357036
3.357036
1.983703
-1.678518
-4.425184
-5.645925
-8.545183
-8.697776
-6.103702
-4.577777
-3.967406
-2.136296
0.000000
0.000000
0.610370
0.152593
-2.288888
-3.967406
-3.204444
-1.068148
0.305185
1.678518
2.746666
2.899259
0.915555
-1.068148
-1.831111
-1.068148
0.305185
2.288888
3.814814
2.441481
0.915555
0.762963
-1.525926
-4.119999
-2.746666
-0.762963
-0.305185
-0.915555
-1.068148
0.305185
1.831111
2.136296
3.051851
3.051851
2.899259
3.814814
4.272592
1.831111
-1.373333
-4.119999
-5.798517
-5.645925
-3.204444
-0.457778
0.000000
-0.152593
0.762963
1.220740
-0.457778
-2.136296
-2.136296
-0.915555
0.152593
0.915555
1.373333
1.525926
1.678518
1.983703
1.983703
2.441481
4.425184
6.103702
5.340739
2.594073
1.068148
1.525926
2.288888
2.594073
4.730369
6.714072
7.171850
6.103702
4.730369
1.678518
-1.678518
-2.441481
-1.525926
0.305185
1.373333
1.983703
2.136296
1.831111
2.288888
2.136296
1.678518
0.000000
-0.305185
-0.152593
-1.678518
-3.967406
-5.493332
-4.882962
-3.967406
-3.204444
-3.357036
-4.119999
-4.425184
-3.357036
-2.136296
-1.373333
-0.915555
0.000000
-0.305185
-1.220740
-3.051851
-4.272592
-4.119999
-3.814814
-2.594073
-1.525926
-1.373333
-1.373333
-2.136296
-2.136296
-1.678518
-0.762963
0.152593
0.152593
0.457778
0.000000
-0.610370
-1.831111
-2.441481
-1.983703
-1.983703
-1.678518
-1.373333
-0.610370
0.305185
0.610370
1.220740
1.831111
2.441481
2.441481
2.594073
2.441481
2.899259
3.967406
4.272592
4.577777
3.357036
2.594073
2.136296
1.220740
0.610370
-0.457778
-0.152593
-0.305185
-0.305185
-0.457778
-0.762963
-0.152593
-0.305185
-0.915555
-1.220740
-0.762963
-0.152593
0.000000
0.152593
0.457778
-0.152593
-0.152593
-0.915555
-1.373333
-0.610370
0.152593
0.762963
0.610370
1.373333
1.220740
1.525926
1.373333
1.068148
1.068148
0.762963
0.762963
0.000000
0.152593
0.000000
-0.152593
-0.152593
0.152593
0.457778
0.305185
0.305185
0.305185
1.068148
1.220740
1.068148
1.068148
0.915555
1.373333
0.762963
0.762963
0.152593
0.152593
0.000000
0.000000
0.152593
0.762963
1.068148
1.373333
0.915555
0.305185
-0.305185
-0.610370
-1.068148
-1.068148
-1.068148
-0.915555
-0.610370
-0.610370
-0.457778
-0.457778
-0.610370
-0.457778
-1.068148
-0.610370
-0.610370
-1.068148
-0.915555
-1.220740
-0.457778
-0.915555
-0.610370
-0.610370
-0.915555
-1.220740
-1.068148
-1.068148
-1.373333
-1.220740
-0.762963
-0.762963
-0.762963
-0.610370
-0.457778
-0.915555
-0.915555
-0.457778
-0.457778
-0.305185
0.000000
0.000000
0.305185
0.305185
0.305185
0.610370
0.305185
0.152593
0.305185
0.610370
0.915555
1.220740
1.220740
1.068148
0.915555
1.373333
1.373333
1.068148
1.068148
0.915555
0.305185
0.610370
0.305185
0.457778
0.457778
0.457778
0.457778
0.762963
1.068148
0.762963
0.915555
0.915555
0.762963
0.610370
0.152593
-0.152593
-0.305185
-0.610370
-0.610370
-0.762963
-0.762963
-0.457778
-0.610370
-0.762963
-0.152593
-0.152593
0.152593
0.305185
-0.152593
-0.610370
-0.762963
-0.457778
-0.610370
-0.762963
0.000000
0.457778
0.305185
0.305185
0.457778
0.915555
0.610370
0.305185
0.000000
-0.305185
-0.457778
-0.610370
-0.610370
-0.762963
-0.610370
-0.610370
-0.610370
-0.305185
-0.152593
-0.152593
0.305185
0.762963
0.457778
0.305185
0.305185
0.000000
0.457778
0.610370
0.305185
0.610370
0.762963
0.762963
1.220740
0.915555
0.915555
1.525926
0.915555
0.610370
0.762963
0.457778
0.305185
0.305185
0.305185
0.457778
0.457778
0.152593
-0.457778
-0.762963
-1.220740
-1.220740
-0.915555
-1.068148
-0.915555
-0.915555
-1.068148
-0.762963
-1.220740
-0.457778
-1.068148
-1.220740
-1.068148
-0.762963
-0.762963
-0.610370
-0.610370
-0.305185
-0.152593
0.000000
0.000000
-0.152593
0.305185
0.305185
0.152593
0.610370
0.610370
0.762963
0.762963
0.762963
0.762963
0.610370
0.305185
-0.152593
-0.152593
-0.305185
-0.152593
0.152593
0.000000
0.152593
0.152593
0.000000
-0.305185
-0.457778
-0.305185
-0.152593
0.305185
-0.152593
-0.152593
0.000000
0.152593
0.610370
0.305185
0.152593
0.000000
0.000000
0.305185
0.305185
0.457778
0.457778
0.915555
0.610370
0.762963
0.762963
0.610370
1.220740
0.915555
0.305185
0.610370
0.762963
0.457778
0.457778
0.000000
-0.152593
-0.152593
-0.152593
-0.915555
-0.915555
-0.457778
-0.305185
0.305185
-0.305185
-0.610370
0.000000
-0.152593
-0.457778
-0.305185
-0.915555
-0.305185
0.610370
0.457778
0.305185
0.762963
0.152593
0.152593
0.305185
-0.610370
-0.152593
0.305185
-0.152593
0.152593
0.000000
-0.457778
0.457778
0.457778
-0.152593
-0.610370
-0.152593
0.152593
0.457778
0.457778
0.305185
0.610370
0.457778
0.305185
0.152593
0.000000
-0.305185
0.152593
0.000000
0.000000
0.305185
0.457778
0.457778
0.152593
-0.305185
-0.305185
-0.305185
-0.762963
-0.457778
-0.305185
-0.152593
-0.152593
0.305185
-0.152593
-0.152593
-0.305185
-0.457778
-0.152593
-0.457778
-0.457778
-0.305185
-0.457778
-0.457778
-0.305185
-0.305185
-0.305185
-0.305185
0.000000
0.000000
0.152593
-0.152593
-0.305185
-0.152593
-0.152593
-0.305185
-0.305185
-0.152593
-0.152593
0.152593
0.915555
0.457778
0.305185
0.457778
0.457778
0.457778
0.305185
0.000000
0.457778
0.915555
0.762963
1.220740
1.373333
1.068148
0.915555
0.610370
0.457778
0.152593
0.152593
0.610370
0.762963
1.068148
0.915555
0.915555
0.457778
-0.152593
0.000000
0.000000
-0.305185
-0.305185
0.000000
0.305185
0.152593
0.152593
0.457778
0.305185
-0.305185
-0.610370
-0.915555
-0.762963
-0.457778
-0.305185
-0.457778
-0.152593
-0.152593
-0.762963
-0.915555
-0.915555
-0.610370
-1.068148
-0.762963
-0.305185
-0.152593
-0.152593
-0.152593
-0.152593
-0.457778
-0.457778
-0.457778
-0.305185
-0.152593
0.000000
-0.152593
0.305185
0.152593
0.457778
0.305185
0.152593
0.152593
0.152593
0.305185
0.457778
0.762963
0.610370
0.152593
0.152593
0.152593
0.305185
0.610370
0.152593
0.000000
0.305185
0.000000
0.000000
0.305185
0.457778
0.000000
0.152593
0.457778
0.305185
0.610370
0.152593
0.762963
0.610370
0.305185
0.305185
-0.305185
-0.915555
-0.610370
-0.915555
-1.068148
-0.915555
-0.610370
-0.610370
-0.915555
-1.068148
-1.068148
-0.762963
-0.610370
-0.915555
-0.915555
-0.915555
-0.610370
-0.610370
-0.610370
-0.457778
-0.152593
0.305185
0.305185
0.305185
0.610370
0.762963
0.762963
1.068148
1.068148
0.762963
1.068148
1.220740
1.068148
1.373333
1.525926
1.220740
0.762963
0.915555
1.373333
1.068148
0.762963
0.610370
0.915555
0.610370
0.762963
1.068148
1.068148
0.762963
0.762963
0.762963
0.610370
0.305185
-0.152593
0.152593
-0.457778
-0.305185
-0.305185
-0.305185
-0.152593
-0.152593
-1.068148
-0.762963
-0.762963
-1.373333
-1.220740
-1.373333
-1.220740
-1.068148
-1.068148
-1.220740
-0.915555
-0.457778
-0.610370
-0.457778
-0.457778
-0.305185
-0.152593
-0.305185
-0.610370
-0.610370
-0.305185
-0.610370
-0.762963
-0.305185
-0.457778
-0.610370
-0.915555
-0.457778
-0.152593
-0.457778
0.152593
0.457778
-0.152593
0.000000
0.457778
0.457778
0.457778
0.152593
0.457778
0.305185
0.305185
0.762963
0.610370
0.457778
0.610370
0.915555
0.610370
0.457778
0.762963
0.457778
0.610370
0.610370
0.610370
0.610370
0.000000
0.000000
0.152593
-0.152593
-0.152593
-0.305185
-0.152593
-0.305185
-0.152593
-0.152593
-0.305185
-0.305185
-0.152593
0.000000
-0.152593
-0.457778
0.000000
0.305185
0.457778
0.457778
0.610370
0.457778
0.762963
0.610370
0.152593
0.152593
0.152593
-0.305185
0.305185
0.305185
0.000000
0.152593
0.000000
-0.152593
0.000000
0.000000
0.000000
0.152593
0.305185
0.305185
0.000000
0.152593
0.152593
0.152593
-0.305185
-0.305185
-0.305185
0.000000
0.152593
0.000000
0.000000
0.152593
0.305185
0.000000
-0.152593
0.152593
0.305185
0.152593
-0.152593
0.152593
0.000000
-0.305185
-0.305185
-0.305185
-0.305185
-0.610370
-0.305185
-0.305185
-0.762963
-0.305185
-0.305185
-0.610370
-0.152593
-0.457778
-0.457778
-0.152593
-0.152593
-0.305185
-0.305185
-0.610370
-0.305185
-0.305185
0.000000
0.152593
0.000000
0.000000
0.000000
-0.457778
-0.457778
-0.305185
-0.457778
0.000000
0.305185
0.000000
0.000000
0.152593
0.152593
0.000000
0.305185
0.305185
0.000000
0.152593
0.305185
0.457778
0.305185
0.457778
0.152593
0.305185
-0.152593
-0.305185
0.152593
0.305185
0.457778
0.610370
0.762963
0.305185
0.762963
0.457778
0.152593
0.305185
0.152593
0.000000
0.305185
0.305185
0.457778
0.457778
0.152593
0.305185
0.152593
0.000000
0.152593
0.152593
0.000000
0.000000
-0.305185
-0.305185
-0.152593
0.000000
-0.305185
0.000000
-0.152593
0.305185
0.457778
0.000000
0.152593
-0.305185
-0.305185
-0.610370
-0.610370
-0.152593
0.000000
0.000000
-0.152593
-0.152593
0.000000
-0.152593
-0.305185
0.000000
0.000000
-0.152593
-0.152593
0.152593
0.610370
0.152593
0.152593
-0.152593
-0.305185
0.000000
-0.152593
-0.305185
0.000000
0.152593
0.000000
0.610370
0.000000
-0.152593
0.152593
0.000000
0.152593
0.152593
-0.152593
0.000000
-0.152593
0.152593
0.152593
0.000000
-0.152593
-0.152593
-0.152593
-0.305185
-0.152593
-0.610370
0.000000
-0.152593
-0.610370
-0.457778
-0.305185
-0.152593
-0.152593
-0.305185
0.000000
0.000000
0.000000
-0.152593
0.305185
0.000000
0.152593
0.152593
0.152593
0.457778
0.305185
0.762963
0.762963
0.457778
0.152593
-0.152593
-0.305185
0.152593
0.762963
0.457778
0.152593
0.152593
-0.152593
0.152593
0.305185
