-206.877835
-150.071216
151.766936
150.071216
-147.527636
-68.167942
103.099773
12.887472
-25.096655
29.844671
-14.752764
-36.797123
32.388251
19.500780
-219.256590
151.427792
309.808036
-229.261338
-315.573484
278.606789
136.844601
-174.828728
70.033234
-85.125142
-94.451602
185.342191
35.779691
-61.893778
-14.922336
-32.388251
30.014243
-112.256661
122.770125
181.102891
-195.177367
-189.072775
197.720947
60.876346
-43.919147
-10.513464
-17.974632
13.226616
-41.205995
22.213931
-76.476970
34.423115
328.291384
-166.858844
-506.511551
277.080641
447.670069
-238.587798
-326.934808
159.736820
177.372308
-147.697208
54.602183
149.223356
-269.958617
-120.056973
370.175667
20.179067
-305.060020
129.213861
93.942886
-156.684524
52.228175
118.191681
-164.993552
-31.709963
289.120253
-119.887401
-327.613096
263.514881
216.543439
-195.516511
-88.855726
-31.031675
-95.299462
350.166171
175.337444
-400.868198
-200.094955
233.500638
87.668722
-17.805060
83.090278
-80.716270
-150.240788
-1.356576
197.890519
-28.827239
-30.862103
55.619615
-127.687713
-220.952310
362.036211
264.023597
-434.952169
-184.324759
147.188492
313.538620
76.816114
-473.275440
-38.662415
398.833334
-81.564130
-124.465845
60.876346
-23.061791
-5.256732
-26.283659
53.584751
69.185374
-110.221797
11.022180
65.963506
-177.033164
101.743197
146.171060
-97.843042
-65.624362
10.852608
35.270975
-31.709963
25.096655
53.754323
6.782880
-154.988804
-0.169572
152.445224
37.305839
-75.120394
-163.636976
56.976191
273.519629
-167.876276
-225.869898
325.578232
36.457979
-241.470522
-84.277282
126.500709
218.069587
20.348639
-343.722435
-100.556193
429.525865
-27.131519
-254.697138
22.213931
152.614796
-133.622733
88.177438
162.789116
-220.782738
-119.887401
62.063350
172.285148
74.611678
-156.175808
-49.684595
-78.850978
103.608489
233.500638
-133.961877
-216.034723
-34.931831
257.240718
104.117205
-193.312075
-90.042730
115.817673
-85.973002
35.440547
169.063280
3.730584
-273.350057
-53.076035
305.738308
-113.443665
16.618056
78.342262
-109.713081
-202.129819
281.150369
185.681335
-436.647889
35.779691
209.760559
-11.700468
39.001559
-61.893778
-156.345380
112.256661
27.640235
-75.459538
187.377055
-42.732143
-345.248583
246.727254
324.560800
-361.527495
-191.277211
345.926871
-43.071287
-187.716199
153.293084
123.448413
-171.606860
-115.478529
235.365930
-72.407242
-61.045918
-79.359694
95.299462
268.941185
-234.348498
-189.242347
196.873087
81.903274
-200.434099
11.022180
219.595734
-11.870040
-307.942744
135.318453
284.541809
-231.804918
-253.340562
271.993481
187.207483
-217.730443
-154.988804
97.503898
363.731931
-303.025156
-318.117064
475.819020
21.874787
-423.929989
157.532384
439.869757
-273.350057
-375.432399
223.835034
199.925383
-22.383503
-24.079223
-285.559241
162.110828
284.372237
-349.487883
128.366001
132.944445
-306.247024
-63.759070
495.998088
-125.991993
-378.823838
209.421415
60.198058
144.814484
-194.329507
-244.692390
185.850907
320.999788
-106.830357
-289.120253
-17.974632
244.861962
-140.575184
148.375496
149.901644
-412.229522
-97.503898
335.074264
121.243977
-104.965065
-198.907951
57.484907
131.927013
-162.958688
109.882653
82.751134
-52.228175
-216.034723
112.934949
189.411919
-37.984127
-188.055343
-8.987316
93.264598
86.312146
25.096655
-243.335814
94.621174
238.926942
-191.107639
-237.739938
240.283518
254.527566
-383.741426
47.310587
230.617914
-270.806477
193.481647
-12.039612
-135.488025
2.374008
103.099773
-81.564130
217.560871
-66.472222
-454.113805
470.562288
121.243977
-483.449760
246.388110
147.018920
-300.990292
117.852537
116.156817
-179.746315
162.449972
77.324830
-173.980868
-42.732143
-107.678217
84.785998
218.578303
277.589357
-534.830075
-224.004606
530.760347
-155.158376
-3.052296
171.098144
-422.064697
-97.164754
683.205571
-116.326389
-411.720806
168.215420
-137.353317
171.776432
212.982427
-410.533802
-30.014243
306.247024
38.153699
4.408872
-169.571996
-276.571925
223.326318
213.660715
-38.831987
20.687783
-292.850837
-63.080782
482.093184
-7.630740
-306.586168
-265.210601
150.579932
445.804777
-88.686154
-151.597364
-103.269345
-182.968183
310.995040
290.815973
-425.286565
-277.250213
299.125000
365.427651
17.974632
-508.376843
-159.397676
397.815902
243.505386
-271.993481
-256.901574
252.153558
93.434170
-30.862103
9.665604
-81.564130
-183.985615
1.356576
279.454649
178.220168
-180.763747
-527.538479
290.307257
541.952098
-129.722577
-649.969460
-4.917588
513.803147
162.449972
-128.535573
-455.300809
132.435729
304.551304
2.034864
-103.099773
-137.522889
-319.304068
448.178785
541.952098
-516.685871
-286.407101
-95.977750
225.700326
572.983774
-262.497449
-485.993340
-343.383291
739.673045
742.725341
-871.430486
-590.280117
307.264456
389.676446
167.706704
21.535643
-374.754111
-425.625709
510.072563
504.137543
-532.116923
-274.876205
90.551446
391.033022
140.066468
-438.852325
-127.178997
250.966554
20.348639
46.632299
80.546698
-300.481576
-147.018920
441.904621
221.121882
-455.470381
-287.085389
355.422903
292.002977
-335.582980
114.291525
36.627551
-505.324547
383.741426
580.444941
-448.178785
-695.923470
393.237458
742.047053
-512.446571
-346.605159
491.419644
-132.266157
-249.101262
158.549816
264.023597
-71.728954
-527.029763
415.790534
419.181973
-720.850554
-122.261409
746.625497
-355.083759
9.835176
76.476970
-473.784156
335.922124
511.768283
-267.245465
-497.354663
39.001559
335.243836
84.277282
-89.873158
186.529195
-498.711239
-151.258220
656.413195
106.999929
-598.589145
-22.044359
487.519488
-109.034793
-235.535502
32.896967
96.656038
-128.026857
360.340491
-141.762188
-472.088436
369.327807
189.242347
57.993623
-258.766865
-473.953728
498.541667
475.819020
-457.335672
-382.215278
260.293013
186.359623
69.524518
-52.397747
-328.460956
47.988875
240.113946
113.274093
-116.495961
-358.983915
-43.580003
775.961452
-31.540391
-765.447989
5.765448
330.665392
178.050596
240.961806
-446.822209
-319.982356
227.226474
325.747804
103.099773
-466.831704
-149.562500
379.671698
81.564130
30.692531
-197.212231
-262.836593
359.831775
148.205924
-193.820791
-245.879394
112.934949
133.622733
109.543509
41.714711
-179.746315
-288.272393
227.735190
344.231151
-268.093325
-179.746315
100.047477
61.385062
254.527566
-69.524518
-346.944303
-224.343750
440.717617
257.749434
-180.763747
-142.101332
-294.885701
340.839711
225.022038
-174.659156
-320.321500
280.641653
-68.846230
-19.500780
414.433958
-444.956917
-378.484694
468.696996
648.443312
-687.953587
-485.484624
308.960176
409.346798
210.438847
-277.589357
-500.237387
-103.778061
855.999434
88.855726
-648.612884
-475.649448
671.165959
464.796840
-253.510134
-414.603530
-228.583050
423.251701
263.854025
-108.356505
-444.278629
-49.345451
388.489442
541.782526
-469.714428
-927.897961
579.597081
819.711027
-368.988663
-377.806406
-299.803288
242.148810
635.725412
-21.366071
-517.703303
-507.020267
292.511693
702.197634
102.760629
-630.468680
-317.947492
467.340420
456.826957
-391.372166
-382.215278
-121.752693
565.013890
577.053501
-724.750710
-620.803076
298.277140
749.508221
84.107710
-614.020197
-390.015590
490.232640
107.339073
-1.356576
201.451531
-333.717688
-340.500567
357.288195
299.464144
-308.790604
-151.427792
180.763747
223.665462
-164.654408
-255.205854
131.248725
-34.423115
228.922194
186.529195
-296.411849
-383.402282
108.865221
701.688918
-131.079153
-601.811013
-49.006307
577.562217
-25.435799
-455.300809
385.267574
72.068098
-776.809312
389.846018
958.251348
-573.662062
-861.934454
308.451460
917.214925
-231.126630
-727.294290
69.524518
467.679564
11.191752
75.968254
-419.521117
-210.269275
444.109057
180.594175
-115.139385
-79.190122
-231.974490
-53.754323
394.933178
142.270904
-331.513252
-350.335743
212.982427
652.173896
-108.186933
-858.034298
-20.348639
724.241994
375.432399
-471.918864
-512.446571
-217.730443
690.158023
639.286424
-392.050454
-877.874222
-131.418297
1135.623655
165.671840
-837.855231
-450.213649
619.616072
749.169077
-663.704791
-452.926801
297.090137
187.037911
258.258150
-200.603671
-675.913975
381.028274
427.830145
149.732072
-243.166242
-792.579508
353.896755
555.687430
79.868410
-151.258220
-846.164259
215.865151
1096.452524
-182.968183
-900.427297
68.507086
186.020479
464.966412
157.193240
-921.962941
-13.057044
900.088153
-80.716270
-465.814272
-8.648172
-215.526007
363.223215
489.893496
-417.147110
-656.243623
223.156746
1095.095948
-315.912628
-1141.558675
231.804918
779.861608
164.315264
-559.078870
-213.999859
226.039470
342.874575
-236.892078
-286.915817
334.735120
-11.191752
-144.814484
93.434170
102.251913
-210.438847
-68.167942
270.467333
62.402494
-321.678076
-25.266227
-98.690902
313.877764
792.579508
-1108.152992
-375.771543
617.242064
412.059950
-190.598923
-420.029833
-59.519771
377.806406
283.354805
-574.509922
43.749575
272.671769
-182.289895
45.784439
145.153628
-327.782668
-1.865292
611.815761
86.820862
-1001.322635
-178.559312
1038.289330
188.224915
-603.506733
-155.158376
109.204365
48.497591
164.145692
156.175808
-90.890590
-640.982144
312.351616
398.155046
-15.600624
-163.297832
-186.359623
208.573555
-311.164612
5.426304
535.338791
-59.011055
-420.877693
-33.744827
338.974419
-140.236040
-79.020550
13.565760
77.324830
231.126630
-435.969601
69.863662
213.660715
91.908022
-269.280329
41.375567
-30.862103
-50.532455
418.164541
-303.533872
-199.925383
448.009213
19.161636
-537.373654
-3.052296
387.641582
199.247095
-241.640094
-262.327877
310.486324
-141.423044
-144.814484
400.529054
-92.586310
-282.337373
-182.798611
470.901432
270.467333
-508.376843
-362.375355
705.249930
203.655967
-891.100838
1.865292
620.803076
248.422974
-348.470451
-464.627268
36.457979
503.120111
159.397676
-460.218396
-156.345380
228.413478
252.492702
-147.358064
-390.354734
501.933107
266.397605
-637.421132
-197.212231
649.799888
-28.996811
-195.007795
238.587798
-81.903274
-550.430698
365.427651
538.899802
-594.858561
-45.614867
429.186721
-289.968113
-185.172619
237.739938
251.136126
-377.636835
-278.776361
590.788833
-89.534014
-221.121882
230.448342
-234.178926
-159.906392
222.987174
142.440476
-50.023739
-181.611607
210.608419
88.855726
-176.863592
-188.564059
94.112458
176.694020
111.747945
-12.717900
-279.793793
-73.594246
336.430840
212.473711
-458.692248
-124.974561
341.348427
35.949263
69.524518
-186.868339
-219.765306
249.609978
211.795423
-257.410290
-416.977538
229.430910
377.467263
197.042659
-557.552722
-356.440335
625.720664
218.069587
-509.563847
-179.746315
219.087018
223.835034
89.873158
-381.536990
-236.722506
311.503756
-38.831987
-104.286777
330.834964
-142.610048
-330.156676
529.742915
178.898456
-651.326036
-56.637047
539.747662
80.885842
-532.286495
264.532313
70.202806
-291.663833
53.415179
257.410290
-137.353317
-454.452949
357.627339
515.159723
-533.473499
-325.578232
652.343468
159.736820
-362.544927
-417.147110
86.142574
399.850766
405.107498
-529.234199
-621.990080
493.454508
412.229522
-218.069587
-434.273881
198.399235
372.719247
-94.621174
-177.541880
151.088648
127.687713
-45.784439
-132.944445
106.999929
-83.598994
-81.055414
372.040959
34.931831
-285.898385
-408.498938
285.050525
774.774449
-269.789045
-942.142008
466.322988
741.707909
-455.131237
-145.153628
221.121882
-42.392999
-96.316894
-117.852537
133.622733
331.513252
50.193311
-466.322988
-241.809666
274.197917
76.307398
154.988804
-139.557752
-110.730513
-48.667163
-71.898526
286.237529
-85.633858
-149.392928
73.933390
-50.532455
-75.798682
280.302509
-363.731931
-124.126701
633.351404
-263.006165
-618.937784
243.674958
506.172407
-181.272463
-28.827239
-130.231293
-42.392999
251.814414
39.679847
-63.759070
12.378756
-197.212231
62.232922
177.033164
-100.047477
92.586310
20.009495
-96.656038
-465.135984
203.655967
580.953657
-216.882583
-209.930131
-159.058532
41.884283
142.779620
-152.275652
-12.378756
174.998300
42.901715
-344.570295
15.261480
350.674887
-52.397747
-87.668722
-169.402424
-324.730372
206.029975
641.660432
-50.702027
-395.102750
-218.917446
224.513322
-2.034864
-51.889031
325.917376
17.296344
-193.990363
6.782880
76.307398
33.236111
222.987174
-91.738450
-345.757299
-127.518141
340.839711
446.483065
-249.440406
-458.353104
246.896826
101.064909
-523.977467
-61.554634
846.672975
137.862033
-738.146897
-129.892149
495.998088
9.496032
-203.825539
104.117205
-22.553075
-286.237529
312.012472
510.072563
-435.800029
-374.414967
296.920565
218.747874
-509.394275
141.762188
593.841129
-335.922124
-170.250284
104.286777
-74.950822
-117.343821
142.610048
309.977608
-268.941185
-503.798399
303.533872
578.749221
-283.693949
-454.961665
95.299462
348.979167
-338.126559
-105.643353
608.254749
-48.497591
-435.121741
-88.855726
253.849278
127.178997
77.663974
-253.170990
-282.676517
503.967971
300.651148
-457.335672
-274.197917
424.947421
-46.123583
-154.819232
237.909510
22.213931
-227.226474
-158.041100
44.427863
217.730443
96.147322
-253.849278
12.887472
75.798682
-173.641724
47.141015
138.540321
-96.486466
-100.217049
-66.133078
-45.445295
271.145621
216.543439
-348.300879
-458.861820
283.863521
396.798470
-207.216979
-290.137685
236.213790
209.930131
-219.426162
0.678288
77.663974
56.806619
-135.148881
-62.911210
86.990434
118.022109
89.534014
4.748016
-82.242418
-119.209113
83.768566
-45.954011
-34.253543
310.995040
141.762188
-317.269204
-162.449972
228.243906
74.102962
-14.752764
-138.540321
-64.606930
216.204295
-35.610119
-209.421415
79.020550
292.002977
-307.264456
-178.220168
181.442035
86.481718
46.632299
-20.687783
21.196499
-217.900015
128.026857
57.993623
-82.072846
71.050666
-21.874787
-9.835176
40.188563
-33.066539
-125.652849
111.239229
55.619615
-142.610048
45.275723
194.499079
-96.486466
-236.044218
141.931760
130.909581
-109.713081
-49.854167
23.740079
75.459538
-22.892219
-140.575184
146.171060
-14.583192
-164.315264
122.600553
-84.446854
-132.774873
197.042659
72.237670
-41.545139
40.358135
-156.684524
-18.992064
59.350199
66.641794
114.969813
-11.191752
-154.819232
33.744827
190.090207
-44.427863
-197.890519
113.613237
190.768495
-207.047407
-111.578373
147.697208
209.082271
-35.101403
-94.790746
-195.346939
-102.591057
129.044289
222.987174
-7.291596
-79.698838
109.713081
-253.679706
-255.544998
160.245536
218.408731
-62.402494
-57.824051
-7.969884
-55.958759
-47.649731
-78.172690
158.041100
35.270975
-265.549745
-69.185374
257.071146
242.996670
0.169572
-159.736820
-144.644912
-108.356505
2.882724
289.628969
181.611607
-105.473781
-40.358135
-46.462727
-117.852537
70.711522
133.114017
-82.920706
-30.692531
42.392999
44.258291
12.039612
37.644983
-13.396188
-76.476970
-3.391440
12.039612
114.461097
28.318523
-139.218608
-12.209184
202.808107
-57.484907
-178.220168
103.438917
66.641794
-10.513464
45.445295
-49.684595
-96.825610
-1.526148
94.112458
61.893778
-6.782880
8.648172
-52.058603
-45.445295
56.128331
103.608489
-11.870040
-129.892149
-44.767007
171.098144
148.884212
-15.261480
-98.521330
-166.180556
0.847860
215.356435
116.495961
-2.713152
85.464286
-28.148951
-192.803359
-56.806619
162.280400
153.971372
-100.556193
-152.614796
61.893778
169.063280
98.690902
-144.814484
-154.140944
66.133078
-46.123583
-81.224986
176.015732
159.228104
-145.323200
-253.510134
-95.299462
28.148951
-3.561012
-67.828798
-17.805060
-54.263039
11.870040
41.884283
-141.762188
-173.980868
-86.651290
-91.060162
-57.824051
-5.256732
20.009495
-24.757511
-147.527636
-105.134637
-34.762259
-52.567319
-105.812925
-77.324830
-20.009495
-19.670352
-27.470663
3.221868
-99.538761
-166.180556
-137.692461
-75.289966
1.356576
-55.110899
-96.316894
-91.568878
-27.979379
12.378756
-3.052296
-130.400865
-131.587869
-44.936579
-46.632299
-38.831987
-12.717900
33.575255
-10.174320
-188.903203
-250.288266
-119.039541
-47.310587
-161.941256
-181.442035
5.256732
-26.622803
-46.123583
53.923895
13.904904
-92.925454
105.812925
606.389457
954.012048
1097.469956
1091.026221
963.168936
859.221302
954.520764
1151.224279
1235.840705
1199.552298
1203.113310
1196.839146
1058.807541
853.964571
629.281676
388.150298
149.392928
57.993623
91.229734
41.375567
-124.126701
-374.584539
-625.551092
-842.603247
-1010.649095
-1044.902638
-1014.718822
-1025.910574
-1089.669645
-1136.132371
-1213.626773
-1313.165535
-1363.528418
-1360.476122
-1260.767788
-1103.744120
-999.796487
-949.603176
-895.340137
-846.672975
-775.452736
-678.287983
-539.069374
-375.601971
-209.590987
-83.429422
-14.922336
10.852608
-13.226616
-61.215490
-53.923895
-35.610119
-2.204436
14.413620
-17.805060
-41.036423
-81.394558
-220.443594
-318.625780
-313.708192
-254.866710
-172.963436
-102.930201
-83.259850
-62.232922
-113.274093
-156.854096
-131.927013
-152.784368
-17.805060
140.405612
149.901644
163.297832
363.731931
462.422832
535.508363
462.253260
1021.332130
2567.150443
3527.945371
3184.392508
1681.645482
1433.561652
2461.676662
3020.585960
2672.115509
2388.930276
2979.379965
3115.037562
2299.904978
1397.103673
1305.534795
1136.301943
279.285077
-376.449831
-227.565618
489.723924
208.573555
-1094.926376
-2109.645199
-2303.465990
-2124.906679
-2612.934882
-2907.481439
-2459.472226
-1869.192109
-2071.491500
-2703.316756
-2685.002980
-2307.874862
-2299.735406
-2561.384996
-2100.488311
-1138.675951
-552.635134
-534.660503
-709.319658
-459.031392
-230.448342
-206.538691
-77.324830
357.457767
1034.897890
1308.926235
1354.032386
1322.661567
1323.339855
956.555628
570.101050
609.102609
1000.305203
1208.709186
909.753757
676.422691
373.736679
-66.472222
-543.478246
-768.500285
-735.772889
-737.638181
-742.894913
-749.508221
-812.080288
-1032.184738
-1228.549109
-1287.560164
-1165.468327
-876.687218
-634.707980
-379.502126
-240.622662
-210.438847
-228.074334
-290.137685
-180.085459
34.083971
276.232781
468.866568
596.384709
640.643000
521.264315
343.044147
260.123441
343.552863
436.308745
427.491001
361.188351
300.651148
160.245536
-56.297903
-224.343750
-280.472081
-360.001347
-475.479876
-547.039258
-425.625709
-331.852396
-365.088507
-550.091554
146.171060
2643.118698
3812.317608
2569.524451
-22.044359
14.752764
2718.578236
3573.560238
2484.060166
2134.572282
3710.065695
4042.087662
2218.679992
906.023173
1704.537701
2091.500995
624.872804
-258.258150
696.432186
2112.867067
1046.767930
-1605.168512
-2562.911144
-2013.497877
-1559.723217
-2577.833479
-2997.693741
-1744.726264
-1101.539684
-2303.126846
-3681.408027
-3196.092976
-2248.015947
-2556.128264
-3238.146831
-2245.472368
-579.257937
-373.227963
-1164.959611
-1538.018001
-838.024803
-415.112246
-639.795140
-342.365859
647.425880
1630.095595
1408.125853
842.094531
907.888465
1346.232074
1072.882017
433.426021
756.121529
1574.306408
1830.868838
1010.309951
541.612954
403.411778
-165.841412
-755.951957
-796.649236
-351.692319
-485.993340
-916.027921
-1044.224350
-1072.712445
-1383.368341
-1708.437857
-1505.290606
-1153.428715
-860.747450
-714.067674
-517.533731
-403.581350
-509.224703
-504.476687
-454.113805
-119.548257
243.844530
423.929989
445.804777
479.719176
577.053501
409.855514
215.017291
290.815973
594.180273
610.628757
396.289754
344.061579
369.327807
239.774802
-167.367560
-385.776290
-351.014031
-329.478388
-395.272322
-368.140803
-353.557611
-240.453090
-436.478317
907.040605
3525.910507
4013.429995
1964.152427
-699.654054
659.974207
3497.591984
3702.604527
2462.694094
2705.521192
4194.193743
3553.550743
1504.103602
1010.988239
2098.623019
1605.338084
163.467404
228.922194
1530.387262
1927.694448
-244.692390
-2262.599139
-2439.971447
-1927.185732
-1919.385420
-2731.635279
-2243.267932
-1279.081564
-1693.854665
-3174.387760
-3695.312931
-2769.788978
-2286.508790
-2767.923686
-2722.478392
-1246.523741
-348.809595
-742.047053
-1387.607641
-1327.579155
-660.143779
-505.663691
-266.567177
466.831704
1316.048259
1642.304779
944.176872
458.183532
693.210319
1028.962870
917.214925
861.934454
1330.292307
1703.689841
1256.358916
550.261126
422.742985
113.782809
-417.994969
-600.454437
-230.109198
6.782880
-657.430627
-1232.449265
-1330.461879
-1385.742349
-1648.578943
-1684.867350
-1113.240152
-677.440123
-799.192816
-1027.436722
-785.966200
-609.950469
-702.367206
-659.126347
-170.589428
388.150298
366.614655
213.491143
170.080712
237.739938
231.804918
109.034793
250.966554
506.681123
664.722223
451.909369
4.408872
-168.045848
-160.075964
-143.288336
-305.907880
-307.434028
-231.974490
-379.332554
-785.627056
-803.771260
-505.663691
-366.614655
-603.676305
858.373442
4005.460111
4584.039761
2222.919292
-653.191328
614.528913
3507.088016
3817.743912
3003.289616
3455.368557
4753.611756
3808.078308
1685.206494
1158.515875
2033.507373
1619.242987
556.535290
825.815619
1813.911638
1745.404552
-413.077382
-2266.499295
-2545.614800
-2332.801945
-2244.454936
-2562.572000
-1890.558180
-1333.514174
-2099.810023
-3422.980306
-3803.499864
-3032.116856
-2629.892082
-2668.045781
-2229.193456
-1002.679211
-430.882441
-829.376631
-1382.350909
-1384.385773
-774.604877
-351.183603
184.663903
959.099208
1594.994192
1669.436298
872.278346
356.440335
536.356223
907.210177
938.580996
1062.029409
1728.956069
1845.621602
1051.176802
90.042730
-96.147322
-159.567248
-548.734978
-436.817461
142.610048
49.006307
-1136.132371
-1825.612106
-1575.832556
-1495.116286
-1913.959116
-1709.285717
-721.528842
-494.980656
-1021.840846
-1220.579225
-872.787062
-788.509780
-893.813990
-375.941115
399.511622
672.013819
410.533802
205.351687
95.977750
22.553075
174.659156
427.151857
629.451248
715.932966
735.942461
343.383291
-271.654337
-391.372166
-248.762118
-124.974561
-238.248654
-195.686083
-256.732002
-729.498726
-1154.615719
-997.083335
-613.681053
-445.296061
-478.532172
1706.572565
4553.008085
4306.619976
1422.369900
-1054.229097
1148.002411
3825.713796
3963.406256
3368.208551
4184.867283
4999.999866
3193.718968
1068.473145
1101.878828
2117.106367
1669.945014
1085.260773
1458.658307
1941.599351
1031.167306
-1269.924676
-2503.900089
-2631.418230
-2310.418442
-2073.017648
-2142.203022
-1577.528276
-1712.677157
-2793.189914
-3995.116220
-4056.331710
-3114.867990
-2522.892153
-2300.413694
-1720.307897
-843.111963
-775.452736
-1334.870750
-1810.859342
-1457.640875
-523.468751
173.472152
799.362388
1294.173471
1668.079722
1412.026008
456.996529
197.381803
748.999505
1424.743908
1510.716910
1560.062361
2026.724493
1718.273033
597.571713
-256.901574
-116.326389
21.196499
-173.302580
29.675099
376.958547
-314.725624
-1796.276151
-2191.039757
-1714.033733
-1541.239869
-1802.211171
-1294.343043
-506.172407
-831.072351
-1534.117845
-1567.693101
-1046.259214
-892.457414
-721.528842
41.545139
616.224633
478.871316
117.513393
-36.627551
-155.497520
-55.958759
369.836523
828.698343
905.005741
686.088295
532.795211
-52.736891
-514.820579
-380.010842
14.413620
174.659156
-42.392999
-201.112387
-493.284936
-1048.124506
-1210.574478
-892.287842
-543.139102
-404.090066
293.868269
3258.834614
4640.676807
2967.509925
-265.380173
-764.091413
2441.836739
4059.044862
3969.171704
3860.815199
4799.565767
4167.910083
1707.420425
515.159723
1549.718469
2449.976194
1936.003475
1685.715210
1841.721446
1523.943526
-264.362741
-2115.580219
-2433.018995
-2164.586526
-1613.307967
-1645.865791
-1691.819801
-1645.017931
-2508.987249
-3544.054711
-4219.459970
-3605.778917
-2591.399239
-2077.935236
-1813.233350
-1406.430133
-1145.119687
-1528.521970
-2013.328305
-1945.329935
-932.306833
104.965065
685.749151
978.599987
1110.866144
1133.588791
475.649448
1.187004
465.475128
1409.652001
1919.894136
1681.984626
1666.723146
1544.122593
825.815619
13.904904
-41.205995
426.643141
420.708121
268.941185
381.197846
42.562571
-1301.804211
-2259.546843
-1923.624720
-1241.097437
-1212.439770
-1325.713863
-796.988380
-745.608065
-1513.769206
-1968.222154
-1463.406323
-723.224562
-542.969530
-253.170990
302.346868
433.256449
1.017432
-301.838152
-193.990363
15.091908
312.351616
743.912345
976.395551
759.512969
411.042518
142.949192
-240.453090
-321.169360
-35.440547
304.890448
312.690760
-40.018991
-287.933249
-739.503473
-1190.225838
-1197.517434
-768.330713
-240.283518
-225.361182
602.150157
3386.013611
4294.919508
2309.061866
-774.944021
-531.269063
2866.445016
4190.463159
4037.509218
4053.279414
4711.388330
3441.972369
851.081847
342.026715
1936.173047
2912.229455
2482.703590
1974.157174
1567.693101
766.295849
-958.929636
-2104.558039
-2035.033521
-1534.626561
-997.761623
-1411.856436
-1833.921134
-2146.272750
-2972.427513
-3734.992778
-4097.707277
-3198.636556
-2197.822637
-1886.658025
-1820.016230
-1762.700896
-1773.383931
-2094.892435
-2261.072991
-1751.339572
-582.140661
350.844459
693.040747
600.793581
541.782526
551.108986
129.553005
123.448413
859.051730
1868.852965
2115.749791
1531.065549
1281.794716
1028.793298
669.809383
458.522676
785.627056
1059.655401
608.763465
342.026715
347.113875
-130.909581
-1222.105373
-1655.531394
-1179.203658
-823.272039
-1112.053148
-1199.213154
-827.172195
-1095.604664
-1682.323770
-1761.853036
-1118.666456
-579.936225
-466.322988
-204.503827
23.570507
-26.114087
-234.857214
-270.128189
-75.798682
193.990363
485.145480
643.186580
574.849066
420.029833
343.044147
105.304209
-147.527636
-93.264598
196.364371
289.289825
119.548257
-60.367630
-307.094884
-692.701603
-1010.309951
-1039.137190
-728.650866
-502.272251
-295.224845
-449.535361
704.741214
3282.235549
3605.100629
1590.246176
-998.609483
289.798541
3109.611258
3683.612463
3653.259076
3987.315908
4465.678508
2514.243981
405.785786
760.360829
2420.640239
3104.184954
2626.331070
1968.052583
1177.677510
246.896826
-1016.753686
-1549.888041
-1365.563282
-744.421061
-534.321359
-1578.036992
-2129.145978
-2386.217124
-2783.354738
-3384.826607
-3536.763115
-2497.117209
-2018.076321
-2066.404340
-2160.008082
-2040.968541
-1969.748302
-2156.786214
-2033.846517
-1467.645623
-523.299179
183.985615
351.861891
105.982497
189.751063
349.827027
137.522889
347.113875
1128.840776
2005.697566
1853.252341
1232.957981
1173.099066
1001.661779
810.723712
837.685659
1340.127482
1412.534724
758.156393
468.527424
370.175667
-258.766865
-1179.881946
-1227.531677
-683.375143
-701.519346
-1252.458760
-1231.601405
-1015.227538
-1481.380955
-1970.765734
-1731.160504
-977.921699
-783.083476
-790.714216
-383.910998
-212.643283
-449.874505
-656.921911
-370.345239
-32.727395
90.212302
350.166171
487.349916
276.911069
104.456349
235.196358
292.172549
208.403983
236.892078
451.061509
360.679635
62.232922
11.361324
-51.889031
-267.754181
-573.322918
-514.481435
-486.162912
-520.246883
-529.912487
-432.408589
-438.682753
1205.656890
3410.092834
3219.833055
1069.151433
-989.283023
726.107286
2663.806481
3208.980447
3614.087945
4051.414122
4015.295287
1682.493342
219.426162
939.598428
2536.797056
3254.595314
2723.834967
1891.236468
1050.668086
79.190122
-906.701461
-1109.509568
-634.707980
-13.226616
-515.838011
-1642.474351
-1965.509003
-2191.378901
-2491.860477
-3075.527287
-2859.153420
-2161.195086
-2228.684740
-2275.656183
-2383.503972
-2113.375783
-2055.212588
-2265.481863
-2178.830573
-1741.504396
-848.029551
-320.491072
-360.679635
-415.281818
-108.695649
-73.424674
-321.678076
14.244048
1032.184738
1667.740578
1228.209965
939.598428
967.916952
831.750639
585.362529
1219.561793
2163.569094
1949.399663
1031.167306
373.567107
413.586098
-19.670352
-265.719317
78.003118
219.595734
-446.652637
-1181.068950
-1006.918511
-895.848853
-1244.658449
-1484.602823
-1158.685447
-951.638040
-1024.893142
-800.040676
-368.140803
-434.613025
-854.982002
-785.118340
-399.511622
-169.063280
-14.922336
226.209042
250.796982
-144.644912
-273.519629
22.722647
269.110757
385.606718
516.346727
629.959964
310.147180
-68.337514
-55.958759
123.278841
192.972931
131.079153
104.286777
-98.521330
-401.207342
-617.242064
-649.291172
-620.803076
-495.998088
-241.131378
1597.537772
3130.129469
2560.876280
361.188351
-1290.273316
499.219955
2008.749861
2832.191473
3270.704654
3758.732857
3396.018359
821.745891
-167.028416
819.711027
2536.797056
3124.194449
2692.633720
2019.941613
914.501773
-110.730513
-703.554210
-581.631945
-8.309028
550.430698
-16.787628
-1128.332060
-1762.531324
-1689.784938
-1695.719957
-2414.366075
-2232.924040
-1750.661284
-1823.916386
-2214.610264
-2292.443810
-1686.732642
-1874.109697
-2293.630814
-2386.217124
-1941.768923
-1247.371601
-991.657031
-732.890166
-662.856931
-632.164400
-765.787133
-926.202241
-510.242135
425.116993
1055.416101
916.367065
599.267433
543.139102
533.473499
292.681265
595.875993
1353.354098
2161.534230
2189.513609
1486.128971
759.512969
-42.053855
-74.272534
122.600553
777.148456
955.538196
191.446783
-476.158164
-869.734766
-860.238734
-1172.590351
-1071.016725
-503.120111
-342.874575
-772.739585
-907.549321
-428.847577
-399.511622
-909.923329
-929.593681
-401.207342
-314.725624
-290.137685
-31.540391
-53.923895
-451.400653
-643.017008
-270.297761
-31.201247
176.015732
527.368907
664.043935
245.031534
-270.636905
13.565760
345.079011
287.424533
417.486253
633.520976
449.196217
-64.776502
-177.372308
-99.877905
-125.822421
-238.418226
-157.871528
-198.907951
70.372378
1697.415677
2410.635491
1645.865791
-383.232710
-644.373584
814.963012
1460.693171
2309.570582
2615.817606
3178.796632
1917.689700
115.987245
-15.770196
868.208618
2312.283734
2459.980942
2186.970029
1364.206706
466.322988
-130.400865
-443.939485
25.605371
693.888607
741.368765
-164.993552
-972.834540
-1160.381167
-962.321076
-1235.331989
-1397.781961
-1252.289189
-1353.523670
-1595.333336
-1958.556551
-1641.626491
-1465.441187
-1587.702596
-1951.773671
-2286.508790
-1837.143002
-1505.799322
-1249.067321
-1144.780543
-952.655472
-877.026362
-1288.577596
-1307.400087
-771.722153
38.153699
263.684453
64.437358
47.480159
46.123583
-14.922336
137.522889
646.578020
1158.007159
1759.139884
1758.461596
1185.308250
358.644771
237.570366
674.218255
768.839429
1103.065832
1012.344815
574.679494
-303.873016
-460.218396
-73.424674
-353.896755
-566.540038
-445.465633
-162.619544
-531.947351
-637.251560
-226.209042
-305.229592
-904.157881
-1019.297266
-474.123300
-406.294502
-600.454437
-245.709822
-55.450043
-722.207130
-915.010489
-344.231151
-2.204436
17.805060
299.125000
613.172337
326.256520
42.392999
276.571925
689.310163
705.419502
632.503544
950.620608
888.896402
491.250072
424.947421
570.440194
454.452949
254.866710
482.941044
546.869686
264.362741
22.383503
23.740079
-171.437288
-362.884071
549.752410
1505.460178
1400.664685
288.441965
-491.758788
-41.205995
347.453019
782.405188
1241.775725
1672.997310
1497.490294
490.402212
17.974632
201.112387
915.180061
1230.753545
1163.772607
999.626915
606.389457
290.646401
68.337514
158.041100
386.624150
367.292943
-52.058603
-397.307186
-423.760417
-317.608348
-455.131237
-653.191328
-892.118270
-1179.712374
-1307.908803
-1374.889741
-1116.801164
-961.812360
-1073.560305
-1448.992704
-1834.429850
-1749.135136
-1525.978390
-1221.257513
-950.111892
-762.226121
-842.772819
-1193.108562
-1226.514245
-923.658661
-469.205712
-205.012543
-70.881094
49.345451
-54.602183
-173.133008
-21.874787
295.055273
469.036140
527.708051
573.831634
572.814202
559.587586
552.295990
519.907739
489.723924
482.262756
376.110687
266.567177
299.803288
336.261268
273.350057
76.816114
-163.976120
-277.080641
-163.467404
-146.171060
-172.793864
-44.258291
-64.437358
-312.351616
-404.598782
-259.953869
-169.063280
-56.128331
72.915958
80.716270
59.519771
113.443665
173.472152
209.251843
288.102821
383.571854
432.578161
423.929989
453.944233
537.882370
513.803147
445.465633
420.538549
436.987033
446.143921
428.508433
394.254890
365.088507
263.854025
206.369119
214.508575
171.776432
113.952381
105.812925
111.578373
85.294714
106.830357
85.125142
48.836735
52.906463
26.453231
-22.553075
15.770196
45.784439
46.462727
96.656038
114.800241
121.243977
209.930131
246.896826
143.966624
83.938138
162.280400
226.717758
231.974490
215.865151
233.670210
259.784297
156.854096
97.673470
133.114017
191.277211
202.468963
183.476899
171.437288
104.795493
82.072846
4.239300
-88.516582
-94.960318
-125.144133
-190.938067
-225.530754
-212.304139
-263.345309
-380.519558
-441.226333
-453.096373
-472.766724
-439.021897
-420.199405
-477.853884
-541.612954
-537.543226
-587.227821
-649.460744
-555.857002
-515.498867
-560.605018
-502.950539
-447.500497
-513.124859
-510.750851
-468.357852
-456.148669
-421.386409
-389.676446
-397.815902
-324.730372
-231.974490
-300.481576
-369.836523
-321.678076
-226.378614
-202.299391
-157.023668
-80.716270
-19.839924
-20.518211
-31.370819
13.904904
111.917517
209.930131
210.947563
262.158305
320.491072
316.760488
325.239088
318.117064
330.834964
354.914187
337.278700
341.687571
385.267574
382.723994
353.388039
346.605159
283.185233
266.567177
320.830216
286.746245
270.128189
342.365859
305.907880
235.874646
244.522818
262.836593
297.090137
313.369048
300.142432
317.608348
362.714499
323.204224
318.795352
345.926871
323.034652
342.196287
331.004536
295.224845
304.381732
298.277140
253.001418
196.703515
196.364371
215.356435
149.392928
73.763818
61.045918
24.079223
-34.253543
-36.288407
-106.999929
-167.197988
-137.353317
-155.327948
-216.034723
-191.955499
-179.576743
-252.492702
-237.909510
-239.096514
-274.537061
-202.808107
-155.667092
-221.291454
-177.711452
-113.274093
-183.307327
-217.560871
-125.991993
-76.985686
-65.963506
-20.009495
-49.854167
-65.285218
-31.201247
-37.644983
-85.973002
-51.549887
-35.270975
-88.516582
-74.272534
-78.003118
-119.548257
-98.521330
-120.735261
-226.209042
-258.597293
-233.161494
-269.619473
-265.888889
-201.451531
-249.949122
-317.269204
-307.942744
-349.657455
-331.004536
-210.608419
-189.072775
-227.904762
-200.264527
-192.464215
-240.283518
-163.467404
-84.446854
-74.272534
-14.413620
10.852608
-57.484907
-14.244048
67.320082
22.892219
30.692531
65.793934
40.188563
28.657667
89.194870
74.781250
64.776502
102.421485
24.927083
-6.274164
45.784439
60.028486
74.102962
103.608489
94.621174
69.015802
76.476970
69.694090
95.129890
185.850907
232.483206
236.044218
252.662274
225.191610
176.524448
231.974490
315.234340
343.044147
357.457767
348.640023
280.302509
255.205854
293.698697
271.993481
260.632157
262.667021
208.403983
169.402424
178.559312
176.185304
160.754252
115.987245
15.600624
-11.191752
-11.361324
-53.754323
6.104592
60.876346
7.800312
-75.459538
-153.462656
-181.442035
-111.917517
-46.123583
-44.427863
26.622803
57.145763
-27.979379
-61.385062
-34.083971
-2.882724
60.028486
107.339073
73.594246
88.347010
107.678217
22.892219
-52.058603
-59.011055
-28.996811
-35.270975
-29.335955
-41.375567
-89.534014
-101.912769
-192.125071
-305.060020
-277.080641
-241.979238
-267.584609
-261.480017
-277.758929
-318.795352
-341.178855
-381.706562
-429.356293
-359.831775
-273.180485
-272.332625
-244.183674
-240.113946
-260.293013
-226.378614
-178.559312
-106.999929
7.461168
67.998370
59.858914
59.180627
22.553075
-12.378756
48.667163
135.318453
202.638535
233.670210
200.434099
140.744756
109.882653
85.125142
60.028486
121.922265
184.324759
113.104521
81.224986
82.751134
-10.174320
-36.288407
3.561012
-28.318523
-24.079223
52.397747
21.196499
-3.052296
61.554634
56.806619
33.066539
78.511834
110.560941
142.949192
207.047407
215.186863
201.960247
187.885771
164.484836
174.659156
189.072775
201.281959
215.186863
192.803359
164.315264
150.410360
90.212302
38.323271
33.066539
26.961947
29.505527
9.665604
-18.144204
-15.770196
-72.407242
-160.415108
-165.841412
-143.118764
-84.616426
-21.874787
-90.212302
-120.226545
-74.272534
-127.178997
-135.657597
-27.640235
12.887472
18.313776
66.811366
33.744827
27.640235
95.977750
91.908022
80.037982
114.291525
126.500709
110.900085
92.416738
75.120394
73.763818
51.549887
-0.169572
-61.385062
-69.185374
-46.801871
-77.833546
-135.827169
-182.798611
-188.394487
-216.543439
-269.280329
-263.854025
-241.979238
-245.709822
-282.167801
-286.915817
-257.749434
-271.315193
-250.966554
-214.169431
-209.082271
-149.732072
-76.816114
-80.037982
-49.175879
45.445295
29.335955
13.226616
94.451602
124.296273
134.131449
187.885771
180.255031
154.310516
188.733631
167.537132
168.893708
232.483206
215.356435
159.736820
135.148881
87.499150
89.025298
114.121953
40.188563
31.201247
52.228175
-41.884283
-58.671911
-3.221868
-51.380315
-42.562571
7.122024
-54.941327
-28.996811
41.884283
-20.009495
-0.508716
74.950822
41.375567
53.923895
92.925454
69.524518
120.226545
187.546627
138.370749
106.491213
109.882653
98.690902
99.369190
107.847789
138.031605
116.835105
69.863662
74.950822
36.797123
-47.310587
-32.896967
-21.874787
-62.911210
-22.044359
-24.248795
-100.047477
-87.668722
-70.202806
-128.874717
-100.895337
-62.063350
-96.147322
-50.702027
-23.909651
-60.367630
-27.301091
6.104592
-25.774943
-8.309028
21.026927
5.595876
28.996811
46.632299
22.722647
42.223427
36.288407
-28.148951
-28.488095
-52.736891
-82.581562
-45.106151
-53.415179
-80.207554
-72.746386
-118.191681
-196.364371
-180.085459
-196.025227
-220.782738
-165.502268
-182.289895
-224.174178
-204.673399
-170.589428
-178.050596
-160.584680
-131.927013
-131.079153
-90.551446
-66.980938
-60.028486
-8.987316
56.637047
51.549887
72.068098
131.587869
126.331137
128.705145
143.627480
178.389740
185.003047
172.115576
210.947563
211.286707
158.210672
178.898456
187.037911
90.551446
125.313705
174.489584
80.377126
105.304209
136.675029
2.374008
4.748016
71.898526
-39.340703
1.187004
116.326389
3.391440
-2.882724
61.215490
-55.958759
-61.893778
34.931831
-17.126772
-6.782880
68.846230
6.274164
-9.156888
24.927083
-32.049107
-35.779691
30.862103
39.340703
27.131519
29.675099
4.408872
-4.069728
18.144204
12.039612
-3.391440
11.361324
12.378756
-4.239300
-14.244048
-25.774943
-11.022180
7.969884
5.765448
-8.648172
-0.508716
0.508716
-10.343892
19.500780
12.717900
-5.595876
17.126772
25.435799
13.565760
16.618056
10.174320
-10.683036
9.835176
10.343892
-6.613308
7.291596
7.630740
-10.513464
-41.884283
-73.085530
-80.377126
-69.015802
-77.155258
-93.095026
-91.568878
-106.830357
-144.305768
-187.716199
-190.598923
-171.267716
-178.389740
-160.923824
-142.610048
-152.784368
-143.288336
-136.505457
-180.085459
-168.893708
-112.934949
-120.226545
-83.598994
-39.849419
-50.362883
-24.927083
1.865292
-14.583192
20.179067
70.711522
53.923895
96.316894
135.657597
96.486466
115.817673
158.719388
127.178997
125.822421
169.063280
121.413549
113.952381
188.055343
164.654408
108.695649
146.679776
140.744756
63.250354
104.456349
139.557752
84.955570
111.069657
135.318453
51.549887
41.545139
105.134637
70.372378
53.076035
88.516582
61.724206
28.318523
38.153699
30.183815
-4.748016
-10.343892
4.748016
-2.543580
-37.984127
-37.644983
-31.201247
-73.594246
-80.885842
-60.876346
-69.694090
-64.606930
-45.445295
-57.145763
-59.689342
-54.602183
-51.719459
-19.670352
-17.635488
-11.361324
27.470663
16.109340
0.847860
36.118835
41.375567
28.488095
66.302650
74.781250
53.754323
64.606930
57.654479
31.031675
31.879535
52.906463
56.976191
40.358135
7.461168
-17.635488
-40.697279
-75.120394
-66.302650
-43.071287
-72.068098
-112.426233
-127.518141
-152.953940
-161.771684
-143.118764
-160.584680
-161.941256
-133.114017
-166.010984
-199.586239
-161.432540
-138.031605
-144.984056
-129.892149
-115.139385
-107.169501
-89.873158
-74.272534
-57.993623
-46.462727
-26.792375
10.852608
9.326460
0.000000
57.145763
68.337514
28.488095
83.768566
121.243977
74.272534
94.621174
113.782809
51.210743
80.207554
130.570437
72.237670
89.194870
142.949192
77.155258
38.831987
82.581562
68.846230
46.123583
84.785998
94.621174
74.102962
81.224986
88.347010
64.606930
64.606930
105.473781
98.012614
76.476970
107.169501
107.847789
73.594246
93.095026
112.765377
74.611678
57.145763
63.080782
38.492843
21.366071
42.392999
27.979379
-33.405683
-30.183815
-23.740079
-98.690902
-104.117205
-55.280471
-91.738450
-95.299462
-65.793934
-132.096585
-138.709893
-73.933390
-95.129890
-82.072846
-28.657667
-50.362883
-36.797123
-15.770196
-44.427863
2.374008
51.549887
26.961947
54.093467
73.594246
26.622803
39.340703
62.063350
50.193311
76.307398
86.142574
45.614867
19.839924
22.553075
19.670352
6.952452
20.687783
28.318523
-39.849419
-70.881094
-29.166383
-76.646542
-109.882653
-43.071287
-86.990434
-163.806548
-108.695649
-121.243977
-182.968183
-120.056973
-108.186933
-163.636976
-116.326389
-107.847789
-168.893708
-113.443665
-56.637047
-94.621174
-57.145763
2.374008
-45.445295
-51.380315
3.900156
-8.478600
7.969884
79.868410
61.385062
28.488095
67.150510
51.041171
12.717900
68.337514
99.199618
55.280471
65.115646
81.055414
24.757511
23.231363
77.324830
49.854167
26.792375
73.594246
51.210743
10.852608
65.285218
75.968254
39.001559
75.798682
72.068098
28.657667
90.551446
123.957129
74.442106
101.573625
117.174249
56.128331
78.342262
122.770125
91.399306
100.386621
110.900085
40.188563
32.557823
79.529266
42.392999
19.161636
53.076035
20.518211
-29.335955
-10.852608
-9.496032
-34.083971
-18.483348
-18.992064
-48.158447
-41.545139
-35.270975
-50.023739
-37.475411
-32.727395
-44.258291
-21.705215
-14.752764
-29.505527
-6.952452
-1.695720
-31.031675
-18.652920
-2.034864
-20.009495
-7.969884
6.782880
-21.196499
-27.809807
-19.500780
-49.684595
-53.245607
-29.844671
-49.345451
-61.045918
-58.332767
-94.112458
-105.304209
-92.077594
-110.900085
-102.251913
-87.668722
-110.730513
-108.865221
-128.196429
-159.058532
-109.543509
-92.416738
-120.226545
-71.898526
-59.689342
-102.760629
-74.442106
-59.519771
-77.324830
-30.692531
-0.339144
-18.483348
3.730584
38.323271
21.874787
10.852608
46.632299
54.602183
40.527707
83.598994
94.621174
54.771755
91.399306
104.625921
53.076035
87.329578
109.543509
55.450043
84.785998
106.660785
55.789187
85.973002
104.286777
50.362883
73.085530
92.586310
51.380315
70.033234
86.312146
65.793934
84.446854
87.668722
72.407242
87.838294
73.424674
61.215490
83.768566
70.372378
59.350199
71.050666
44.427863
30.014243
44.936579
14.752764
-6.443736
17.805060
-8.817744
-58.671911
-35.270975
-23.740079
-67.828798
-50.871599
-34.083971
-90.890590
-78.850978
-34.762259
-93.434170
-83.429422
-2.543580
-52.058603
-72.915958
0.508716
-26.283659
-51.380315
12.378756
-4.578444
-19.161636
41.545139
28.148951
-2.543580
26.114087
29.166383
13.565760
20.518211
21.026927
29.335955
16.109340
-9.665604
3.052296
-2.713152
-20.009495
-17.974632
-33.066539
-46.801871
-33.066539
-54.771755
-74.781250
-61.215490
-72.746386
-88.007866
-106.321641
-101.064909
-77.833546
-98.521330
-117.682965
-80.207554
-90.721018
-118.191681
-80.546698
-106.999929
-109.713081
-43.580003
-63.080782
-81.224986
-11.530896
-29.675099
-71.728954
-20.348639
-24.757511
-7.461168
45.106151
21.535643
11.870040
43.919147
27.131519
18.652920
52.906463
46.123583
60.028486
61.215490
34.762259
58.671911
74.442106
55.789187
63.419926
79.020550
56.806619
69.354946
91.399306
84.107710
72.237670
81.733702
82.751134
57.145763
78.172690
118.530825
99.030046
83.768566
121.752693
82.581562
54.093467
112.765377
95.808178
70.711522
108.865221
105.134637
57.993623
62.402494
50.193311
15.091908
27.470663
32.388251
30.522959
17.465916
15.770196
10.513464
-26.622803
-41.545139
-14.752764
-18.822492
-68.676658
-28.318523
-12.378756
-76.816114
-40.697279
-15.600624
-109.882653
-76.137826
-20.857355
-117.174249
-79.020550
8.817744
-112.765377
-93.434170
-37.475411
-107.508645
-95.299462
5.935020
-77.494402
-44.936579
-16.109340
15.431052
297.259709
220.274022
-6.952452
-230.109198
-164.145692
-224.343750
-244.692390
-292.002977
-94.621174
46.801871
50.023739
59.689342
-0.847860
-96.316894
-95.808178
-100.217049
-183.816043
-58.502339
38.323271
16.109340
33.575255
51.719459
-35.610119
-26.792375
-27.809807
-76.816114
-46.971443
3.730584
-24.079223
22.892219
54.432611
21.535643
32.557823
26.622803
-23.570507
-6.443736
24.587939
31.709963
64.098214
53.923895
35.101403
63.759070
48.158447
13.396188
43.410431
40.358135
28.827239
83.429422
79.698838
56.976191
91.060162
75.968254
36.118835
81.903274
68.167942
28.318523
76.816114
79.020550
42.223427
80.377126
73.085530
18.313776
31.709963
45.445295
19.500780
42.053855
54.263039
35.101403
50.023739
38.492843
7.461168
31.540391
31.370819
31.031675
32.388251
2.713152
28.827239
54.602183
14.244048
22.892219
93.095026
26.453231
283.185233
290.137685
18.313776
-94.451602
-4.069728
-109.713081
-168.893708
-88.516582
-129.044289
-10.174320
31.031675
-44.258291
-58.332767
-17.296344
-20.857355
78.850978
56.128331
-85.464286
-53.584751
-43.071287
-239.944374
-215.017291
-163.297832
-195.007795
-193.651219
-128.535573
-154.140944
-135.318453
-129.722577
-174.998300
-168.215420
-123.617985
-99.708333
-84.616426
-38.492843
-47.988875
-36.457979
120.396117
93.773314
-48.836735
-135.148881
-108.186933
-129.044289
-61.215490
56.467475
111.239229
116.156817
111.917517
95.808178
-4.748016
51.549887
134.301021
143.627480
79.529266
101.064909
132.096585
95.469034
36.966695
20.179067
11.361324
3.900156
30.353387
5.935020
-14.413620
10.513464
-5.087160
-53.076035
-13.226616
-1.865292
-21.196499
4.408872
48.497591
53.584751
37.644983
67.659226
71.050666
66.302650
84.955570
87.838294
47.819303
57.824051
104.965065
55.789187
78.850978
113.274093
53.923895
25.266227
11.022180
-12.378756
-14.074476
22.722647
46.971443
61.385062
69.694090
14.583192
23.570507
40.866851
-14.752764
13.565760
94.621174
-8.817744
-22.044359
79.529266
-22.044359
-95.808178
14.583192
51.210743
-1.526148
45.784439
39.849419
-81.733702
-21.874787
56.637047
-154.310516
-56.128331
112.256661
-68.337514
-23.400935
-57.824051
-104.625921
-75.289966
-45.275723
-198.568807
-189.920635
127.178997
-5.087160
-137.183745
-67.320082
-59.519771
-42.732143
-46.801871
-97.503898
-125.822421
-9.835176
100.895337
-105.304209
-172.285148
15.770196
0.339144
-22.722647
-135.318453
-75.629110
-78.681406
-138.370749
108.526077
57.654479
-19.331208
-114.969813
-25.605371
-43.240859
-119.887401
-10.683036
26.961947
-110.900085
-6.782880
9.326460
70.372378
-3.900156
-30.862103
10.004748
-103.608489
106.660785
109.034793
-44.936579
32.388251
202.299391
87.499150
4.578444
-36.627551
121.243977
236.213790
26.622803
19.500780
245.370678
124.974561
-62.063350
75.459538
-150.410360
67.828798
161.262968
-7.461168
162.619544
-2.204436
-144.136196
60.876346
129.892149
16.109340
-81.903274
-27.640235
229.430910
-148.375496
-109.034793
155.158376
-117.682965
-37.305839
114.121953
222.987174
5.087160
-83.768566
-128.026857
155.836664
137.183745
-51.210743
-44.088719
226.548186
339.822279
99.199618
-305.399164
-262.836593
282.846089
147.018920
32.049107
56.467475
-53.415179
188.903203
96.995182
-246.218538
-243.166242
53.923895
7.122024
-78.681406
53.245607
72.915958
-112.426233
-136.844601
-62.911210
-253.340562
-278.776361
139.049037
208.912699
-288.950681
-132.605301
182.629039
-353.048895
-356.779479
14.922336
125.144133
159.228104
-21.366071
-213.830287
-288.950681
-182.289895
294.546557
51.041171
-126.331137
-195.007795
175.337444
354.405471
-143.457908
-499.389527
-156.006236
346.435587
-37.644983
236.552934
84.955570
-129.722577
-226.378614
-35.440547
42.562571
-246.388110
211.286707
186.698767
-39.340703
66.302650
147.018920
-290.815973
-211.625851
-73.594246
130.740009
516.516299
132.096585
-283.863521
-296.411849
505.833263
-168.724136
-536.186651
509.902991
422.064697
-25.096655
-229.600482
251.983986
234.348498
-418.164541
-8.478600
415.112246
79.190122
154.480088
-114.630669
-149.053784
422.234269
61.045918
-618.089924
14.583192
324.560800
-25.774943
172.454720
92.755882
-370.345239
155.836664
104.965065
-338.635275
166.180556
-24.248795
166.010984
513.464003
-238.926942
-409.007654
76.476970
412.738238
-179.068027
-220.443594
492.097932
244.522818
-256.053714
-219.256590
442.074193
-43.580003
-492.776220
232.991922
695.753899
-200.094955
-578.918793
3.730584
341.009283
173.472152
-620.463932
-218.069587
493.793652
13.396188
-241.979238
-176.185304
-258.936437
-110.391369
464.796840
-121.074405
-398.155046
-431.052013
528.216767
-49.345451
-534.999647
263.514881
-129.044289
-353.218467
71.220238
587.736537
-249.270834
-542.460814
-85.633858
319.812784
88.516582
-358.983915
-38.831987
332.530684
308.960176
-253.001418
-397.476758
7.630740
425.964853
91.908022
-265.719317
201.112387
-119.717829
91.738450
195.516511
-343.044147
-30.692531
370.006095
71.728954
-203.316823
31.540391
186.359623
-11.530896
78.511834
-100.556193
23.231363
71.898526
-75.798682
240.283518
-46.123583
447.161353
-262.327877
-768.500285
504.307115
458.861820
-506.681123
-329.478388
633.690548
328.291384
-489.045636
-303.873016
50.532455
345.926871
-29.505527
-288.441965
-20.518211
562.131166
366.105939
-914.501773
-275.045777
563.826886
59.180627
-469.884000
7.800312
632.503544
286.237529
-539.747662
-161.432540
188.055343
-43.749575
-26.453231
180.424603
197.720947
177.541880
-108.865221
-27.470663
-213.321571
73.763818
198.229663
-23.909651
321.847648
-226.378614
176.694020
211.964995
-312.521188
-260.462585
64.776502
223.156746
419.521117
-227.565618
-435.630457
255.036282
-100.556193
-84.107710
56.128331
-241.300950
-116.326389
179.237599
293.359553
-44.258291
-538.899802
-150.579932
359.662203
35.101403
-334.395976
-101.573625
88.007866
360.340491
-66.641794
-493.624080
-272.502197
166.858844
434.613025
10.174320
-156.006236
-311.334184
-56.806619
435.121741
-142.779620
-345.757299
-260.462585
477.853884
284.541809
-403.920494
-299.803288
296.242277
-35.610119
-25.266227
90.212302
-298.277140
-107.508645
245.709822
446.483065
-58.841483
-535.847507
-11.361324
303.873016
117.343821
-239.096514
-283.015661
128.366001
562.979026
158.041100
-510.411707
-193.820791
264.023597
297.768425
-225.361182
-53.076035
383.402282
-219.765306
-103.608489
307.094884
23.570507
-450.722365
-28.148951
530.421203
-18.483348
37.814555
-246.727254
-60.028486
353.727183
38.662415
-414.942674
-96.995182
552.804706
403.750922
-413.416526
-355.762047
344.061579
121.922265
-135.657597
120.565689
-8.648172
386.285006
115.817673
-712.202382
273.519629
214.847719
-328.460956
-23.400935
257.240718
527.199335
-142.270904
-482.771472
-60.367630
88.347010
-292.681265
149.392928
419.181973
24.927083
-279.624221
-103.438917
232.483206
-418.164541
-232.144062
218.408731
379.671698
-174.659156
-323.882512
217.221727
124.296273
-241.640094
-134.301021
-69.524518
54.093467
319.134496
-138.201177
-81.224986
-120.565689
54.432611
-107.678217
-123.278841
326.426092
30.862103
-391.880882
-32.896967
614.189769
-361.527495
-562.979026
380.349986
226.378614
-254.188422
-57.654479
355.762047
-161.941256
-150.749504
-96.486466
84.277282
165.841412
-27.640235
-282.676517
-38.662415
406.124930
-297.429281
-428.338861
459.709680
386.963294
-359.323059
-379.671698
290.137685
442.413337
-339.991851
-513.294431
359.323059
571.966342
-204.334255
-385.606718
334.565548
17.465916
-318.795352
190.598923
110.221797
-202.808107
227.226474
247.066398
-359.323059
-217.560871
256.562430
94.960318
-265.888889
94.451602
295.733561
-313.877764
-390.015590
465.814272
209.082271
-44.427863
-353.896755
34.931831
686.257867
-332.191540
-398.324618
346.266015
296.242277
-100.556193
-65.115646
15.091908
206.708263
269.789045
-234.009354
-148.205924
120.226545
329.817532
-24.927083
-258.936437
102.421485
285.898385
-122.091837
-272.671769
401.207342
115.308957
-542.799958
-143.457908
731.364018
-88.855726
-404.768354
60.367630
-154.649660
259.784297
147.188492
-491.080500
-110.052225
407.142362
-31.879535
-360.510063
-138.540321
197.042659
144.136196
-91.229734
-205.521259
-104.965065
249.609978
-137.692461
-356.270763
76.816114
230.957058
-39.171131
-291.155117
-145.323200
389.846018
64.776502
-643.864868
18.144204
436.987033
-200.434099
-18.992064
-92.755882
-196.873087
287.424533
-183.476899
-186.359623
628.603388
-314.047336
-357.796911
439.021897
-78.511834
-75.120394
-75.968254
37.136267
232.652778
73.933390
163.976120
-175.167872
-352.709751
358.305627
468.018708
-413.077382
-215.695579
568.235758
11.361324
-213.321571
102.930201
104.117205
15.431052
-130.740009
52.397747
166.180556
94.282030
-52.228175
-123.109269
200.942815
-124.635417
-26.961947
43.071287
-57.824051
381.367418
-200.094955
-490.402212
364.749363
149.392928
-240.622662
208.403983
-98.351758
-236.213790
212.643283
318.964924
-413.925242
-409.516370
511.429139
397.815902
-596.554281
13.904904
337.278700
-57.993623
-182.968183
-132.774873
140.575184
326.765236
-125.652849
-496.337232
468.866568
51.380315
-461.235828
55.110899
287.933249
110.391369
-434.273881
-288.950681
440.039329
477.006024
-389.846018
-645.051872
305.229592
396.120182
-161.941256
-349.827027
322.356364
421.725553
-726.955146
-228.922194
550.091554
386.624150
-384.589286
-630.807824
198.568807
837.516087
-202.977679
-958.590492
264.023597
668.283235
-115.478529
-666.757087
96.486466
580.953657
8.817744
-648.443312
-152.445224
781.218184
212.643283
-813.606436
-203.995111
532.795211
271.484765
-71.050666
-352.370607
-114.969813
436.478317
57.993623
-467.001276
140.914328
276.402353
89.534014
-208.912699
-218.408731
288.102821
416.468822
-446.991781
-459.540108
385.437146
584.005953
-83.938138
-561.622450
-36.797123
498.711239
122.430981
-391.202594
-295.903133
294.207413
739.333901
-459.031392
-916.875781
623.516228
919.928077
-761.547833
-641.830004
568.405330
514.820579
-241.131378
-754.086665
130.740009
839.550951
-183.985615
-726.785574
26.622803
658.787203
67.489654
-389.167730
-317.608348
460.557540
227.565618
-472.936296
-54.093467
264.362741
105.304209
47.310587
-178.050596
-173.811296
240.453090
200.434099
-179.915887
-279.963365
73.933390
406.124930
23.909651
-500.576531
-15.261480
294.207413
116.326389
-353.048895
-73.255102
389.676446
-103.778061
-238.587798
51.889031
175.676588
-62.402494
-118.700397
-26.283659
-95.977750
284.880953
79.359694
-473.275440
34.592687
480.567036
-255.036282
-251.305698
146.340632
85.973002
203.995111
-297.259709
-191.785927
316.251772
81.394558
-199.247095
-113.952381
14.244048
336.261268
-161.941256
-455.979097
380.858702
316.760488
-116.326389
-568.405330
42.223427
794.953516
-89.534014
-652.682612
49.345451
440.039329
-15.091908
-117.174249
-190.768495
68.167942
336.430840
-19.331208
-439.021897
63.928642
370.853955
147.188492
-665.739655
12.039612
859.221302
-274.876205
-484.636764
-13.226616
263.175737
498.032951
-508.715987
-554.500426
647.256308
282.506945
-330.665392
-190.090207
-18.483348
226.039470
322.525936
-410.364230
-319.812784
474.971160
402.903062
-434.443453
-506.172407
385.776290
498.202523
-221.969742
-560.435446
215.865151
765.617561
-546.700114
-298.277140
266.397605
-73.594246
221.630598
60.706774
-374.245395
22.722647
383.741426
-88.007866
-427.491001
116.326389
374.584539
-158.719388
-287.763677
174.320012
335.074264
-274.197917
-426.134425
218.917446
296.750993
-41.036423
24.757511
-434.782597
60.876346
533.473499
-275.384921
-278.945933
28.148951
117.513393
260.971301
-190.259779
-238.757370
85.633858
493.624080
-348.979167
-591.297549
531.777779
353.048895
-220.613166
-351.183603
-38.492843
600.624009
7.969884
-753.917093
-17.126772
819.711027
-233.500638
-319.643212
50.193311
-36.288407
463.440264
-328.291384
-240.113946
30.692531
360.340491
391.880882
-730.855302
-226.717758
568.744474
307.603600
-397.476758
-311.673328
242.318382
310.995040
35.101403
-315.403912
-231.635346
440.039329
177.541880
-529.234199
-162.449972
562.300738
381.367418
-745.438493
-290.307257
514.990151
246.727254
-190.090207
-360.510063
-103.099773
592.993269
285.220097
-784.609624
-138.540321
676.761835
167.367560
-498.202523
-365.088507
601.302297
570.101050
-598.250001
-384.589286
368.988663
378.654266
-23.570507
-513.124859
57.315335
515.159723
143.457908
-302.855584
-303.703444
92.077594
531.438635
-198.399235
-567.727042
325.917376
387.472010
49.345451
-515.498867
-617.411636
679.983703
455.639953
-619.107356
-485.145480
300.481576
332.530684
-263.684453
-413.755670
-134.131449
390.524306
94.282030
-616.902920
-88.686154
577.053501
-137.862033
-352.370607
-200.603671
14.922336
411.212090
35.949263
-371.362671
-274.537061
620.803076
140.914328
-752.390945
28.148951
760.530401
-7.800312
-552.804706
-2.034864
465.644700
489.384780
-593.501985
-429.525865
575.018638
577.562217
-4.408872
-541.612954
-103.947633
732.551022
126.331137
-483.619332
109.034793
402.733490
98.860474
-59.180627
-99.538761
125.822421
334.565548
-44.936579
-282.167801
-65.963506
414.433958
421.047265
-405.277070
-539.917234
521.433887
203.316823
-318.625780
-19.161636
-23.400935
27.809807
266.397605
-276.741497
-363.731931
331.004536
101.064909
-344.061579
-237.909510
210.608419
18.992064
-92.586310
-81.733702
-457.674816
-91.229734
499.219955
-212.473711
-381.536990
-151.936508
121.922265
518.042447
-645.391016
-790.035928
610.628757
506.172407
-595.706421
-535.169219
192.972931
414.942674
-108.356505
-437.495749
-152.614796
436.308745
251.305698
-297.598853
-311.842900
73.594246
460.727112
32.049107
-329.308816
-212.134567
440.548045
648.952028
-381.197846
-608.085177
583.497237
782.405188
-344.739867
-555.857002
193.990363
909.414613
286.407101
-712.371954
-93.264598
581.123229
351.183603
-79.868410
-228.243906
-103.099773
815.132583
157.023668
-715.424250
-20.857355
750.186509
427.830145
-892.457414
-457.166101
906.701461
576.375214
-769.178573
-608.085177
587.058249
468.527424
-535.169219
-317.947492
122.261409
124.635417
-9.156888
-313.877764
-211.456279
347.622591
-256.392858
-147.188492
76.307398
-563.826886
317.269204
350.505315
-503.289683
-458.692248
132.435729
277.080641
-22.044359
-582.310233
-302.516440
514.651007
60.198058
-490.910928
-181.950751
162.110828
132.435729
-158.549816
-393.915746
-3.052296
325.069516
-135.996741
-191.107639
-136.675029
138.031605
131.418297
-171.606860
-207.725695
212.134567
122.261409
-88.855726
231.465774
-421.386409
11.700468
770.535149
-271.484765
-412.907810
432.239017
334.565548
-12.039612
-254.018850
-3.730584
647.765024
146.679776
-390.863450
114.630669
594.180273
246.896826
-274.028345
-37.475411
406.464074
377.128119
-99.538761
-204.673399
244.861962
535.677935
-49.006307
-106.830357
25.435799
191.616355
131.757441
-62.572066
-76.816114
33.236111
160.584680
-259.784297
81.733702
-85.125142
-194.499079
178.389740
-25.435799
-487.349916
-26.792375
275.724065
-183.307327
-346.944303
-437.156605
314.895196
270.806477
-608.085177
-380.858702
290.985545
61.724206
-387.472010
-214.339003
242.487954
-114.630669
-496.845948
330.326248
86.481718
-608.593893
136.505457
559.757158
-644.204012
-501.085247
676.083547
408.838082
-808.858420
-387.132866
678.457555
158.041100
-477.853884
95.977750
120.735261
-264.362741
213.999859
178.050596
-190.259779
-247.235970
291.494261
167.706704
-100.895337
-220.952310
244.014102
264.023597
-257.410290
-165.502268
287.424533
217.052155
-129.722577
82.751134
20.687783
187.377055
153.801800
-81.733702
100.386621
293.359553
-98.521330
317.438776
254.527566
-336.939556
261.649589
572.305486
-134.809737
-152.275652
357.627339
236.722506
81.733702
-187.037911
101.912769
318.117064
-42.562571
-42.392999
-98.182186
32.388251
196.703515
-174.998300
-242.827098
-139.388180
276.402353
-89.025298
-505.154975
-14.922336
81.055414
-157.871528
-271.823909
-127.857285
-121.583121
-69.863662
-174.828728
29.335955
-302.686012
-127.178997
114.630669
-242.318382
-136.675029
-47.480159
73.424674
136.505457
-273.180485
-468.866568
397.307186
402.733490
-251.983986
-474.971160
113.443665
500.406959
-44.597435
-256.053714
-44.936579
229.091766
94.451602
-129.722577
65.793934
73.763818
249.949122
54.941327
-435.460885
-63.759070
516.177155
255.205854
-294.716129
-347.113875
65.285218
580.614513
73.085530
-326.426092
-235.535502
180.763747
333.378544
10.513464
-288.781109
118.022109
351.522747
-234.348498
-103.778061
134.131449
177.033164
99.538761
-47.819303
-336.769984
163.806548
656.243623
-117.004677
-555.009142
119.717829
417.316682
278.606789
-173.980868
-421.386409
298.446712
348.470451
-229.939626
-178.220168
149.562500
147.188492
112.595805
-298.785856
-281.828657
481.754040
340.670139
-519.059879
-286.407101
121.922265
358.814343
59.689342
-652.004324
-205.690831
458.522676
15.939768
-295.903133
-205.182115
-211.117135
458.522676
13.904904
-864.817178
83.259850
741.368765
-426.303997
-639.455996
265.380173
359.323059
-10.683036
-549.921982
-189.411919
497.354663
189.581491
-301.499008
-113.104521
79.359694
-17.635488
164.145692
29.844671
-40.866851
-210.777991
56.976191
409.855514
-135.148881
-233.161494
139.557752
352.540179
-248.422974
-280.472081
249.101262
553.822138
-56.806619
-648.273740
96.825610
574.849066
198.399235
-442.074193
-100.725765
235.705074
215.695579
23.400935
30.353387
-81.564130
-181.611607
295.903133
137.353317
-234.009354
-63.928642
425.625709
99.708333
-366.784227
-241.470522
285.898385
432.069445
-200.942815
-419.351545
-91.229734
478.871316
389.676446
-523.129607
-474.632016
163.467404
478.532172
44.597435
-515.498867
-170.419856
466.153416
205.182115
-465.814272
-287.424533
99.369190
450.044077
-195.346939
-493.624080
10.174320
319.304068
239.774802
-418.842829
-501.254819
162.280400
411.042518
-162.449972
-320.999788
41.205995
162.280400
125.483277
-167.367560
-395.102750
72.407242
569.592334
-91.908022
-432.917305
-75.798682
448.687501
438.174037
-478.871316
-535.508363
341.687571
686.597011
-193.820791
-551.108986
118.530825
480.736608
2.204436
-289.968113
-98.860474
123.448413
341.178855
20.518211
-410.703374
-72.746386
391.372166
169.402424
-217.221727
-166.519700
116.835105
257.579862
52.228175
-167.367560
-88.686154
170.250284
110.900085
-27.131519
-84.955570
-13.226616
262.497449
33.405683
-171.098144
-152.614796
193.481647
447.161353
-391.880882
-332.700256
293.020409
232.483206
-90.721018
-270.806477
39.001559
112.256661
178.389740
-140.914328
-274.876205
-4.408872
332.361112
20.518211
-340.330995
-211.625851
250.118694
348.470451
-346.435587
-445.296061
12.039612
597.402141
-86.312146
-535.677935
-142.270904
335.752552
293.189981
-490.571784
-392.220026
257.919006
666.417943
-476.158164
-597.062997
290.646401
491.250072
-12.887472
-510.242135
-155.327948
229.091766
530.251631
-126.161565
-581.631945
31.370819
406.972790
119.378685
-300.481576
-266.397605
253.849278
543.308674
-148.884212
-449.704933
100.556193
406.803218
119.039541
-370.853955
-114.630669
206.029975
416.299250
53.584751
-411.381662
-172.285148
484.467192
467.001276
-317.947492
-459.709680
189.581491
497.185091
-43.919147
-511.429139
34.931831
250.627410
18.652920
15.939768
-89.873158
-151.088648
204.334255
324.221656
-342.874575
-207.556123
212.473711
87.668722
21.705215
-95.299462
-119.717829
13.565760
214.169431
-10.852608
-449.026645
-56.637047
411.720806
61.045918
-440.378473
-154.649660
53.923895
104.795493
-39.679847
-414.094814
-154.649660
315.573484
164.145692
-414.264386
-283.354805
281.659085
192.464215
-113.952381
-299.633716
-87.668722
308.621032
216.713011
-173.472152
-53.415179
72.576814
34.931831
85.294714
88.516582
11.530896
-8.478600
258.258150
60.198058
-112.765377
22.722647
78.003118
197.212231
7.461168
-99.538761
79.698838
97.503898
183.816043
90.551446
-266.736749
-22.383503
230.278770
141.253472
-187.207483
-241.131378
190.938067
307.773172
-140.405612
-317.608348
-146.849348
258.766865
288.272393
-307.603600
-297.090137
32.896967
190.259779
43.240859
-325.578232
-189.411919
209.930131
-22.044359
-145.492772
63.080782
-12.548328
-123.617985
174.489584
72.407242
-264.193169
-99.877905
171.606860
219.934878
-143.797052
-204.842971
-10.513464
123.109269
12.887472
63.419926
-79.868410
-154.480088
20.518211
220.104450
121.413549
-346.774731
-112.426233
234.348498
246.218538
-172.624292
-363.562359
21.026927
587.566965
144.136196
-647.934596
-179.746315
583.666809
224.513322
-416.468822
-242.318382
383.571854
200.094955
-214.339003
-172.115576
40.527707
180.424603
-44.767007
-41.205995
7.800312
140.575184
-102.251913
-64.098214
59.519771
146.849348
1.695720
-294.376985
61.045918
364.071075
-35.270975
-330.834964
67.150510
387.811154
-54.602183
-438.343609
87.329578
476.666880
-9.835176
-392.728742
-37.475411
328.460956
246.727254
-306.077452
-269.280329
386.454578
398.663762
-542.630386
-264.701885
597.741285
30.522959
-427.151857
-41.036423
338.635275
121.413549
-199.925383
-329.817532
134.640165
247.405542
-100.556193
-242.996670
-88.347010
109.882653
153.293084
-75.120394
-328.460956
124.804989
206.877835
-216.373867
-266.567177
49.345451
263.175737
-106.321641
-191.107639
117.513393
-12.717900
-145.323200
-18.483348
158.549816
33.575255
-219.765306
-118.022109
225.869898
179.576743
-230.617914
-118.361253
120.396117
17.974632
11.191752
9.156888
-120.396117
69.354946
235.535502
-176.354876
-221.800170
195.177367
143.966624
-60.367630
-62.402494
59.519771
150.071216
3.052296
-139.727324
65.963506
126.161565
-30.692531
-22.213931
115.648101
59.689342
0.508716
-60.706774
13.396188
131.587869
-18.652920
-60.028486
-67.150510
186.190051
129.213861
-185.172619
-20.179067
137.862033
-79.190122
3.900156
-1.187004
-6.274164
56.467475
39.849419
52.567319
-143.457908
-113.104521
175.167872
92.247166
-155.667092
-24.248795
26.622803
-42.901715
-38.153699
152.106080
-85.125142
-260.293013
128.874717
140.914328
-172.285148
-70.202806
129.044289
-140.575184
-137.692461
189.751063
-28.827239
-153.632228
33.066539
89.364442
-55.619615
-63.759070
41.036423
-61.045918
-89.025298
81.055414
197.720947
-185.172619
-180.424603
199.416667
288.611537
-155.667092
-278.606789
111.239229
242.657526
-91.060162
-187.716199
105.134637
163.636976
-13.226616
-4.069728
22.044359
-29.166383
-16.957200
-28.996811
147.866780
125.991993
-134.301021
-24.927083
63.250354
-90.042730
157.701956
2.543580
-236.044218
41.375567
197.381803
88.347010
-157.701956
-238.926942
118.022109
250.966554
-107.508645
-298.277140
-20.857355
300.990292
-2.374008
-169.232852
-120.226545
94.790746
162.619544
-152.106080
-231.804918
119.378685
219.256590
-137.183745
-191.446783
27.809807
274.706633
-58.163195
-211.286707
-51.210743
190.598923
134.470593
-111.408801
-189.072775
-28.657667
291.833405
163.636976
-243.674958
-329.308816
220.274022
332.191540
-54.771755
-338.296131
-114.121953
382.384850
117.513393
-284.880953
-140.236040
190.090207
298.785856
-139.388180
-351.692319
75.459538
280.641653
-8.309028
-204.164683
-59.011055
199.586239
202.468963
-46.632299
-216.373867
-7.291596
227.226474
42.223427
-190.768495
-115.478529
185.342191
220.104450
-91.568878
-268.771613
112.934949
317.947492
37.814555
-278.776361
-185.850907
239.435658
171.267716
-110.391369
-266.058461
33.066539
314.047336
31.540391
-288.611537
-46.971443
188.903203
-95.129890
-108.526077
18.483348
-5.595876
102.760629
-17.465916
-142.101332
-15.600624
113.952381
7.461168
-80.885842
-150.071216
30.014243
187.716199
19.331208
-79.529266
-193.651219
48.667163
203.995111
44.088719
-199.586239
-181.950751
204.503827
165.841412
-124.296273
-190.429351
64.606930
177.541880
3.730584
-149.562500
-87.668722
220.613166
48.667163
-199.077523
-138.201177
194.668651
239.944374
-161.093396
-189.072775
46.462727
152.445224
91.399306
-116.495961
-140.405612
83.429422
81.224986
30.692531
-43.749575
-31.540391
-44.427863
113.104521
77.155258
-77.324830
1.865292
-23.570507
2.543580
6.443736
17.805060
-30.183815
50.023739
92.755882
-76.307398
-100.895337
70.033234
147.697208
-57.484907
-146.849348
-99.369190
151.258220
196.703515
-109.204365
-99.538761
-2.204436
58.671911
101.404053
-77.494402
-138.709893
65.454790
94.451602
-33.744827
-49.684595
-23.231363
49.515023
141.253472
-103.099773
-162.110828
49.006307
107.339073
56.637047
-117.852537
-117.852537
36.457979
150.410360
51.210743
-121.243977
-124.126701
60.876346
102.421485
-13.057044
-84.107710
-83.598994
55.789187
92.247166
5.087160
-67.828798
-105.304209
39.849419
199.247095
-62.402494
-217.221727
13.057044
171.946004
48.667163
-120.565689
-106.999929
67.659226
170.759000
16.448484
-167.367560
-56.467475
102.251913
66.302650
-12.717900
-68.676658
-23.400935
72.915958
108.526077
-9.496032
-120.904833
-22.383503
86.142574
43.749575
-14.074476
-37.814555
-24.248795
50.702027
44.088719
40.018991
-79.020550
-82.072846
69.863662
93.434170
16.448484
-148.036352
-47.480159
133.453161
23.740079
-54.602183
-60.537202
1.017432
107.339073
38.492843
-53.076035
-104.456349
-32.727395
100.895337
37.136267
-89.703586
-42.562571
72.915958
80.037982
-16.109340
-85.464286
-56.637047
50.193311
18.822492
-49.854167
21.535643
43.580003
-30.353387
-53.923895
52.736891
33.405683
-95.808178
-54.263039
30.353387
72.576814
34.762259
-58.671911
-54.771755
30.522959
1.356576
-34.592687
6.782880
16.787628
-35.440547
23.231363
103.438917
-71.559382
-125.822421
67.659226
46.801871
-43.580003
24.927083
16.278912
17.974632
32.727395
-30.692531
-61.215490
3.900156
41.714711
1.865292
-26.453231
25.096655
111.917517
15.939768
-111.069657
-42.732143
81.733702
29.505527
-33.914399
-32.896967
17.974632
87.668722
39.679847
-78.003118
-61.554634
54.602183
36.966695
-32.727395
11.530896
38.662415
-56.467475
-3.900156
53.923895
-9.665604
-47.819303
-21.196499
42.732143
27.301091
-32.388251
21.535643
13.735332
-61.385062
-29.675099
12.887472
42.053855
8.648172
-53.415179
5.595876
73.085530
-1.017432
-55.280471
-17.805060
-11.870040
-17.296344
42.392999
23.909651
-35.101403
8.478600
36.627551
13.226616
-9.496032
-42.901715
-27.131519
18.652920
-7.461168
13.396188
40.358135
-14.074476
-15.770196
24.079223
8.648172
-52.397747
-13.226616
46.123583
-16.448484
-40.018991
22.722647
47.310587
14.583192
-49.345451
-49.854167
28.488095
89.025298
-5.935020
-108.695649
0.847860
87.668722
10.852608
-66.133078
-12.887472
31.540391
5.765448
-6.952452
23.740079
29.335955
-24.927083
-56.297903
4.917588
64.946074
-4.917588
-61.893778
-2.374008
66.980938
23.400935
-54.602183
-35.949263
19.670352
41.714711
3.900156
-74.781250
-24.248795
84.616426
57.484907
-63.759070
-82.920706
14.244048
62.741638
25.944515
-40.527707
-50.871599
2.543580
58.671911
12.039612
-40.018991
-37.984127
-13.226616
40.188563
26.114087
-21.874787
-35.440547
17.974632
53.076035
-9.156888
-59.858914
-6.443736
44.767007
-7.122024
-20.009495
21.705215
15.431052
-12.378756
2.374008
29.166383
8.478600
-34.253543
-28.318523
23.740079
58.841483
-8.309028
-45.954011
14.413620
32.388251
30.353387
-17.465916
-45.784439
-0.339144
47.819303
26.114087
-25.944515
-22.553075
21.366071
38.323271
-2.204436
-35.949263
-6.613308
38.492843
8.987316
-25.605371
1.865292
19.331208
3.221868
-7.122024
-4.917588
-2.204436
14.244048
12.548328
-17.635488
-19.500780
1.017432
25.774943
7.461168
-32.557823
-25.605371
15.770196
24.079223
-5.087160
-35.949263
-14.752764
16.448484
9.326460
-15.939768
-14.752764
-1.526148
-18.992064
-10.343892
13.396188
13.735332
-17.635488
-24.418367
-23.740079
2.204436
33.914399
-20.857355
-53.754323
0.847860
47.988875
8.139456
-34.762259
-29.505527
5.765448
16.278912
-10.852608
-10.683036
2.543580
4.917588
2.374008
2.713152
-9.496032
2.543580
14.244048
-17.296344
-23.570507
16.278912
49.854167
13.565760
-31.370819
-20.348639
27.131519
40.866851
-0.169572
-30.353387
-11.530896
38.492843
33.066539
2.543580
-8.139456
6.952452
19.839924
4.578444
-17.296344
5.935020
39.849419
0.169572
-16.618056
19.670352
32.049107
4.578444
-28.657667
-7.291596
27.470663
14.244048
-16.109340
-6.443736
17.805060
15.261480
9.156888
-12.887472
-18.992064
-4.408872
15.600624
11.361324
-13.396188
-8.648172
17.126772
12.209184
-20.857355
-8.309028
6.952452
-13.057044
-2.713152
7.969884
2.204436
5.256732
-7.461168
-4.917588
5.935020
-12.378756
-18.992064
5.087160
10.683036
-8.139456
-10.174320
-11.870040
-1.187004
12.887472
-9.326460
-22.553075
-9.326460
10.004748
-4.748016
-17.635488
-3.730584
-4.239300
-5.935020
1.526148
-10.683036
-6.952452
6.274164
-10.343892
-11.361324
-6.443736
-1.356576
1.526148
3.052296
-6.274164
-7.630740
-1.695720
7.461168
6.613308
-6.104592
-5.256732
0.847860
8.478600
0.339144
-3.221868
-2.374008
10.174320
11.022180
0.339144
-4.917588
5.595876
14.074476
-4.917588
-9.156888
10.683036
10.343892
-0.339144
6.613308
3.221868
4.239300
6.613308
-5.426304
-5.256732
11.700468
8.817744
0.339144
-0.678288
0.339144
10.513464
7.291596
-6.274164
-4.578444
1.526148
8.309028
11.022180
0.339144
-3.900156
-2.204436
0.339144
6.613308
6.782880
-2.713152
-5.595876
-0.847860
4.917588
4.748016
-2.882724
-6.952452
0.678288
4.748016
-0.169572
-0.847860
0.678288
-4.239300
-6.952452
-1.865292
4.917588
1.017432
-9.835176
3.221868
7.291596
-11.700468
-4.239300
6.274164
0.508716
-5.426304
-2.374008
5.426304
5.256732
0.678288
-8.139456
-1.695720
3.900156
-0.508716
1.865292
-5.426304
-0.678288
13.735332
-2.713152
-14.413620
1.187004
3.391440
-3.391440
-0.508716
-0.508716
-1.187004
-2.713152
-0.339144
-0.339144
-4.408872
0.678288
-1.526148
-6.952452
-3.391440
5.087160
1.865292
-2.374008
-0.508716
-9.156888
-5.087160
11.870040
3.730584
-12.039612
-4.069728
7.800312
2.374008
-6.443736
-1.356576
3.900156
0.508716
-0.678288
-5.935020
-4.917588
13.226616
2.543580
-14.244048
1.356576
7.800312
-0.678288
1.356576
-1.695720
-7.122024
5.426304
7.122024
-5.087160
-2.204436
1.865292
3.730584
3.561012
-4.578444
-3.052296
10.343892
5.426304
-12.548328
-5.256732
13.226616
12.378756
-7.630740
-14.583192
4.239300
15.091908
3.561012
-6.782880
-3.052296
0.339144
7.122024
8.478600
-2.882724
-3.561012
-1.187004
2.204436
5.426304
0.678288
-0.339144
0.508716
-3.391440
0.847860
5.256732
-2.713152
2.374008
4.408872
-6.613308
-0.169572
7.291596
6.104592
-3.052296
-6.613308
2.882724
6.274164
1.187004
-4.578444
-2.713152
0.847860
3.561012
-5.935020
-8.309028
4.069728
6.613308
-1.865292
-11.191752
-4.408872
12.887472
9.156888
-13.057044
-11.700468
10.343892
11.530896
-5.426304
-12.209184
-2.204436
5.256732
2.543580
-5.426304
-8.817744
-3.730584
2.713152
3.221868
-5.765448
-11.361324
0.000000
10.004748
-1.526148
-8.309028
0.508716
3.052296
1.865292
4.578444
1.187004
-6.782880
-0.169572
7.630740
2.034864
-6.443736
-8.478600
1.695720
6.104592
-4.578444
-10.174320
-2.034864
2.713152
1.187004
-2.543580
-5.426304
5.765448
8.817744
-2.543580
-0.339144
9.326460
5.426304
1.356576
3.391440
1.526148
2.543580
0.847860
-3.730584
-0.678288
2.882724
-3.391440
-8.139456
2.034864
7.630740
-2.882724
-7.969884
1.187004
7.461168
3.221868
-2.204436
0.000000
7.630740
6.613308
-2.713152
-3.561012
6.274164
9.156888
-3.900156
-10.683036
0.678288
7.969884
-2.543580
-12.209184
-5.087160
6.104592
-0.508716
-8.139456
0.169572
3.730584
0.508716
4.239300
3.052296
-1.017432
4.069728
6.613308
1.695720
0.508716
1.526148
1.017432
-1.017432
-2.543580
-2.204436
-1.017432
-1.695720
-4.748016
-3.391440
-0.339144
-2.713152
-1.865292
2.713152
-0.847860
-4.239300
2.034864
5.426304
2.034864
-1.356576
1.356576
3.900156
1.526148
-1.865292
0.508716
1.865292
-1.356576
-1.356576
-1.695720
-2.882724
-1.017432
-1.865292
-4.408872
-2.374008
-0.339144
-1.356576
-2.034864
-1.865292
-2.034864
1.695720
2.882724
-2.204436
-2.374008
3.730584
3.730584
-2.374008
-1.526148
3.900156
3.221868
-1.526148
-1.695720
2.374008
3.730584
-0.169572
-2.034864
1.187004
3.391440
1.865292
-1.526148
-2.204436
2.204436
3.730584
-2.713152
-3.052296
3.900156
1.187004
-4.917588
0.000000
3.561012
-1.865292
-1.695720
0.339144
-0.339144
0.847860
1.187004
-1.865292
-1.356576
1.695720
1.865292
0.169572
-1.356576
-0.508716
1.865292
2.034864
-0.508716
-1.017432
-0.508716
1.187004
1.695720
0.339144
-1.187004
0.508716
0.508716
-0.508716
0.678288
-0.339144
-1.017432
1.356576
0.000000
-1.695720
0.339144
1.017432
-0.339144
-0.847860
-0.678288
1.017432
1.865292
-0.508716
-1.187004
0.847860
0.508716
-1.017432
0.169572
-0.847860
-1.017432
3.052296
1.695720
-2.374008
-0.678288
1.356576
0.847860
1.526148
-0.678288
-3.052296
1.187004
3.900156
-1.526148
-2.374008
0.508716
1.695720
1.356576
-0.678288
-2.713152
-0.339144
2.543580
-0.508716
-3.391440
-1.017432
2.034864
-0.169572
-3.730584
-2.713152
1.865292
1.526148
-3.221868
-3.730584
0.000000
1.017432
-0.678288
-1.526148
-2.034864
0.000000
0.678288
-1.695720
-2.374008
-0.339144
0.169572
-0.339144
0.169572
-1.865292
-1.526148
1.865292
1.356576
-2.882724
-2.034864
3.052296
1.865292
-1.865292
-1.187004
1.187004
1.865292
0.847860
-0.169572
-0.847860
0.508716
1.695720
1.187004
-0.339144
0.000000
1.526148
1.526148
1.695720
-0.169572
0.169572
2.882724
2.204436
-0.339144
-0.678288
2.374008
2.713152
1.187004
-0.339144
0.339144
2.374008
1.526148
0.678288
0.678288
1.356576
1.695720
1.865292
0.000000
-0.508716
1.695720
2.374008
0.847860
-0.339144
1.356576
1.865292
1.526148
-0.678288
-0.169572
1.017432
0.169572
-0.339144
-1.017432
0.339144
0.000000
0.000000
-1.017432
-0.339144
-1.017432
-2.374008
-1.187004
-0.678288
-1.017432
-2.713152
-0.847860
-1.356576
-1.356576
-0.847860
-1.187004
-1.017432
-1.017432
-1.017432
-1.695720
-0.339144
-1.017432
-1.356576
-1.187004
-0.847860
0.000000
-0.847860
-1.356576
-0.169572
0.847860
-0.678288
-1.695720
0.000000
-0.169572
-0.678288
-1.187004
-0.508716
-0.339144
-0.847860
-1.017432
0.000000
0.339144
-0.847860
-0.508716
0.508716
-0.339144
-0.847860
-0.678288
-0.508716
-0.339144
-0.847860
-1.187004
0.339144
0.000000
-0.678288
-0.508716
0.847860
0.678288
-0.847860
-0.508716
-0.339144
0.508716
-0.339144
-0.508716
-0.169572
0.847860
0.169572
0.000000
0.847860
0.339144
0.678288
0.000000
-0.169572
0.169572
0.678288
0.847860
1.017432
0.508716
0.678288
0.847860
0.847860
1.526148
2.034864
2.204436
1.865292
2.543580
2.034864
1.017432
1.526148
0.678288
-0.169572
0.508716
1.187004
1.187004
0.508716
0.169572
1.017432
1.356576
0.847860
-0.169572
-0.339144
0.847860
0.847860
0.169572
-0.847860
-0.508716
0.508716
0.169572
-0.508716
-1.187004
-0.508716
0.169572
0.000000
-0.678288
-1.017432
-0.678288
-0.508716
0.000000
-0.508716
-1.017432
-0.169572
-0.169572
-0.508716
-0.508716
-0.847860
-0.339144
0.339144
-0.339144
-0.847860
-1.187004
-0.678288
-0.339144
-1.017432
-1.017432
-1.017432
-1.187004
-1.017432
-1.017432
-1.356576
-0.847860
-1.187004
-0.847860
-1.017432
-0.847860
-0.339144
-0.678288
-1.017432
-0.169572
-0.339144
-1.017432
-0.847860
-0.169572
0.000000
-0.508716
0.000000
0.508716
0.508716
0.169572
-0.169572
0.000000
0.169572
0.169572
0.169572
0.169572
0.508716
0.678288
0.847860
0.847860
0.339144
0.508716
0.847860
1.017432
0.678288
0.339144
0.339144
0.508716
0.169572
0.508716
0.678288
0.508716
0.508716
0.339144
0.508716
0.678288
1.017432
0.847860
1.017432
1.695720
1.356576
0.678288
0.678288
0.339144
1.017432
0.847860
0.508716
0.508716
0.000000
-0.169572
0.000000
-0.169572
-0.339144
-0.169572
-0.847860
-0.847860
-0.847860
-1.187004
-0.508716
-0.847860
-0.847860
-1.017432
-1.017432
-0.339144
-0.339144
-0.678288
-0.847860
0.000000
0.508716
-0.169572
-1.017432
0.000000
0.000000
-0.339144
-0.169572
-0.508716
0.169572
0.339144
0.169572
-0.169572
-0.508716
-0.169572
-0.169572
0.000000
0.000000
0.000000
0.339144
0.000000
-0.339144
-0.508716
0.169572
0.847860
0.508716
0.169572
0.169572
1.017432
1.017432
0.169572
-0.169572
-0.169572
0.000000
0.169572
0.000000
-0.339144
-0.508716
-0.508716
-0.169572
-0.339144
-0.508716
-0.339144
0.000000
0.508716
0.339144
0.169572
-0.508716
-0.169572
0.169572
-0.169572
-0.508716
-0.508716
-0.169572
0.339144
-0.339144
0.339144
0.508716
0.169572
0.000000
0.678288
0.339144
0.339144
0.169572
-0.169572
0.169572
-0.169572
-0.339144
0.000000
0.000000
0.169572
0.339144
0.169572
0.169572
0.000000
0.000000
0.339144
0.508716
0.339144
0.000000
0.000000
0.678288
0.169572
0.169572
-0.339144
0.169572
0.847860
0.169572
0.339144
0.508716
0.169572
0.339144
0.678288
0.508716
0.508716
0.847860
0.508716
-0.169572
-0.847860
-0.339144
-0.339144
0.169572
0.000000
-0.508716
-0.169572
0.169572
0.000000
-0.169572
0.847860
0.339144
-0.169572
-0.678288
-0.508716
-0.508716
-0.508716
-0.678288
-1.526148
-1.526148
-1.187004
-1.695720
-0.847860
-0.508716
-0.169572
0.000000
-0.169572
0.169572
0.339144
0.339144
-0.508716
-0.847860
