-680.562794
-1112.247131
-818.811648
66.072576
383.465090
-68.819242
-461.134700
-399.182123
-280.312523
-48.982210
395.519902
663.930205
420.545081
211.340688
357.676948
509.964318
570.085784
609.454663
596.484296
539.109496
619.220587
651.722801
433.057670
184.636991
151.676999
148.167371
93.691829
176.396993
226.905129
-87.130349
-522.019130
-560.930231
-339.518434
-228.125869
-234.534757
-309.152516
-477.919881
-593.737630
-540.635421
-397.656198
-272.530303
-176.091808
-112.765898
-163.121441
-216.071057
-88.351089
27.771845
61.037022
121.463674
112.918490
122.531821
219.580686
314.188070
204.321431
-39.368879
-102.389604
16.479996
42.573323
-32.502214
-106.967381
-339.213249
-622.882808
-786.614619
-62.715540
1450.392232
2427.137175
1437.116680
-676.290202
-987.579014
918.149402
2452.772724
2057.252822
1308.175971
1297.647085
1135.288607
152.439962
-204.016246
754.875368
1534.623323
973.082721
-281.380671
-652.180579
-170.293291
-154.271073
-1084.017509
-1759.086970
-1300.393751
-540.177644
-675.985017
-1359.141885
-1761.223266
-1860.408427
-1844.843986
-1674.855880
-1101.870837
-415.509526
-269.936229
-778.069436
-1327.402633
-1262.703390
-467.238402
433.057670
694.448716
467.543588
401.165826
558.946528
424.817672
208.288837
479.293214
1012.299008
1190.221927
814.996835
337.992509
273.598451
341.349545
-52.797024
-510.269503
-268.562896
309.915479
224.463648
-552.537641
-1109.042687
-605.182072
-34.028140
-550.401345
-1298.715233
-600.909480
595.416148
219.580686
-812.250169
-479.140622
553.148011
307.168813
-213.934762
538.193940
1400.799652
781.579065
27.161475
447.401370
942.716803
915.250143
850.856085
907.010145
684.072423
483.108028
432.294707
236.671052
113.071083
413.220638
439.008780
-166.478477
-371.562871
-76.296277
-271.309562
-775.170178
-550.096160
-146.641445
-428.327301
-704.214640
-512.405799
-476.088771
-681.325757
-560.167268
-226.447351
-145.725890
-218.054761
-159.764405
-146.031075
-223.853278
-78.432573
168.309588
195.013285
110.934787
165.105144
113.834046
-56.154060
-32.654807
158.848849
10.834071
-194.860692
-149.082926
-188.604398
-442.671001
-556.352454
-660.115392
-455.183591
1026.947893
2716.452659
2256.538699
-354.167319
-1575.975905
219.733279
2547.380108
2727.591915
1698.965504
1363.872254
1234.473767
293.740668
-464.491736
407.116936
1763.817340
1681.569953
51.576283
-985.442718
-467.085810
-1.983703
-865.199785
-1863.307685
-1491.439630
-489.364323
-478.988029
-1394.695950
-1893.521011
-1906.033601
-1955.320996
-1856.593613
-1222.418956
-404.522862
-92.318496
-604.113924
-1453.138898
-1557.207021
-599.841332
487.380620
849.330159
683.919830
495.620618
494.094692
417.188045
226.599944
453.657665
1124.912313
1428.266312
946.379024
341.502137
210.882911
334.025102
51.728876
-472.731734
-388.958422
308.542146
372.173241
-388.805829
-827.356832
-789.971656
-959.654576
-1203.650071
-644.093173
303.506591
454.878406
-422.376191
-1058.992330
-695.364272
97.811828
460.219145
523.239870
715.506489
678.579091
350.199913
170.598476
499.588024
938.596804
1062.044181
907.315330
795.312395
718.863525
522.171722
295.114001
165.410329
256.660677
402.691752
427.869523
165.562922
-236.365867
-518.967278
-622.272438
-519.425056
-245.674013
-139.622188
-397.198420
-684.987978
-752.891665
-716.422044
-628.528733
-362.102132
-64.851836
-43.641471
-236.060682
-327.921400
-248.268086
-106.204418
51.118506
190.588101
253.303641
264.595490
224.158463
91.402940
-99.185161
-95.828124
22.278513
121.616266
94.454791
-145.878482
-486.465064
-693.838346
-829.187942
-314.035478
1637.318112
3480.788765
2425.458657
-1119.724166
-2416.455696
533.310979
3642.994651
3158.665882
1244.087098
1017.639747
1259.804132
95.675532
-813.470909
501.266542
2229.072039
1740.928456
-486.159879
-1436.353717
-337.534731
219.428094
-1149.327122
-2360.912006
-1573.839609
-187.994027
-293.130298
-1577.349238
-2276.833509
-2127.445397
-1999.115059
-1904.660268
-1147.343419
-109.103677
50.813321
-804.925726
-1781.823261
-1753.441046
-445.875445
918.301994
1106.601207
603.961331
423.139154
545.670976
422.681376
147.709593
467.085810
1355.632256
1697.134393
940.122729
105.899233
133.060708
427.259153
-20.752587
-691.396865
-366.679909
613.727255
538.499125
-521.713944
-1109.042687
-1011.841230
-1070.436771
-1123.081203
-361.491762
538.041348
376.445832
-687.887237
-1113.467872
-612.201329
129.703671
637.226508
857.722750
731.833892
477.614696
379.345091
277.413264
501.266542
1004.211602
1228.675250
931.119769
746.787963
698.110938
413.373231
133.060708
178.838474
369.884353
393.536199
331.125844
121.005896
-292.367335
-723.746487
-767.387958
-466.170255
-207.373282
-214.545132
-485.854694
-820.947944
-976.439757
-800.347949
-510.269503
-287.331780
-143.284409
-159.306627
-337.687324
-415.356934
-207.525874
23.957031
109.714047
151.829592
259.407343
280.617708
182.042918
28.534808
-39.521472
-52.034061
11.749627
65.767391
69.277020
-189.977731
-639.515397
-975.219017
-293.282890
2225.715003
4214.911546
2471.846793
-1935.941741
-2773.674867
1368.450030
4601.581079
3138.828850
814.996835
1100.497504
1418.195203
-193.334767
-1149.021937
1013.672341
2926.877791
1517.685549
-1254.005614
-1671.193659
45.319989
372.631019
-1509.750736
-2734.916358
-1391.644099
160.069590
-491.348026
-2059.541711
-2354.350526
-2050.233565
-2171.849831
-2038.178753
-1007.873824
148.472556
45.930359
-1207.312293
-2155.675020
-1701.406985
-145.420705
1161.839711
1092.715284
385.906571
284.585114
549.638382
363.780650
32.349622
647.907987
1704.153651
1746.726974
622.730216
-154.118480
277.565857
636.310953
-178.991067
-919.980512
-164.494774
893.582000
371.257686
-970.030870
-1325.113745
-865.199785
-1030.915299
-1270.790795
-352.031024
607.013183
33.417769
-1130.253053
-1022.370116
-117.496267
282.143634
298.318444
620.136142
824.152388
611.133182
409.863602
386.059163
623.645771
1056.856034
1256.141910
1021.759746
818.201278
817.285723
548.570234
139.622188
247.810309
610.217626
557.268010
233.771794
12.817775
-275.124376
-615.863551
-630.359843
-319.986587
-182.195510
-404.522862
-626.697622
-750.450184
-837.733125
-788.750915
-523.392463
-269.173266
-229.804387
-283.822152
-330.973251
-319.376217
-196.386618
12.512589
122.684414
168.004403
220.496242
261.543639
123.905154
-25.330364
-39.674064
-18.158514
-21.057773
-58.595541
-102.237012
-312.051774
-742.515371
-974.456054
1095.614543
4145.176748
3921.476063
-705.740565
-3585.925035
-214.392539
4373.912988
4103.976758
958.128651
616.321328
1690.267728
528.733202
-1408.276687
14.038515
2893.307429
2410.504586
-729.392411
-2180.852792
-405.133233
809.961280
-802.636838
-2713.095622
-1956.999514
-12.817775
-5.645925
-1732.688458
-2494.735677
-1978.362472
-1963.255809
-2186.651309
-1429.944830
-90.792570
188.299212
-869.014599
-2051.454305
-2014.526907
-563.676897
978.270868
1178.167115
416.882859
151.829592
484.633954
545.823568
39.521472
229.804387
1530.045546
2061.678006
964.537538
-180.211807
107.272566
758.995367
246.589568
-796.838321
-430.768782
920.438290
834.833867
-652.333171
-1483.962594
-1018.707895
-847.956826
-1042.512334
-491.348026
334.940658
16.937774
-1101.565652
-1294.747827
-461.745070
223.853278
325.327327
473.494697
640.583545
523.239870
296.182149
317.239921
624.713919
968.657537
1226.081177
1172.216005
854.213121
674.306499
592.059112
343.180655
319.681402
653.859097
748.619073
343.180655
-76.448870
-240.333274
-436.567299
-522.782092
-276.650302
-69.887390
-331.736214
-706.961306
-826.746461
-786.614619
-739.158335
-568.712451
-305.795480
-276.192524
-373.393981
-417.951007
-393.993976
-311.899182
-49.897765
186.162917
169.835513
144.505149
213.171799
146.946630
-17.242959
-14.343700
36.774806
13.428145
38.300731
-61.494800
-367.442872
-836.512385
-316.171773
2383.495704
4446.547044
2407.452735
-2161.473537
-2755.974130
1732.078088
4919.583963
3028.199248
506.302096
1110.568613
1511.276662
-378.429536
-1316.110784
1266.823389
3225.654014
1249.885615
-1789.605481
-1832.026212
275.124376
364.543613
-1768.852894
-2742.393393
-1164.891562
152.745147
-778.069436
-2311.014241
-2405.163847
-1947.080998
-2089.602444
-1983.550618
-966.216056
50.050358
-240.028089
-1525.315177
-2311.166833
-1521.805548
170.293291
1225.623399
835.749422
79.348128
217.444390
657.826503
386.822126
-43.183693
790.887211
2024.140238
1777.245484
340.128804
-238.349570
571.764302
845.362753
-215.002910
-829.645720
291.909557
1242.713765
166.783662
-1614.124043
-1756.492897
-631.122806
-426.953968
-1093.173062
-785.851657
329.905103
225.684388
-926.084214
-1186.254520
-12.207404
783.257583
429.395449
221.106612
894.039778
1220.130067
426.801375
-42.878508
588.244298
1379.589287
1275.368572
911.435329
775.475363
576.799857
284.890300
163.884404
415.662119
749.992406
726.340560
140.232558
-395.367309
-459.150997
-356.761393
-373.241389
-334.177695
-284.279929
-461.745070
-824.152388
-1029.389374
-895.870889
-713.980563
-649.281320
-471.510994
-238.349570
-360.118429
-565.050230
-469.679883
-198.675506
28.839993
133.213300
286.416225
347.758432
213.782169
-20.142217
-61.952577
53.865172
141.911076
9.460738
-112.613305
-146.183667
-236.671052
-487.838397
200.964395
2588.427505
3841.822749
1633.350705
-2066.866153
-1745.048455
2450.178651
4687.338095
2495.498639
495.925803
1242.255988
1288.033754
-355.540652
-696.737605
1738.639568
2889.950393
717.947970
-1738.334383
-1430.707793
240.333274
-84.688868
-1888.180272
-2287.057210
-837.427940
-171.514031
-1251.716726
-2441.023097
-2373.424596
-1993.926912
-2031.922458
-1715.750685
-765.251662
-200.964395
-826.288684
-1759.544748
-1980.193582
-1125.980461
262.916972
1122.470832
676.442795
-17.853329
211.951058
574.968746
378.734721
216.681428
1051.210109
1953.337293
1527.604065
262.459194
-133.213300
584.582077
729.392411
-129.856264
-454.115443
484.023583
900.906443
-344.553988
-1655.781811
-1430.250015
-533.616164
-589.922816
-1044.496037
-711.691675
-110.934787
-611.438367
-1327.250041
-393.688791
1183.202669
997.039752
-413.068046
-337.839916
882.595336
1196.173036
669.728723
886.562743
1275.826350
834.681274
398.266568
760.063515
1266.975982
932.798287
393.993976
198.522914
331.583621
576.952449
617.389476
111.697750
-381.481387
-222.937722
-150.151074
-458.693219
-451.063592
-207.983652
-659.810206
-1171.453042
-860.469416
-499.435431
-709.707972
-796.990913
-550.706530
-551.927270
-644.856136
-452.894702
-152.287370
-110.324417
-120.395526
44.404433
202.185135
244.300680
244.758458
181.127362
28.534808
28.382215
135.959966
28.077030
-100.711086
-33.265177
-74.922944
-426.496190
-397.351012
1492.965555
3762.627214
3189.642171
-616.779106
-2761.162277
306.253257
4346.446328
4001.281969
1062.196773
679.342053
1547.746282
407.422121
-1112.704909
476.851733
3069.704423
2139.347617
-1005.279750
-2107.303180
-429.700634
443.891742
-1044.190852
-2427.137175
-1607.562564
-188.604398
-603.961331
-2178.716496
-2665.028968
-2100.283923
-1969.054326
-1997.741726
-1306.344861
-346.995469
-372.173241
-1367.992253
-2197.180195
-1802.423256
-345.469544
969.573092
1069.826401
190.893286
-75.380722
390.636940
491.195434
165.105144
646.992432
1863.002500
1986.449877
733.970188
-197.912543
296.334741
957.060503
416.730267
-433.210263
24.567401
990.020495
389.263607
-1246.986357
-1694.540320
-812.707946
-415.204341
-840.022014
-884.579040
-299.386592
-278.786597
-958.281243
-1029.084189
161.595515
893.429408
431.836930
158.085887
522.934685
771.660549
554.216159
631.580584
1004.059010
1276.284127
1026.337523
729.239819
726.035375
709.250194
567.796896
396.282865
478.377659
589.159854
483.260621
74.922944
-218.207353
-200.048839
-225.684388
-447.401370
-442.823594
-281.380671
-513.321354
-927.152362
-1018.402710
-819.574611
-767.082772
-737.937594
-540.177644
-436.414706
-618.610217
-704.062047
-445.417667
-177.007363
50.965913
162.511071
128.635524
128.482931
149.235518
83.315535
59.205911
191.198471
122.837007
-28.229623
-65.614799
73.549611
-7.019258
-267.036971
-583.208744
896.633851
3706.625746
4011.047893
237.586608
-3061.922202
-478.377659
4127.170827
4494.461106
1346.629295
693.838346
1855.983243
764.641292
-1251.106356
-144.352557
3019.501472
2732.780062
-594.348001
-2343.821640
-684.377608
631.733176
-842.463494
-2583.697136
-1878.109163
-213.476984
-486.007287
-2123.935769
-2754.753390
-2083.803927
-1984.160989
-2234.260186
-1661.732921
-456.862109
-164.494774
-1170.232302
-2223.120929
-2083.193557
-576.799857
862.300527
1127.048609
280.007338
-46.540729
466.780625
559.862083
118.869600
429.242856
1853.694354
2236.396482
904.110887
-254.829566
264.748082
1129.184905
513.168761
-624.408734
-201.727357
1075.472325
747.703518
-828.577572
-1531.266286
-934.324212
-589.465039
-844.904975
-641.346507
93.386643
-106.051826
-1122.776017
-1222.266363
-341.044360
300.759925
200.201432
151.982184
349.742135
482.802843
392.315458
275.734746
530.411720
916.928661
1154.057491
1108.432317
903.958294
684.377608
537.736163
462.202848
548.722827
800.347949
754.112405
341.807323
8.392591
-185.857732
-374.309537
-383.617682
-192.266619
-180.822177
-540.025051
-833.307941
-843.379050
-786.309434
-831.782016
-792.107951
-521.561352
-361.339170
-523.392463
-684.987978
-584.429484
-334.635472
-118.564415
57.985171
158.391072
130.161449
-75.228129
-210.119948
-106.662196
172.887364
216.986613
40.589620
-42.878508
46.845914
-116.733304
855.281269
3389.538417
4198.126365
993.682716
-2488.326789
-572.985043
3871.578298
4677.114394
1734.672162
481.582103
1532.487027
1042.054556
-758.842774
-287.942151
2460.249759
2591.326764
-421.155451
-2365.947560
-1100.802690
365.153983
-714.743526
-2445.753467
-2145.756504
-633.411695
-620.593920
-2022.461720
-2730.948951
-2191.229085
-1996.368393
-2157.200946
-1604.968490
-551.011715
-309.457701
-1179.693040
-2011.475056
-1869.106202
-560.472453
810.571651
1189.916741
417.951007
-129.245894
309.915479
711.844268
515.152465
522.934685
1519.974437
2074.190596
1070.589364
-125.583673
148.777741
1047.853073
726.950931
-357.982133
-319.681402
776.848696
677.663535
-956.450133
-1851.863244
-985.747903
-258.339195
-808.282762
-1222.113770
-505.386541
259.559936
-213.324391
-901.669406
-539.262088
399.945086
545.213198
120.242933
380.260646
1038.392335
861.995341
-21.515550
138.859225
1059.602700
1232.795249
784.173139
681.173164
721.610191
370.952500
183.721436
399.792493
664.540576
625.629474
329.142140
-38.148139
-283.211782
-371.257686
-364.238428
-396.588050
-411.999898
-440.076928
-774.712400
-1102.481208
-972.319758
-713.065008
-847.041271
-832.544978
-430.463597
-316.629551
-556.962825
-638.599841
-322.733253
-37.690361
89.877015
166.936255
166.478477
132.908115
48.677025
54.628135
29.755548
198.675506
327.921400
263.222157
-115.817749
699.636863
3324.991767
4427.015197
1570.635165
-2235.480926
-1104.617503
3323.923619
4904.324708
2162.083907
328.379178
1226.691547
1060.365663
-673.390944
-607.776145
2154.606872
2826.471890
-24.414809
-2405.163847
-1480.147780
318.308069
-299.996963
-2152.165391
-2306.131279
-774.712400
-399.029531
-1710.562538
-2685.323777
-2178.563903
-1737.724013
-1929.532854
-1669.057363
-676.595387
-113.528861
-802.026467
-1818.140289
-2008.423205
-780.053140
768.761291
1291.085605
476.699141
-291.451779
104.373307
573.595413
369.273982
325.022141
1320.841153
1956.083959
975.066424
-321.817698
-133.365893
892.513852
751.823517
-346.385099
-455.030998
669.118352
795.770173
-678.884276
-1695.150690
-1048.921221
-287.179188
-550.096160
-897.854592
-357.066578
333.872510
-112.308120
-777.001288
-580.614671
182.805881
355.998430
281.838449
730.765744
1023.896042
501.876912
-175.176253
179.601437
857.417565
1031.373077
912.503477
849.787937
600.451703
141.758483
70.802945
441.297668
742.973149
599.841332
244.758458
-45.167396
-168.309588
-255.592529
-409.100639
-468.611735
-278.939190
-290.231039
-770.744994
-1071.504919
-873.134598
-695.516864
-795.159802
-712.912416
-410.626565
-369.121390
-624.408734
-584.734670
-234.687349
-46.540729
-0.915555
79.195536
77.669610
54.017764
74.617759
67.751094
156.254776
294.045853
220.496242
98.117013
159.154035
478.682844
2178.411311
3860.286449
2885.067431
-745.414630
-1909.390637
1639.607000
4814.905471
3508.255425
675.679832
840.174606
1447.187789
41.657767
-975.676795
999.633826
2842.036331
1103.396763
-1733.756606
-2079.531335
-291.756965
27.466660
-1610.919600
-2473.525311
-1332.285595
-467.543588
-1297.647085
-2459.029019
-2398.602367
-1840.266210
-1974.700250
-1882.839532
-962.096057
-146.794038
-620.288735
-1540.574432
-1853.389169
-1174.962671
217.139205
1189.458964
898.770147
-56.917023
-94.302199
391.705088
415.967304
287.636966
853.755343
1724.143275
1400.036689
7.324443
-515.457650
460.524330
935.392360
-0.915555
-627.765770
159.001442
804.620541
-133.823670
-1459.547786
-1363.261884
-280.922893
-155.644406
-778.374621
-700.552419
-122.074044
-302.591036
-896.939036
-403.454715
692.770198
923.947919
86.214793
-114.597009
598.467999
879.390893
679.952424
684.835385
893.429408
684.835385
508.590985
648.518357
806.299059
680.257609
376.293240
203.253283
224.311055
451.521369
443.128779
90.639977
-221.106612
-223.090315
-322.733253
-445.570260
-271.462155
-250.556975
-783.562768
-1123.844165
-797.296098
-569.170229
-670.339093
-706.198343
-601.672443
-633.716880
-622.272438
-424.817672
-183.263658
-133.518485
-206.915504
-77.822203
198.675506
216.223650
88.198497
30.976289
91.402940
143.131816
197.912543
215.613280
360.576207
242.622162
458.540627
2558.366772
4310.892263
2460.554944
-1713.766982
-1548.814430
2854.091143
4948.576549
2544.786035
495.620618
1370.586326
1285.134496
-610.217626
-971.556796
1728.415867
2925.046681
357.829541
-2249.519441
-1747.642529
-0.152593
-364.391021
-2067.323931
-2316.965350
-887.020520
-528.733202
-1737.724013
-2667.165263
-2208.166859
-1786.248445
-1973.784695
-1711.325501
-809.961280
-202.337728
-739.463520
-1606.189231
-1924.344707
-984.679755
627.155400
1378.673732
608.996886
-299.691777
89.724422
602.435406
313.730292
129.551079
1075.777511
1937.772852
1089.816026
-437.635447
-412.305083
769.676846
719.626488
-448.316926
-580.309485
587.939113
777.306474
-650.349468
-1688.284025
-1011.536045
-127.567376
-514.847280
-974.608647
-37.842954
927.152362
29.145178
-1411.786316
-1195.562666
257.118455
1156.804157
1139.408606
983.153830
569.933192
-258.034010
-446.791000
493.636914
1541.337395
1571.092943
900.753850
224.616241
-93.997014
66.835539
513.626539
766.014625
644.398358
407.269528
37.385176
-206.152541
-105.136270
-151.219222
-487.075435
-430.616189
-51.118506
-213.629577
-831.782016
-1023.896042
-850.550900
-838.343495
-746.177592
-385.753978
-222.022167
-514.999872
-812.860539
-727.866486
-333.414732
45.472581
115.054786
57.374801
-11.902219
20.447402
-81.789609
-93.081458
57.832578
263.832527
204.321431
142.674039
61.647392
619.830957
2972.502965
4333.475961
2154.759465
-1767.632154
-1367.076697
2953.428896
5000.000239
2516.403819
260.475491
1214.636735
1270.027833
-439.313965
-660.420577
1892.910641
2765.587461
122.837007
-2304.910539
-1649.525516
178.991067
-233.771794
-2021.546165
-2310.861648
-897.091629
-541.550977
-1631.214410
-2539.292703
-2157.811316
-1744.438085
-1915.341746
-1606.189231
-661.793910
-85.299238
-827.051646
-1713.766982
-1835.383248
-802.179060
723.746487
1327.402633
555.436899
-299.386592
77.669610
526.444314
301.217703
266.426600
1187.475261
1850.489911
879.085708
-539.109496
-321.665105
849.024974
698.568715
-337.076953
-392.162866
615.863551
549.638382
-731.986485
-1315.347821
-509.811725
-61.189614
-624.561326
-677.816128
13.733330
112.308120
-771.202771
-1081.270843
-422.223599
357.676948
453.352480
239.265126
238.349570
206.305134
24.109624
151.982184
710.928712
1007.110861
857.264972
560.472453
550.248752
577.105042
436.567299
424.207302
653.248727
695.516864
357.676948
163.731811
162.968848
77.517018
-208.594022
-348.673987
-177.770326
-14.496293
-256.660677
-731.070930
-827.051646
-645.924284
-610.522811
-643.177618
-462.813218
-352.183616
-525.833943
-745.719815
-583.971707
-202.490320
-114.139231
-290.231039
-327.616215
-140.690335
-37.995546
-75.685907
-43.946656
3.204444
18.463699
-32.502214
955.534577
3126.774038
3907.132363
1530.350731
-1510.818884
-535.599867
3155.156253
4591.509971
2675.863039
1209.448588
1477.095929
866.420526
-516.983575
-112.002935
2120.883918
2421.643843
-58.442948
-1952.574330
-1329.996707
-264.442897
-896.633851
-2155.369835
-2114.932808
-1089.663433
-933.408657
-1850.489911
-2517.624560
-2309.946093
-2144.230578
-2123.935769
-1578.569978
-639.515397
-178.533289
-772.728697
-1690.878099
-1860.103242
-711.539083
823.236833
1377.910769
751.060554
140.537743
393.078421
552.537641
204.779208
453.505073
1594.897382
1982.940248
812.707946
-335.398435
-91.097755
648.365765
434.431003
-332.499177
-220.191056
480.513955
163.426626
-958.128651
-1330.912262
-728.629449
-469.832476
-765.099069
-604.876887
-94.454791
-357.676948
-1070.894549
-936.307916
-112.002935
308.389553
258.491788
340.281397
382.091757
251.625123
252.540678
491.348026
659.047244
890.377557
1102.176023
906.399775
571.153932
540.025051
637.073916
520.188019
539.109496
664.387983
481.429510
141.148113
6.866665
-109.256269
-314.951033
-278.481412
-98.117013
-204.016246
-549.333197
-653.401319
-600.604295
-720.542043
-821.100537
-606.707997
-420.239896
-499.588024
-525.986536
-454.115443
-483.870991
-499.282839
-312.204367
-166.631070
-170.751069
-40.894805
10.223701
-91.860718
-102.999974
-10.071109
-36.927398
195.013285
2124.088361
4123.813790
3249.763637
-406.964343
-1857.814353
1362.193736
4633.472923
3987.090861
1529.129991
1299.325603
1575.060349
174.413290
-840.937569
923.490141
2893.460022
1486.709260
-1395.611505
-1998.504689
-497.756913
-255.439937
-1779.686965
-2583.391951
-1509.598144
-696.279827
-1418.042611
-2493.667529
-2595.751948
-2191.229085
-2228.156484
-1997.283948
-1113.010094
-208.746615
-464.033959
-1475.264819
-1958.525439
-1277.810053
216.986613
1227.607102
1077.303436
370.494723
334.788065
672.170203
496.993951
296.639926
1012.756785
1972.411362
1605.884046
217.139205
-322.275476
385.906571
616.016143
-250.251790
-732.902040
94.912569
667.592427
-389.416200
-1698.965504
-1544.694431
-579.241338
-482.650250
-776.085733
-454.725813
1.525926
-29.908141
-404.065085
-519.119871
-308.999923
143.437001
568.407266
704.825010
773.033882
721.152413
288.705113
-269.631044
156.712554
1219.977475
1405.224836
795.312395
455.336183
352.793986
71.871093
220.954019
853.144973
916.013106
291.604372
-55.696282
-177.007363
-422.681376
-458.540627
-212.408836
-258.491788
-565.813193
-550.096160
-522.171722
-739.768705
-892.208667
-778.984992
-647.755395
-432.752485
-101.931827
-95.370347
-441.145076
-583.513929
-373.393981
-175.939216
-99.948123
70.650353
125.431080
-122.989599
-212.561429
-113.986638
-147.862185
3.051851
2016.815795
4250.160426
3405.713228
-450.758407
-2090.670592
1307.718194
4748.985487
3968.016792
1392.254469
1476.027782
2000.793577
320.444365
-1008.484194
848.872382
3059.633314
1601.916639
-1349.223369
-1826.990657
-173.192550
-83.773313
-1941.282481
-2795.190417
-1451.155195
-418.561378
-1228.522658
-2458.113463
-2623.828978
-2249.519441
-2457.808278
-2301.248317
-1179.998225
-37.537768
-320.902143
-1550.798133
-2170.934276
-1499.374442
79.195536
1164.128600
1055.940478
387.890274
415.204341
718.558340
404.370270
100.253308
888.393853
2070.833560
1780.449928
318.308069
-250.404382
478.988029
683.919830
-194.860692
-596.942074
249.794012
711.081305
-277.565857
-1409.344835
-1316.415969
-731.070930
-853.297566
-1010.467897
-451.979147
-77.059240
-785.851657
-1451.765565
-964.079761
-39.216287
336.771768
300.759925
325.022141
324.259179
344.706581
489.822101
681.325757
881.222003
1080.507880
1167.027858
1072.573067
867.030896
653.401319
545.823568
613.727255
718.100562
626.545030
466.780625
355.693245
70.497760
-410.626565
-567.796896
-178.838474
63.020725
-269.783637
-734.885743
-764.946477
-621.662068
-722.830932
-806.299059
-580.004300
-371.715463
-452.436925
-588.702076
-552.537641
-385.448793
-273.751043
-215.460687
-196.844396
-40.437027
12.512589
-58.290356
-95.370347
-18.463699
28.382215
-48.524432
-141.300706
243.385125
2524.033447
4376.812246
2822.809669
-1252.784874
-2034.058754
1983.245433
4955.138028
3444.166552
913.876810
1293.679679
1480.300373
-223.395500
-890.072371
1392.407062
2948.240749
818.353871
-1819.971400
-1687.826247
-13.580737
-288.399928
-2092.349110
-2582.934173
-1138.645643
-375.988055
-1270.180425
-2334.513494
-2402.417181
-2167.577239
-2322.763867
-1841.334357
-650.349468
146.336260
-561.388009
-1743.217345
-2020.020239
-1064.333069
472.731734
1227.149325
867.793859
215.765872
358.592504
574.205783
237.891793
231.940683
1181.524151
1913.205451
1157.567120
-34.485917
-14.648885
729.392411
342.570285
-735.343521
-675.985017
576.494672
768.303513
-648.365765
-1667.684030
-1226.538955
-543.687272
-724.967227
-712.454638
203.863653
812.402761
-375.377685
-1708.731427
-1158.940453
541.550977
1010.925675
332.346584
494.094692
833.002756
-66.377761
-844.294605
273.293265
1456.953712
1121.555277
505.691726
647.907987
614.185033
100.405901
178.380696
622.577623
687.124274
580.309485
551.774678
135.807374
-325.174734
-368.205834
-319.071032
-364.696206
-121.005896
109.408862
-366.222131
-868.709414
-858.027935
-796.990913
-753.502035
-284.890300
119.937748
-220.496242
-692.770198
-544.908013
-193.182174
-278.786597
-317.697699
-56.154060
65.767391
-129.093301
-135.502189
-113.681453
-228.888832
-471.205809
177.007363
2704.550439
4440.748527
2513.046783
-1684.621804
-1800.592145
2518.082337
4974.517283
2974.028891
1090.121211
1986.449877
1681.569953
-471.053216
-730.155374
1976.378768
2970.061484
440.992483
-1701.864762
-962.859020
345.316951
-652.180579
-2529.679372
-2581.103063
-952.177541
-367.748057
-1374.858918
-2386.547555
-2382.122371
-2424.695694
-2721.793398
-1969.054326
-512.405799
139.164410
-783.410176
-1900.845454
-2076.632077
-1039.155297
417.493230
1025.574560
660.267984
286.263633
664.235391
730.155374
157.322924
133.518485
1217.841179
1934.721001
1170.384894
208.288837
370.952500
787.835360
72.786649
-899.838295
-513.779132
802.026467
781.579065
-741.599816
-1565.141833
-1000.854566
-536.210237
-695.822049
-349.436950
218.970316
-376.140647
-1491.592222
-1272.774499
16.479996
559.556898
236.365867
87.893312
108.188121
-74.159982
128.025153
721.305006
772.118327
448.774703
592.364297
934.324212
880.916818
653.401319
481.887288
355.388060
398.419160
617.694661
651.875394
428.327301
181.279955
-181.279955
-535.752460
-328.989548
225.226611
138.096262
-537.888755
-756.096108
-428.479894
-385.448793
-648.060580
-590.380594
-316.324366
-297.097704
-408.642861
-345.622136
-246.131791
-282.448819
-337.992509
-295.114001
-154.118480
32.654807
12.817775
-222.785130
-332.346584
-110.171824
-66.072576
-255.439937
-396.588050
1393.322617
4157.384152
3955.809388
-87.282941
-2788.781529
314.493255
4482.711479
4188.818219
1076.845658
816.064982
2034.516532
750.602777
-1006.195306
317.850291
2884.457061
1839.503247
-1138.645643
-1718.802536
137.485892
470.137661
-1679.891435
-3020.111842
-1675.771436
11.444442
-514.236909
-2032.075051
-2539.903073
-2094.332813
-2251.960922
-2247.840923
-1132.236756
104.678493
-115.512564
-1565.904796
-2194.433529
-1395.153728
102.694789
788.293138
505.081356
159.459220
497.909506
924.253104
378.582128
-154.118480
503.097653
1670.125511
1472.670745
410.779157
264.900675
874.813116
500.656172
-733.054633
-863.826452
458.388034
1190.374519
-34.028140
-1384.472249
-1194.036740
-538.499125
-811.487206
-1214.941920
-41.505175
1422.772980
328.379178
-2023.224683
-2091.128369
438.093225
1528.367028
505.844319
181.737733
668.965760
-99.032568
-1074.251585
222.479945
1631.367002
1070.436771
-15.717033
266.274008
708.945009
325.479919
231.482905
427.259153
316.476958
335.398435
721.915376
512.100614
-92.318496
-341.807323
-359.660651
-401.471011
-13.122960
388.195459
-142.216261
-816.980538
-749.534629
-470.442846
-596.026519
-367.137687
82.552572
-134.434041
-632.038362
-452.742110
61.189614
-145.268112
-436.414706
-199.743654
99.185161
18.616292
-72.023686
-59.358504
-165.715514
-316.934736
-311.899182
-342.722878
545.365790
2893.307429
3843.653860
1276.436720
-2135.380210
-1133.304904
2960.295561
4475.539629
2300.485354
790.887211
1539.964062
1253.547837
-257.118455
-177.159956
1898.403973
2314.981647
68.971835
-1407.208539
-426.496190
605.029479
-725.425005
-2624.744533
-2360.606821
-541.856162
21.668143
-1169.316747
-2312.540166
-2431.104581
-2348.399417
-2374.340151
-1604.968490
-363.017688
23.041476
-1032.746410
-2108.371328
-1940.366925
-706.045751
450.300629
572.069488
186.620694
184.636991
700.247233
640.736137
19.531847
72.786649
997.802715
1503.952219
916.623476
477.309511
872.066450
942.411618
-124.515525
-836.207200
-1.373333
1132.999719
757.622034
-412.305083
-801.873875
-673.848722
-840.632384
-925.931622
-286.568818
131.077004
-386.669534
-1030.610114
-827.204239
-353.404357
-315.866588
-235.297719
43.641471
201.269580
192.876989
243.232532
174.871068
27.924438
231.330313
703.604270
903.805701
762.352403
583.666522
401.471011
262.306602
302.133258
555.284307
708.334639
587.328743
315.103625
38.300731
-115.817749
-83.620720
19.684440
-23.041476
-59.816281
-18.005921
-168.309588
-548.417642
-696.585012
-443.586556
-252.540678
-253.151048
-241.706607
-240.028089
-406.201381
-601.367258
-542.924310
-322.885846
-202.795505
-200.201432
-205.999949
-177.007363
-228.431054
-331.431029
-477.919881
458.235442
2679.677853
3628.040580
1350.444109
-1643.421814
-651.265023
3015.686658
4161.656744
1937.467667
767.693143
1880.092866
1786.553630
100.253308
-93.844421
1766.716598
2034.669124
-66.072576
-1205.786367
18.616292
907.925700
-723.136117
-2795.190417
-2533.494185
-603.503554
-7.324443
-1323.435227
-2446.669022
-2261.726846
-2134.312062
-2592.547504
-2148.197985
-689.870940
-106.357011
-1273.232276
-2271.340177
-1625.263300
-312.967330
52.034061
-365.764354
-236.060682
527.665054
1051.820479
711.233897
136.722929
187.536250
792.565729
1150.395270
981.170127
1098.056024
1441.847049
1028.321226
-178.228104
-582.598374
308.999923
1113.925649
758.079812
-92.013310
-408.337676
-517.746538
-768.913883
-825.678313
-455.946553
-281.533263
-475.478400
-594.500593
-628.528733
-748.771666
-778.679807
-546.891716
-336.313991
-72.634056
322.733253
418.866563
-69.734797
-456.251739
-56.001468
610.217626
884.731632
802.331653
689.260570
495.925803
286.263633
336.313991
570.085784
711.691675
640.278359
481.124325
261.238454
127.872561
150.761444
124.668117
-53.102209
-129.093301
33.875547
66.682946
-192.571804
-468.306550
-496.383580
-448.164333
-432.905078
-337.992509
-215.308095
-265.358453
-508.590985
-616.779106
-508.743577
-375.225092
-330.362881
-253.761418
-165.868107
-238.959941
-454.115443
143.894779
1971.343214
3105.258488
1474.807041
-1272.774499
-870.082747
2555.772698
4192.785625
2125.461694
336.313991
1355.021886
2215.186116
932.950879
28.687400
1354.258923
2197.332788
552.385048
-1020.539006
-167.851810
1223.944881
209.204392
-2194.280936
-2717.673399
-913.724217
311.136219
-769.829438
-2345.957936
-2419.049769
-1801.355108
-2094.332813
-2475.661607
-1522.415918
-337.534731
-922.421993
-2381.664594
-2226.783151
-623.493178
70.345168
-749.534629
-1105.380466
-107.882936
930.967176
774.712400
37.995546
-21.210365
543.992457
876.796819
835.902015
1104.312318
1575.365535
1325.113745
252.540678
-311.136219
383.465090
1237.067841
1032.441225
216.986613
-150.608851
-72.023686
-118.411822
-334.177695
-451.979147
-506.149504
-516.983575
-435.499151
-374.309537
-490.585063
-690.939088
-782.647213
-743.583519
-486.007287
0.610370
277.108079
-28.382215
-460.829515
-357.371763
124.973302
460.982108
553.453196
547.349494
453.352480
343.485841
411.694713
562.913934
547.654679
431.226560
438.245817
553.300603
563.982082
409.405824
210.119948
72.786649
41.199990
116.885897
225.684388
203.558468
0.305185
-219.428094
-317.697699
-252.082900
-114.291823
-60.274059
-188.604398
-339.213249
-275.734746
-207.983652
-282.143634
-319.528810
-229.956980
-224.463648
-286.263633
-189.367360
-128.788116
-252.998456
31.586659
1079.592324
1871.242498
1114.230834
-508.590985
-673.543536
1098.208616
2439.954949
1712.241056
467.848773
630.054658
1397.290023
1145.817493
363.933243
478.225066
1102.328615
850.245715
-14.191108
-109.103677
624.408734
721.305006
-471.510994
-1602.832194
-1277.657460
-159.001442
37.995546
-843.379050
-1486.861853
-1364.482624
-1276.436720
-1603.442565
-1628.467744
-1026.490115
-700.399826
-1211.279699
-1618.244042
-1115.604167
-463.270996
-636.310953
-1137.272310
-966.063464
-230.109572
177.465141
-14.954070
-191.045878
-13.733330
112.765898
-26.398512
-22.125920
401.318419
845.210160
757.622034
266.884378
59.053319
317.239921
513.626539
400.708049
259.559936
313.730292
363.933243
247.199939
88.808867
2.441481
-44.862211
-115.054786
-115.665156
-16.785181
83.773313
70.039983
-70.497760
-198.675506
-138.248855
90.945163
212.561429
175.176253
173.802920
263.222157
303.964369
260.628083
270.394007
329.447326
314.188070
256.660677
305.948072
382.549535
354.319912
262.916972
198.065136
206.457726
248.573272
274.971784
228.736239
163.426626
150.303666
166.783662
153.355517
92.928866
33.875547
8.850368
18.616292
34.028140
14.954070
-62.105170
-127.872561
-119.937748
-110.934787
-164.494774
-220.801427
-199.743654
-154.423665
-164.494774
-205.694764
-201.727357
-158.085887
-169.682921
-194.250322
-123.599969
-14.038515
-4.425184
-79.805906
-81.637017
14.954070
81.942202
52.491839
40.894805
144.505149
239.570311
213.476984
156.559961
136.265151
100.405901
39.979249
70.192575
150.914037
148.625148
59.053319
-21.210365
-25.025179
-4.272592
20.142217
19.379254
-9.155553
-62.868133
-80.874054
-30.976289
32.959992
28.992585
-48.829618
-86.977756
-38.758509
31.128881
23.804439
-19.226662
-16.937774
-0.457778
-27.924438
-59.816281
-58.137763
-27.466660
-33.265177
-88.961459
-136.875522
-166.020700
-192.571804
-184.942176
-147.251815
-174.565883
-248.573272
-280.465116
-265.663638
-281.380671
-310.983626
-292.519927
-244.911050
-232.093276
-275.124376
-294.503631
-257.728825
-240.791051
-255.287344
-222.174760
-144.505149
-106.967381
-125.125895
-145.420705
-114.291823
-47.914062
-25.788142
-46.082952
-19.379254
87.282941
161.290330
121.616266
67.293317
117.954045
229.651795
287.789558
274.361413
267.189563
288.399928
296.945111
302.133258
346.232507
415.509526
415.051749
343.943618
292.367335
337.382138
411.389527
393.078421
283.974744
206.762912
241.859199
285.195485
251.319938
159.916997
103.915530
77.517018
44.099248
-0.305185
-51.271098
-86.062201
-114.749601
-140.690335
-159.001442
-142.826631
-131.534782
-175.786623
-218.817723
-197.149581
-141.605891
-101.779234
-95.675532
-106.357011
-102.847382
-64.699243
-25.482957
-18.768884
-11.902219
12.054812
51.118506
66.988132
28.534808
-23.957031
-18.463699
7.782220
-19.074069
-56.154060
-28.839993
-23.651846
-97.811828
-144.352557
-111.850343
-79.805906
-135.502189
-188.451805
-163.426626
-76.296277
-34.943695
-119.022193
-192.724397
-147.251815
-41.047397
37.537768
81.637017
88.351089
54.933320
46.388137
84.078498
138.554040
197.759951
229.956980
237.281423
234.076979
209.356985
173.192550
169.377736
175.176253
146.641445
123.142192
136.570336
118.869600
29.602956
-52.339246
-68.514057
-59.053319
-103.152567
-141.148113
-113.986638
-102.999974
-187.688842
-276.497709
-257.881417
-184.484399
-155.339221
-210.882911
-285.195485
-296.945111
-220.648834
-155.796998
-182.653288
-256.508084
-255.897714
-178.380696
-137.180707
-152.592555
-162.663663
-138.248855
-149.388111
-171.666624
-125.431080
-5.645925
50.508136
-39.216287
-138.554040
-82.857757
89.266644
167.241440
104.983678
44.862211
113.528861
217.139205
228.736239
189.977731
218.207353
276.802894
243.385125
183.111066
225.684388
320.444365
291.451779
173.192550
116.885897
159.459220
193.029582
146.183667
75.228129
61.952577
93.081458
70.802945
22.431106
24.872586
59.511096
32.197029
-27.161475
-12.970367
57.527393
80.111091
28.687400
15.259255
71.565908
107.577751
70.497760
54.170357
105.441455
130.008857
86.519979
43.336286
56.764430
60.121467
21.515550
-20.905180
-27.161475
-25.482957
-59.663689
-111.545157
-143.131816
-143.894779
-159.611812
-200.354024
-222.327352
-185.399954
-144.047372
-181.737733
-257.881417
-249.031049
-152.897740
-97.048865
-116.122934
-122.531821
-82.399980
-56.611838
-64.088873
-45.319989
25.482957
84.688868
74.007389
34.638510
47.151099
90.945163
97.048865
79.500721
89.419237
107.882936
84.994053
50.965913
48.219247
55.696282
42.268138
32.197029
54.170357
67.140724
39.826657
5.493332
17.548144
45.777766
33.875547
12.207404
25.177772
42.115545
12.207404
-27.466660
-29.908141
3.051851
20.447402
-18.005921
-58.748134
-31.891844
16.937774
-21.210365
-109.103677
-133.518485
-84.994053
-45.930359
-70.955538
-110.324417
-106.509603
-87.588126
-115.665156
-137.638484
-88.503682
-52.034061
-90.792570
-119.785155
-76.296277
-37.232583
-52.186654
-74.312574
-50.965913
6.103702
18.311107
-32.654807
-58.900726
-12.817775
11.597034
-37.537768
-70.192575
-31.586659
3.967406
-27.924438
-64.546651
-33.112584
10.376294
-12.970367
-38.300731
18.463699
82.399980
64.088873
25.025179
60.121467
141.300706
172.582179
140.537743
141.148113
215.155502
274.056228
260.017713
235.450312
254.676974
275.429561
257.881417
230.414758
232.551053
241.706607
214.087354
153.965888
103.152567
92.928866
102.542197
78.127388
3.204444
-52.797024
-53.102209
-62.715540
-119.327378
-166.478477
-163.579219
-164.799959
-196.081433
-208.594022
-163.731811
-114.902194
-137.638484
-199.896247
-195.776248
-116.580712
-69.124427
-79.500721
-70.802945
-28.992585
-23.804439
-56.001468
-49.592580
0.152593
19.684440
-7.171850
-10.528886
31.128881
46.998507
2.899259
-37.842954
-26.093327
-1.068148
1.831111
1.525926
6.103702
-8.545183
-42.420730
-70.345168
-75.228129
-55.085912
-28.229623
-25.940734
-50.202950
-62.868133
-50.660728
-44.557026
-59.968874
-65.004428
-31.281474
17.853329
35.554065
16.174811
-2.594073
-2.136296
-1.373333
-2.899259
33.570362
101.474049
112.613305
42.268138
-0.610370
49.745173
104.068122
84.078498
42.878508
47.914062
67.293317
53.712579
31.586659
37.079991
46.388137
28.382215
-0.305185
-16.327403
-26.856290
-43.183693
-62.868133
-83.773313
-102.084419
-106.204418
-106.204418
-124.515525
-149.693296
-153.508110
-146.031075
-141.453298
-120.548118
-86.825164
-73.549611
-76.296277
-62.715540
-37.995546
-16.632588
14.343700
55.238505
80.874054
92.013310
110.629602
134.434041
149.693296
171.056254
202.490320
212.866614
196.539210
192.419211
206.610319
202.795505
174.871068
148.777741
131.687375
118.564415
111.545157
105.441455
85.757016
46.235544
0.762963
-25.635549
-24.567401
-18.463699
-37.690361
-80.568869
-106.357011
-90.029607
-59.358504
-48.371840
-59.816281
-74.007389
-78.585166
-68.666650
-47.456285
-18.616292
8.545183
11.291849
-19.531847
-51.881469
-46.082952
-5.645925
24.872586
14.954070
-18.158514
-33.570362
-21.210365
-17.853329
-44.404433
-68.666650
-54.780727
-26.398512
-34.028140
-73.702204
-96.285902
-88.961459
-81.484424
-84.994053
-83.773313
-76.601462
-74.922944
-79.653314
-83.925905
-79.500721
-63.783688
-47.456285
-43.794063
-42.878508
-26.703697
-3.662221
5.645925
0.762963
-5.035554
0.305185
23.041476
50.813321
56.154060
37.995546
31.891844
59.511096
94.149606
96.438495
73.702204
65.309613
81.789609
89.877015
76.754055
68.208872
72.939241
64.699243
40.284434
29.908141
41.352582
39.826657
7.477035
-27.008882
-30.823696
-19.837032
-33.265177
-71.108130
-86.519979
-67.903687
-62.868133
-88.808867
-99.185161
-70.955538
-49.592580
-59.663689
-63.783688
-40.437027
-21.057773
-19.989625
-4.272592
37.842954
65.004428
52.644431
36.164435
56.306653
99.490346
120.700711
108.951084
94.454791
99.032568
106.051826
94.302199
73.702204
58.290356
41.657767
24.567401
24.414809
34.638510
18.616292
-28.839993
-63.325910
-57.374801
-36.164435
-34.638510
-53.102209
-68.971835
-75.991092
-77.059240
-61.494800
-26.093327
-0.457778
-9.613331
-26.398512
-7.324443
33.265177
50.202950
48.371840
62.868133
79.195536
64.699243
40.284434
51.728876
83.620720
83.315535
49.592580
32.197029
45.014804
44.404433
8.239998
-26.093327
-28.077030
-23.194068
-37.232583
-51.576283
-51.423691
-66.072576
-112.765898
-141.300706
-107.272566
-62.562947
-84.688868
-142.521446
-140.842928
-79.348128
-51.423691
-84.383683
-102.542197
-67.598502
-34.180732
-37.537768
-35.554065
-3.509629
14.801478
-4.730369
-15.869626
22.125920
76.143685
84.994053
47.151099
24.567401
56.306653
100.100716
95.217754
56.917023
44.251841
60.426652
64.851836
54.628135
56.611838
62.257762
41.810360
7.019258
-3.051851
13.122960
17.700736
-6.866665
-30.213326
-28.229623
-23.194068
-45.472581
-76.448870
-74.465167
-48.677025
-42.420730
-58.748134
-60.274059
-46.540729
-45.319989
-52.186654
-41.199990
-18.463699
-9.002961
-1.373333
22.888883
43.031100
36.164435
29.297771
51.728876
77.822203
80.263684
81.331832
98.269605
99.948123
70.345168
47.608877
59.511096
73.549611
56.917023
26.398512
16.632588
22.125920
12.207404
-16.327403
-32.044436
-19.684440
-17.853329
-48.982210
-66.225169
-36.164435
-10.071109
-34.333325
-63.936280
-45.167396
-7.019258
1.831111
-5.798517
5.645925
29.297771
35.554065
24.719994
26.245919
52.644431
75.228129
66.988132
47.914062
54.170357
71.413316
57.222208
22.431106
20.752587
49.287395
44.251841
-8.239998
-44.099248
-33.722955
-20.905180
-40.742212
-66.377761
-68.056279
-63.936280
-79.805906
-102.847382
-105.746640
-92.776273
-88.656274
-94.607384
-92.013310
-75.380722
-63.020725
-69.734797
-80.568869
-71.718501
-39.063694
-10.681479
-9.308146
-25.788142
-31.739251
-10.376294
19.379254
29.297771
17.548144
14.191108
32.502214
48.982210
42.725915
30.518511
36.011843
46.540729
40.284434
28.992585
36.164435
50.660728
42.115545
14.496293
3.051851
15.869626
25.025179
19.379254
15.106663
12.359997
-1.068148
-14.191108
-10.528886
-0.915555
-0.457778
-2.594073
3.814814
9.308146
6.256295
3.357036
7.477035
12.665182
12.207404
12.512589
22.125920
36.469621
42.878508
40.894805
37.995546
33.112584
25.025179
26.856290
44.404433
56.917023
46.235544
26.551105
16.174811
10.986664
2.594073
-1.220740
2.441481
-0.305185
-14.801478
-27.161475
-31.586659
-37.385176
-46.998507
-51.576283
-49.592580
-43.336286
-37.385176
-37.995546
-49.745173
-57.069615
-39.674064
-7.324443
3.204444
-13.275552
-17.242959
13.885922
44.709619
40.437027
28.382215
44.709619
68.819242
64.241466
52.644431
70.650353
94.759976
74.922944
28.382215
21.973328
61.189614
76.754055
33.112584
-12.359997
-9.002961
8.087405
-12.207404
-46.540729
-46.388137
-30.976289
-50.050358
-90.639977
-97.354050
-68.819242
-58.595541
-86.672571
-110.171824
-93.691829
-61.952577
-59.816281
-81.637017
-81.942202
-50.202950
-25.025179
-30.365918
-35.554065
-15.259255
0.152593
-11.749627
-15.564441
20.599995
55.696282
40.742212
3.051851
3.204444
37.385176
52.644431
37.995546
26.398512
29.602956
23.041476
5.188147
3.051851
20.142217
25.330364
1.068148
-24.414809
-21.057773
-2.594073
-2.136296
-18.311107
-22.583698
-8.239998
1.983703
-8.087405
-19.989625
-12.970367
5.645925
15.869626
16.632588
23.957031
39.826657
42.573323
28.534808
25.482957
50.508136
78.737758
80.111091
65.462206
60.731837
65.919984
65.157021
61.342207
67.445909
74.922944
67.903687
48.524432
34.943695
31.434066
26.398512
15.259255
7.782220
3.357036
-9.002961
-27.619252
-38.758509
-37.995546
-38.605916
-51.118506
-66.072576
-67.751094
-57.832578
-54.780727
-65.462206
-74.312574
-65.919984
-48.219247
-39.826657
-41.657767
-39.521472
-28.839993
-18.158514
-10.528886
-0.152593
13.122960
20.905180
18.005921
13.428145
19.531847
35.401473
44.862211
37.079991
23.346661
18.616292
25.025179
28.992585
19.684440
1.525926
-12.970367
-17.242959
-12.512589
-8.239998
-18.005921
-41.352582
-58.595541
-56.917023
-45.472581
-41.657767
-48.371840
-54.475542
-54.017764
-50.965913
-46.998507
-40.284434
-30.823696
-23.194068
-16.785181
-7.324443
5.340739
14.038515
13.733330
12.207404
22.278513
41.962953
56.306653
56.459245
49.439988
45.319989
44.251841
46.235544
51.881469
55.696282
50.508136
36.622213
25.177772
21.515550
19.837032
14.191108
5.798517
-4.119999
-12.817775
-19.379254
-25.635549
-31.739251
-33.570362
-30.213326
-32.349622
-45.319989
-53.865172
-43.794063
-28.229623
-25.635549
-29.297771
-22.278513
-7.629628
-1.831111
-6.714072
-5.645925
9.002961
27.619252
39.216287
41.199990
41.352582
43.794063
45.014804
44.251841
48.829618
61.799985
70.497760
61.799985
44.557026
35.401473
35.096288
34.943695
32.654807
29.602956
21.515550
6.866665
-4.425184
-5.645925
-7.782220
-21.210365
-33.417769
-30.213326
-20.447402
-22.888883
-37.079991
-44.404433
-40.894805
-36.774806
-35.706658
-30.213326
-23.651846
-22.888883
-21.210365
-10.834071
-3.204444
-9.308146
-14.648885
-2.899259
13.428145
15.411848
11.291849
17.242959
20.294810
4.119999
-11.749627
2.441481
26.703697
20.294810
-13.275552
-28.382215
-12.817775
-3.662221
-18.158514
-32.197029
-29.602956
-32.807399
-50.202950
-54.017764
-35.859250
-27.466660
-47.761470
-65.157021
-51.728876
-30.976289
-33.112584
-44.557026
-37.232583
-16.174811
-9.308146
-16.022218
-11.291849
10.376294
25.940734
22.431106
17.853329
31.891844
53.865172
59.053319
50.202950
51.118506
65.919984
72.786649
61.189614
48.829618
51.728876
58.748134
51.423691
37.385176
35.248880
36.469621
22.583698
-0.610370
-8.697776
-0.610370
-1.678518
-18.921477
-31.739251
-29.297771
-28.534808
-41.810360
-53.712579
-48.982210
-37.690361
-30.823696
-30.671103
-32.349622
-34.485917
-33.112584
-23.651846
-10.376294
-0.915555
6.714072
15.717033
21.820735
20.447402
18.921477
29.145178
45.014804
51.118506
45.930359
45.472581
53.712579
53.407394
38.605916
29.755548
40.742212
50.508136
38.758509
18.005921
12.970367
16.174811
4.425184
-15.717033
-16.174811
0.305185
0.152593
-28.229623
-52.491839
-46.540729
-30.671103
-30.976289
-41.352582
-40.284434
-33.417769
-36.011843
-43.794063
-39.826657
-25.482957
-18.005921
-21.057773
-19.684440
-6.561480
3.204444
-1.373333
-10.528886
-9.613331
2.136296
10.681479
10.834071
9.613331
10.528886
5.645925
-5.798517
-10.986664
-3.204444
6.561480
5.798517
-3.814814
-13.733330
-20.447402
-24.414809
-23.957031
-21.057773
-21.362958
-24.262216
-27.161475
-29.145178
-32.197029
-33.570362
-30.060733
-23.804439
-18.158514
-11.139256
-1.220740
4.272592
-0.610370
-4.425184
10.223701
34.791102
45.167396
38.148139
35.859250
46.388137
53.407394
50.202950
50.355543
59.205911
62.257762
50.508136
40.894805
43.946656
45.777766
33.722955
18.768884
15.106663
16.022218
9.155553
-1.678518
-9.002961
-16.022218
-25.635549
-29.908141
-25.635549
-25.482957
-36.011843
-44.557026
-39.216287
-28.687400
-26.551105
-30.671103
-30.976289
-26.245919
-22.431106
-17.853329
-8.239998
1.831111
5.188147
5.645925
9.918516
14.954070
16.937774
18.158514
23.651846
31.434066
35.706658
34.485917
26.703697
18.616292
18.311107
23.957031
25.177772
17.853329
11.444442
10.986664
6.408887
-6.408887
-13.122960
-5.951110
-0.610370
-10.223701
-21.210365
-20.599995
-19.531847
-27.466660
-30.823696
-18.768884
-11.291849
-22.736291
-34.791102
-26.703697
-12.665182
-14.648885
-21.210365
-12.207404
1.678518
-0.152593
-10.834071
-7.324443
6.866665
10.834071
4.272592
6.714072
18.158514
18.616292
6.866665
0.000000
5.951110
13.122960
11.291849
5.798517
2.441481
-1.983703
-10.528886
-17.700736
-18.005921
-13.428145
-10.986664
-15.564441
-23.499253
-29.602956
-30.976289
-26.551105
-22.583698
-18.616292
-13.733330
-9.002961
-8.545183
-10.681479
-8.697776
-0.152593
10.071109
16.327403
21.668143
27.619252
30.518511
27.161475
24.109624
28.687400
38.453324
44.099248
41.962953
37.385176
33.570362
29.450363
24.262216
20.752587
21.362958
23.651846
19.989625
8.697776
-4.272592
-12.054812
-11.291849
-9.460738
-10.986664
-15.717033
-20.447402
-27.008882
-35.248880
-37.690361
-30.671103
-22.431106
-22.278513
-27.008882
-27.771845
-22.888883
-19.989625
-20.905180
-18.768884
-8.392591
3.662221
7.171850
3.357036
2.288888
9.308146
17.853329
21.820735
24.262216
30.060733
33.265177
28.229623
22.888883
25.635549
32.502214
30.976289
20.752587
14.496293
15.106663
13.733330
5.340739
-3.051851
-5.645925
-6.714072
-12.054812
-20.599995
-25.940734
-25.788142
-25.177772
-27.161475
-29.450363
-28.534808
-26.551105
-27.008882
-26.856290
-20.752587
-10.223701
-5.951110
-9.460738
-9.765924
0.000000
11.291849
13.275552
10.223701
12.665182
20.142217
24.109624
23.346661
23.194068
23.499253
19.837032
14.496293
14.496293
18.311107
17.700736
7.782220
-4.577777
-9.613331
-7.477035
-5.340739
-9.002961
-16.785181
-22.583698
-24.719994
-24.262216
-23.346661
-21.820735
-20.447402
-19.989625
-18.768884
-14.648885
-8.697776
-4.882962
-5.035554
-4.425184
2.899259
12.512589
16.479996
15.869626
15.411848
18.158514
20.294810
21.820735
25.025179
26.093327
22.278513
16.937774
17.700736
22.736291
22.278513
14.954070
9.155553
8.392591
8.697776
5.798517
3.051851
1.525926
-2.441481
-9.765924
-14.801478
-13.275552
-10.681479
-14.954070
-22.278513
-25.025179
-22.431106
-21.668143
-23.499253
-23.041476
-20.599995
-21.668143
-25.025179
-22.583698
-13.428145
-7.171850
-10.071109
-14.191108
-10.376294
-1.983703
2.746666
4.425184
6.561480
9.308146
8.392591
8.392591
14.191108
21.515550
21.973328
16.174811
14.191108
18.158514
20.447402
15.564441
9.613331
9.155553
11.902219
10.986664
6.256295
1.068148
-4.119999
-9.155553
-11.291849
-5.645925
2.288888
0.610370
-12.359997
-21.515550
-15.717033
-3.204444
1.831111
-0.610370
-0.610370
4.882962
7.934813
7.324443
10.376294
17.090366
18.463699
14.954070
18.158514
27.314067
28.229623
15.564441
3.662221
7.019258
17.090366
17.548144
9.155553
1.678518
-4.119999
-13.275552
-20.294810
-16.022218
-7.171850
-10.223701
-24.567401
-33.112584
-28.077030
-21.668143
-26.245919
-34.943695
-32.044436
-19.531847
-13.428145
-16.174811
-18.768884
-16.022218
-13.580737
-13.428145
-7.324443
7.171850
17.090366
12.970367
3.357036
3.967406
15.717033
23.651846
21.820735
17.853329
18.768884
22.278513
21.668143
16.937774
13.733330
13.428145
13.428145
11.749627
9.765924
7.782220
5.340739
1.220740
-3.509629
-6.103702
-4.272592
-3.204444
-5.951110
-11.444442
-14.038515
-12.512589
-11.597034
-14.496293
-17.242959
-13.275552
-7.477035
-7.019258
-12.512589
-13.580737
-7.324443
-0.762963
-0.305185
-2.746666
-0.305185
5.798517
9.460738
7.171850
6.561480
10.223701
11.902219
8.850368
7.477035
11.139256
13.885922
8.697776
0.000000
-1.678518
3.204444
3.967406
-1.525926
-7.171850
-8.545183
-8.697776
-10.071109
-9.460738
-7.019258
-8.239998
-13.428145
-14.343700
-7.782220
-1.831111
-3.662221
-6.256295
-2.746666
3.204444
3.967406
2.746666
7.629628
14.191108
13.733330
10.223701
12.970367
20.294810
20.294810
13.428145
10.986664
16.479996
19.989625
14.801478
8.850368
8.545183
9.155553
5.645925
1.983703
2.288888
2.441481
-2.288888
-7.782220
-8.697776
-7.477035
-9.155553
-11.139256
-10.834071
-10.071109
-13.580737
-17.090366
-15.869626
-13.275552
-12.817775
-13.122960
-10.528886
-7.629628
-8.087405
-10.528886
-9.155553
-5.035554
-1.068148
0.915555
2.441481
3.357036
1.831111
0.762963
2.746666
6.714072
8.850368
7.934813
6.256295
5.951110
4.730369
2.288888
0.915555
2.746666
3.357036
1.220740
-1.678518
-2.899259
-2.899259
-5.035554
-7.782220
-7.782220
-5.493332
-4.425184
-6.256295
-8.087405
-7.629628
-4.882962
-3.509629
-3.204444
-1.678518
1.525926
2.746666
1.068148
1.220740
4.882962
9.155553
9.155553
7.019258
8.239998
11.139256
10.223701
7.782220
8.697776
11.597034
11.902219
8.697776
6.561480
7.477035
7.171850
4.119999
1.525926
2.594073
3.357036
0.610370
-3.204444
-4.882962
-5.035554
-6.866665
-8.697776
-7.782220
-6.103702
-6.866665
-9.002961
-8.850368
-8.087405
-7.477035
-6.408887
-3.814814
-0.915555
-0.457778
-2.136296
-2.441481
0.305185
2.441481
2.136296
2.441481
4.425184
5.035554
3.051851
1.678518
3.204444
4.882962
3.051851
1.068148
1.678518
2.899259
1.068148
-2.288888
-1.678518
0.762963
-0.305185
-3.662221
-4.730369
-3.509629
-3.509629
-5.951110
-5.951110
-2.899259
-1.678518
-4.272592
-6.103702
-3.814814
-1.373333
-1.983703
-2.594073
0.000000
2.899259
3.204444
1.220740
0.915555
3.814814
6.256295
6.103702
6.256295
7.782220
8.087405
5.340739
3.204444
4.272592
6.714072
6.408887
4.882962
3.662221
2.594073
0.762963
-1.831111
-1.983703
-0.610370
-0.305185
-2.288888
-4.882962
-7.019258
-8.392591
-8.850368
-9.155553
-8.239998
-7.477035
-8.087405
-8.392591
-9.308146
-9.155553
-8.087405
-6.256295
-4.425184
-3.204444
-1.831111
-0.915555
-0.305185
0.762963
1.983703
4.272592
6.408887
7.019258
6.714072
6.714072
7.171850
6.866665
6.256295
7.019258
8.087405
8.239998
6.256295
4.730369
4.119999
3.357036
2.441481
2.746666
3.051851
1.220740
-0.915555
-3.204444
-3.357036
-2.746666
-3.051851
-2.441481
-0.762963
-0.762963
-2.441481
-2.899259
-1.068148
1.678518
3.204444
4.425184
5.798517
6.561480
6.561480
6.256295
7.324443
9.002961
9.613331
8.697776
7.477035
6.561480
5.035554
3.509629
1.831111
1.068148
-0.762963
-3.051851
-5.188147
-7.171850
-9.002961
-10.681479
-12.359997
-13.885922
-14.343700
-14.801478
-14.954070
-15.106663
-14.954070
-14.648885
-13.428145
-12.817775
-11.597034
-10.376294
-8.850368
-7.629628
-6.103702
-3.509629
-1.678518
0.305185
1.220740
2.594073
4.882962
6.561480
8.087405
9.155553
9.765924
10.986664
11.291849
12.054812
12.512589
12.359997
11.902219
11.444442
11.139256
10.834071
9.613331
7.629628
6.561480
5.188147
4.577777
3.204444
1.678518
-0.305185
-2.441481
-4.272592
-5.035554
-5.645925
-6.866665
-8.545183
-9.613331
-10.071109
-10.223701
-10.223701
-9.308146
-8.392591
-7.477035
-7.171850
-5.645925
-4.119999
-3.967406
-3.204444
-1.525926
0.915555
2.899259
4.425184
5.951110
5.951110
6.408887
6.714072
6.866665
7.019258
6.103702
5.188147
4.730369
4.730369
4.119999
2.441481
1.373333
1.525926
0.762963
-0.457778
-1.831111
-2.746666
-3.357036
-3.204444
-1.831111
-1.373333
-2.594073
-3.662221
-3.051851
-1.220740
0.152593
1.678518
3.051851
3.509629
3.509629
3.967406
5.798517
7.171850
7.782220
9.155553
9.918516
9.613331
9.918516
9.918516
9.765924
7.477035
4.882962
3.814814
3.357036
2.441481
1.525926
0.305185
-1.983703
-5.188147
