-0.306504
0.000000
0.153252
-0.153252
-0.153252
-0.306504
-0.459756
-0.306504
0.153252
-0.306504
0.000000
0.000000
0.000000
-0.459756
-0.459756
0.000000
-0.153252
-0.153252
0.000000
-0.153252
0.153252
-0.153252
0.000000
0.000000
-0.306504
-0.153252
-0.459756
0.306504
0.613008
0.306504
0.306504
0.766260
0.766260
0.766260
-0.153252
0.306504
0.306504
0.306504
0.459756
0.459756
0.459756
0.613008
0.153252
0.306504
0.306504
0.153252
0.306504
-0.153252
-0.766260
-0.613008
0.306504
0.306504
-0.153252
0.000000
-0.306504
-0.153252
0.000000
0.000000
0.000000
0.613008
0.000000
-0.766260
0.000000
0.000000
-0.153252
-0.153252
0.306504
0.306504
-0.153252
0.306504
0.000000
0.000000
0.153252
-0.306504
-0.306504
-0.306504
-0.153252
0.000000
0.000000
0.000000
-0.306504
-0.306504
0.153252
0.613008
-0.306504
0.153252
-0.306504
-0.306504
0.153252
0.153252
-0.153252
-0.153252
0.153252
0.000000
-0.919512
-0.766260
-0.613008
-0.919512
-0.306504
-0.306504
-0.459756
0.153252
-0.153252
0.153252
0.306504
0.000000
0.153252
0.000000
0.153252
0.153252
-0.459756
-0.306504
-0.459756
-0.459756
-0.306504
-0.459756
-0.153252
0.306504
0.459756
0.153252
-0.153252
0.000000
0.459756
0.613008
0.459756
0.919512
0.459756
0.306504
0.153252
0.153252
-0.306504
0.306504
-0.306504
0.000000
0.000000
0.000000
0.613008
0.153252
0.153252
-0.306504
0.000000
-0.153252
-0.766260
-0.459756
0.459756
0.306504
-0.153252
-0.153252
0.153252
0.153252
-0.459756
0.153252
0.306504
0.153252
0.153252
0.306504
0.459756
0.153252
-0.153252
-0.613008
0.153252
0.153252
-0.306504
0.153252
0.153252
0.613008
0.919512
0.306504
0.306504
0.306504
0.153252
0.306504
0.459756
0.306504
-0.306504
-0.153252
0.000000
0.459756
0.459756
0.000000
0.000000
0.000000
-0.306504
-0.153252
0.153252
0.153252
0.000000
0.306504
0.153252
-0.306504
0.000000
-0.613008
-0.459756
-0.153252
0.153252
0.153252
-0.306504
-0.306504
-0.459756
-0.153252
0.306504
0.306504
0.000000
-0.306504
-0.459756
-0.306504
-0.766260
-0.306504
-0.613008
-0.459756
0.000000
-0.153252
-0.459756
-0.306504
0.153252
0.306504
0.000000
0.000000
0.000000
-0.153252
0.153252
-0.459756
-0.613008
0.000000
0.153252
-0.153252
0.000000
0.153252
0.306504
0.459756
0.153252
-0.153252
0.153252
0.459756
-0.153252
0.306504
0.613008
0.459756
0.459756
0.459756
0.153252
0.153252
-0.153252
-0.459756
0.153252
0.153252
0.000000
0.306504
0.613008
0.000000
-0.613008
-0.153252
-0.919512
-0.459756
-0.153252
-0.459756
0.000000
0.306504
0.153252
0.153252
0.306504
-0.153252
0.306504
-0.153252
-0.153252
0.153252
-0.306504
-0.306504
-0.306504
-0.153252
0.459756
0.000000
0.306504
0.613008
0.000000
0.613008
0.459756
0.153252
-0.306504
-0.153252
-0.306504
-0.306504
0.459756
0.153252
0.306504
-0.153252
0.153252
0.153252
-0.459756
0.306504
-0.153252
0.000000
-0.153252
-0.306504
-0.153252
-0.153252
0.153252
0.306504
-0.306504
-0.153252
-0.306504
-0.613008
-0.153252
0.153252
0.153252
0.000000
0.000000
0.153252
-0.306504
0.000000
0.000000
0.153252
0.153252
0.153252
0.000000
0.000000
0.000000
0.000000
-0.153252
-0.459756
-0.153252
0.000000
-0.153252
-0.153252
-0.153252
-0.153252
-0.459756
-0.153252
-0.153252
-0.459756
0.000000
0.153252
0.306504
0.153252
0.153252
0.306504
0.153252
0.000000
-0.459756
-0.306504
-0.613008
0.153252
0.306504
0.459756
0.306504
0.153252
0.153252
0.153252
0.306504
0.000000
-0.153252
0.000000
0.000000
-0.306504
-0.613008
-0.306504
0.153252
-0.153252
0.153252
0.000000
0.766260
1.226016
0.766260
0.919512
2.298780
1.992276
0.613008
1.379268
1.532520
1.072764
1.992276
3.371544
2.145528
1.379268
0.613008
0.766260
-0.306504
-1.685772
-1.992276
-4.291056
-3.678048
-3.831300
-3.065040
-1.532520
-4.291056
-2.758536
-1.379268
-0.459756
-0.153252
-2.298780
-1.532520
-2.605284
-2.145528
-0.766260
-0.919512
-1.379268
3.065040
-1.226016
0.459756
0.306504
-2.605284
-3.678048
-4.444308
-1.992276
-4.904064
2.145528
-1.072764
-1.685772
-4.750812
-2.298780
-0.459756
-0.613008
1.685772
1.685772
4.750812
3.678048
5.057316
6.436584
10.114632
9.041868
6.743088
7.662600
4.750812
-3.371544
-1.685772
-2.452032
5.363820
-7.202844
11.647152
-19.922761
163.979646
218.077604
-77.085759
-28.964629
39.385765
-44.136578
-29.117881
14.405689
-24.980077
-58.082510
-17.777233
-0.766260
-26.052841
-37.699993
-29.271133
-20.842273
-34.788205
-27.432109
-29.117881
-20.995525
-10.727640
-7.509348
0.766260
-4.597560
1.685772
-4.137804
-1.992276
3.678048
6.436584
-1.072764
1.532520
16.857721
24.826825
20.689021
19.156501
23.907313
27.125605
22.221541
26.052841
30.803653
27.891865
28.504873
33.715441
32.795929
34.634953
21.302029
26.052841
35.860969
16.857721
12.260160
17.623981
19.463005
13.486176
10.727640
19.922761
17.777233
19.003249
8.428860
-3.371544
5.976828
4.904064
-14.712193
-18.083737
3.984552
3.831300
-13.332924
-11.953656
7.356096
15.478453
9.808128
9.041868
-4.137804
-7.969104
7.049592
4.291056
20.229265
13.639428
11.647152
16.551217
8.122356
5.517072
12.873168
24.213817
10.880892
-1.685772
11.187396
-3.218292
-26.359345
8.275608
11.493900
-34.021945
-43.676822
-20.842273
-13.026420
-20.535769
-4.597560
-2.911788
-21.302029
12.260160
20.076013
-7.202844
5.517072
23.754061
-10.421136
-4.750812
16.857721
16.091461
13.945933
19.922761
48.427634
46.282106
38.619505
69.576411
67.584134
46.128854
50.726414
51.339422
58.695518
58.235762
35.094709
37.699993
54.251210
24.213817
44.902838
56.856494
18.236989
44.749586
66.817874
13.639428
17.010973
31.723165
-32.795929
-55.630478
-27.278857
-64.365842
-98.541040
-81.683319
-102.372340
-147.121925
-181.450375
-223.288172
-256.390605
-299.301167
-354.318637
-436.921468
-482.743818
-480.904794
-545.577140
-604.119406
-622.356395
-645.650699
-659.290128
-674.462077
-681.511669
-666.799476
-694.078333
-778.213684
-783.577505
-725.494994
-698.829145
-590.939734
-400.753995
-239.073129
-95.475999
36.014221
173.634522
321.216204
445.197076
533.776735
610.402738
689.174269
692.392561
814.840914
1039.661606
1076.901843
1205.173772
1421.718856
1427.389180
1368.387158
1326.242856
1285.631075
1261.417258
1267.700590
1248.390837
1102.188424
958.284791
868.938872
724.422230
628.179971
527.646655
376.080422
323.361732
302.519459
267.271498
258.229629
309.722303
371.176358
374.547902
353.399125
315.852383
250.260525
161.067858
75.553239
12.413412
4.750812
2.452032
-19.769509
-79.844295
-253.019061
-361.061725
-440.293012
-638.447855
-837.215706
-966.407147
-1117.053869
-1313.216436
-1443.940397
-1587.690778
-1708.913114
-1751.057416
-1771.133428
-1731.900915
-1710.598886
-1730.368395
-1636.578168
-1423.557880
-1210.844096
-971.770967
-694.231585
-502.513326
-352.326361
-150.340217
29.577637
132.869489
302.825963
524.121859
693.005569
842.579527
971.924219
1062.955911
1141.267686
1237.356693
1375.130246
1599.031426
1873.659020
2230.889445
2606.663363
3042.052311
3383.651031
3021.976298
2314.258536
1909.519989
1284.711563
7.049592
-1485.011934
-2106.142313
-1838.257807
-1595.353378
-1582.326958
-2162.232547
-3427.021349
-3924.783863
-3301.048200
-3188.254724
-3591.307499
-3571.691242
-3090.020188
-2207.901644
-1643.781012
-1718.567991
-1123.490453
-129.651197
-262.214182
-509.869423
-24.826825
78.771531
53.638202
484.123086
552.779984
429.258868
661.742160
787.715309
891.773420
1127.628257
1130.540045
826.488066
423.588543
928.707154
2193.649208
3367.406319
3571.231486
2289.125207
1571.752569
1593.361102
1267.394086
1272.451402
2233.647981
2858.149904
1660.945236
85.054863
-803.193761
-470.330405
-174.860538
-2214.797985
-4836.633296
-3583.031890
-1387.390406
-1737.877743
-1435.664788
-1444.706657
-562.281608
630.478751
929.320162
1473.364782
367.958065
-1327.468872
-795.224657
930.699430
1945.227707
1465.395677
829.399854
728.406783
764.727508
865.567327
638.601107
703.733210
551.707220
11.187396
-324.741000
-85.974375
267.118246
300.833687
562.128356
930.086422
1052.228270
1101.728668
1297.737983
1420.033084
1389.535935
1542.787940
1951.817543
2441.610953
2641.604820
2453.104853
2362.839422
2506.436551
2465.058510
2046.527282
1461.411125
947.863654
561.668600
120.609328
-543.431612
-1100.655904
-953.840483
-441.365776
-553.852748
-1006.405921
-1516.735099
-2176.025227
-2542.144269
-2800.986906
-2311.806504
-607.797454
-404.432043
-1477.196082
-1361.184314
-1228.621329
-1754.888716
-1791.822449
-1603.628986
-1863.084632
-2178.783763
-2423.220712
-2585.054830
-2660.454817
-2697.848306
-2643.750348
-2566.358085
-2448.047537
-2172.500431
-1953.350063
-1882.854141
-1802.090334
-1675.963933
-1498.651363
-1424.937148
-1423.404628
-1407.159915
-1317.660744
-1213.602632
-1166.401014
-1140.807930
-1075.982331
-1010.390473
-915.987237
-777.753928
-566.879169
-350.487337
-122.141848
118.463800
377.306438
721.050686
998.130312
1183.105483
1302.335543
1453.442021
1646.539548
1785.845621
1868.141948
1904.615925
1970.361036
2010.819565
2038.404926
2031.202082
2026.298018
2094.801664
2198.246768
2280.543095
2371.574786
2451.419081
2413.259332
2298.167076
2074.112643
1863.544388
1739.103759
1595.353378
1381.873334
1294.366439
1363.483094
1364.709110
1334.058709
1374.976994
1279.960751
1048.550222
1048.090466
1134.984353
1096.364848
1071.538023
1019.279089
999.356328
817.139694
350.793841
299.607671
433.549924
289.033283
305.124743
383.743022
237.693861
139.765829
225.893456
174.094278
24.213817
-135.015017
-250.260525
-135.168269
-258.995889
-823.576278
-1323.177816
-1381.107074
-1068.472983
-241.065405
102.525592
-1095.905092
-1848.985447
-1365.015614
-1448.691209
-2121.314261
-2474.866638
-2683.442618
-2937.994199
-2913.167374
-2614.479215
-2312.113008
-2118.708977
-2182.308559
-2433.182093
-2366.977226
-1881.781376
-1260.804250
-780.359212
-670.171020
-707.104754
-616.686070
-401.060499
-243.977193
-188.346715
-174.707286
-176.393058
-256.543857
-473.855201
-747.716535
-1031.385998
-1069.085991
-685.496221
-36.320725
643.658423
1115.827853
1222.797752
1185.710767
1224.023769
1231.839621
1281.186767
1447.924949
1506.313963
1482.713154
1303.868063
880.126268
667.105980
600.288106
364.739773
228.958496
97.774780
217.311344
773.309620
911.389677
739.287675
1172.531095
1602.096466
1294.366439
989.548200
874.455944
488.107638
-44.136578
-282.443446
-89.499171
160.454850
-813.001890
-1328.694888
-670.937280
-1114.295333
-1893.888285
-1796.266757
-1293.140423
-825.875058
-506.497878
-459.756017
-306.810515
-119.843068
-91.797951
-24.367069
160.914606
369.797089
473.855201
551.553968
686.875489
850.088875
994.912020
1071.691275
1030.619738
954.453491
893.918949
851.774647
834.457170
805.032785
808.864085
806.565305
768.099052
705.878738
628.333223
502.206822
366.272293
250.567029
154.631274
45.669098
-91.338195
-188.499967
-213.020288
-234.169065
-271.409302
-283.975966
-251.946297
-179.764603
-85.514619
20.382517
25.133329
15.938209
-4.904064
-39.998773
-99.767056
-134.708513
-134.861765
-157.083306
-210.721508
-311.561327
-422.515779
-578.373069
-716.759630
-749.862063
-789.860837
-854.992939
-919.665285
-946.637638
-940.354306
-857.444971
-727.334018
-626.494199
-536.382020
-430.178380
-258.689385
-64.365842
120.762580
348.035305
563.354373
703.426706
512.474707
-185.434927
-621.283631
-199.227607
1107.858748
1900.937877
1429.074952
1048.243718
1097.744116
865.260823
574.695021
288.573527
-155.550786
-304.205231
-238.000365
-223.288172
63.599582
150.799973
-124.440629
-262.673938
-850.242127
-1115.981105
-781.278724
-717.372638
-728.866539
-586.955181
-529.792183
-557.071040
-498.375522
-395.236922
-443.358052
-617.912086
-685.802725
-592.472254
-443.817808
-481.824306
-663.734436
-708.484022
-721.816946
-860.050255
-346.349533
629.865743
496.229994
-155.397534
23.754061
897.903501
1171.305079
710.782802
573.622257
524.888119
31.569913
-576.074289
105.437380
1340.188789
1089.775012
870.931148
1493.440794
1574.204601
1443.633893
1469.993237
1380.034310
1291.607903
1315.974972
1290.688391
1179.733939
1099.123384
991.846980
863.881555
772.849864
687.488497
569.177949
426.960088
263.899954
104.977624
-28.658125
-158.769078
-291.945071
-450.254392
-620.517371
-806.565305
-974.989259
-1143.106710
-1319.653020
-1455.434297
-1602.862726
-1706.154578
-1736.804979
-1704.315554
-1682.094013
-1687.304581
-1609.452563
-1528.995260
-1456.200557
-1385.704634
-1281.186767
-1200.729464
-1151.842074
-1000.122588
-753.233607
-479.678777
-245.049957
-64.672346
5.976828
4.137804
73.254459
230.031260
435.848704
687.795001
963.342107
1123.950209
1221.724988
1340.495293
1471.679010
1605.008254
1545.699728
1370.839190
1228.008321
1134.064841
1023.110389
965.794139
959.051051
922.270570
928.400650
933.764470
954.606743
968.399423
987.402672
960.736823
855.912451
744.804747
575.614533
395.236922
234.322317
102.372340
-5.057316
-83.522343
-107.123152
-188.959723
-293.171087
-388.953590
-496.229994
-646.876716
-845.031559
-1054.833554
-1270.459126
-1407.466419
-1542.174932
-1650.983856
-1688.530597
-1662.937513
-1601.176954
-1563.936717
-1479.188358
-1348.311145
-1238.122953
-1152.301830
-1050.849002
-967.633163
-849.169363
-718.292150
-576.993801
-449.181628
-346.043029
-241.831665
-149.420705
-6.743088
52.565438
38.313001
83.215839
181.603627
250.413777
317.078400
420.830007
496.229994
569.024697
672.316548
809.477093
900.202281
991.846980
1082.878671
1105.406716
1164.102234
1275.822946
1367.927402
1387.850163
1475.510310
1544.013956
1528.995260
1514.129815
1451.143241
1381.720082
1294.979447
1169.006299
999.662832
896.064477
827.407578
710.169794
613.467778
498.222270
387.114566
295.163363
235.548333
200.147119
136.854041
118.463800
86.587383
-9.348372
-94.862991
-148.960949
-207.962972
-298.534907
-348.341809
-370.563349
-407.497083
-469.717397
-538.680800
-603.506398
-699.135649
-756.145396
-809.477093
-882.425048
-974.222999
-1067.400219
-1145.558742
-1228.927833
-1290.688391
-1332.985945
-1336.817245
-1354.594477
-1329.920904
-1282.259531
-1265.708314
-1229.234337
-1175.902639
-1110.923788
-1084.717695
-1046.711198
-940.047802
-832.771398
-735.762879
-586.648677
-443.358052
-325.507260
-218.230856
-93.483723
20.689021
98.387788
186.814195
252.099549
296.542631
337.001160
394.930418
439.526752
481.211298
530.098687
551.860472
586.188921
637.375091
684.423457
710.169794
734.690115
771.777100
794.305145
816.986442
848.249851
856.678711
805.799045
735.609627
687.488497
651.780780
628.639727
613.467778
609.942982
584.809653
543.584864
549.561692
587.874693
614.080786
616.379566
644.424683
663.887688
617.145826
559.216568
509.869423
440.139760
334.242624
220.069880
106.663396
-14.405689
-125.666645
-221.908904
-302.519459
-356.617417
-401.980011
-404.738547
-393.397898
-389.873102
-370.869853
-353.552377
-347.728801
-340.679208
-290.565803
-263.133694
-258.842637
-236.467845
-203.365411
-178.078830
-157.083306
-95.169495
-43.983326
-14.405689
38.619505
93.330471
116.165020
126.279653
138.386561
111.260956
45.975602
-24.673573
-72.028443
-141.451601
-257.310117
-319.530432
-376.999934
-462.667805
-548.948684
-580.365345
-588.487701
-675.841345
-710.323046
-714.920606
-718.598654
-736.988895
-729.019791
-663.887688
-615.613306
-532.244215
-444.737320
-331.484088
-231.104024
-117.237784
-37.853245
-55.170722
-55.783730
-84.441855
-136.394285
-187.427203
-217.771100
-249.187761
-277.692634
-288.726779
-278.918650
-200.453623
-94.709739
3.984552
63.446330
141.451601
233.096300
310.948319
458.683253
611.322250
723.962474
825.875058
946.637638
1047.630710
1107.092488
1164.561990
1182.645727
1189.848571
1138.355897
1046.711198
974.529503
894.838461
826.181562
741.433203
660.516144
568.871445
463.280813
359.835709
259.455645
164.439402
60.228038
-23.447557
-98.387788
-162.600378
-213.939800
-230.491016
-281.064178
-372.862130
-424.661307
-449.947888
-483.816582
-548.029172
-549.561692
-551.094212
-573.775509
-560.136080
-519.217795
-478.759265
-480.138533
-436.614964
-383.436518
-338.686932
-282.290194
-223.288172
-157.543062
-122.295100
-49.960154
9.041868
47.201618
134.708513
206.890208
258.229629
280.297918
302.672711
329.491812
287.807266
241.371909
186.814195
110.341444
13.945933
-65.745110
-132.716237
-242.291421
-284.435722
-301.140191
-325.047504
-350.027581
-346.349533
-303.132467
-313.553603
-298.994663
-276.466618
-266.351986
-265.738978
-239.992641
-207.196712
-234.322317
-244.436949
-242.444673
-240.758901
-252.406053
-241.218657
-194.630047
-163.826394
-141.298349
-98.387788
-47.048366
-57.316250
-50.419910
-21.608533
-8.275608
-15.018697
-22.068289
2.298780
32.489425
49.806902
47.354870
66.971126
85.667871
76.166247
50.266658
30.343897
20.382517
-11.034144
-29.271133
-26.206093
-3.524796
32.029669
94.709739
156.623550
184.055659
190.492243
204.591427
219.456872
193.863787
157.389810
147.888185
170.416230
160.454850
141.298349
141.298349
134.708513
106.050388
78.618279
89.192667
30.956905
-45.975602
-72.488199
-103.751608
-146.508917
-222.062156
-228.651992
-297.308891
-372.708878
-368.111317
-420.676755
-446.269840
-477.993005
-257.923125
71.875191
403.206027
776.221408
1319.653020
2076.411424
2465.058510
2733.096267
2986.115329
3245.570974
3090.326692
2526.052808
2147.520354
1580.181430
824.495790
-66.817874
-670.324272
-1160.117682
-1769.141152
-2037.945170
-2147.367102
-2098.632964
-2044.841510
-1718.721243
-1324.250580
-1169.006299
-886.562852
-614.693794
-462.514553
-567.798681
-549.408440
-479.678777
-671.397036
-842.119771
-853.766923
-756.605152
-849.169363
-818.212458
-555.691772
-367.958065
-214.399556
1.379268
276.926374
338.686932
365.965789
529.025923
520.290559
545.270636
649.022244
704.039714
440.446264
125.513393
147.275177
-154.478022
-581.591361
-882.118544
-1033.531526
-1319.193264
-1642.248492
-1528.075748
-1426.622920
-1269.079858
-1055.293310
-709.403534
-372.862130
-78.158523
396.616190
670.937280
848.709607
972.230723
1045.944938
921.810814
705.265730
627.566963
424.354803
119.383312
-166.584930
-258.229629
-343.590997
-427.573096
-355.697905
-236.621097
-95.475999
23.294305
232.636544
390.332858
491.632434
627.720215
677.220613
634.616555
543.278360
520.750315
401.826759
205.357687
86.434131
10.880892
-93.483723
-216.698336
-217.158092
-148.194689
-117.544288
-86.280879
14.099185
117.084532
151.566234
154.171518
148.194689
101.299576
-19.156501
-239.992641
-455.158457
-830.319366
-960.123815
-425.887323
569.790957
1402.715607
1728.989127
2517.470696
3626.555460
4328.143142
4449.058974
4502.084168
4620.088212
3849.077372
2533.562156
1372.218458
469.870649
-623.429159
-1916.416330
-2813.400318
-3513.302228
-3943.480608
-3945.319632
-3562.036366
-3045.117351
-2526.206060
-1814.350494
-1299.883511
-979.893324
-565.040145
-148.807697
-111.873964
-514.926739
-760.589704
-903.727077
-1195.672148
-1437.503812
-1402.562355
-1185.251011
-1085.790460
-865.720580
-392.018630
122.141848
559.216568
944.338858
1226.935557
1225.403037
1128.394517
1041.347378
786.182789
366.732049
-45.362594
-335.775144
-683.810449
-998.283564
-1103.261188
-840.587251
-363.973513
-195.549559
-68.810151
191.105251
561.208844
566.419413
304.971491
351.713353
181.143871
-281.217430
-688.714513
-617.605582
-559.063316
-690.400285
-443.204800
-147.275177
36.167473
240.605649
708.637274
964.874627
893.612445
978.054300
956.445767
638.294603
285.048730
263.899954
117.391036
-313.706855
-475.694225
-360.908473
-317.078400
-374.854406
-137.926805
165.205662
202.139395
218.077604
379.145462
493.318206
397.995458
319.836936
269.570278
115.858516
-35.401213
-50.419910
-30.343897
-96.548764
-90.878439
-24.826825
-29.271133
-51.492674
21.761785
101.299576
24.213817
-73.560963
-122.448352
-227.425976
-448.108864
-697.296625
-946.637638
-1166.554266
-717.679142
503.432838
1660.332228
2156.562222
2641.451568
3862.257045
4834.181264
4958.621892
4889.351986
4994.789366
4520.934165
2993.471425
1566.082245
588.487701
-487.494630
-1853.583007
-3082.664092
-3808.618843
-4371.360207
-4482.008155
-4174.278128
-3692.760326
-3080.058808
-2420.308924
-1779.868793
-1428.768448
-961.962839
-428.339356
-303.592223
-580.365345
-908.477889
-1018.512829
-1302.029039
-1551.063548
-1456.353809
-1213.142876
-997.517304
-756.451900
-209.342240
361.827985
880.892528
1383.405854
1663.550521
1656.194424
1444.859909
1267.394086
874.302692
255.930849
-301.753199
-808.097825
-1344.786349
-1853.123251
-1988.291520
-1843.928131
-1700.944010
-1483.632666
-1104.487204
-472.935689
236.008089
852.540907
1360.111549
1650.830604
1834.579759
1708.913114
1403.635119
1165.021746
824.495790
352.326361
-205.051183
-487.034874
-619.291355
-712.928330
-623.582411
-421.596267
-193.097527
-29.117881
274.627594
587.568189
787.408805
943.112842
990.007956
891.773420
692.392561
599.981602
475.847477
214.246304
-37.853245
-189.879235
-316.005635
-485.349102
-479.065769
-346.349533
-273.401578
-247.808493
-173.021514
-12.106908
111.107704
231.104024
363.973513
476.460485
518.451535
513.547471
536.382020
498.375522
434.469436
299.914175
116.931280
-93.790227
-312.940595
-472.016177
-679.825897
-876.907976
-1086.863224
-1278.274979
-1365.168866
-493.624710
1077.514851
2065.837035
2298.780084
2729.724723
4240.176490
4999.999934
4765.217861
4571.047570
4631.428861
4057.806604
2138.938242
881.045780
177.772326
-820.817742
-2177.710999
-3354.533150
-3753.141617
-4187.764304
-4153.282603
-3760.497713
-3315.300637
-2702.445866
-2167.136611
-1618.494431
-1409.765199
-948.476663
-396.309686
-444.277564
-801.661241
-1046.864450
-1004.260393
-1252.835146
-1413.596499
-1121.344925
-817.905954
-655.458828
-407.497083
226.659716
757.218160
1143.106710
1570.833057
1740.483027
1554.741597
1216.361168
1022.344129
589.560465
-121.988596
-674.921833
-1145.865246
-1677.956209
-2151.351654
-2146.754094
-1905.228933
-1798.872041
-1560.565173
-1018.666081
-404.738547
81.836571
728.560035
1377.275774
1652.056620
1591.522078
1595.353378
1547.538752
1133.451833
755.838892
434.622688
21.915037
-484.582842
-671.090532
-599.675098
-675.228337
-564.733641
-274.167838
-32.642677
81.070311
419.144235
849.322615
906.332361
884.877080
966.713651
938.208778
639.214115
438.607240
377.306438
68.810151
-315.392627
-498.988530
-535.922264
-652.087284
-657.144600
-474.314957
-405.351555
-362.594245
-165.818670
129.497945
261.907678
353.399125
553.852748
639.520619
534.542995
496.536498
512.321455
384.509282
96.702016
-96.548764
-270.796294
-562.281608
-801.201485
-966.253895
-1160.424186
-1095.138832
228.498740
1690.216370
2272.573991
2314.105284
3222.889677
4770.888186
4882.302394
4530.589041
4415.190281
4459.786614
3270.397799
1345.552609
551.247464
-221.449148
-1282.719287
-2698.154810
-3517.899788
-3773.217629
-4068.994000
-3755.287145
-3440.201021
-2887.727541
-2296.634556
-1808.373666
-1416.968044
-1199.809952
-562.434860
-297.615395
-537.761288
-824.495790
-889.781144
-897.290493
-1171.764835
-1020.505105
-653.466552
-476.307233
-337.001160
66.511370
701.434430
1016.827057
1327.775376
1605.927766
1545.086720
1175.289631
811.162866
602.433634
31.263409
-626.800703
-1128.701021
-1505.394451
-1860.785852
-2086.526056
-1862.931380
-1627.076543
-1373.750978
-1066.787211
-632.930783
-154.018266
187.273951
583.123881
750.015315
822.963270
801.814493
720.590930
607.337698
400.447491
336.081648
167.810946
15.171949
-51.645926
-4.597560
89.192667
96.855268
219.150368
294.243851
333.323112
367.191805
434.469436
471.709673
395.543426
377.919446
342.364980
286.581250
216.545084
194.936551
161.374362
27.891865
-59.921534
-118.310548
-140.838593
-198.308095
-215.625572
-194.476795
-224.360936
-192.024763
-125.819897
-3.371544
80.150799
158.156070
283.975966
343.897501
355.544653
348.954817
355.238149
285.201982
99.767056
-65.438606
-221.602400
-437.687728
-760.129948
-670.477524
494.850726
1673.358649
2128.823609
2106.142313
2996.383213
4530.589041
4736.866240
4422.239873
4314.503713
4412.891501
3352.540874
1516.581847
701.281178
30.956905
-986.789664
-2505.670291
-3486.789631
-3782.566002
-4065.469204
-3891.681430
-3689.542034
-3183.503912
-2605.437347
-2168.515879
-1767.761884
-1428.768448
-708.330770
-378.685706
-568.718193
-773.003116
-770.551084
-728.406783
-944.645362
-770.244580
-430.944640
-328.419048
-238.460121
173.787774
807.791321
1082.265663
1346.472121
1622.785487
1573.438341
1150.462806
765.800272
605.958430
82.909335
-635.689319
-1237.356693
-1648.225320
-2045.454518
-2332.955281
-2202.384572
-1978.023636
-1765.769608
-1479.341610
-1035.217298
-487.647882
46.128854
613.161274
1192.913611
1494.053802
1598.571670
1581.867202
1559.645661
1462.637141
1026.175429
650.248260
240.452397
-182.523139
-573.315753
-761.815720
-669.711264
-738.674667
-693.465325
-483.816582
-217.924352
31.876417
312.327587
684.883213
793.079129
818.672214
886.256348
830.932374
632.624279
434.469436
280.757674
-84.901611
-467.725121
-578.679573
-592.165750
-701.740934
-734.230359
-549.714944
-407.037327
-329.185308
-99.000796
227.732480
382.057250
421.443015
550.021448
580.671849
445.963336
298.534907
204.284923
-36.627229
-357.843433
-592.012498
-795.071405
-954.453491
-192.944275
1284.098555
2147.213850
2246.367898
2616.471491
4178.262680
4997.394650
4739.318272
4525.531725
4533.654081
4052.596035
2227.058145
942.193330
281.064178
-608.103958
-1915.343566
-3277.447391
-3733.678612
-3984.092389
-3890.915170
-3642.953425
-3329.859577
-2673.787741
-2187.672380
-1755.195220
-1464.169661
-889.321388
-344.050753
-444.277564
-701.587682
-825.108798
-786.182789
-919.358781
-888.555128
-533.316979
-364.433269
-249.187761
78.924783
714.001094
1136.210369
1390.148943
1732.973679
1772.512697
1428.002188
942.959590
733.310847
342.058476
-373.781642
-1013.149009
-1498.344859
-1855.728536
-2207.748392
-2133.880926
-1869.367964
-1646.692800
-1376.509514
-1028.320957
-517.838527
-96.548764
364.433269
673.236061
761.968972
770.551084
703.273454
629.865743
473.701949
361.214977
230.950772
38.159749
-76.319499
-65.285354
28.045117
83.828847
176.239806
266.198734
309.415799
333.476364
397.382450
472.782437
433.856428
351.866605
292.864583
255.930849
188.040211
125.819897
97.621528
26.359345
-90.418683
-201.526387
-222.215408
-200.606875
-222.828416
-246.275973
-284.435722
-270.489790
-243.977193
-154.171518
-45.822350
11.187396
65.898362
63.293078
109.881688
95.322747
83.215839
64.519094
-56.703242
-195.089803
-326.273520
-184.515415
752.773851
1766.382616
2320.235364
2381.689419
2953.166147
4297.799244
4659.627230
4434.806537
4177.496420
4250.750879
3519.585560
1798.565537
879.513260
260.834913
-574.082013
-2066.296791
-3202.200657
-3499.049791
-3819.039979
-3813.522907
-3748.237552
-3313.001857
-2823.055195
-2501.838991
-2077.330936
-1669.987105
-988.168932
-607.490950
-620.823875
-714.307598
-689.021017
-578.832825
-614.234038
-437.840980
-211.028012
-127.199165
-20.076013
353.705629
889.168136
1140.041669
1399.190811
1640.256216
1573.438341
1162.876218
819.131970
717.525890
248.421501
-458.683253
-1064.794935
-1421.259100
-1782.320825
-2102.464265
-2031.048830
-1856.341544
-1657.267188
-1499.570875
-1125.329477
-616.226314
-169.496718
256.697109
463.434065
625.114931
666.492972
663.274680
609.023470
507.417390
448.108864
274.474342
100.380064
-0.766260
75.706491
172.868262
188.499967
208.116224
262.214182
340.525956
340.525956
364.126765
411.788139
375.467414
234.628821
97.928032
91.644699
68.043890
5.517072
-43.523570
-81.070311
-131.796725
-184.515415
-129.344693
-86.587383
-97.621528
-128.578433
-153.252006
-150.340217
-156.470298
-96.855268
-55.630478
-66.817874
-56.090234
-36.014221
-18.390241
-71.415435
-69.729663
-174.400782
-277.539382
-320.449944
337.001160
1443.633893
2096.027680
2383.221939
2681.297090
3926.316383
4641.083737
4552.810582
4371.666711
4310.365909
4044.320427
2527.432076
1355.054233
699.135649
-53.484950
-1266.321322
-2682.216602
-3205.265697
-3564.028642
-3705.173739
-3710.384307
-3530.159948
-3055.998243
-2759.455612
-2375.865842
-2019.554929
-1468.154213
-950.009183
-842.119771
-882.578300
-911.696181
-749.095803
-659.749884
-521.363323
-265.125970
-108.349168
65.285354
358.609693
869.858384
1205.940032
1437.657064
1696.346450
1707.380594
1406.853411
982.498608
833.231154
487.647882
-179.304847
-838.594975
-1299.423755
-1619.260691
-2001.930949
-2037.178910
-1884.846417
-1723.165551
-1567.768017
-1281.799775
-775.608400
-345.430021
69.423159
352.019857
495.923490
538.221044
505.731618
510.942187
409.795863
296.695883
147.581681
15.784957
-34.941457
19.463005
169.343466
259.762149
323.974740
388.034078
462.821057
484.736094
496.689750
504.045846
396.003182
208.422728
53.944706
5.210568
-75.093483
-203.825167
-256.697109
-272.482066
-286.274746
-297.308891
-212.100776
-87.200391
-64.212590
-76.319499
-86.893887
-39.845521
-15.784957
-3.524796
-6.896340
-82.143075
-127.352417
-142.217861
-174.094278
-209.648744
-277.692634
-298.688159
-325.967016
-58.848770
1052.534774
2024.918750
2542.757277
2669.649937
3547.017669
4766.750381
4815.637771
4542.542697
4318.335013
4296.879732
3189.480740
1553.515581
790.780349
133.482497
-829.553106
-2301.538620
-3142.585626
-3357.598190
-3590.694491
-3584.717662
-3496.597759
-3044.351091
-2653.405225
-2371.881290
-2050.205331
-1660.178976
-1100.962408
-901.888053
-1000.122588
-1094.985580
-995.218524
-831.698634
-745.571007
-487.188126
-226.659716
9.961380
319.070676
835.529934
1309.538388
1572.978585
1870.134224
1962.085427
1719.794007
1230.307101
958.744547
678.906385
-31.110157
-756.145396
-1309.998144
-1628.762315
-2050.665087
-2208.974408
-2007.907777
-1845.613903
-1697.725718
-1487.617218
-977.901048
-488.720646
-99.307300
236.008089
425.734071
526.114135
533.776735
543.125108
514.620235
425.734071
308.036531
134.708513
29.271133
62.373566
185.894683
247.195485
282.136942
352.479613
399.834483
390.639362
397.842206
472.016177
400.600743
190.951999
11.493900
-38.313001
-68.350394
-197.388583
-250.107273
-269.723530
-310.488563
-384.509282
-380.524730
-232.943048
-161.987370
-168.270702
-207.196712
-162.753630
-73.407711
-28.964629
19.003249
13.179672
18.390241
0.306504
-14.099185
-47.508122
-67.584134
-140.378837
-179.304847
-148.960949
598.602334
1643.321256
2330.503249
2594.403202
2983.050289
4223.472022
4733.341444
4575.338627
4257.647219
4202.169993
3743.180236
2158.861003
1058.664855
395.083670
-323.361732
-1584.165982
-2803.592190
-3180.132368
-3429.166877
-3480.046543
-3486.023371
-3231.012034
-2780.604389
-2482.835742
-2173.879699
-1909.673241
-1403.175363
-980.966088
-948.783167
-1065.407943
-1068.626235
-847.177087
-689.327521
-496.689750
-255.011337
0.613008
306.657263
691.932805
1168.699795
1470.759498
1762.704568
1910.899258
1752.589936
1332.219684
953.380727
737.755155
190.798747
-506.804382
-1140.654678
-1505.854207
-1858.027316
-2126.065073
-2032.428098
-1877.030564
-1691.289134
-1542.481436
-1152.455082
-673.542565
-232.636544
117.697540
275.700358
397.075946
434.622688
447.802360
362.134489
302.825963
266.198734
99.460552
-35.860969
-5.823576
183.902407
268.957270
310.488563
433.703176
518.298283
519.217795
508.490155
598.142578
554.619008
328.878804
113.559736
-15.478453
-97.315024
-243.823941
-337.614168
-394.317410
-458.989757
-478.606013
-470.483657
-356.770669
-252.865809
-176.546310
-186.201187
-188.040211
-86.587383
5.057316
29.117881
-34.021945
-18.696745
-16.704469
-116.931280
-144.823145
-173.634522
-158.462574
-201.066631
9.961380
1091.614036
2064.611019
2695.856030
2836.388119
3583.031890
4809.354439
4937.013360
4624.532520
4237.111450
4239.563482
3301.661208
1574.357853
646.876716
25.439833
-796.144169
-2278.091063
-3210.936021
-3328.940065
-3473.609958
-3493.685971
-3458.897766
-3006.804349
-2600.226779
-2361.613406
-2088.518332
-1755.501724
-1276.895710
-1076.135583
-1150.616058
-1261.570510
-1149.849798
-900.508785
-682.431181
-379.145462
-72.794703
285.355234
689.634025
1202.108732
1637.804184
1874.425280
2136.026454
2129.743122
1789.523669
1207.319300
846.564079
508.796659
-206.890208
-945.258370
-1506.620467
-1785.998873
-2120.854505
-2206.062620
-2008.520785
-1812.971226
-1638.876948
-1415.435524
-932.998210
-498.835278
-154.018266
59.615030
152.792250
220.529636
214.706060
232.483292
194.170291
203.058907
163.060134
59.921534
70.955679
229.571504
444.124312
490.559670
538.987304
635.995823
667.259232
593.085262
542.665352
560.902340
401.060499
119.383312
-85.208115
-144.363389
-215.932076
-357.536929
-413.780415
-432.783664
-442.132036
-469.870649
-425.580819
-295.010111
-209.495492
-167.044686
-205.357687
-172.561758
-63.906086
-12.566664
-26.972353
-83.982099
-39.539017
-66.051614
-130.417457
-187.273951
-151.872738
-72.794703
145.589405
1132.992077
2078.403700
2718.997083
2860.601936
3594.679043
4797.554035
4926.285719
4595.414639
4180.867964
4161.711463
3218.445369
1555.814361
675.075085
55.323974
-774.535636
-2225.525625
-3100.134821
-3196.070576
-3328.480309
-3379.666479
-3410.929888
-2980.445004
-2610.494663
-2439.465425
-2242.689850
-1920.860638
-1420.646092
-1291.761155
-1385.244878
-1406.546907
-1186.936783
-907.098621
-679.672645
-292.251575
90.571935
470.330405
873.689684
1421.105848
1850.517967
2031.661838
2224.146357
2156.562222
1771.899688
1161.803454
800.894981
505.731618
-242.444673
-1030.159981
-1541.408672
-1738.490751
-2001.164689
-2184.300835
-1942.775675
-1695.120434
-1598.418418
-1493.747298
-1035.983558
-506.497878
-298.075151
-187.273951
-56.703242
69.423159
21.148777
31.110157
149.880461
199.840615
140.532089
88.886163
207.043460
372.402374
550.940960
631.245011
632.164523
644.731187
665.726712
622.662899
492.858450
437.381224
346.349533
95.935755
-175.626798
-222.368660
-157.849566
-285.661738
-428.339356
-421.136511
-389.719850
-451.020652
-479.372273
-333.936120
-265.892230
-326.886528
-355.544653
-255.777597
-149.420705
-135.781277
-94.249983
-81.070311
-27.585361
-53.638202
-60.074786
-49.347146
3.984552
155.704038
842.579527
1858.793576
2608.349135
2881.750713
3239.594146
4389.750448
4961.227177
4709.893887
4222.092754
4116.348870
3686.017238
2144.455314
911.389677
311.408075
-312.174335
-1561.024929
-2774.780813
-3042.512067
-3093.544985
-3201.281144
-3328.940065
-3106.724657
-2665.818637
-2487.280051
-2384.754459
-2193.802460
-1749.065140
-1472.598522
-1554.894849
-1638.110688
-1433.059504
-1079.200623
-818.825466
-486.575118
-11.034144
444.124312
835.376682
1331.759928
1860.326096
2092.043128
2192.576444
2189.971160
1930.362262
1348.924153
811.316118
531.631207
-34.021945
-832.311642
-1416.968044
-1588.150534
-1777.263509
-2043.768746
-1899.098853
-1560.258669
-1421.412352
-1448.231453
-1118.126633
-596.916562
-443.971060
-435.848704
-306.350759
-133.482497
-224.667440
-288.726779
-96.395512
43.830074
18.543493
37.393489
252.559305
437.534476
575.921037
735.149871
818.672214
768.865312
723.809222
723.196214
611.628754
445.503580
324.127992
160.914606
-93.177219
-224.820692
-152.945502
-192.791023
-337.614168
-344.663761
-255.624345
-303.285719
-393.244646
-290.719055
-218.537360
-343.437744
-455.158457
-377.459690
-276.466618
-322.135716
-288.420274
-184.668667
-150.493469
-147.428429
-79.537791
5.976828
47.967878
88.579659
512.168203
1505.087947
2304.450408
2823.055195
2963.434032
3774.750149
4663.611782
4661.619506
4325.844361
3947.158656
3857.046476
2778.152357
1358.425777
602.586886
31.723165
-787.868561
-2088.211828
-2718.230823
-2806.810482
-2944.737287
-3026.267354
-3054.772227
-2714.093019
-2511.187363
-2430.883312
-2338.472353
-2090.817112
-1724.391567
-1651.137108
-1745.846848
-1703.089538
-1366.241630
-995.065272
-639.214115
-196.622323
283.056454
732.544587
1169.159551
1685.005801
2003.923225
2108.594345
2163.305311
1945.993967
1463.863157
844.265299
498.528774
80.150799
-663.887688
-1328.081880
-1641.022476
-1740.023271
-1907.067957
-1797.646025
-1416.355036
-1097.590864
-997.517304
-767.332792
-355.697905
-107.582908
-72.794703
-122.908108
-154.784526
-312.634091
-463.127561
-472.935689
-457.457237
-396.156434
-344.970265
-191.718259
19.616257
311.561327
643.505171
807.484817
889.934396
924.875854
926.408374
805.186037
648.715740
530.864947
283.362958
-37.393489
-243.977193
-274.167838
-313.247099
-419.910495
-409.182855
-337.154412
-306.810515
-317.844660
-209.188988
-92.257707
-126.892661
-215.165816
-252.099549
-207.043460
-216.545084
-231.870284
-232.483292
-236.467845
-212.254028
-234.015813
-148.347941
-164.592654
-79.691043
-29.424385
353.399125
1476.736326
2297.400816
2853.092588
2935.082411
3827.468839
4790.964198
4674.492674
4312.358185
3938.423291
3844.633064
2662.600345
1178.354671
507.110886
-36.933733
-827.714082
-2114.111417
-2696.009282
-2710.108467
-2808.496254
-2849.874296
-2886.961281
-2529.577604
-2346.288205
-2348.433733
-2352.724790
-2128.057349
-1775.271233
-1751.823676
-1873.199264
-1837.491547
-1460.951369
-1062.955911
-621.283631
-91.491447
405.351555
886.409600
1306.320096
1794.427733
2049.439071
2114.877677
2139.704502
1812.817974
1245.632301
608.563714
283.975966
-56.703242
-712.621826
-1220.805476
-1452.982265
-1470.452994
-1566.388749
-1519.187131
-1195.825400
-1024.796161
-1014.375025
-989.088444
-723.809222
-486.881622
-520.290559
-572.396241
-541.745840
-492.245442
-513.700723
-431.864152
-198.154843
19.616257
93.636975
197.082079
408.723099
624.501923
762.428728
761.049460
736.835643
653.466552
549.561692
436.001956
324.587748
285.201982
192.024763
38.772757
-68.043890
-30.803653
39.232513
-32.029669
-126.432905
-139.152821
-161.834118
-266.045482
-319.836936
-263.286946
-286.121494
-400.907247
-440.293012
-363.667009
-250.567029
-205.970695
-126.432905
-49.193894
-3.065040
22.528045
54.710966
47.048366
-20.535769
-47.048366
189.879235
1184.791255
2046.527282
2577.698734
2700.300338
3435.450209
4537.791885
4609.513824
4296.573228
3925.703375
3851.376152
2889.566565
1335.437977
550.174700
14.865445
-733.004343
-1967.909004
-2722.675131
-2740.912120
-2824.740967
-2836.388119
-2847.575516
-2521.608500
-2261.846350
-2244.835378
-2251.118710
-2091.430120
-1748.452132
-1685.159053
-1812.051714
-1840.403335
-1529.148512
-1126.555493
-694.384837
-144.976397
371.023106
858.824239
1295.285951
1778.642777
2067.522807
2105.989061
2124.839057
1817.415534
1235.824173
543.738116
142.677617
-198.461347
-862.808791
-1309.691640
-1409.458695
-1349.230657
-1478.115594
-1457.733077
-1014.221773
-743.425479
-823.576278
-891.160412
-628.639727
-474.774713
-655.765332
-740.513691
-601.820626
-562.281608
-716.146622
-599.062090
-226.966220
26.972353
116.011768
298.228403
598.755586
737.448651
784.190513
811.469370
776.681164
627.720215
445.656832
280.297918
132.562985
88.119903
71.262183
-21.148777
-99.460552
-6.589836
121.988596
49.500398
-17.317477
33.715441
8.122356
-190.338991
-304.511735
-226.046708
-258.842637
-421.902771
-423.282039
-283.209706
-222.981668
-201.679639
-91.031691
83.828847
107.123152
132.256481
171.488994
167.197938
8.275608
-75.553239
8.735364
786.642545
1727.303355
2343.376417
2575.859710
2979.372240
4136.424883
4534.880097
4352.356958
3956.047272
3777.355433
3170.783995
1673.052145
672.623052
96.242260
-564.886893
-1587.844030
-2544.749553
-2716.545051
-2769.263741
-2729.724723
-2688.193430
-2521.761752
-2214.951237
-2152.424418
-2170.354903
-2170.814659
-1899.252105
-1739.870019
-1816.496022
-1917.029338
-1703.089538
-1276.742458
-824.189286
-242.291421
320.603196
831.851886
1263.562786
1692.515150
2020.321190
2042.849234
2032.887854
1791.209441
1224.177021
506.344626
25.133329
-182.369887
-668.945004
-1173.144103
-1395.512763
-1322.411556
-1322.105052
-1288.542863
-982.805112
-704.652722
-724.422230
-857.598223
-750.934827
-607.184446
-640.286879
-751.854339
-759.823444
-691.626301
-674.155573
-541.745840
-254.245077
68.810151
293.171087
389.260094
553.086488
715.533614
837.828714
799.055957
663.581184
541.439336
373.781642
205.970695
77.545515
88.886163
112.180468
31.416661
-34.941457
28.504873
151.566234
145.742657
80.150799
39.998773
-28.198369
-162.140622
-287.347510
-269.876782
-271.256050
-332.863356
-356.617417
-281.677186
-157.543062
-55.017470
42.757310
151.106477
195.702811
217.158092
181.450375
147.581681
49.193894
-106.510144
-205.510939
37.086985
1090.081516
1970.974044
2496.781675
2647.734900
3429.320129
4473.426043
4520.167904
4185.005768
3757.432673
3513.455480
2484.521514
976.368528
162.906882
-351.100345
-1001.655108
-2018.635417
-2682.369854
-2631.336936
-2537.240204
-2436.860141
-2452.798349
-2219.395545
-1982.467944
-2035.799642
-2237.172777
-2257.402042
-2011.432573
-1939.710635
-2052.197607
-2036.565902
-1640.409468
-1113.529073
-518.911291
146.968673
758.903932
1293.753431
1683.626533
1982.008188
2070.741099
1959.786647
1812.971226
1328.848140
620.057615
-48.121130
-365.965789
-587.414937
-978.667308
-1232.299377
-1205.020520
-1083.185175
-1087.169728
-915.067725
-618.984851
-511.555195
-724.881986
-883.804316
-790.780349
-819.438474
-934.990486
-940.814062
-808.404329
-722.429954
-643.198667
-295.163363
103.445104
362.594245
517.685275
664.500696
746.643771
717.219386
711.242558
632.011271
431.557648
234.015813
132.716237
50.573162
0.766260
92.870715
215.625572
179.917855
129.497945
225.433700
281.983690
156.776802
29.424385
-34.328449
-170.109726
-369.030829
-420.523503
-333.782868
-346.196281
-339.759696
-207.503216
-38.466253
50.726414
160.608102
314.013359
346.196281
287.500762
249.954021
190.338991
63.752834
-134.861765
-245.356461
-334.855632
-50.726414
1070.465259
2065.224027
2681.910098
2799.454386
3588.395711
4601.851223
4611.812604
4171.979348
3594.832295
3261.815687
2192.729696
672.316548
-185.588179
-626.187695
-1094.985580
-1961.319167
-2581.683286
-2458.315421
-2208.514652
-2081.008984
-2195.641484
-2085.913048
-1898.332593
-2057.561427
-2455.250381
-2589.805642
-2359.927634
-2222.460585
-2287.899191
-2204.836604
-1645.620036
-947.403898
-244.743453
443.051548
1102.188424
1659.412716
1940.476895
2013.424849
1929.596002
1737.877743
1459.878605
887.175860
182.216635
-370.869853
-619.904363
-727.334018
-878.133992
-926.868130
-824.649042
-714.154346
-676.607605
-585.575913
-477.226745
-539.753564
-858.211231
-1139.581913
-1213.602632
-1266.934330
-1275.669694
-1186.630279
-928.094146
-670.017768
-424.814559
-8.582112
400.447491
686.415733
805.492541
846.257575
813.308394
664.500696
534.236491
401.980011
232.023536
102.832096
50.879666
66.971126
115.092256
266.351986
417.305211
411.941391
329.645064
314.779619
274.321090
83.675595
-125.206889
-228.498740
-324.894252
-469.564145
-500.827554
-360.142213
-218.843864
-116.624776
1.992276
151.566234
265.738978
303.592223
356.004409
293.324339
236.774349
176.086554
53.331698
-46.588610
-140.532089
-198.921103
-240.758901
-164.439402
836.909202
2017.102897
2749.187728
2916.998674
3201.587649
4264.390307
4490.590267
4039.416363
3301.507956
2859.375920
2232.268713
788.021813
-272.635318
-670.937280
-825.108798
-1341.108301
-2129.283365
-2239.318305
-1896.493569
-1689.603361
-1894.348041
-2164.378075
-2067.216303
-2101.391500
-2565.745077
-2977.686468
-2802.212922
-2385.214215
-2216.483757
-2212.958961
-1691.902142
-779.439700
14.712193
594.617782
1105.866472
1676.883445
1950.438275
1833.506995
1574.204601
1347.698137
1110.004276
636.915335
8.582112
-383.130014
-499.141782
-505.731618
-568.258437
-577.913313
-409.336107
-355.697905
-471.403169
-616.226314
-655.458828
-719.364914
-1065.867699
-1408.385931
-1517.194855
-1400.570079
-1288.389611
-1163.489226
-799.975469
-364.893025
-42.757310
175.167042
472.475933
750.628323
791.086853
653.773056
504.045846
411.481635
288.573527
161.374362
124.900385
174.247530
268.804018
338.686932
400.294239
525.960883
641.359643
589.253961
390.486110
217.311344
101.146324
-97.928032
-363.207253
-464.813333
-425.121063
-407.803587
-422.362527
-287.041006
-26.359345
133.482497
194.630047
229.571504
314.013359
309.875555
218.537360
112.027216
38.466253
19.463005
-22.834549
-77.698767
-104.517868
-50.726414
-38.313001
-35.707717
64.978850
1062.036399
2238.705297
2888.800305
2942.438507
3039.293775
3949.304184
4195.886661
3725.403004
2911.328350
2469.809322
2016.183385
736.529139
-319.377180
-634.769807
-579.599085
-999.203076
-1874.118776
-2120.548001
-1793.201717
-1605.161506
-1960.399655
-2357.475602
-2313.032520
-2341.230889
-2766.198701
-3091.705961
-2796.695850
-2274.413015
-1979.402904
-1872.126500
-1388.463171
-539.600312
316.005635
838.135219
1057.898594
1406.393655
1704.315554
1571.139561
1160.270934
974.222999
896.524233
505.578366
69.423159
-171.795498
-218.997116
-132.869489
-163.213386
-306.197507
-338.533680
-349.874329
-566.725917
-852.540907
-1079.966883
-1160.117682
-1343.407081
-1591.215574
-1602.556222
-1370.532686
-1030.772990
-800.741729
-512.474707
-126.739409
201.679639
375.620666
430.944640
492.245442
523.508851
421.902771
238.766625
155.397534
183.902407
261.447922
317.997912
397.688954
552.473480
688.101505
739.287675
702.353942
629.252735
499.601538
288.267022
44.289830
-168.577206
-281.370682
-370.103593
-440.906020
-426.500332
-320.143440
-155.244282
-26.972353
75.246735
178.232082
224.360936
204.744679
165.512166
130.417457
68.197142
11.800404
-9.654876
24.060565
70.495923
124.593881
180.837367
217.924352
178.078830
149.880461
103.904860
546.649904
1587.844030
2438.852417
2827.959259
2612.180435
3098.295797
3792.067626
3806.933071
3146.263674
2343.376417
2108.441093
1361.490818
194.170291
-632.471027
-733.310847
-658.677120
-1296.205463
-2059.093947
-2142.003282
-1715.962706
-1594.893622
-2082.081748
-2457.242657
-2355.636578
-2295.715044
-2699.534078
-2928.799079
-2493.410131
-1799.944806
-1585.698502
-1587.077770
-996.138036
1.226016
732.238083
896.677485
1042.726646
1389.995691
1506.773719
1219.272956
841.353511
712.775078
670.937280
348.188557
-28.504873
-183.289399
-38.466253
43.063814
-131.030465
-292.251575
-388.187330
-468.644633
-744.957999
-1069.698999
-1265.095306
-1340.495293
-1411.450971
-1506.007459
-1460.031857
-1122.724193
-694.691341
-407.956839
-250.720281
-9.654876
321.675960
427.266592
321.369456
263.899954
320.909700
291.178811
145.282901
125.513393
298.841411
479.832029
571.170225
607.031194
679.059637
771.164092
771.777100
616.226314
377.612942
207.962972
92.257707
-89.805675
-310.795067
-386.041802
-304.971491
-254.704833
-262.827190
-182.523139
10.114632
145.742657
140.838593
111.260956
100.993072
91.797951
38.619505
-11.034144
-48.427634
12.260160
100.226812
161.834118
218.077604
296.849135
411.021879
406.730823
262.520686
186.814195
146.049161
545.577140
1464.169661
2305.063416
2784.742193
2576.932474
2913.473878
3494.758735
3648.470497
3084.962872
2179.703275
1788.450905
1161.343698
224.820692
-652.853544
-927.327886
-782.657992
-1070.618511
-1723.318803
-2071.967115
-1814.197242
-1467.541205
-1730.674899
-2285.293907
-2489.272327
-2391.191043
-2529.117848
-2798.381622
-2639.612544
-1960.706159
-1422.178612
-1256.513194
-930.699430
-189.419479
689.480773
1093.299808
1088.395744
1068.013227
1123.183949
1075.675827
754.919379
425.887323
337.920672
322.288968
157.543062
-113.099980
-133.482497
102.985348
196.469071
-10.727640
-393.091394
-645.497447
-783.271001
-989.394948
-1276.895710
-1464.935921
-1439.802592
-1291.914407
-1226.322549
-1090.388020
-692.545813
-217.004840
24.673573
-6.896340
23.754061
199.380859
277.079626
196.469071
101.606080
122.141848
241.984917
327.652788
439.833256
589.407213
797.523437
941.886826
884.723828
717.985646
614.234038
580.825101
411.021879
111.414208
-123.521116
-194.630047
-228.805244
-279.378406
-273.861334
-165.052410
-48.734138
18.236989
53.638202
85.054863
107.582908
98.234536
33.715441
-86.434131
-133.329245
-95.322747
-12.873168
46.282106
129.191441
288.267022
399.987735
451.173904
462.054797
435.082444
358.609693
173.328018
15.325201
31.110157
707.871014
1719.334251
2567.890605
2686.507658
2547.967845
2998.681993
3450.928662
3467.173374
2593.177186
1730.368395
1190.614831
539.600312
-214.859312
-908.171385
-1018.206325
-884.570576
-1075.829079
-1528.995260
-1824.618378
-1600.257442
-1378.961546
-1633.206623
-2195.641484
-2556.856461
-2593.636942
-2656.776769
-2663.060101
-2406.976000
-1822.932606
-1286.090831
-910.010409
-484.582842
102.678844
734.996619
1082.265663
1098.816880
883.651064
681.205165
551.400716
389.413346
266.351986
179.917855
184.362163
188.193463
154.171518
233.862561
295.163363
304.664987
111.107704
-281.677186
-691.166545
-1015.294537
-1168.699795
-1269.692866
-1357.659517
-1342.334317
-1211.916860
-1004.873401
-710.476298
-366.119041
-55.936982
64.059338
56.090234
42.450806
14.712193
-14.712193
5.210568
109.421932
213.633296
265.432474
396.922694
610.402738
820.511238
927.787642
920.431545
836.755950
664.960452
486.575118
316.618644
159.688590
19.769509
-68.197142
-126.279653
-161.834118
-125.666645
-17.470729
78.771531
85.974375
59.461778
43.983326
13.792681
-35.860969
-82.449579
-114.632500
-144.363389
-141.604853
-66.664622
54.097958
192.331267
329.338560
436.155208
475.234469
458.530001
403.359279
307.117019
171.335742
-1.379268
-109.575184
-213.633296
142.984121
1022.957137
2120.241497
2832.863323
2740.299112
2768.344229
2924.201518
3158.217331
2847.269012
1963.158191
1189.388815
431.864152
-52.412186
-509.103163
-771.010840
-749.095803
-757.524664
-809.170589
-1083.951435
-1236.590433
-1322.871312
-1528.842008
-1859.713088
-2321.001624
-2587.660114
-2845.276736
-2873.475105
-2603.291819
-2079.169960
-1456.507061
-999.969336
-548.182424
-142.830869
267.884506
580.978353
712.008818
648.868992
378.685706
112.640224
-69.269907
-42.450806
117.391036
297.002387
433.856428
511.861699
603.199894
662.048664
616.226314
444.430816
144.823145
-280.604422
-719.824670
-1087.782736
-1246.551813
-1244.712789
-1133.145329
-945.105118
-772.390108
-597.223066
-389.413346
-170.416230
-5.210568
15.325201
-69.423159
-181.603627
-288.267022
-293.784095
-166.738182
38.926009
222.062156
382.517006
549.561692
718.138898
832.311642
875.835212
860.816515
718.598654
501.440562
295.163363
154.784526
90.571935
76.472751
107.736160
141.298349
166.738182
199.993867
238.766625
241.831665
196.928827
135.168269
23.754061
-102.065836
-203.212159
-242.138169
-216.238580
-169.036962
-89.805675
10.727640
109.575184
207.196712
296.849135
358.916197
360.908473
304.511735
209.801996
106.510144
0.000000
-86.127627
-149.267453
-192.024763
-114.019492
390.332858
1271.685142
2258.015050
2765.738945
2784.588941
2646.508884
2477.625174
2381.995923
1971.587052
1454.821289
784.650269
195.549559
-177.619074
-388.187330
-314.166611
-299.914175
-320.296692
-517.378771
-745.877511
-893.459193
-1178.201419
-1505.547703
-2026.604522
-2402.378439
-2619.230027
-2665.205629
-2460.001194
-2202.691076
-1740.789531
-1319.499768
-851.774647
-464.506829
-233.556056
-97.928032
-118.004044
-108.808924
-167.197938
-213.480044
-272.175562
-302.825963
-162.753630
83.828847
440.139760
745.571007
930.852682
997.823808
903.727077
738.521415
491.172678
199.993867
-135.321521
-428.032852
-613.008022
-682.890937
-643.964927
-561.208844
-406.117815
-303.745475
-241.371909
-210.568256
-229.724756
-288.726779
-431.251144
-562.741364
-624.042167
-605.345422
-497.609262
-330.564576
-116.165020
116.778028
350.180833
526.880395
619.904363
623.582411
572.089737
492.245442
382.976762
303.592223
282.596698
285.814990
310.948319
364.126765
468.031625
579.599085
635.536067
636.762083
577.913313
453.625937
305.124743
166.125174
52.412186
-23.141053
-77.392263
-75.399987
-41.991050
19.769509
106.356892
172.408506
210.721508
222.675164
216.391832
193.404031
137.160545
66.511370
3.678048
-31.876417
-42.450806
-28.045117
7.356096
49.193894
92.257707
76.012995
50.266658
140.991845
400.294239
846.257575
1287.316847
1629.835079
1859.713088
1869.827720
1763.164324
1444.706657
1078.587615
659.749884
235.395081
-37.393489
-201.832891
-164.745906
-122.141848
-60.381290
-74.633727
-191.871511
-367.958065
-612.548266
-803.806769
-1063.415667
-1304.021315
-1544.013956
-1716.269210
-1742.015547
-1731.900915
-1602.249718
-1472.751774
-1262.643274
-1020.811609
-815.453922
-646.723464
-584.349897
-553.699496
-623.888915
-700.514917
-757.677916
-737.601903
-630.018995
-482.284062
-239.839389
30.343897
320.296692
569.944209
719.518166
782.964496
722.889710
611.782006
466.345853
325.660512
209.035736
113.559736
73.407711
57.622754
110.494696
143.443877
165.971922
150.953225
85.667871
23.141053
-93.790227
-199.380859
-292.558079
-357.383677
-358.609693
-302.979215
-176.852814
-33.255685
119.843068
233.556056
321.062952
378.379202
374.701154
366.425545
313.860107
258.076377
206.890208
176.699562
197.235331
256.390605
358.303189
419.297487
470.943413
497.149506
508.030398
514.466983
446.576344
358.456441
263.133694
135.781277
32.642677
40.458529
102.372340
163.979646
222.981668
259.608897
310.028807
284.282470
203.825167
168.730458
129.804449
51.492674
-17.164225
-66.051614
-115.552012
-123.061360
-99.613804
-44.902838
-4.291056
-5.057316
26.052841
42.910562
9.808128
-31.876417
-83.062587
-137.467049
-201.066631
-253.478817
-292.404827
-303.592223
-259.762149
-168.577206
-35.401213
110.647948
280.144666
440.446264
554.772260
599.675098
543.584864
408.263343
226.046708
52.871942
-92.564211
-200.147119
-220.682888
-163.519890
-63.906086
47.967878
151.719486
211.028012
187.273951
72.947955
-109.575184
-299.147915
-485.655606
-637.834847
-727.027514
-751.701087
-689.787277
-594.004774
-494.850726
-409.489359
-344.663761
-310.182059
-328.265796
-367.191805
-424.508055
-481.824306
-522.742591
-538.374296
-505.271862
-435.542200
-344.204005
-260.068653
-175.473546
-87.506895
0.000000
75.859743
107.582908
133.789001
158.156070
170.569482
174.860538
170.416230
158.002818
143.597129
131.949977
106.663396
100.839820
104.671120
130.570709
179.458099
210.261752
254.704833
280.297918
277.386130
254.704833
228.192236
221.449148
213.173540
202.905655
193.557283
195.549559
208.269476
218.077604
223.594676
231.410528
214.706060
184.975171
152.792250
142.524365
158.002818
171.335742
177.619074
180.071107
190.032487
185.281675
162.753630
118.770304
92.410959
76.779255
39.539017
6.896340
-3.371544
25.899589
54.864218
59.768282
56.396738
36.320725
5.363820
-18.696745
-25.746337
-21.915037
-9.808128
6.283332
15.171949
7.969104
-2.298780
-10.574388
-19.003249
-30.037393
-41.224790
-51.952430
-65.591858
-61.760558
-56.243486
-65.438606
-93.636975
-119.383312
-141.145097
-175.780050
-218.843864
-247.501989
-258.229629
-260.834913
-244.436949
-205.357687
-140.991845
-80.917059
-15.784957
44.902838
85.361367
113.559736
118.157296
127.965425
131.336969
124.900385
121.375588
121.222336
143.137373
175.320294
208.116224
238.613373
258.995889
271.562554
274.321090
251.026785
202.905655
121.069084
23.907313
-72.641451
-164.132898
-224.207684
-261.754426
-281.217430
-283.516210
-274.321090
-249.034509
-224.667440
-204.744679
-208.729232
-244.436949
-286.734502
-333.476364
-357.077173
-371.023106
-365.506033
-336.541404
-297.155639
-239.532885
-178.691839
-112.180468
-70.189419
-34.941457
-17.777233
-10.727640
-8.275608
-8.888616
13.792681
28.198369
49.500398
67.430882
76.319499
77.698767
76.319499
83.062587
107.123152
166.891434
228.651992
253.172313
230.644268
192.331267
183.902407
200.300371
207.196712
194.017039
154.171518
119.383312
81.223563
75.246735
66.664622
53.331698
55.170722
13.792681
-50.573162
-68.656898
-0.766260
-49.040642
-95.782503
-29.884141
-18.696745
-4.291056
14.712193
53.178446
116.778028
180.684115
184.208911
151.106477
153.098754
109.881688
102.985348
126.739409
131.490221
114.172744
127.045913
179.611351
162.600378
73.254459
-12.260160
-20.995525
-71.875191
-88.579659
-37.393489
-23.447557
-8.275608
-1.839024
-43.983326
-115.705264
-165.205662
-163.826394
-170.722734
-182.063383
-143.750381
-132.562985
-128.884937
-102.525592
-115.398760
-167.044686
-141.145097
-87.047139
-51.492674
11.187396
54.557714
49.500398
54.097958
102.525592
113.712988
131.030465
160.301598
173.941026
201.986143
235.854837
249.647517
267.118246
284.435722
279.378406
261.294670
216.851588
160.148346
120.762580
111.567460
92.870715
66.817874
44.443082
16.857721
-12.413412
-51.186170
-109.728436
-161.374362
-210.874760
-241.831665
-265.432474
-286.274746
-274.167838
-269.110522
-281.983690
-295.776371
-300.986939
-298.688159
-290.106047
-267.118246
-211.028012
-163.673142
-134.095505
-122.754856
-140.378837
-173.174766
-189.419479
-151.412982
-100.993072
-32.795929
37.853245
32.182921
-33.868693
-44.443082
-19.922761
-37.086985
-52.871942
-79.844295
-145.436153
-74.633727
61.454054
62.986574
-46.588610
-146.202413
-104.824372
-85.514619
-88.426407
-36.473977
-12.260160
-26.359345
8.582112
99.000796
138.386561
106.663396
155.704038
245.049957
173.174766
95.169495
179.304847
217.924352
184.975171
135.628025
80.917059
183.595903
264.053206
249.341013
253.325565
250.720281
214.552808
181.143871
188.346715
179.151595
148.960949
120.456076
51.645926
13.179672
90.112179
106.050388
30.956905
25.899589
-1.379268
1.072764
36.780481
-30.343897
-27.125605
39.539017
7.202844
-61.147550
-77.085759
-72.794703
-34.021945
62.680070
94.709739
68.503646
74.786979
55.477226
12.413412
12.873168
12.566664
53.178446
78.158523
18.236989
-14.405689
24.673573
60.841046
30.956905
-5.976828
-20.842273
-18.543493
-23.447557
-33.255685
-24.673573
-31.110157
-62.833322
-68.963403
-36.473977
-33.562189
-55.477226
-56.549990
-51.492674
-61.913810
-51.186170
-22.987801
-26.052841
-12.106908
-15.478453
-44.596334
-68.963403
-67.584134
-44.289830
-46.282106
-52.871942
-52.871942
-50.573162
-53.025194
-56.090234
-62.680070
-95.169495
-105.437380
-114.479248
-127.812173
-135.168269
-160.148346
-156.317046
-185.128423
-201.373135
-199.840615
-180.224359
-191.718259
-219.916628
-237.540609
-228.498740
-165.205662
-163.673142
-195.549559
-207.656468
-204.284923
-217.617848
-142.217861
-8.122356
17.777233
28.658125
24.060565
-81.070311
-41.991050
90.571935
47.814626
-34.021945
23.141053
73.714215
142.064609
246.275973
208.269476
85.054863
108.195916
192.944275
280.144666
267.884506
165.205662
160.608102
194.783299
115.858516
86.587383
86.587383
-7.815852
-26.512597
146.202413
207.349964
141.451601
153.558510
161.527614
49.040642
21.455281
147.581681
96.548764
0.919512
68.810151
193.404031
190.338991
196.775575
141.451601
124.593881
214.093052
290.106047
233.556056
176.393058
176.852814
176.086554
195.549559
168.730458
63.139826
68.810151
178.078830
144.669893
61.760558
38.006497
0.000000
-37.853245
-48.427634
-83.828847
-142.524365
-205.204435
-187.580455
-162.753630
-256.850361
-273.401578
-196.775575
-228.498740
-217.464596
-131.490221
-178.691839
-210.874760
-163.979646
-129.191441
-79.844295
-104.517868
-152.485746
-71.875191
19.156501
33.255685
5.823576
-38.619505
-39.845521
9.195120
25.286581
22.987801
40.458529
44.596334
21.608533
45.056090
61.454054
23.600809
-7.815852
-40.611781
-78.924783
-61.147550
-38.159749
-102.065836
-156.776802
-153.711762
-146.662169
-152.485746
-135.474773
-85.974375
-79.384539
-109.421932
-143.290625
-172.102002
-188.346715
-167.197938
-154.018266
-124.134125
-85.054863
-94.249983
-101.146324
-81.530067
-29.577637
31.569913
47.201618
17.470729
21.915037
53.944706
54.710966
47.661374
32.336173
17.777233
40.918285
91.031691
53.484950
105.284128
206.736956
108.195916
0.306504
63.293078
65.898362
-23.294305
-35.860969
-87.200391
-137.160545
-93.790227
31.723165
153.558510
188.959723
121.375588
23.600809
-84.288603
22.528045
163.979646
87.966651
11.647152
110.188192
237.540609
239.992641
236.927601
243.517437
253.172313
250.107273
241.218657
261.754426
240.145893
192.178015
188.040211
109.575184
74.327223
126.432905
155.857290
78.465027
9.041868
76.932507
109.728436
0.613008
-41.224790
-18.543493
-52.718690
-111.414208
-138.080057
-140.838593
-138.846317
-81.836571
-44.902838
-2.145528
-25.133329
-44.902838
-110.954452
-49.806902
-2.145528
-92.564211
-136.854041
-128.731685
-53.025194
1.379268
-20.842273
-152.332494
-57.316250
-1.992276
-68.963403
-103.598356
-92.410959
-30.343897
-9.654876
-38.619505
-105.743884
-118.617052
-140.991845
-76.319499
-40.152025
-102.985348
-162.906882
-160.454850
-81.376815
-60.841046
-113.406484
-108.349168
-34.175197
-55.630478
-79.997547
-13.792681
-53.944706
-150.646721
-140.991845
-165.665418
-139.459325
-19.463005
7.356096
-7.969104
56.090234
86.893887
33.562189
8.735364
-44.596334
-67.277630
8.275608
105.590632
43.217066
-0.613008
36.933733
67.430882
124.134125
139.765829
37.546741
-6.896340
45.209342
21.302029
65.285354
51.645926
-43.523570
-119.996320
-152.332494
-25.746337
113.712988
98.081284
30.190645
28.504873
53.484950
58.848770
80.610555
70.189419
20.076013
74.480475
121.528840
49.806902
14.865445
53.178446
198.921103
229.878008
152.792250
120.762580
134.402009
107.889412
55.323974
73.714215
3.831300
-35.401213
4.904064
68.503646
93.177219
-31.876417
-6.896340
124.287377
134.248757
33.868693
-125.513393
-242.291421
-122.448352
-0.306504
-66.664622
-86.893887
-92.104455
14.558941
71.262183
50.113406
-32.336173
-125.053637
-21.455281
102.372340
11.034144
-14.712193
-19.463005
-78.311775
-62.526818
6.436584
-4.137804
-31.110157
62.067062
79.078035
11.953656
-66.971126
-99.613804
-65.285354
24.367069
-14.558941
-148.041437
-79.537791
-9.654876
-51.032918
27.738613
79.078035
-26.052841
-71.108931
-80.457303
-100.226812
-58.542266
-92.257707
-119.536564
-6.743088
-28.964629
-93.483723
-22.221541
62.986574
75.246735
61.913810
-33.102433
-134.402009
-81.070311
26.819101
4.904064
-5.670324
17.010973
-18.390241
44.749586
99.154048
52.871942
79.844295
31.569913
-93.177219
4.137804
25.439833
-53.025194
-4.750812
47.661374
-16.704469
-37.853245
19.309753
15.478453
-54.557714
-58.389014
3.984552
4.444308
-91.644699
-86.740635
51.339422
73.867467
71.568687
86.127627
45.975602
10.114632
119.536564
209.648744
142.371113
39.385765
11.800404
32.182921
41.071537
46.128854
-41.378042
-66.664622
70.036167
216.545084
173.941026
23.447557
-87.353643
-73.101207
0.153252
2.911788
-27.738613
-89.039415
-141.758105
-50.266658
15.784957
-1.226016
-17.470729
-47.048366
-74.786979
-2.911788
45.056090
-3.218292
-29.884141
-37.699993
-128.425181
-92.257707
83.369091
84.441855
81.223563
79.384539
55.936982
-71.875191
-145.436153
-79.078035
-7.202844
78.158523
60.994298
-86.740635
-108.502420
34.788205
31.110157
21.761785
19.922761
-92.410959
-107.889412
-14.558941
-20.995525
-35.094709
-57.776006
-111.107704
-66.051614
7.662600
-1.839024
-68.043890
-17.317477
18.543493
29.730889
49.960154
28.658125
-56.090234
-53.331698
51.492674
46.128854
9.348372
-38.466253
-46.435358
3.831300
45.669098
45.362594
41.378042
17.317477
30.037393
64.825598
88.119903
58.235762
26.819101
-4.597560
-19.769509
-18.236989
-41.378042
-70.649175
-1.226016
77.085759
71.415435
16.857721
-55.323974
-3.524796
0.459756
-7.662600
13.179672
-20.535769
-23.294305
24.520321
128.731685
90.265431
13.332924
36.320725
68.503646
45.362594
133.329245
123.827621
78.771531
79.844295
21.148777
-0.919512
49.347146
16.857721
65.745110
126.126401
30.343897
-24.367069
-88.119903
-44.443082
-34.021945
47.661374
51.645926
-78.158523
-117.237784
-99.460552
-119.230060
-28.811377
8.888616
-87.506895
-102.372340
-57.776006
-40.458529
-59.768282
-50.113406
-57.929258
-10.114632
-33.562189
-95.935755
-107.736160
0.919512
67.737386
16.091461
-66.511370
-91.184943
-137.467049
-97.161772
28.658125
-12.719916
-26.512597
1.685772
20.995525
-5.363820
24.367069
91.644699
44.596334
-19.769509
-39.232513
34.175197
55.936982
-19.156501
-16.244713
83.215839
73.101207
1.839024
-56.703242
-97.161772
18.236989
5.363820
-50.266658
-47.661374
-114.632500
-42.604058
38.466253
-9.195120
27.738613
14.865445
-59.002022
50.726414
178.691839
58.542266
-51.952430
-50.266658
-78.771531
-37.086985
57.316250
47.201618
37.240237
81.989823
153.252006
101.606080
47.508122
68.197142
38.772757
2.605284
-40.458529
-92.257707
-75.399987
-42.144302
24.213817
147.121925
129.038189
60.534542
-14.712193
-0.459756
27.278857
14.405689
-59.002022
-109.728436
-72.181695
13.179672
117.391036
134.402009
54.710966
26.206093
139.459325
181.297123
79.691043
-26.972353
-125.666645
-43.063814
48.734138
-7.969104
-10.880892
74.633727
183.136147
151.566234
20.229265
-110.188192
-137.160545
-62.526818
-8.582112
-2.911788
7.509348
-48.580886
-76.932507
3.831300
-15.325201
-72.181695
-49.806902
-84.901611
-108.042664
-11.340648
53.638202
2.298780
-77.852019
-151.259730
-168.270702
-45.975602
-49.193894
-110.034940
-106.050388
-65.745110
7.202844
-2.145528
-47.661374
-83.828847
-90.878439
-19.616257
34.021945
-13.179672
-66.971126
-45.975602
-35.401213
-22.068289
7.815852
96.855268
106.816648
67.277630
89.958927
47.201618
-15.171949
-42.450806
-51.799178
-96.548764
-2.911788
139.306073
148.501193
148.807697
117.237784
6.589836
5.057316
-10.880892
-46.282106
-82.449579
-50.419910
44.443082
28.811377
19.003249
26.972353
6.130080
126.279653
169.036962
-21.455281
-57.009746
-24.060565
-32.489425
12.719916
43.370318
15.171949
-8.275608
-2.298780
-34.788205
59.155274
165.512166
22.068289
-58.542266
-5.057316
-50.726414
-62.526818
40.765033
28.811377
-40.765033
12.260160
17.164225
-52.412186
-26.665849
46.895114
76.626003
80.150799
62.526818
19.769509
-10.880892
9.808128
-5.823576
30.343897
30.343897
-21.608533
24.367069
66.664622
-50.726414
-67.890638
43.523570
65.132102
-3.065040
-12.566664
-34.634953
-99.767056
-71.721939
-24.980077
-10.574388
17.777233
31.876417
5.363820
22.068289
-7.356096
11.187396
81.989823
9.348372
-95.475999
-163.366638
-93.943479
19.922761
48.734138
65.591858
71.415435
75.859743
-14.099185
-110.034940
-87.047139
-64.365842
-16.857721
30.956905
-19.922761
-139.765829
-118.617052
-27.891865
38.772757
99.613804
22.528045
-66.051614
-65.745110
-43.676822
-40.765033
-62.986574
-27.432109
-12.566664
-56.090234
-132.103229
-28.658125
135.781277
83.828847
-48.887390
-77.698767
-6.743088
-24.213817
-50.726414
-12.106908
12.260160
20.382517
36.627229
46.741862
14.252437
10.574388
13.486176
26.972353
82.143075
89.805675
81.530067
62.220314
46.435358
43.830074
52.258934
102.219088
8.888616
8.735364
138.233309
39.079261
-81.376815
-8.582112
42.604058
55.936982
42.910562
9.808128
11.493900
27.125605
71.875191
51.799178
8.888616
-15.018697
-20.842273
-22.834549
-7.356096
-15.784957
-13.179672
21.455281
-17.317477
-43.217066
-29.577637
17.164225
44.136578
48.274382
20.382517
-45.975602
-3.678048
68.350394
47.201618
-51.952430
-75.553239
-14.405689
-29.730889
-46.588610
-6.743088
32.182921
-8.888616
-25.286581
-10.114632
-43.063814
-34.941457
-6.130080
-6.743088
-42.757310
-42.297554
-15.784957
12.873168
7.356096
-8.582112
16.244713
-2.911788
-63.906086
-15.478453
16.704469
-43.370318
-110.188192
-56.856494
-3.371544
-56.396738
-32.949181
15.171949
43.370318
16.551217
-22.068289
-50.113406
-22.681297
25.899589
51.645926
49.806902
-27.738613
-54.404462
-20.842273
-43.063814
-69.576411
30.497149
96.395512
65.745110
24.980077
-38.313001
-78.618279
-7.356096
73.254459
7.509348
-30.956905
-51.799178
-79.537791
-24.213817
37.853245
44.596334
31.110157
18.083737
11.493900
10.267884
-13.792681
20.229265
70.036167
36.933733
-28.658125
-33.562189
33.562189
57.316250
72.947955
76.626003
53.944706
65.898362
68.656898
15.631705
-53.025194
-75.246735
-8.888616
63.599582
50.573162
43.983326
17.930485
-25.133329
19.769509
60.381290
49.193894
37.853245
16.091461
-16.397965
-51.645926
-58.389014
-26.206093
-4.597560
-3.065040
5.057316
-9.654876
-0.766260
60.687794
54.557714
0.613008
13.792681
1.072764
-51.186170
-55.323974
-34.788205
-15.018697
-0.459756
15.478453
1.685772
19.156501
26.359345
-16.551217
-33.715441
6.283332
32.336173
-19.309753
-30.650401
-12.413412
-30.497149
-23.141053
-3.218292
-1.379268
-13.639428
-26.206093
-31.110157
-7.969104
-2.758536
-39.998773
-36.320725
-33.408937
-73.254459
-97.315024
-51.952430
9.961380
9.808128
-15.171949
-34.634953
-23.754061
-4.137804
-19.463005
-50.419910
-9.808128
52.258934
43.676822
32.489425
30.956905
0.766260
3.065040
16.244713
28.658125
19.769509
-13.486176
-8.888616
-3.371544
24.213817
49.653650
33.715441
-2.758536
-40.458529
-32.489425
-5.210568
20.842273
28.351621
3.371544
-3.218292
26.206093
25.899589
-9.348372
1.379268
-13.026420
-51.032918
-6.130080
18.696745
2.145528
7.509348
39.385765
33.868693
2.605284
-7.662600
-10.114632
27.432109
48.887390
51.339422
36.320725
15.478453
18.849997
16.704469
14.099185
-0.306504
-12.873168
-7.202844
9.041868
20.535769
33.255685
41.071537
9.195120
-17.777233
-26.359345
-8.428860
-1.839024
-34.634953
-18.390241
-1.379268
-3.065040
11.647152
13.945933
-8.888616
-12.873168
27.278857
24.826825
-3.984552
-25.133329
-38.926009
-23.294305
32.642677
34.941457
-7.202844
-1.226016
-4.291056
-13.332924
-3.065040
-5.517072
-1.685772
21.915037
35.860969
17.164225
-14.405689
-37.240237
-33.562189
-10.114632
-23.141053
-33.868693
-11.647152
3.831300
2.145528
-10.114632
-11.034144
9.654876
3.371544
-31.569913
-20.382517
-23.600809
-54.864218
-49.960154
-42.144302
-26.206093
11.953656
18.696745
-5.210568
-3.371544
14.099185
-7.815852
-32.795929
-27.891865
-19.156501
-11.493900
-9.808128
5.363820
12.873168
3.678048
15.171949
28.504873
13.332924
-1.839024
-3.065040
-6.130080
-12.260160
-9.501624
-4.291056
-15.171949
-21.148777
-17.010973
-7.509348
15.631705
15.325201
1.839024
32.182921
53.331698
32.182921
15.784957
4.291056
-13.639428
-18.543493
5.517072
25.593085
29.271133
42.757310
49.193894
39.232513
28.811377
21.455281
25.593085
20.995525
0.919512
-13.639428
-8.582112
0.459756
-10.574388
-15.018697
4.904064
13.179672
11.493900
29.271133
31.876417
23.447557
25.746337
-3.678048
-45.515846
-53.791454
-39.385765
-36.780481
-26.512597
2.605284
10.267884
-6.896340
-11.953656
6.589836
0.153252
-16.857721
-9.808128
-13.639428
-18.390241
10.574388
19.156501
-12.566664
-13.792681
-2.605284
1.379268
9.961380
9.348372
19.463005
30.343897
16.397965
-5.823576
-4.137804
-1.532520
-9.961380
-9.808128
-18.236989
-25.133329
-11.493900
4.137804
11.034144
18.543493
8.888616
-14.558941
-22.681297
-35.860969
-53.025194
-39.998773
-5.670324
13.639428
14.865445
9.195120
-13.179672
-34.634953
-25.899589
2.145528
15.938209
15.784957
23.141053
28.658125
21.302029
9.808128
0.306504
-3.678048
2.911788
19.616257
27.432109
11.953656
-0.919512
0.306504
2.298780
6.130080
11.953656
8.582112
-3.218292
-17.164225
-30.650401
-31.416661
-17.777233
-2.145528
8.122356
3.371544
-18.390241
-34.788205
-36.167473
-35.247961
-23.754061
0.459756
19.769509
18.543493
5.976828
4.750812
16.857721
20.995525
13.639428
8.582112
9.348372
13.026420
16.551217
17.317477
17.777233
20.229265
20.689021
18.543493
15.478453
14.252437
11.187396
5.976828
6.436584
6.743088
-0.613008
-6.436584
-4.137804
-4.904064
-12.260160
-22.374793
-33.255685
-36.167473
-25.899589
-13.486176
-9.195120
-11.647152
-16.091461
-14.558941
-10.574388
-9.654876
-4.444308
4.904064
12.873168
19.156501
15.018697
-2.911788
-11.340648
-1.379268
5.363820
9.041868
18.543493
22.987801
17.623981
16.244713
14.712193
5.670324
1.992276
2.605284
0.153252
5.057316
11.034144
5.823576
0.459756
-1.072764
-1.685772
0.153252
1.072764
-2.145528
-3.524796
-4.750812
-9.808128
-15.631705
-18.849997
-20.076013
-16.704469
-3.678048
7.662600
7.662600
1.532520
-0.766260
-1.839024
-3.984552
-0.306504
5.057316
5.823576
2.452032
-1.226016
-0.919512
1.379268
0.153252
-0.613008
2.452032
2.605284
1.532520
1.072764
2.911788
6.130080
5.057316
0.613008
-1.532520
0.613008
1.532520
1.072764
-2.298780
-5.976828
-4.444308
-3.984552
-5.363820
-6.589836
-7.509348
-7.356096
-5.517072
-1.072764
3.524796
6.743088
4.291056
2.911788
2.452032
1.532520
2.605284
4.444308
2.452032
-0.613008
0.306504
0.613008
-0.766260
1.072764
2.452032
2.911788
5.363820
6.283332
2.758536
-0.153252
-0.613008
-2.605284
-6.743088
-10.421136
-10.421136
-7.662600
-6.589836
-6.436584
-4.750812
-3.678048
-3.831300
-2.605284
-1.839024
-1.379268
0.613008
-1.226016
-3.218292
3.984552
9.654876
3.678048
7.202844
22.528045
16.857721
-1.685772
0.000000
10.727640
3.065040
-8.735364
-4.444308
5.057316
5.976828
3.218292
5.057316
8.275608
5.517072
-0.306504
-2.298780
-1.532520
-4.444308
-7.969104
-7.049592
-3.065040
-2.758536
-5.057316
-3.524796
-0.306504
-0.153252
-2.452032
-3.218292
-3.065040
-3.678048
-3.371544
-3.371544
-5.517072
-5.976828
-4.291056
-1.839024
-1.532520
-0.919512
0.153252
-2.145528
-2.452032
0.919512
1.685772
-1.226016
-1.839024
1.226016
2.758536
0.613008
0.613008
2.911788
3.065040
1.685772
2.145528
1.532520
0.306504
1.379268
3.371544
4.137804
4.291056
3.524796
3.524796
3.984552
4.137804
4.291056
4.137804
3.831300
3.984552
5.210568
4.750812
3.218292
3.678048
5.823576
5.210568
3.524796
2.298780
1.226016
0.613008
1.379268
0.459756
0.000000
-0.459756
-2.605284
-3.524796
-1.839024
-1.839024
-5.363820
-6.589836
-5.976828
-6.283332
-7.969104
-7.815852
-7.509348
-7.662600
-7.049592
-5.210568
-3.984552
-2.911788
-2.298780
-2.452032
-2.605284
-2.298780
-2.145528
-1.379268
-1.072764
-1.226016
-0.919512
-0.153252
0.000000
1.072764
2.758536
2.605284
1.685772
1.532520
1.685772
1.379268
1.379268
1.685772
1.379268
0.153252
-1.839024
-2.452032
-1.839024
-0.613008
-1.072764
-1.685772
-0.613008
0.613008
0.306504
-0.306504
-1.072764
-2.452032
-3.218292
-2.911788
-2.452032
-3.371544
-4.137804
-3.218292
-0.613008
2.605284
4.137804
3.371544
3.984552
5.517072
6.436584
6.283332
5.363820
5.517072
5.517072
5.363820
4.444308
3.831300
3.984552
4.291056
4.904064
3.984552
3.524796
2.452032
1.532520
1.992276
1.226016
-0.919512
-2.145528
-1.532520
-1.685772
-2.298780
-1.379268
-0.153252
-0.459756
-1.685772
-0.919512
-0.766260
-1.532520
-1.226016
-0.153252
0.766260
0.153252
0.459756
1.226016
1.685772
0.613008
-0.306504
-0.459756
-0.306504
-0.153252
0.306504
0.919512
0.000000
-0.919512
-0.306504
-0.306504
-1.685772
-3.678048
-4.291056
-3.984552
-3.371544
-3.678048
-3.218292
-3.371544
-3.065040
-2.605284
-2.605284
-2.911788
-3.371544
-3.831300
-2.758536
-1.839024
-1.532520
-1.685772
-2.145528
-1.839024
-2.145528
-1.992276
-1.839024
-1.532520
-0.919512
-1.072764
-0.766260
-0.153252
1.532520
2.758536
3.065040
2.605284
1.379268
1.072764
1.532520
1.839024
1.839024
1.839024
1.379268
-0.153252
-0.153252
0.919512
1.532520
1.072764
0.459756
0.613008
-0.459756
-1.072764
0.153252
0.919512
0.306504
-0.766260
-0.459756
0.306504
-0.306504
-0.766260
-0.306504
0.613008
0.919512
0.919512
1.532520
2.145528
2.145528
2.145528
2.298780
1.685772
0.766260
1.226016
2.298780
2.605284
2.145528
2.452032
2.605284
2.298780
1.685772
1.839024
1.839024
1.532520
1.839024
1.226016
0.306504
0.000000
0.459756
0.459756
0.000000
-0.766260
-1.532520
-1.685772
-1.379268
-0.766260
-0.153252
0.153252
-0.153252
-0.613008
-0.613008
-0.919512
-0.613008
0.000000
-0.766260
-1.532520
-1.685772
-1.226016
-1.379268
-0.919512
0.000000
0.306504
-0.459756
-0.766260
-1.532520
-1.992276
-1.532520
-1.685772
-1.226016
-1.226016
-1.532520
-1.072764
-0.766260
-0.613008
-0.766260
-0.766260
-1.072764
-1.685772
-1.532520
-1.379268
-0.766260
-0.153252
0.000000
-0.306504
-0.613008
-0.613008
-0.459756
-0.153252
-0.459756
-0.613008
-0.306504
-0.459756
-0.459756
-0.306504
-0.306504
-0.306504
-0.613008
-0.613008
-0.459756
-0.153252
-0.766260
-0.766260
0.153252
0.306504
0.459756
1.072764
0.919512
0.613008
1.532520
1.379268
0.919512
0.613008
0.919512
0.919512
0.613008
0.459756
0.766260
0.919512
1.532520
1.839024
1.379268
1.379268
0.766260
1.226016
1.226016
0.613008
0.153252
0.153252
0.153252
0.459756
-0.153252
0.153252
0.000000
0.306504
0.919512
1.072764
0.766260
0.306504
0.613008
0.919512
1.226016
0.919512
0.766260
0.306504
0.459756
0.613008
0.613008
0.153252
-0.153252
0.000000
0.000000
0.919512
0.613008
0.459756
0.919512
0.766260
0.919512
0.613008
-0.153252
-0.459756
-0.306504
0.000000
-0.306504
-0.919512
-1.072764
-1.379268
-1.379268
-0.459756
-0.459756
-0.766260
-1.072764
-1.226016
-0.459756
-0.613008
-1.226016
-1.532520
-1.992276
-1.839024
-1.839024
-2.452032
-2.758536
-2.911788
-2.758536
-1.685772
-1.685772
-1.532520
-1.226016
-0.459756
-0.153252
-0.153252
-0.306504
-0.153252
0.000000
-0.306504
-0.306504
-0.613008
-0.306504
-0.306504
0.153252
0.459756
0.459756
0.306504
-0.306504
-0.153252
0.306504
0.306504
-0.153252
-0.153252
0.613008
0.613008
0.613008
1.226016
1.532520
1.379268
1.532520
2.145528
1.992276
1.532520
1.072764
1.072764
1.226016
1.072764
0.766260
1.072764
1.379268
1.072764
1.226016
0.766260
1.072764
0.459756
0.459756
0.306504
0.613008
0.153252
-0.613008
-0.919512
-1.072764
-0.766260
-0.766260
-0.919512
-0.919512
-0.306504
-0.153252
-0.306504
-0.153252
-0.306504
-0.613008
-0.919512
-1.379268
-0.919512
-1.072764
-1.226016
-1.072764
0.000000
0.459756
0.613008
0.306504
0.459756
0.613008
0.459756
0.459756
0.766260
0.766260
0.459756
0.306504
0.766260
1.379268
0.306504
-0.459756
-0.306504
0.459756
0.919512
0.000000
0.153252
-0.306504
-0.459756
0.000000
0.153252
-0.153252
-0.766260
-1.379268
-1.072764
-0.459756
0.000000
0.153252
0.000000
-0.153252
0.000000
0.459756
0.306504
0.153252
0.153252
0.153252
-0.459756
-0.459756
-0.153252
0.000000
-0.306504
-0.613008
-0.306504
-0.306504
-0.306504
-0.306504
-0.153252
-0.153252
-0.306504
0.000000
0.153252
-0.306504
-0.613008
-0.459756
-0.459756
-0.459756
-0.306504
-0.766260
-0.306504
-0.613008
-0.766260
-0.459756
-0.153252
0.000000
-0.306504
0.153252
0.613008
0.613008
0.613008
0.306504
0.459756
0.306504
0.153252
0.153252
0.000000
0.613008
0.766260
0.153252
0.000000
-0.153252
0.459756
0.919512
0.766260
0.613008
0.306504
0.613008
0.000000
0.153252
0.613008
0.613008
0.613008
0.613008
0.459756
0.459756
0.306504
0.000000
0.306504
0.000000
-0.153252
0.459756
0.306504
0.153252
0.000000
0.459756
0.153252
0.000000
0.000000
-0.306504
-0.306504
-0.306504
-0.153252
-0.306504
-0.306504
0.000000
-0.306504
0.000000
0.000000
-0.306504
-0.613008
-0.919512
-1.226016
-1.072764
-0.766260
-0.459756
-0.613008
-0.153252
-0.306504
-0.459756
-0.459756
-0.613008
-0.459756
-0.306504
0.000000
-0.153252
-0.306504
-0.613008
-0.613008
-0.459756
-0.153252
0.000000
0.459756
0.459756
0.459756
1.379268
0.919512
0.459756
0.459756
0.000000
0.306504
0.153252
0.306504
0.306504
0.000000
0.306504
0.000000
0.000000
-0.153252
0.000000
0.000000
0.000000
0.000000
-0.153252
-0.613008
-0.613008
-0.459756
-0.306504
-0.153252
0.306504
0.306504
0.000000
0.000000
0.766260
0.766260
0.459756
0.613008
0.919512
0.153252
0.153252
0.153252
0.000000
-0.153252
-0.306504
-0.306504
0.306504
-0.153252
-0.153252
0.306504
0.000000
0.000000
0.000000
0.153252
-0.153252
-0.306504
-0.153252
-0.153252
0.459756
0.459756
0.459756
0.459756
0.459756
-0.153252
-0.459756
-0.306504
-0.613008
-0.153252
0.306504
0.000000
-0.153252
-0.306504
-0.306504
-0.306504
0.153252
-0.153252
-0.306504
0.000000
0.000000
-0.153252
-0.153252
0.153252
-0.306504
-0.613008
0.000000
0.153252
0.306504
0.000000
-0.306504
0.153252
-0.153252
-0.306504
-0.306504
0.000000
0.153252
0.000000
0.153252
0.306504
0.306504
0.153252
0.000000
0.000000
0.459756
-0.153252
-0.153252
0.306504
-0.153252
0.306504
0.306504
0.459756
0.153252
-0.153252
0.306504
0.459756
0.000000
0.000000
-0.153252
-0.153252
0.000000
0.000000
-0.306504
-0.459756
-0.613008
-0.613008
0.153252
0.000000
-0.306504
0.000000
0.000000
-0.306504
-0.306504
-0.766260
-0.306504
-0.459756
-0.613008
-0.306504
-0.919512
-0.613008
-0.306504
-0.613008
0.153252
0.459756
0.306504
0.766260
0.153252
-0.306504
0.459756
0.153252
0.306504
0.306504
0.153252
0.613008
0.613008
0.459756
0.919512
0.766260
0.153252
0.306504
0.459756
0.153252
-0.613008
-0.306504
0.153252
0.306504
-0.153252
0.153252
0.306504
0.153252
0.306504
-0.153252
0.306504
0.613008
0.459756
0.153252
0.000000
0.306504
0.306504
0.306504
0.153252
-0.153252
0.459756
0.459756
0.153252
-0.306504
-0.459756
-0.613008
-0.613008
0.000000
-0.306504
-0.306504
-0.306504
-0.153252
-0.306504
-0.613008
-0.153252
-0.153252
0.153252
0.000000
-0.306504
-0.919512
-0.459756
-0.919512
-0.306504
0.000000
-0.459756
0.000000
0.153252
0.613008
0.153252
0.153252
0.000000
0.459756
0.153252
-0.153252
0.306504
0.919512
0.766260
0.459756
0.766260
0.000000
0.459756
0.459756
0.306504
0.306504
-0.153252
-0.153252
-0.306504
-0.613008
-0.153252
-0.306504
-0.459756
-0.153252
-0.919512
-0.766260
-0.613008
-0.766260
-0.459756
-0.459756
-0.153252
0.000000
-0.306504
0.000000
-0.153252
-0.306504
-0.459756
0.000000
-0.306504
0.153252
0.306504
-0.306504
0.153252
0.306504
0.153252
0.153252
0.306504
0.153252
-0.153252
0.459756
0.306504
0.153252
0.459756
0.153252
-0.306504
0.306504
0.459756
0.459756
0.306504
0.306504
0.306504
0.153252
-0.153252
0.000000
-0.613008
-0.153252
0.000000
0.459756
1.072764
0.613008
0.766260
0.459756
0.613008
0.459756
0.766260
0.153252
0.459756
0.153252
0.459756
0.306504
-0.153252
-0.306504
-0.613008
0.000000
-0.459756
0.153252
-0.153252
-0.306504
-0.306504
-0.306504
-0.306504
0.153252
0.459756
0.306504
0.613008
0.153252
0.000000
-0.153252
-0.153252
0.000000
-0.613008
-0.613008
-0.613008
-0.613008
-0.766260
-0.919512
-0.613008
-0.766260
-0.919512
-0.766260
-0.459756
-0.766260
-0.919512
-0.766260
-0.459756
-0.459756
-0.306504
-0.153252
0.153252
0.306504
0.306504
0.613008
0.459756
0.459756
0.766260
1.072764
0.459756
0.766260
0.153252
-0.306504
-0.153252
0.153252
0.153252
0.000000
0.000000
0.153252
-0.153252
0.000000
-0.306504
-0.766260
-0.459756
-0.153252
-0.153252
0.000000
0.306504
0.000000
-0.306504
-0.153252
-0.153252
-0.306504
-0.306504
-0.306504
0.000000
0.306504
0.459756
0.766260
0.153252
0.459756
0.306504
0.459756
0.919512
1.072764
0.919512
0.000000
0.153252
0.000000
0.306504
0.306504
0.000000
0.153252
0.306504
0.766260
0.766260
0.306504
0.000000
0.153252
0.306504
0.000000
0.153252
-0.306504
-0.153252
-0.153252
0.306504
0.000000
0.000000
0.459756
0.153252
0.000000
0.000000
0.000000
-0.153252
-0.613008
-0.153252
0.000000
-0.306504
-0.459756
-0.153252
0.000000
-0.459756
0.000000
0.000000
0.153252
0.153252
0.459756
0.000000
-0.613008
-0.613008
-0.613008
-0.766260
-0.613008
-0.613008
-0.613008
-0.613008
-0.153252
0.000000
-0.153252
0.000000
0.306504
0.000000
-0.459756
0.153252
0.153252
0.153252
-0.153252
-0.459756
0.000000
0.000000
-0.306504
-0.153252
-0.153252
0.153252
0.306504
0.459756
0.459756
0.000000
0.306504
0.459756
0.459756
0.306504
-0.153252
-0.153252
-0.459756
-0.766260
-0.613008
-0.306504
-0.306504
0.000000
-0.153252
0.000000
0.153252
-0.306504
-0.153252
-0.306504
0.000000
-0.153252
0.306504
0.153252
0.000000
0.306504
-0.459756
-0.153252
0.306504
0.153252
0.613008
0.459756
0.153252
0.613008
0.613008
0.459756
0.459756
0.459756
0.306504
0.153252
0.306504
-0.153252
-0.459756
-0.153252
-0.306504
-0.306504
0.613008
0.153252
0.459756
0.459756
0.459756
0.919512
0.459756
0.613008
0.000000
0.000000
-0.153252
0.000000
0.153252
0.306504
0.306504
0.153252
0.766260
0.459756
0.153252
-0.306504
0.153252
0.613008
