19.837032
-18.616292
-4.272592
25.788142
24.872586
-50.965913
-26.093327
65.919984
14.648885
-82.094794
29.450363
123.447377
-236.213275
106.814788
169.988106
-226.294759
15.869626
122.531821
-69.277020
28.382215
-19.989625
-48.982210
78.737758
-46.235544
51.423691
-1.678518
-82.705165
1.525926
96.743680
-14.954070
-20.905180
-20.294810
-45.319989
24.719994
88.351089
-18.463699
-25.940734
-71.565908
-21.668143
133.365893
-32.959992
12.817775
-47.914062
-44.099248
27.771845
83.620720
-59.205911
-1.678518
-14.191108
56.611838
-79.805906
-7.324443
127.109598
-90.334792
-20.599995
49.592580
14.191108
-137.485892
104.525900
118.869600
-151.066629
-85.451831
213.629577
-90.334792
-120.700711
156.254776
90.945163
-203.100690
-48.524432
214.239947
-19.074069
-175.328845
83.620720
108.951084
-151.676999
40.589620
86.214793
-104.983678
-47.303692
184.942176
14.191108
-305.642887
186.925879
192.419211
-319.528810
83.773313
208.899207
-200.201432
-148.930333
322.580661
20.599995
-328.379178
152.745147
158.543664
-215.613280
64.394058
117.038489
-173.497735
31.128881
131.229597
-143.131816
-10.376294
157.170331
-146.488853
41.047397
111.697750
-123.142192
-88.656274
84.078498
221.716982
-207.678467
-140.995521
202.490320
4.577777
-129.551079
27.924438
254.066604
-237.128830
-225.531796
430.463597
-99.490346
-167.088847
81.331832
53.102209
-62.410355
14.496293
-3.204444
-79.958499
271.767340
-142.063668
-346.995469
389.416200
159.459220
-368.053242
30.365918
252.082900
-218.207353
-122.379229
278.176227
42.878508
-153.965888
-50.202950
49.134803
-53.712579
107.730344
27.924438
-51.728876
12.512589
-127.872561
31.739251
172.276994
-70.039983
-19.074069
-13.580737
-163.274034
233.924386
60.579244
-227.973277
47.151099
202.032542
-205.847356
-115.359971
255.439937
-18.005921
-66.835539
74.007389
-139.622188
-113.986638
347.300654
28.382215
-404.522862
150.761444
207.678467
-206.762912
-24.262216
227.668092
-87.282941
-281.228078
194.555507
205.999949
-145.420705
-262.001416
200.201432
254.676974
-199.133284
-150.303666
97.201457
95.980717
-116.122934
-13.275552
115.512564
102.847382
-186.925879
-166.936255
205.999949
107.425159
-220.801427
36.164435
215.308095
-141.911076
-133.060708
30.060733
280.922893
-146.183667
-310.525849
368.053242
98.574790
-341.044360
6.408887
344.859174
-144.199964
-249.031049
219.733279
24.872586
-159.611812
177.465141
43.641471
-263.679935
116.428119
109.256269
-143.437001
89.724422
41.047397
-198.522914
120.548118
238.502163
-298.623630
-231.482905
529.343572
-66.225169
-488.296175
429.090264
158.696257
-478.988029
9.613331
472.121364
-95.522939
-461.745070
199.896247
276.039931
-154.271073
-28.992585
6.561480
-172.276994
251.930308
-2.899259
-272.225118
354.777690
-24.567401
-445.722852
165.410329
500.503579
-236.213275
-462.813218
334.025102
242.316977
-401.165826
-42.115545
500.350987
-29.755548
-575.273931
112.613305
394.299161
-159.916997
-124.210340
199.285876
-80.416276
-105.594048
-61.647392
108.493306
261.238454
-154.881443
-327.311030
230.109572
236.518460
-372.173241
36.774806
357.829541
-160.985145
-489.059138
477.462104
338.602879
-499.740617
-203.253283
405.438418
73.702204
-408.948047
224.768833
269.478452
-386.822126
-123.142192
327.616215
131.839967
-303.659184
-65.004428
305.795480
-112.002935
-248.725864
179.754029
286.568818
-267.189563
-184.331806
178.838474
122.531821
-83.162942
-36.164435
-43.946656
-41.047397
222.022167
-113.528861
-211.645873
333.567325
48.677025
-428.022116
176.396993
285.348077
-417.951007
108.798491
472.273957
-480.361362
-217.902168
436.414706
88.351089
-322.733253
52.644431
12.970367
165.715514
-181.737733
23.804439
251.930308
-350.505098
105.899233
81.484424
-143.589594
192.266619
-75.380722
-45.930359
76.296277
-117.496267
141.148113
-73.854796
-111.392565
47.608877
181.432548
17.548144
-232.703646
2.746666
190.435508
-82.094794
-161.290330
122.226636
146.641445
-48.677025
-109.714047
40.437027
-136.875522
187.994027
96.133309
-262.916972
17.548144
106.662196
94.912569
-8.850368
-150.914037
-87.435534
189.977731
75.838500
-273.751043
76.906648
304.727332
-254.676974
29.145178
134.434041
-321.207328
-107.882936
529.648757
48.219247
-413.678416
-183.416251
500.198394
37.079991
-562.150971
201.116987
431.379152
-302.133258
-365.153983
560.930231
11.597034
-443.586556
164.036996
330.973251
-470.900624
39.521472
336.161398
-199.133284
245.063643
-195.776248
-315.713996
387.890274
23.499253
-346.995469
422.986562
37.232583
-494.399877
55.848875
632.648732
-315.866588
-670.644278
814.996835
150.303666
-888.241261
315.103625
796.990913
-812.250169
-229.194017
961.027909
-475.325808
-594.195408
667.897612
156.712554
-435.651744
77.974795
87.282941
-18.005921
83.773313
-20.905180
-259.865121
97.201457
248.573272
-210.119948
95.828124
118.717008
-373.546574
28.534808
480.819140
-180.059215
-392.773236
347.911025
73.549611
-376.140647
148.319963
441.602853
-352.946579
-287.942151
343.791026
-38.453324
-169.225143
291.756965
42.878508
-343.333248
50.355543
221.106612
-151.676999
-66.682946
150.914037
112.460713
-194.860692
-162.053293
267.189563
124.057747
-323.191031
72.328871
50.965913
20.294810
-42.878508
180.669585
-99.337753
-278.481412
274.056228
-15.259255
-126.499228
140.385150
81.331832
-174.413290
-211.645873
491.958396
1.068148
-662.099095
380.718424
491.042841
-627.613177
-263.679935
883.816077
-87.435534
-815.454612
285.958447
502.945060
-373.393981
-127.872561
415.204341
-251.472530
-382.244349
683.614645
88.351089
-594.348001
-231.482905
519.425056
355.082875
-409.253232
-388.500644
584.124299
149.693296
-709.402787
133.365893
480.971732
-196.844396
-135.349596
250.404382
-368.358427
-66.530354
572.527265
-101.474049
-473.036920
-27.771845
365.611761
72.786649
-227.057721
128.330338
-81.179239
24.872586
-79.042943
-28.687400
249.794012
-175.939216
127.262191
57.069615
-439.771743
28.687400
667.592427
-277.413264
-634.022065
369.579167
537.888755
-407.116936
-181.585140
299.081407
-143.131816
-155.186628
270.851785
171.056254
-514.084317
332.956954
453.047295
-797.448691
-406.964343
1038.544927
90.334792
-881.984966
179.601437
602.587998
-460.524330
-86.825164
618.457624
-486.007287
-374.767314
692.617606
88.808867
-802.484245
397.351012
552.690233
-452.284332
-648.060580
409.863602
580.309485
-400.402864
-292.672520
340.433990
70.192575
-236.365867
110.477010
337.382138
-361.949540
-606.555405
1044.343444
462.355441
-1481.063336
193.334767
1013.977526
-455.030998
-677.205758
603.961331
574.358376
-1178.624892
316.324366
1133.457496
-1169.316747
-467.848773
1459.547786
-292.062150
-1154.210084
835.444237
239.722903
-466.933217
156.559961
264.137712
-612.811700
-108.798491
1154.667861
-448.469518
-1006.042713
568.102081
779.290177
-711.691675
-113.834046
542.466532
-647.755395
228.125869
487.990990
-469.832476
-340.891767
482.039880
208.899207
-503.860616
67.598502
172.124402
-95.217754
210.577725
4.882962
-788.903508
502.182097
842.005717
-909.146441
-228.736239
898.312369
-430.158412
-333.109547
479.445807
-220.038464
-208.288837
480.056177
36.011843
-633.411695
458.235442
165.715514
-556.352454
266.884378
76.448870
301.370296
-271.767340
-460.524330
647.297617
-127.719968
-399.639901
445.875445
45.930359
-808.893132
427.106561
950.651616
-962.401242
-500.656172
841.242754
-24.109624
-368.511020
204.931801
56.764430
-170.903661
159.459220
-68.208872
-162.358478
370.494723
-146.946630
-28.992585
-110.629602
-171.819217
558.641343
143.589594
-728.782041
153.965888
386.059163
-258.644380
-134.281448
456.862109
-55.848875
-618.152439
222.785130
530.106535
-208.288837
-485.396916
181.890325
571.764302
-457.930257
-536.057645
987.579014
33.570362
-999.328641
401.013234
628.070955
-805.688689
155.796998
738.090187
-708.182046
-561.845786
1143.833790
-87.282941
-815.149427
460.219145
171.056254
-411.084342
96.896272
603.961331
-563.219119
-209.204392
361.949540
315.103625
-418.866563
-297.402889
568.559859
11.902219
-291.451779
-27.466660
301.522888
-302.438443
-131.077004
615.710958
-149.235518
-999.786418
772.270919
823.999795
-1369.365586
-54.475542
1472.060375
-1005.737528
-245.063643
923.184956
-1004.516788
-153.508110
1465.651488
-497.756913
-1173.741931
996.429382
-116.580712
-498.977654
715.964267
-29.145178
-724.509450
142.216261
711.233897
-187.688842
-512.558391
400.860641
50.508136
-451.521369
152.287370
327.768807
8.087405
-177.465141
-209.509578
218.665131
-102.237012
-202.948098
690.023532
-430.768782
-494.705062
687.734644
33.722955
-207.983652
5.340739
-30.060733
-170.903661
90.639977
584.276892
-409.558417
-491.348026
538.956903
251.472530
-547.349494
-60.121467
212.561429
345.164359
-401.318419
-209.051800
365.306576
173.802920
-241.859199
-229.499202
322.733253
-42.878508
-122.989599
503.555430
-335.703620
-675.985017
685.903533
401.318419
-440.382113
-279.244375
-142.368854
607.013183
-23.041476
-428.632486
294.961408
-19.379254
-302.743629
239.417718
361.186577
-486.617657
-31.281474
529.038387
-341.349545
-448.774703
725.425005
-255.134751
-520.645797
610.675404
294.503631
-819.879796
-41.199990
1039.307890
-682.546497
-630.207251
1146.885641
-401.928789
-510.269503
1110.721206
-546.891716
-889.919779
928.983473
480.208770
-937.528656
-113.986638
916.165698
-801.416097
-218.207353
1083.407138
-302.896221
-601.519851
98.727383
307.779183
74.159982
-237.586608
-85.604423
706.503528
-124.973302
-992.156791
162.053293
1017.334562
-528.275424
-533.310979
677.816128
35.706658
-509.659133
-112.613305
572.069488
155.796998
-702.993899
238.654756
619.678365
-870.082747
-39.674064
1238.593766
-506.302096
-1257.362651
916.013106
738.547965
-980.101979
-91.860718
649.586505
12.665182
-374.156944
-35.248880
238.807348
-99.337753
-418.561378
946.684209
-57.679986
-1255.378947
407.116936
1078.066399
-788.293138
-320.444365
426.343598
-147.099223
-162.205886
266.731786
766.624995
-1114.383427
-593.585038
1303.598195
495.773210
-1163.670822
-170.140698
609.912441
16.022218
-274.208821
465.102107
-48.677025
-749.992406
210.577725
629.444288
-288.094743
-368.358427
600.604295
-488.906545
-138.248855
637.531693
-86.672571
-731.223522
389.111014
504.013208
-847.346456
104.068122
1009.857527
-419.782118
-893.734593
605.639850
144.657742
-294.808816
313.730292
-161.290330
143.589594
-205.236986
-291.146594
342.722878
643.482803
-635.242805
-1028.016041
1269.417462
531.937646
-1059.297515
149.998481
603.656146
-611.285774
-321.207328
579.088745
483.870991
-721.152413
-165.562922
693.685754
-333.872510
-240.180681
301.217703
-393.383606
41.657767
713.522786
-349.742135
-546.281346
357.066578
650.349468
-686.971681
-475.478400
873.287190
83.315535
-985.290126
818.201278
670.949463
-1349.833739
-199.743654
1044.801222
8.850368
-810.571651
478.072474
193.029582
-883.053114
605.029479
789.361285
-840.174606
-586.870965
757.164256
39.521472
-244.605865
395.214717
-88.808867
-477.614696
-286.568818
726.798338
395.977679
-757.774627
-144.505149
752.891665
-251.014752
-686.361311
740.226483
276.650302
-877.559782
300.454740
649.281320
-653.248727
-144.047372
738.700557
-389.721385
-757.469441
695.974642
254.219196
-503.097653
220.801427
100.558494
-271.004377
-111.239972
626.850215
-389.873977
-375.835462
506.912467
83.468127
-313.882885
278.634005
-3.357036
-202.032542
-194.708100
60.274059
624.561326
-339.671027
-363.475465
446.028037
101.779234
-530.411720
195.013285
211.188096
111.697750
-324.259179
-41.962953
372.631019
42.268138
-216.376243
-243.232532
62.410355
18.616292
-76.601462
327.768807
195.165877
-674.459092
-240.943644
492.721359
-75.685907
-384.228053
327.921400
229.651795
-390.789533
-18.311107
545.518383
-224.463648
-400.402864
390.789533
35.401473
-52.034061
187.078472
-9.460738
61.952577
17.700736
-104.068122
-192.876989
119.022193
35.859250
165.105144
88.198497
-485.396916
-61.342207
299.844370
-5.035554
21.973328
162.358478
-271.919932
-305.337702
262.611787
600.451703
-293.130298
-507.828022
407.574714
-75.991092
-207.831059
660.878354
-75.685907
-737.327224
93.997014
279.244375
-128.025153
323.648808
218.512538
-778.069436
-181.127362
722.220561
-56.764430
-394.756939
207.525874
-88.351089
-306.863627
249.183642
306.558442
49.592580
-445.417667
-209.204392
557.115417
-234.992534
-178.991067
715.811674
-106.662196
-849.482752
327.616215
652.027986
-326.853252
-51.271098
161.748108
-164.036996
54.475542
-67.293317
93.539236
188.451805
-267.799933
-284.432522
283.059189
175.176253
-262.764379
58.290356
44.862211
-152.134777
-22.888883
16.937774
55.391097
-3.967406
-117.038489
133.976263
14.343700
-23.651846
-27.466660
-83.468127
225.226611
196.691803
-172.887364
-212.408836
143.131816
123.447377
-239.722903
36.317028
318.002884
-366.527316
-343.333248
549.638382
160.985145
-486.312472
-83.620720
266.426600
-64.241466
-247.352531
422.528784
239.112533
-662.862058
-53.407394
554.979121
-137.028114
-198.675506
248.268086
-95.675532
-95.675532
267.494748
-5.951110
-205.847356
-30.365918
73.244426
29.602956
97.354050
31.739251
-3.967406
-137.180707
-41.505175
309.915479
-38.300731
-300.759925
99.185161
166.936255
-196.996988
9.613331
347.148062
-121.311081
-341.349545
-1.068148
145.420705
-116.580712
84.994053
150.456259
-171.819217
-71.871093
-47.151099
184.179214
48.677025
-388.805829
-11.597034
194.860692
97.048865
60.731837
-31.586659
-90.334792
-272.988080
71.413316
183.111066
-18.311107
-113.834046
61.799985
127.872561
-95.675532
-59.968874
99.185161
-92.928866
-62.715540
113.528861
118.411822
-75.533315
6.103702
65.462206
-85.299238
92.776273
8.239998
29.755548
99.642938
19.989625
-123.752562
-19.531847
139.317002
81.637017
-132.755523
-127.567376
257.118455
222.785130
-233.924386
60.426652
-18.463699
-261.391046
88.198497
251.167345
168.156995
-195.928840
-262.001416
116.580712
239.722903
-142.521446
-36.927398
99.032568
-181.127362
-54.170357
338.297694
209.967355
-273.903636
-157.628109
79.500721
58.442948
153.050332
110.019232
-22.431106
19.379254
119.479970
-0.305185
-25.177772
89.571830
41.962953
14.343700
176.702178
127.872561
-155.186628
-111.850343
92.318496
76.143685
-102.237012
28.687400
53.102209
-143.589594
-66.530354
-28.839993
-198.065136
-130.161449
21.515550
4.119999
-202.642913
-47.456285
-104.220715
-237.739200
-24.109624
-133.518485
-233.314016
-109.714047
58.442948
-128.635524
-220.343649
-45.777766
-102.237012
-256.202899
-13.428145
54.475542
-244.453273
-124.362932
241.706607
-103.152567
-286.721410
-116.275527
-230.262165
-157.780702
110.477010
-74.770352
-153.050332
-17.548144
-26.093327
-247.657716
-296.639926
61.647392
-126.041450
-101.626641
198.370321
52.949616
-356.608800
-96.133309
76.906648
-177.312549
-58.900726
2.288888
-140.995521
-144.810334
-44.862211
-168.004403
-242.469569
-66.225169
-41.657767
-66.072576
258.034010
358.592504
872.982005
1527.909250
1338.084112
533.005794
459.150997
1252.479689
1491.439630
1270.180425
1352.427812
1609.851452
1515.091476
1135.593792
1002.380492
963.927168
577.715412
168.767365
340.891767
667.134649
548.265049
110.171824
-478.072474
-813.928687
-945.310876
-989.715310
-1057.466404
-1005.127158
-935.850138
-1018.555303
-1213.110810
-1327.707818
-1351.054479
-1530.503324
-1577.196645
-1237.983396
-789.361285
-692.007236
-791.955359
-716.116859
-699.636863
-817.590908
-676.442795
-236.671052
55.085912
107.272566
131.839967
180.669585
128.330338
-67.445909
-129.245894
-32.807399
94.149606
189.825138
228.431054
217.444390
-6.561480
-404.522862
-604.724294
-502.639875
-336.466583
-238.349570
-213.782169
-376.293240
-620.441327
-715.964267
-656.300578
-587.939113
-561.082824
-497.451728
-392.315458
-325.937697
-261.543639
-270.088822
-363.170280
-300.759925
-161.748108
-87.893312
108.340714
218.970316
22.736291
-64.546651
248.725864
294.503631
162.053293
312.967330
495.620618
1159.245638
2727.591915
3943.449391
3047.273317
1177.556745
944.395321
2550.431959
3470.870249
2978.606668
2696.157849
3175.451063
3398.693971
2618.335646
1827.906213
1636.555149
1104.464911
278.481412
449.232481
1394.085580
1617.175895
306.100665
-1373.638177
-2007.965427
-1819.361030
-1766.716598
-2065.492820
-2312.997944
-2165.898721
-1925.870633
-2146.366874
-2725.455619
-3168.431806
-3219.550311
-3048.951835
-2754.143020
-2011.932834
-1221.503400
-1110.873798
-1559.495909
-1930.448409
-1649.830701
-1009.247157
-676.290202
-511.032466
54.475542
773.644252
1004.669380
971.404203
798.974616
578.020597
408.795454
753.807220
1678.212916
2163.457240
1739.707716
1099.734542
756.706479
560.167268
259.102158
78.737758
174.108105
97.964420
-189.062175
-262.306602
-432.142115
-983.459015
-1594.439604
-1647.846998
-1051.210109
-638.142064
-645.924284
-748.466481
-847.346456
-1009.247157
-1089.663433
-890.377557
-523.697648
-310.983626
-175.786623
-14.191108
-8.545183
-102.542197
-160.679960
-115.512564
154.881443
406.964343
582.140596
574.816154
481.429510
403.607307
248.268086
67.598502
-10.528886
18.921477
-53.712579
-54.780727
-113.223676
-141.911076
-336.619176
-378.582128
-375.988055
1505.325552
4033.936776
3630.024283
1024.201227
-593.127260
1585.436643
3755.607956
3043.611096
2122.104658
3101.443674
4100.772315
3206.732537
1938.993592
1991.332839
1969.054326
726.798338
407.727306
1727.195127
2664.571190
1794.030665
-628.681325
-1862.849908
-1608.783304
-1219.672290
-1469.924079
-2178.716496
-1975.310620
-1476.638152
-1738.486976
-2736.594876
-3370.006570
-3389.843602
-3225.959199
-3114.108856
-2666.249708
-1528.367028
-1067.842698
-1675.771436
-2567.217140
-2565.996400
-1461.531489
-960.264947
-954.924207
-441.755446
552.079863
1065.706402
562.303564
107.577751
309.610293
549.943567
645.771691
1259.804132
2105.166884
2449.720873
1860.255834
981.627904
825.067943
596.331704
113.986638
34.791102
537.430978
710.470935
-161.748108
-919.064957
-1008.941972
-1348.612998
-2039.399493
-1777.092892
-809.045725
-536.210237
-1044.953815
-1228.217473
-875.118301
-1241.035247
-1635.944779
-1062.807143
-254.829566
-76.601462
-332.499177
-197.607358
-128.482931
-494.247285
-499.282839
3.509629
298.928815
418.713970
583.666522
587.786521
365.001391
97.964420
94.149606
-46.540729
-170.445884
-115.665156
124.973302
241.859199
181.890325
26.245919
537.736163
3490.859874
4770.348445
2696.920812
-276.039931
164.189589
3762.474621
4436.628528
2800.225971
2694.021553
4112.674534
3906.064215
2108.676513
1547.593690
2323.374238
1817.682511
427.869523
1025.574560
2315.897203
2305.368316
147.709593
-2125.614287
-2124.393546
-1504.409997
-1210.364144
-1886.501754
-2248.451293
-1792.046962
-1850.032133
-2736.900061
-3608.203548
-3532.059863
-3147.374033
-2850.886699
-2738.273394
-1983.703211
-1037.324187
-1322.977449
-2279.122397
-2856.990401
-1832.789174
-612.201329
-452.436925
-272.835488
378.429536
976.287165
572.222080
-76.906648
187.688842
967.436797
908.841256
883.968669
1579.790719
2305.826094
2090.060222
917.539031
679.799831
912.808662
606.097627
179.143659
346.842877
733.665003
-108.340714
-1242.866358
-1236.457471
-896.633851
-1621.601079
-2120.426140
-1299.935973
-567.033933
-1013.824933
-1672.566992
-1151.463418
-869.014599
-1390.423358
-1216.315253
-258.796973
144.199964
-430.616189
-654.011689
-313.882885
-371.868056
-594.500593
-325.937697
106.509603
311.136219
401.623604
310.831034
108.340714
-189.367360
-270.088822
-280.312523
-355.540652
-237.128830
-30.213326
52.034061
-74.617759
-134.128856
820.184981
3608.050956
4734.946972
2681.203778
-25.025179
535.294682
3817.560533
4587.389972
3252.815488
3257.088080
4418.775199
3988.464194
2235.175741
1810.510661
2578.508989
2069.612819
861.384971
1378.521139
2482.070495
2157.658723
-33.570362
-2037.873568
-2004.455798
-1465.498895
-1340.220408
-1877.956571
-2090.365407
-1763.664747
-2170.476498
-3194.372540
-3832.514604
-3559.221338
-3085.116271
-2833.185963
-2625.507496
-1921.292856
-1278.725608
-1610.309230
-2421.949028
-2720.572658
-1659.291440
-498.062099
-202.795505
61.037022
580.614671
866.725711
331.278436
-204.321431
268.257711
1094.088617
1246.681172
1301.309306
1675.466250
1947.080998
1505.020367
719.016118
826.593869
1106.753799
951.567171
641.651692
577.868005
436.567299
-562.761342
-1453.749269
-1372.112252
-1068.605660
-1334.727076
-1577.654423
-1304.208565
-1117.130093
-1558.427761
-1921.598041
-1456.801120
-1047.853073
-991.088643
-760.673885
-244.300680
-31.891844
-498.519876
-812.097576
-611.896144
-348.521395
-219.275501
62.410355
373.699166
355.388060
45.014804
-148.930333
-95.828124
-115.207379
-67.445909
-40.437027
-163.121441
-340.739175
-547.196901
-450.300629
-382.549535
-365.153983
337.687324
3155.156253
5000.000239
3258.461413
80.721461
-403.607307
2726.218582
4302.347079
3536.485047
3483.993209
4589.831452
4308.450782
2245.857220
1376.537436
2215.796487
2324.747571
1308.175971
1512.649995
2593.768245
2510.147525
548.722827
-1753.593638
-2140.568357
-1711.172908
-1343.730037
-1468.550746
-1602.984787
-1358.836700
-1911.679525
-3134.708851
-4096.499723
-3884.853850
-3073.366644
-2549.211219
-2379.223113
-1899.624713
-1301.614491
-1665.089957
-2601.550465
-3012.177030
-2023.224683
-606.402812
-40.131842
251.167345
599.383555
794.244247
186.925879
-489.822101
-79.042943
936.155323
1486.251483
1560.411464
1735.282532
1935.026186
1524.094436
553.453196
424.054709
1462.752229
1796.472146
998.565678
439.313965
580.004300
-23.499253
-1534.623323
-1515.549253
-474.715438
-777.001288
-1839.045469
-1364.330031
-600.146518
-1551.866281
-2596.972688
-1671.498844
-565.813193
-1066.774550
-1044.801222
-0.305185
32.044436
-1016.876784
-1198.919702
-374.156944
-313.730292
-480.513955
85.909608
491.195434
135.502189
-178.228104
-108.798491
-221.869575
-266.121415
-8.392591
200.048839
-174.108105
-418.561378
-499.282839
-675.832425
-732.596855
-464.949514
-152.134777
1137.577495
4135.716010
4796.441772
2091.280962
-922.116808
99.185161
3465.529510
4234.595985
3747.215365
4236.121911
4805.749917
3315.531028
1283.761163
1321.146338
2479.629014
2422.254213
1807.153625
2237.617222
2553.331218
1651.814405
-608.539108
-2094.790591
-1847.438060
-1382.793731
-1068.605660
-1312.906341
-1294.137456
-1517.838141
-2692.648220
-3915.677546
-4288.766342
-3485.519134
-2475.509015
-2008.880982
-1988.433580
-1790.215852
-1794.641036
-2428.815693
-3055.513315
-2693.716368
-1062.959736
105.746640
325.479919
344.401396
419.019155
209.814763
-460.982108
-423.749524
612.811700
1626.484040
1796.472146
1578.875163
1607.715156
1539.811469
753.807220
146.336260
764.336106
1663.258846
1761.375859
1318.247080
1213.873773
595.721334
-1181.218966
-2016.815795
-1065.858994
-172.734772
-663.472428
-1067.079735
-751.213147
-1346.018925
-2597.735651
-2481.917902
-1246.528579
-772.576104
-819.574611
-355.082875
32.502214
-671.407241
-1361.430773
-969.725685
-445.722852
-235.755497
32.044436
406.506566
336.161398
-67.445909
-275.582154
-389.721385
-378.124351
6.866665
344.401396
251.625123
-58.442948
-362.407317
-799.127209
-1179.082670
-954.771615
-445.722852
-54.475542
876.033856
3704.947228
4882.656565
2455.824575
-845.667938
-852.076825
2639.698604
4558.397386
4520.249248
4583.727750
4819.941025
3437.147294
1080.202695
649.891690
2280.190545
3298.440662
2832.423000
2607.196389
2427.747545
1443.983345
-500.198394
-1977.599509
-1682.180323
-1084.322694
-635.853175
-861.995341
-1287.118199
-1708.273650
-2832.270408
-4064.760472
-4543.138131
-3684.652418
-2331.156458
-1701.559577
-1944.639517
-2214.117969
-2432.020137
-2949.766675
-3345.591762
-2859.737067
-1129.184905
275.429561
467.543588
83.468127
-232.245868
-294.503631
-588.396891
-378.124351
784.630916
1958.830625
2181.005384
1620.227746
1196.630814
876.949412
716.574637
812.860539
1281.319682
1912.595080
2050.386157
2103.640959
1339.610038
48.219247
-1324.655967
-1703.848466
-904.110887
-27.619252
209.967355
-475.630993
-1473.128523
-2376.629039
-2622.455645
-2323.526830
-1417.432241
-426.648783
-118.717008
-409.253232
-927.762733
-1092.562692
-1174.199708
-1029.236781
-346.690284
253.456233
399.334716
76.601462
-34.791102
-90.334792
-289.925854
-347.453247
37.079991
446.485815
464.186551
280.617708
-4.119999
-424.359895
-886.410150
-1064.485662
-789.208693
-560.014676
-198.065136
189.367360
2015.137277
4367.504100
3501.236167
531.632461
-1578.417386
661.793910
3962.523460
4767.601779
4555.650720
4565.111459
3899.807920
1552.476651
180.822177
1465.956673
3549.760600
3777.428691
3066.957757
2425.916434
1301.614491
-69.887390
-1436.506310
-1294.747827
-541.550977
-204.474023
-339.518434
-1315.042636
-1930.601002
-2642.292677
-3448.286551
-3983.123455
-3664.357608
-2544.786035
-1753.746231
-1957.304699
-2574.083805
-2791.985973
-3053.682204
-3229.621420
-3038.270356
-1750.389195
-78.432573
270.088822
-252.388085
-875.118301
-818.964241
-604.571702
-373.851759
634.479842
1788.079556
2221.595004
1575.670720
861.384971
634.632435
773.033882
864.436822
1548.509245
3158.513289
2929.319272
1673.177362
669.728723
476.088771
-198.828099
-1372.875215
-376.293240
935.087175
230.414758
-1382.030768
-1525.162584
-1598.559603
-2691.427480
-2769.097090
-895.260518
26.856290
-1064.485662
-1151.768603
-702.993899
-1258.278206
-1886.654346
-1015.350859
274.361413
-98.879975
-324.411771
85.604423
-245.979198
-936.307916
-542.008754
395.825087
400.860641
260.322898
517.136168
387.279904
-388.042867
-530.411720
-126.651820
-311.288812
-526.291721
-406.048788
-328.073993
-616.779106
-505.691726
1461.531489
4087.038985
3939.329392
1425.977424
-1034.882706
73.091834
3101.901452
4319.895223
4386.120392
4502.243326
4243.446353
2078.310595
130.314042
1009.399749
3272.347335
3960.692349
3324.839174
2469.252720
1277.047090
-123.752562
-1129.337497
-821.100537
-137.943669
51.271098
-244.605865
-1342.204111
-2118.137252
-2517.166782
-2862.636326
-3281.502889
-3337.504356
-2600.177132
-2032.227643
-2309.488315
-2752.311909
-2764.214128
-2800.683749
-3010.956289
-3047.578502
-2095.248368
-660.878354
-176.091808
-573.900598
-1093.325654
-927.152362
-661.793910
-580.462078
243.995495
1424.298905
1915.189154
1307.413009
607.623553
571.306525
842.768680
1140.324161
2080.752076
2969.451114
2647.633416
1433.759644
793.023507
785.699064
138.706632
-509.964318
-35.248880
650.044283
-44.251841
-1197.851554
-1410.107798
-1433.759644
-2113.406882
-2096.469109
-993.835309
-473.342105
-1023.743449
-1201.055998
-861.537564
-1158.024898
-1528.214435
-883.510892
-110.629602
-198.065136
-426.801375
-259.102158
-415.967304
-814.233872
-423.749524
405.285825
610.522811
375.835462
391.247310
294.503631
-161.442923
-322.733253
94.454791
318.460662
118.869600
-98.574790
-340.433990
-741.142038
-1007.873824
-697.805753
733.817595
3824.122013
4720.450679
2496.566787
-909.909404
-1251.258948
1627.857373
3269.448077
4172.338223
4718.466976
4768.517334
2474.288274
-218.665131
-178.533289
1951.506182
3652.607982
3808.710165
3193.151799
1641.743296
-103.762937
-1267.281167
-1144.444160
-179.906622
414.441379
533.921349
-582.903559
-1816.614364
-2571.489732
-2753.227464
-2802.209674
-2828.303001
-2258.217217
-1853.846947
-2079.073558
-2747.886725
-2788.628937
-2627.338607
-2761.772647
-2883.388913
-2320.474979
-1101.565652
-644.703544
-820.337574
-1064.027884
-1012.146415
-953.550874
-1002.990862
-308.389553
849.482752
1559.953687
1387.524100
915.250143
751.823517
835.291644
997.497530
1498.611480
2410.962364
3194.677725
2274.544620
682.088719
-50.813321
93.691829
7.324443
-46.082952
834.376089
824.152388
-834.070904
-2063.814302
-1395.306320
-985.595311
-1511.124069
-1208.990811
-86.214793
-460.524330
-1743.827715
-1359.294477
-471.358401
-940.733100
-1388.744840
-481.124325
5.798517
-794.396840
-796.075358
106.967381
-41.047397
-804.315356
-179.754029
773.949437
512.710984
187.383657
708.945009
755.027961
-136.722929
-199.591062
617.542069
739.616113
242.927347
231.330313
168.767365
-488.448768
-1116.519723
-732.291670
-258.644380
2411.725327
4494.918883
3652.302796
-27.161475
-2497.634935
-36.469621
2031.464681
3357.646573
3999.908636
4952.696548
3407.239154
-170.598476
-1438.490013
161.442923
2715.384511
3814.966460
3958.556054
2536.546037
258.034010
-1414.380389
-1573.229239
-498.977654
568.407266
1555.223317
833.918311
-1012.146415
-2606.280834
-2680.746001
-2246.925368
-2196.264640
-1634.724038
-1219.977475
-1429.792237
-2749.107465
-3035.828876
-2423.932731
-2181.005384
-2403.027551
-2482.986050
-1668.599586
-1291.238198
-1336.710779
-1245.918209
-1038.239742
-1089.663433
-1338.084112
-1074.251585
-193.334767
663.625020
1008.789379
892.971630
804.315356
907.773108
745.262037
678.579091
1397.595208
2598.040836
2421.949028
1280.404126
674.764277
657.673911
41.505175
-279.396968
828.424979
1366.924105
59.358504
-1147.801196
-581.835411
-476.088771
-1346.476703
-1035.950854
217.139205
-136.570336
-1439.100383
-1068.300475
-239.112533
-882.442744
-1481.826299
-582.598374
-227.210314
-1024.201227
-806.299059
221.869575
-16.327403
-978.118276
-462.508033
418.713970
167.088847
154.423665
1087.374545
1221.198215
204.321431
-47.914062
676.900573
759.605737
458.845812
828.577572
1158.177490
499.435431
-118.717008
-61.037022
24.872586
-470.442846
-400.250271
-472.731734
867.336081
2763.298573
3009.430364
1243.476728
-1940.366925
-1045.716777
606.555405
2077.852817
2596.209725
3462.630251
3490.707281
679.647239
-1262.245612
-1020.996783
1199.987850
2729.117841
3395.489527
2744.682281
957.670873
-796.380543
-1302.530047
-770.744994
120.548118
1408.124095
1521.652955
185.247361
-1881.771384
-2191.381678
-1586.657384
-1483.352224
-1167.638228
-869.167192
-687.429459
-2011.627648
-2703.634884
-2188.940197
-1671.651437
-1730.246978
-2069.612819
-1744.743270
-1595.965529
-1691.641061
-1471.297412
-997.955308
-955.076800
-1185.186372
-1331.675225
-994.750864
-429.090264
145.268112
770.287216
1002.685677
1124.301943
672.627981
18.463699
-1.373333
595.110963
1406.750762
1466.261858
1540.727025
1241.645617
236.213275
-596.789481
-355.540652
504.470986
483.565806
305.642887
471.816179
142.979224
-702.078344
-874.507931
-252.082900
-144.199964
-610.980589
-361.033984
-119.479970
-570.848747
-860.622008
-517.746538
-355.540652
-838.953866
-560.319861
187.536250
205.389579
-59.205911
122.074044
418.561378
126.194043
94.912569
759.147960
1165.959710
925.779029
746.025000
803.399800
613.879848
372.631019
638.294656
996.276790
830.713868
559.556898
475.478400
376.751018
26.093327
-28.382215
150.914037
108.645899
-220.496242
-383.770275
-437.025077
-571.916895
103.610345
1189.306371
1354.716701
125.125895
-718.710933
-430.921374
105.288863
641.193915
1366.771512
1928.922484
1369.060401
283.974744
-294.808816
-75.685907
523.087277
1199.377480
1705.679576
1435.590755
547.807271
-118.411822
-188.604398
-65.919984
203.253283
579.088745
595.721334
-11.139256
-604.419109
-690.481310
-695.059087
-753.654628
-684.530200
-609.759849
-944.090136
-1316.873747
-1258.583391
-1048.616036
-1177.556745
-1401.104837
-1376.995214
-1384.777434
-1470.839635
-1313.364118
-873.134598
-761.894626
-979.339016
-1115.451575
-1024.048635
-916.165698
-710.623527
-264.137712
160.374775
327.005845
165.868107
-19.379254
-208.441430
-86.062201
209.204392
602.740591
834.070904
720.084266
444.044334
116.580712
99.642938
160.985145
260.170306
343.333248
370.952500
278.481412
162.663663
157.170331
144.352557
-17.700736
-158.696257
-107.730344
-2.594073
72.176278
144.352557
187.231065
-2.594073
-230.414758
-230.109572
-33.570362
151.676999
337.076953
445.875445
362.712502
157.628109
145.420705
288.857706
422.681376
527.665054
619.830957
602.435406
368.358427
305.642887
378.429536
397.045827
390.636940
411.694713
398.724345
292.519927
180.822177
168.309588
172.734772
130.924412
116.580712
82.857757
18.921477
-39.368879
-37.537768
-31.739251
-101.626641
-166.478477
-177.465141
-188.909583
-123.599969
45.319989
213.476984
178.380696
41.047397
-56.306653
-115.512564
64.241466
318.002884
495.010247
364.085835
220.954019
161.595515
116.122934
183.111066
383.159905
560.625046
460.829515
301.828073
200.506617
166.020700
98.727383
144.505149
223.700685
171.514031
-4.119999
-152.439962
-245.979198
-354.014727
-386.211756
-379.192498
-387.585089
-491.195434
-574.816154
-632.953917
-728.782041
-788.445730
-738.395372
-688.497607
-683.156867
-654.622060
-611.133182
-599.688740
-605.334664
-543.992457
-487.075435
-463.423589
-429.548041
-282.754004
-175.023660
-136.722929
-145.725890
-163.121441
-191.198471
-192.571804
-62.562947
81.026647
152.439962
102.389604
83.010350
29.450363
-15.106663
-9.308146
84.688868
210.730318
240.333274
211.035503
118.259230
33.570362
1.983703
63.783688
162.205886
238.502163
247.505124
182.805881
75.991092
-1.983703
38.605916
162.358478
281.533263
299.386592
225.226611
135.197003
84.536275
105.594048
188.146620
263.069564
270.241414
213.171799
175.786623
164.342181
164.799959
207.831059
253.608826
254.066604
218.665131
186.162917
161.137738
153.355517
189.519953
244.758458
234.534757
183.568843
133.213300
101.321456
96.285902
140.995521
204.016246
184.942176
111.545157
81.026647
93.844421
99.642938
129.245894
183.111066
154.881443
51.576283
5.035554
59.511096
96.896272
104.373307
106.967381
98.117013
24.567401
-51.118506
-53.407394
-42.420730
-30.213326
-38.911101
-50.508136
-92.471088
-136.875522
-139.927373
-165.868107
-200.659209
-195.623655
-167.394032
-162.968848
-209.814763
-200.964395
-190.130323
-205.542171
-215.918465
-180.822177
-112.460713
-103.762937
-124.820710
-155.186628
-153.813295
-108.340714
-46.845914
-28.534808
-57.985171
-73.702204
-55.085912
-54.780727
-74.159982
-61.037022
-39.674064
-29.297771
-19.226662
-11.444442
-29.145178
-93.386643
-113.986638
-123.294784
-128.788116
-102.542197
-63.936280
-58.290356
-109.256269
-152.897740
-198.522914
-249.336234
-260.322898
-185.094769
-103.152567
-95.980717
-129.551079
-169.377736
-197.302173
-208.441430
-175.023660
-74.465167
-9.308146
5.645925
-19.379254
-48.219247
-58.137763
-59.358504
-18.463699
25.177772
55.696282
67.751094
93.081458
91.860718
80.111091
65.767391
72.939241
84.231090
92.776273
128.025153
149.082926
164.189589
154.423665
140.995521
114.139231
122.684414
159.306627
191.503656
204.168838
224.921426
260.322898
238.807348
208.441430
220.648834
278.328820
309.457701
299.844370
301.980666
283.059189
240.028089
208.288837
215.308095
249.946605
266.579193
251.014752
176.091808
93.539236
49.134803
56.001468
50.660728
47.608877
62.715540
34.791102
-48.524432
-129.245894
-114.597009
-62.105170
-52.339246
-81.789609
-113.834046
-142.063668
-162.511071
-151.829592
-114.139231
-78.585166
-79.653314
-90.487385
-120.700711
-139.011817
-126.041450
-79.042943
-32.502214
-23.651846
-37.995546
-72.634056
-98.117013
-102.999974
-55.543690
-23.041476
-32.044436
-61.189614
-83.315535
-83.773313
-90.182200
-70.650353
-62.868133
-98.879975
-159.764405
-177.007363
-149.845889
-127.872561
-139.164410
-168.767365
-210.272540
-248.878457
-249.641419
-205.236986
-152.439962
-135.959966
-127.109598
-151.982184
-166.173292
-165.105144
-119.479970
-62.868133
-37.232583
-26.093327
-46.540729
-60.121467
-62.715540
-34.638510
5.798517
35.706658
40.894805
22.125920
2.288888
14.496293
51.118506
86.367386
78.737758
46.998507
18.463699
22.125920
46.388137
72.023686
101.016271
115.665156
114.291823
97.201457
100.711086
127.109598
172.887364
196.234025
203.558468
198.675506
196.844396
201.879950
196.691803
207.983652
208.441430
201.116987
189.367360
198.065136
199.743654
166.631070
128.330338
112.918490
102.694789
67.140724
58.290356
64.851836
67.598502
20.447402
-30.365918
-61.189614
-75.075537
-64.851836
-45.167396
-18.921477
-27.008882
-61.189614
-108.188121
-126.194043
-119.785155
-85.146646
-24.719994
34.180732
47.914062
-13.733330
-69.582205
-70.039983
-27.771845
29.602956
74.159982
110.324417
98.422198
47.914062
4.272592
-30.518511
-24.719994
13.275552
67.598502
82.705165
39.826657
-12.665182
-44.099248
-60.579244
-83.773313
-101.931827
-108.951084
-111.545157
-123.142192
-151.676999
-175.481438
-198.370321
-215.308095
-231.330313
-246.742161
-230.414758
-203.405875
-174.565883
-172.429587
-186.620694
-186.010324
-161.900701
-128.330338
-99.490346
-68.514057
-26.856290
-9.460738
-22.888883
-19.837032
9.918516
49.287395
51.576283
62.715540
91.708125
113.223676
99.642938
77.364425
79.805906
81.484424
69.734797
59.511096
67.445909
60.579244
45.319989
39.826657
57.679986
60.579244
39.063694
23.346661
25.788142
40.131842
60.274059
86.367386
89.724422
68.208872
49.897765
63.783688
93.081458
117.038489
143.589594
142.674039
131.382190
114.902194
106.662196
99.032568
83.925905
105.899233
126.651820
127.567376
104.525900
70.802945
41.962953
0.152593
-14.343700
8.087405
35.248880
39.826657
-2.136296
-52.491839
-96.133309
-113.681453
-96.285902
-68.208872
-37.690361
-33.417769
-52.797024
-82.399980
-99.032568
-74.617759
-31.128881
10.834071
29.450363
26.093327
16.174811
4.882962
4.119999
23.651846
55.696282
83.162942
74.465167
43.794063
32.807399
47.151099
73.549611
66.225169
30.671103
-5.035554
-24.719994
-30.213326
-50.050358
-57.374801
-69.887390
-101.168864
-153.508110
-188.909583
-186.010324
-175.634030
-159.306627
-159.916997
-177.617734
-224.616241
-251.472530
-241.554014
-198.980691
-151.219222
-118.717008
-93.844421
-90.945163
-82.705165
-84.078498
-75.533315
-44.099248
7.324443
65.157021
85.299238
83.468127
65.767391
66.377761
87.282941
116.122934
145.878482
159.154035
159.764405
133.518485
115.665156
122.379229
137.638484
127.414783
94.149606
76.906648
72.939241
67.140724
52.644431
38.453324
29.145178
12.817775
-2.288888
-3.662221
15.411848
36.317028
33.570362
15.106663
0.915555
2.899259
11.597034
30.976289
60.731837
79.653314
77.974795
54.628135
37.079991
34.333325
59.663689
89.877015
94.912569
84.536275
69.887390
62.562947
35.096288
6.561480
-9.460738
-7.477035
4.577777
15.869626
19.226662
-2.899259
-38.605916
-65.614799
-66.377761
-46.540729
-14.038515
7.019258
5.951110
-24.262216
-59.663689
-70.039983
-49.745173
-11.749627
9.613331
16.785181
12.207404
2.899259
-8.392591
-10.071109
7.934813
26.551105
29.602956
12.207404
-6.561480
-18.158514
-31.281474
-52.491839
-66.988132
-64.699243
-63.020725
-82.552572
-110.324417
-118.106637
-116.580712
-132.450337
-170.598476
-187.536250
-178.228104
-172.887364
-175.176253
-165.257737
-141.300706
-146.641445
-156.407369
-142.216261
-108.188121
-82.705165
-59.053319
-21.362958
0.152593
8.850368
25.330364
55.543690
71.871093
86.672571
112.155528
135.044411
148.777741
167.394032
190.435508
179.906622
152.439962
141.148113
149.845889
153.355517
155.034036
166.631070
148.930333
94.149606
38.148139
23.346661
45.777766
70.345168
80.416276
59.205911
17.700736
-23.041476
-47.608877
-42.115545
-15.717033
19.531847
27.466660
4.119999
-29.908141
-53.254802
-47.914062
-20.294810
15.564441
27.314067
24.262216
16.785181
8.545183
2.288888
9.918516
33.265177
41.352582
38.911101
35.248880
41.657767
39.826657
29.145178
20.599995
12.054812
14.343700
18.158514
20.752587
10.528886
4.882962
4.577777
-8.087405
-24.567401
-29.908141
-16.174811
-8.545183
-12.512589
-22.888883
-31.281474
-40.284434
-51.118506
-53.254802
-36.622213
-5.493332
0.762963
-30.213326
-75.228129
-85.299238
-61.037022
-42.573323
-33.875547
-19.989625
-8.239998
-33.570362
-79.042943
-105.746640
-98.879975
-86.672571
-85.146646
-82.552572
-92.776273
-113.986638
-126.041450
-116.733304
-112.918490
-109.561454
-93.844421
-86.519979
-91.708125
-87.588126
-57.374801
-50.813321
-69.887390
-39.521472
14.496293
-44.099248
-121.158488
-26.703697
104.525900
101.779234
43.641471
52.797024
91.250348
96.438495
87.130349
112.918490
159.154035
171.208846
149.082926
116.122934
98.117013
99.032568
111.850343
117.954045
106.814788
103.915530
121.311081
130.466634
114.749601
95.980717
78.279981
57.832578
48.066655
51.881469
58.748134
56.611838
46.235544
31.128881
13.275552
-1.831111
-3.509629
10.376294
20.905180
14.496293
-2.899259
-27.314067
-47.914062
-46.693322
-26.245919
-12.665182
-21.515550
-37.842954
-47.914062
-50.202950
-45.930359
-30.823696
-12.359997
-4.730369
-5.951110
-10.071109
-15.869626
-18.463699
-12.207404
-7.782220
-4.882962
3.357036
10.528886
9.308146
0.000000
-11.749627
-18.311107
-12.054812
-1.831111
3.204444
0.915555
-11.902219
-34.638510
-50.508136
-48.066655
-34.028140
-29.908141
-46.998507
-72.023686
-84.536275
-87.588126
-95.828124
-99.948123
-91.860718
-86.519979
-104.525900
-132.908115
-139.164410
-117.496267
-95.370347
-93.539236
-99.185161
-92.318496
-83.162942
-88.351089
-87.893312
-63.478503
-35.401473
-26.093327
-18.463699
-0.152593
7.324443
-2.594073
1.068148
32.654807
68.819242
90.639977
97.201457
88.198497
72.176278
67.445909
83.315535
103.610345
113.376268
113.986638
108.798491
96.438495
81.331832
72.786649
69.582205
72.023686
82.552572
94.454791
95.675532
84.688868
70.650353
59.816281
55.696282
58.748134
67.598502
72.481463
72.176278
70.650353
67.293317
60.121467
52.644431
51.728876
50.355543
43.183693
40.742212
44.862211
40.742212
22.431106
4.577777
-6.561480
-19.837032
-28.687400
-19.531847
-7.171850
-18.463699
-44.251841
-59.663689
-65.614799
-73.244426
-70.650353
-51.423691
-39.216287
-49.134803
-64.088873
-68.208872
-66.988132
-59.816281
-39.216287
-15.869626
-9.918516
-20.599995
-29.755548
-32.197029
-25.330364
-2.136296
22.583698
21.668143
-2.594073
-21.057773
-25.330364
-21.515550
-10.986664
0.000000
-4.272592
-25.635549
-45.472581
-56.459245
-63.631095
-61.799985
-51.118506
-51.118506
-70.802945
-94.149606
-103.457752
-98.422198
-82.094794
-62.868133
-63.325910
-85.299238
-100.711086
-98.727383
-90.945163
-74.770352
-37.995546
-2.899259
-2.136296
-19.837032
-24.414809
-15.564441
-0.762963
28.534808
67.293317
88.045904
85.757016
78.279981
71.413316
66.530354
72.939241
89.266644
99.185161
97.048865
94.912569
91.250348
74.312574
51.728876
38.453324
34.485917
33.722955
38.453324
44.862211
40.284434
23.651846
5.340739
-6.714072
-7.782220
7.629628
30.365918
41.047397
38.148139
33.417769
27.466660
17.548144
19.226662
42.115545
63.020725
59.663689
43.946656
37.079991
31.128881
20.599995
23.651846
40.894805
47.914062
33.570362
14.191108
2.441481
-6.561480
-5.798517
7.782220
18.005921
8.850368
-9.460738
-20.142217
-25.177772
-27.771845
-21.362958
-10.376294
-9.460738
-16.632588
-19.074069
-16.479996
-19.989625
-25.940734
-21.515550
-12.359997
-9.308146
-7.324443
-1.525926
0.915555
-7.324443
-19.074069
-22.125920
-16.022218
-8.392591
-4.119999
-4.425184
-12.970367
-32.654807
-55.848875
-66.835539
-60.884429
-51.271098
-52.644431
-64.546651
-81.179239
-98.422198
-109.561454
-107.882936
-95.828124
-84.841460
-83.162942
-91.555533
-101.016271
-100.253308
-82.552572
-58.595541
-43.183693
-38.911101
-37.842954
-34.180732
-28.992585
-15.717033
9.460738
34.791102
44.404433
39.063694
31.128881
29.450363
37.079991
51.118506
65.767391
75.075537
74.159982
61.342207
41.199990
30.060733
37.232583
53.865172
65.309613
66.988132
58.900726
41.657767
24.414809
21.668143
33.722955
49.439988
61.952577
68.666650
65.309613
53.407394
46.998507
51.728876
60.274059
69.124427
79.653314
87.435534
85.299238
75.685907
66.377761
58.900726
54.170357
54.933320
57.069615
52.339246
42.573323
32.959992
21.668143
4.577777
-11.597034
-16.479996
-14.954070
-18.921477
-27.619252
-36.011843
-45.472581
-58.137763
-66.377761
-63.631095
-53.254802
-45.319989
-45.167396
-51.576283
-59.358504
-62.257762
-56.611838
-42.573323
-25.940734
-13.428145
-10.834071
-18.005921
-26.245919
-27.771845
-20.142217
-7.324443
4.882962
12.054812
9.308146
-2.136296
-13.733330
-18.311107
-17.090366
-15.411848
-13.428145
-12.817775
-17.395551
-28.534808
-40.742212
-47.914062
-51.118506
-55.696282
-60.426652
-62.105170
-61.952577
-61.494800
-63.478503
-65.004428
-65.919984
-66.072576
-64.546651
-59.358504
-47.303692
-32.654807
-24.872586
-25.635549
-26.856290
-21.820735
-13.275552
-1.983703
12.054812
22.431106
26.551105
24.719994
25.788142
31.281474
38.148139
43.183693
45.319989
45.625174
45.167396
45.014804
44.557026
42.420730
38.911101
35.706658
32.959992
33.112584
36.164435
40.131842
41.047397
37.079991
32.959992
32.654807
36.927398
45.014804
54.017764
59.358504
59.053319
55.238505
52.949616
55.696282
64.088873
73.702204
78.432573
74.617759
64.851836
57.069615
54.475542
56.154060
59.816281
60.579244
53.102209
39.979249
25.940734
16.174811
10.071109
7.629628
4.272592
-1.831111
-10.986664
-19.379254
-28.382215
-37.690361
-46.540729
-52.644431
-55.085912
-53.407394
-49.439988
-48.677025
-54.780727
-67.140724
-78.737758
-83.315535
-75.075537
-58.595541
-44.099248
-40.284434
-49.897765
-66.377761
-77.822203
-74.465167
-57.374801
-34.485917
-18.158514
-17.242959
-28.687400
-43.794063
-49.439988
-41.199990
-24.262216
-7.934813
-2.594073
-9.460738
-21.515550
-29.450363
-28.382215
-18.768884
-7.324443
-2.441481
-8.087405
-19.989625
-27.924438
-25.025179
-12.665182
0.000000
3.967406
-2.441481
-13.733330
-21.057773
-20.294810
-10.376294
1.831111
11.597034
13.428145
8.239998
1.678518
0.305185
6.561480
16.632588
25.940734
29.450363
27.161475
23.194068
20.905180
21.515550
25.330364
31.891844
37.690361
40.894805
40.131842
37.995546
37.690361
38.911101
42.115545
43.794063
43.183693
40.437027
39.368879
37.537768
34.180732
33.570362
38.148139
44.709619
48.066655
47.456285
44.251841
39.979249
37.232583
34.791102
33.875547
35.859250
38.148139
38.148139
31.434066
21.973328
15.717033
12.359997
10.071109
7.782220
9.460738
13.733330
17.853329
16.937774
10.528886
3.662221
0.000000
-1.220740
-3.357036
-6.714072
-9.460738
-12.512589
-16.632588
-23.346661
-28.534808
-29.145178
-27.466660
-28.687400
-36.622213
-47.761470
-57.832578
-62.410355
-60.426652
-57.222208
-50.965913
-45.319989
-42.115545
-45.625174
-52.797024
-55.238505
-54.933320
-49.592580
-44.251841
-37.690361
-30.365918
-29.145178
-39.216287
-50.355543
-47.303692
-40.437027
-30.365918
-21.668143
-24.719994
-28.534808
-32.959992
-34.638510
-33.875547
-35.248880
-33.570362
-27.161475
-14.801478
-14.343700
-22.278513
-25.635549
-16.937774
5.188147
7.629628
9.613331
1.068148
1.373333
12.817775
23.499253
30.365918
36.622213
38.911101
49.592580
29.908141
19.379254
9.308146
30.976289
37.537768
64.394058
90.029607
216.681428
622.882808
597.247259
311.593997
-49.745173
-218.665131
-356.456208
-391.094718
-349.589543
-258.034010
-68.056279
77.517018
203.558468
140.842928
68.666650
-35.706658
-70.497760
-143.742187
-114.291823
-48.066655
76.143685
88.808867
86.825164
84.688868
58.900726
48.219247
14.801478
27.924438
13.122960
41.505175
23.346661
194.860692
159.916997
75.838500
51.118506
57.374801
14.038515
-48.371840
-6.103702
-14.496293
27.466660
-0.610370
52.491839
27.771845
-6.866665
-55.085912
-55.848875
-79.348128
-89.419237
-66.225169
-46.998507
-52.339246
-65.309613
-73.549611
-68.056279
-75.991092
-102.389604
-75.533315
-63.631095
-46.845914
-28.077030
-15.411848
-18.921477
-38.911101
-30.060733
-25.177772
-45.625174
-29.450363
-32.654807
-6.714072
-4.882962
-6.714072
-45.167396
165.105144
286.263633
147.557000
-19.684440
-94.302199
-119.479970
-125.888858
79.958499
140.842928
93.691829
6.103702
-30.518511
-115.512564
-220.648834
-270.241414
-261.391046
-177.159956
-80.874054
-8.545183
-53.102209
43.488878
8.697776
-154.728850
-164.494774
-74.007389
-35.401473
-111.239972
63.936280
190.893286
166.325885
62.715540
-7.782220
152.134777
159.154035
-39.368879
-11.749627
407.879899
124.668117
11.291849
155.796998
272.530303
283.516967
-279.549560
86.825164
362.254725
90.487385
204.931801
483.718398
-211.798466
-328.684363
252.082900
33.417769
-392.315458
-68.361465
361.796947
51.423691
-102.389604
-277.871042
-186.925879
209.509578
-253.303641
-328.531770
628.528733
-31.128881
-390.331755
-207.525874
145.725890
207.220689
-196.996988
-99.185161
-37.995546
413.068046
356.761393
-601.519851
-137.333299
227.820684
-372.783611
513.168761
424.054709
-267.799933
-392.925828
218.054761
282.601411
-163.884404
-187.994027
-59.358504
-56.154060
235.145127
300.607333
-54.933320
-464.339144
-338.602879
72.328871
161.900701
-254.676974
-85.757016
-2.136296
-3.204444
314.035478
-317.697699
-535.752460
-279.549560
166.631070
447.553963
0.915555
-160.222182
-180.364400
-313.425107
252.540678
213.171799
-150.151074
-371.105093
96.743680
379.345091
50.050358
-183.721436
-208.899207
77.211833
223.242908
-224.311055
159.764405
139.317002
-15.106663
-237.891793
-47.608877
269.631044
-152.897740
-83.010350
394.909532
-120.853303
67.598502
-153.508110
34.943695
54.628135
-356.456208
312.509552
473.189512
4.119999
-419.934711
106.357011
47.914062
29.145178
-43.336286
281.533263
167.851810
-127.109598
-119.174785
185.857732
29.602956
-391.094718
222.022167
839.869421
-162.816256
-588.091706
-67.751094
270.088822
-22.888883
114.291823
154.728850
-154.728850
-251.625123
695.669457
-26.703697
-610.675404
51.271098
172.734772
225.836981
-113.376268
177.617734
294.503631
-85.451831
-403.607307
133.213300
-33.875547
-174.108105
395.062124
628.223548
-498.519876
-814.539057
554.826529
416.119897
-314.645848
-387.127311
-12.054812
408.795454
318.308069
-518.509501
-185.552547
126.499228
-53.712579
230.414758
-617.847254
-251.472530
638.599841
131.077004
-334.635472
124.973302
-345.164359
-598.620592
386.669534
551.011715
-472.121364
-597.705037
468.306550
530.411720
-256.050307
-889.156816
-322.275476
971.404203
426.343598
-695.974642
-547.349494
222.937722
238.196978
463.118403
-433.362855
-552.842826
162.205886
279.549560
438.703595
-479.445807
-693.227976
538.804311
821.100537
-284.432522
-679.494646
236.060682
-70.650353
274.971784
687.887237
-624.561326
-736.869447
698.416123
701.925752
-457.319886
-763.725736
433.820633
878.170152
-806.909429
46.998507
668.507982
-506.912467
-15.259255
380.718424
77.517018
-221.716982
-157.475516
353.404357
434.125818
-314.340663
-245.368828
-64.394058
172.124402
380.565831
-27.924438
-156.254776
-417.798415
656.453170
605.334664
-1441.236679
-276.039931
1414.380389
77.669610
-438.856187
-502.639875
-20.752587
474.105067
-90.334792
-207.373282
-193.945137
-212.561429
775.170178
914.181995
-932.950879
-876.949412
423.444339
812.707946
-282.296226
-458.845812
132.908115
186.773287
445.265075
415.509526
-962.096057
-838.496088
992.156791
595.873926
-437.788039
-435.499151
20.599995
427.411746
538.651718
-347.605840
-1011.230860
-279.854745
981.475312
270.851785
-239.722903
-520.035426
-516.373205
1057.161219
325.785104
-1183.660447
-937.528656
1065.706402
1142.002679
-1016.113822
-424.512487
205.694764
-326.700660
457.930257
583.361337
-959.501984
-854.365714
1099.887134
1100.497504
-1071.504919
-1207.007108
592.516890
977.965683
-375.682870
-688.802792
478.072474
160.222182
-200.201432
493.179137
-227.515499
-1151.310825
492.263581
1219.824882
-175.786623
-929.593843
-109.256269
859.553861
-60.121467
-262.916972
-514.389502
291.299187
979.033831
-38.605916
-919.064957
-305.185109
1033.967151
46.235544
-478.682844
-130.466634
134.281448
128.482931
685.903533
-77.669610
-1660.969958
516.678390
1653.798108
-460.982108
-1210.821921
156.407369
904.110887
114.444416
-802.026467
0.305185
220.648834
-181.432548
505.844319
445.112482
-581.530226
-948.057542
1236.152286
756.553886
-1636.097371
55.085912
1356.700404
-625.629474
-6.866665
416.730267
-654.622060
-72.634056
583.056151
-3.509629
-244.453273
182.195510
41.810360
-18.158514
-9.918516
-162.816256
237.434015
19.989625
-297.402889
30.823696
333.872510
13.885922
-311.136219
-98.574790
182.958473
73.397019
-343.943618
-234.992534
485.702102
-155.491813
-199.743654
313.882885
-608.691701
-103.610345
428.937671
-42.573323
-65.004428
-194.097730
177.922919
226.905129
-805.383504
-63.478503
974.913832
-440.839890
-456.099146
438.245817
49.745173
-108.340714
-168.919958
175.481438
-81.942202
-36.164435
230.262165
-112.002935
-293.893260
368.968797
225.836981
-468.916921
-6.103702
-159.916997
323.801401
403.912492
-262.154009
-528.733202
309.152516
211.951058
-317.697699
151.219222
-150.608851
240.333274
273.903636
-294.351038
-248.573272
144.810334
229.956980
176.091808
-161.442923
-488.296175
395.214717
561.693194
-91.860718
-621.814660
-216.986613
771.965734
30.060733
-229.194017
-186.468102
-215.155502
373.393981
421.765821
-287.331780
-777.153881
235.602904
798.822024
-270.088822
-135.959966
-211.188096
-54.933320
468.153958
137.485892
-464.033959
-293.130298
413.983601
301.675481
-36.011843
-390.484347
-263.679935
712.759823
338.602879
-631.580584
-291.604372
386.059163
209.814763
65.157021
78.737758
-389.416200
-141.605891
547.349494
350.047320
-735.343521
-345.469544
543.229495
239.417718
-142.216261
-336.924361
-84.536275
344.096211
301.217703
-433.515448
-268.105119
-24.414809
206.610319
366.985094
-475.020623
-537.583570
360.576207
496.688766
-360.423614
-361.491762
335.093250
-100.711086
-447.706555
686.208718
91.402940
-918.301994
274.819191
447.553963
-97.201457
-367.137687
-190.893286
525.833943
64.394058
-325.022141
-82.399980
162.205886
-20.599995
90.029607
41.505175
-68.208872
-271.614747
332.804362
376.903610
-497.146543
-15.411848
267.342156
29.602956
-161.442923
18.921477
375.530277
-371.868056
28.687400
514.542094
-257.881417
-369.579167
212.256244
411.236935
-129.703671
-356.456208
297.097704
366.374724
-464.339144
54.017764
323.038438
-466.780625
-158.543664
748.466481
-199.133284
-385.143608
219.275501
-36.622213
-85.757016
273.293265
-211.798466
-423.139154
334.940658
364.391021
-122.379229
-449.537666
50.660728
105.288863
191.198471
76.143685
-383.465090
-88.808867
375.835462
280.007338
-407.574714
-265.816230
37.232583
518.967278
-53.407394
-373.088796
109.714047
68.666650
-99.795531
189.672545
51.728876
-510.116910
23.346661
701.010196
-4.119999
-697.958345
53.712579
401.623604
30.671103
-206.762912
-21.668143
-221.716982
198.217729
421.918414
-437.177669
-275.582154
145.878482
455.946553
-252.235493
-291.756965
105.899233
123.294784
-8.697776
-113.071083
159.306627
-195.928840
-287.331780
579.241338
9.002961
-323.191031
193.487359
-214.392539
101.626641
68.361465
23.804439
-48.524432
-64.394058
182.805881
-85.909608
-96.591087
188.146620
4.882962
-289.620669
258.339195
314.340663
-519.425056
-82.399980
563.982082
-140.385150
-421.765821
372.173241
123.447377
-393.383606
241.248829
6.408887
-74.159982
69.734797
-180.822177
72.328871
88.198497
19.074069
-85.146646
121.768859
-289.315484
57.679986
184.331806
71.413316
-243.842902
-227.210314
415.662119
-58.595541
-44.404433
-89.114052
99.185161
78.279981
-102.542197
179.906622
-126.194043
-321.512513
505.386541
25.482957
-451.826554
313.730292
21.668143
-131.839967
144.047372
105.899233
-286.874003
122.074044
28.229623
-50.813321
207.220689
-290.994002
107.882936
339.213249
-365.764354
-225.074018
556.505047
-144.962927
-437.940632
77.822203
423.291747
-48.066655
-266.579193
24.109624
-79.042943
23.499253
262.001416
-254.219196
47.608877
159.306627
-250.556975
129.245894
97.811828
-63.478503
-245.674013
236.823645
79.348128
-210.425133
-34.943695
301.980666
-113.071083
-284.585114
282.143634
118.411822
-242.774755
-128.025153
359.508059
-11.444442
-369.426575
40.284434
338.602879
-235.297719
29.755548
274.361413
-398.571753
-96.743680
308.389553
209.356985
-297.860667
-213.324391
122.226636
278.176227
-70.650353
-118.106637
-75.228129
-72.786649
183.416251
184.026621
-129.245894
-308.084368
51.881469
498.825061
-186.315509
-374.614722
64.088873
216.376243
205.236986
-193.029582
-167.546625
-214.697724
279.549560
252.540678
28.534808
-323.953994
-350.505098
589.617631
308.999923
-657.673911
-171.514031
316.324366
165.868107
-43.183693
-228.888832
82.705165
-46.693322
54.780727
109.714047
-172.276994
-173.192550
395.977679
164.342181
-558.030972
274.819191
335.093250
-424.970265
-167.546625
559.251713
-84.994053
-282.754004
399.182123
-118.717008
-397.808790
372.325833
280.617708
-366.679909
-42.878508
272.072525
-3.662221
-247.505124
51.881469
72.786649
-5.188147
66.988132
-141.605891
-76.296277
295.571778
7.477035
-215.002910
47.151099
-126.957006
84.078498
205.542171
-41.047397
-303.048814
-127.262191
326.853252
-10.681479
-200.354024
30.823696
-205.847356
210.425133
436.262114
-376.598425
-481.276917
169.988106
416.882859
124.057747
-355.388060
-363.017688
480.819140
91.402940
-227.973277
61.494800
-208.594022
-161.442923
548.265049
110.019232
-575.884301
-37.385176
226.752536
353.251764
-200.201432
-364.085835
235.755497
41.810360
21.973328
328.989548
-347.605840
-417.493230
466.170255
397.503605
-360.118429
-259.254750
275.429561
99.642938
-12.512589
-61.952577
97.048865
-76.754055
-251.777715
489.669508
64.699243
-562.761342
-2.594073
453.505073
-62.715540
-277.260672
76.448870
23.957031
-66.530354
71.565908
28.839993
-177.617734
-128.025153
202.642913
301.370296
-501.266542
-272.072525
491.805804
89.266644
-258.186603
-92.623681
-31.128881
166.631070
149.082926
-60.426652
-203.863653
162.053293
138.554040
97.201457
-16.022218
-165.562922
53.559987
111.850343
215.765872
-95.370347
-242.927347
244.911050
326.242882
-336.313991
70.039983
-29.145178
-47.303692
357.371763
-177.465141
-305.032517
254.829566
125.888858
-303.811776
150.761444
-2.746666
-311.746589
99.490346
361.033984
-369.731760
-91.402940
289.010299
-256.813270
9.002961
108.035529
-68.514057
-86.367386
-156.865146
249.794012
127.872561
-511.642836
150.151074
300.607333
-280.770301
-102.847382
227.057721
124.973302
-400.402864
65.004428
355.845838
-138.554040
-233.466609
37.537768
95.675532
-74.617759
33.417769
41.962953
39.674064
-126.346635
-118.564415
293.740668
-79.042943
-332.956954
278.176227
334.330287
-291.756965
-233.771794
231.330313
71.108130
-232.093276
86.367386
288.399928
-165.257737
-346.690284
273.598451
390.179162
-407.574714
-66.682946
106.814788
17.700736
90.029607
-38.453324
-34.028140
97.354050
-152.287370
-58.748134
235.450312
-163.426626
-110.477010
238.044385
107.425159
-312.662145
149.235518
137.791077
-110.934787
81.331832
-86.825164
-59.511096
119.327378
-15.411848
168.004403
184.026621
-371.562871
-175.786623
361.491762
153.965888
-153.202925
-49.592580
71.565908
-254.371789
303.811776
329.142140
-442.518409
-319.528810
209.814763
464.186551
-178.991067
-299.539185
19.989625
122.379229
-93.386643
82.094794
-52.491839
-107.882936
8.087405
83.162942
142.521446
-274.971784
-110.782195
201.116987
86.519979
-83.010350
-151.066629
-26.703697
230.872535
25.177772
-102.237012
-87.893312
-82.705165
-25.025179
366.222131
16.327403
-404.370270
52.491839
234.839942
-19.837032
-194.555507
65.919984
78.585166
-2.899259
-63.936280
45.625174
3.814814
-138.248855
247.047346
-96.591087
-337.534731
218.512538
204.474023
-57.374801
-27.008882
-157.475516
-65.767391
-19.989625
342.570285
8.850368
-415.509526
33.265177
321.359920
12.054812
-225.531796
36.164435
-21.057773
3.357036
39.674064
42.573323
88.656274
-179.754029
-11.749627
262.764379
-165.410329
-189.214768
171.666624
105.899233
-31.281474
-20.752587
-164.189589
122.684414
55.848875
-26.398512
25.940734
-111.545157
-98.879975
175.023660
245.826606
-105.288863
-381.328794
134.586633
267.036971
-121.768859
79.653314
-52.949616
-223.700685
212.866614
117.496267
19.379254
-37.537768
-204.016246
76.601462
56.764430
214.392539
13.275552
-346.690284
-68.971835
443.739149
67.598502
-334.025102
-104.983678
236.823645
83.010350
-163.884404
-74.465167
99.032568
186.162917
-170.445884
-117.343675
21.820735
123.905154
-47.914062
-59.816281
124.515525
-117.801452
-25.635549
142.521446
-172.582179
6.103702
90.639977
-94.607384
15.717033
68.208872
-129.245894
140.385150
-9.308146
-265.968823
167.699218
-23.041476
1.831111
-3.204444
-6.714072
93.386643
-144.657742
-66.682946
110.019232
52.339246
-167.394032
17.242959
162.663663
-88.503682
-123.905154
147.557000
65.004428
-212.866614
-54.475542
214.850317
-48.371840
-48.982210
2.136296
4.577777
22.736291
-113.986638
12.207404
167.394032
-66.225169
-79.348128
3.814814
72.786649
8.239998
-201.269580
263.222157
89.419237
-285.805855
-48.982210
247.047346
99.185161
-127.414783
-151.371814
160.374775
45.777766
-151.676999
132.297745
167.394032
-159.459220
-156.865146
346.385099
-138.401447
-120.090341
127.262191
22.278513
77.211833
45.625174
-168.767365
-51.576283
270.851785
-48.982210
-208.594022
198.828099
28.534808
-194.555507
288.705113
-15.717033
-340.128804
177.312549
192.114026
-233.466609
-41.047397
221.259204
2.899259
-149.693296
-21.820735
-86.062201
149.235518
71.108130
-131.077004
-20.294810
49.134803
-47.761470
-42.878508
163.426626
-115.054786
-134.891818
56.917023
157.322924
-51.423691
-56.306653
25.940734
-56.001468
-236.976237
257.118455
280.312523
-261.848824
-288.094743
198.980691
282.906596
-222.327352
-141.148113
-84.231090
237.281423
60.121467
-203.100690
205.389579
-30.060733
-312.204367
153.050332
54.933320
38.453324
-123.447377
20.905180
88.503682
-30.060733
2.746666
-59.205911
-75.380722
-74.770352
220.648834
63.173318
-186.315509
-43.641471
136.417744
24.567401
-155.491813
0.152593
33.417769
-17.700736
146.488853
-58.442948
-86.825164
96.438495
-153.050332
56.001468
139.317002
-170.140698
58.748134
209.356985
-203.863653
-217.139205
354.472505
179.906622
-299.844370
-215.155502
201.116987
216.528835
-27.924438
-18.311107
-122.226636
-19.379254
-22.736291
253.914011
119.022193
-378.276943
-45.167396
299.844370
148.014778
-167.546625
-143.131816
-14.343700
142.674039
193.792544
-148.625148
-220.954019
208.288837
156.102183
-246.742161
129.398486
86.367386
-274.666598
-1.983703
339.060657
-121.921451
-129.245894
99.795531
-26.703697
-77.059240
27.771845
112.460713
18.463699
-273.598451
66.377761
256.508084
-201.422172
-3.357036
112.308120
-117.954045
-100.253308
129.093301
35.554065
-22.431106
-88.045904
0.305185
32.959992
120.395526
-132.145152
-124.210340
46.235544
135.959966
87.740719
-247.199939
-65.919984
220.496242
32.807399
-197.302173
18.921477
20.752587
10.376294
41.810360
46.082952
-111.697750
-101.931827
130.008857
52.034061
-74.465167
-86.977756
8.087405
193.792544
-1.373333
-243.690310
-38.758509
262.154009
-90.487385
-118.717008
229.651795
-163.274034
-150.761444
347.911025
-78.585166
-327.158437
204.779208
245.521420
-200.964395
-115.512564
91.708125
-11.597034
86.672571
68.666650
-222.937722
-44.709619
219.428094
49.745173
-19.684440
-154.728850
-114.291823
224.616241
88.808867
-78.585166
-82.705165
-47.303692
113.986638
150.914037
-22.125920
-305.185109
7.324443
359.202874
-68.971835
-216.376243
174.108105
10.986664
-37.537768
-25.482957
46.235544
9.613331
-57.222208
-39.979249
145.573297
52.186654
-128.330338
-41.810360
81.331832
16.327403
-138.706632
209.204392
-66.682946
-195.623655
196.234025
62.410355
-183.568843
119.327378
40.894805
-231.788091
-38.148139
365.611761
34.333325
-394.909532
79.500721
102.084419
53.407394
58.137763
-206.610319
-21.973328
57.832578
170.140698
22.125920
-260.170306
-21.973328
214.392539
9.155553
-167.851810
123.752562
-40.284434
-91.097755
57.222208
69.124427
22.583698
-75.228129
-72.176278
-76.448870
118.869600
116.580712
-0.915555
-134.586633
-144.810334
-7.934813
286.874003
41.505175
-249.794012
-122.837007
65.767391
194.402915
-20.752587
-73.549611
-116.885897
40.437027
23.651846
36.317028
17.548144
-99.795531
-0.762963
-8.545183
80.263684
34.180732
-57.069615
-34.028140
-44.709619
48.829618
35.859250
-21.820735
131.534782
-97.201457
-103.305160
125.888858
12.665182
108.493306
-50.965913
-209.814763
58.290356
309.305108
-27.466660
-143.131816
19.837032
-38.758509
54.933320
98.727383
-3.967406
2.899259
-95.828124
53.712579
164.342181
-203.711061
68.208872
164.952552
-213.019206
-82.552572
217.749576
-54.017764
10.986664
70.039983
-202.337728
-188.451805
247.962901
245.063643
-303.506591
-193.029582
175.634030
22.736291
-239.265126
262.001416
128.330338
-455.488776
-86.825164
267.799933
33.570362
-52.797024
23.194068
-224.463648
-105.136270
349.131765
35.554065
-197.302173
-99.490346
22.431106
84.994053
175.786623
-5.188147
-292.214742
-18.463699
422.376191
18.463699
-385.296201
151.219222
114.597009
3.357036
76.906648
-29.297771
-43.488878
56.459245
153.050332
-82.857757
-4.272592
30.671103
23.957031
67.293317
68.514057
-63.783688
-94.607384
116.122934
108.035529
-50.202950
-17.853329
2.746666
-59.358504
83.773313
3.662221
31.586659
-50.813321
-152.897740
125.278487
77.517018
-4.577777
-131.992560
-32.502214
-19.684440
41.047397
71.260723
-115.970342
-47.608877
3.662221
48.829618
-4.119999
-53.865172
-56.611838
-35.554065
-19.684440
70.802945
36.317028
-79.195536
-108.493306
6.866665
131.382190
-12.054812
-201.116987
-5.188147
122.531821
-77.211833
-66.682946
135.502189
-93.234051
-121.616266
79.805906
-46.693322
-44.099248
94.149606
-36.317028
-180.059215
4.577777
88.961459
48.371840
-207.831059
-82.705165
144.047372
-44.099248
-39.826657
28.229623
-82.705165
-64.241466
42.878508
41.047397
-122.379229
13.122960
158.543664
-98.574790
-94.607384
76.143685
142.826631
-51.423691
-21.515550
39.674064
-0.152593
148.625148
92.471088
-15.564441
-4.577777
168.919958
167.851810
-132.297745
72.634056
245.216235
-12.817775
33.112584
203.558468
-84.994053
158.391072
268.410304
-164.952552
16.174811
248.268086
65.767391
-188.909583
154.118480
141.300706
-84.536275
14.343700
67.903687
85.451831
-209.051800
68.361465
148.319963
-278.481412
-86.977756
223.395500
-170.903661
-284.585114
178.685882
-7.477035
-177.007363
-3.662221
19.531847
-269.936229
-102.847382
152.592555
-59.816281
-405.133233
-37.079991
161.595515
-78.279981
-156.254776
24.414809
-73.854796
-124.057747
59.053319
-25.788142
-187.688842
-5.035554
107.425159
-153.965888
-167.851810
76.754055
254.066604
-182.348103
-217.596983
-9.613331
158.238479
25.482957
-132.450337
-93.844421
-33.875547
77.669610
8.087405
32.959992
-108.951084
-97.354050
118.411822
123.447377
-177.312549
-63.936280
250.709567
-45.014804
-124.362932
75.380722
148.930333
28.992585
-66.835539
26.398512
102.237012
24.109624
128.482931
164.647367
-133.060708
-45.930359
229.346610
135.654781
21.668143
126.194043
-37.995546
-25.025179
267.494748
185.247361
-43.031100
-13.885922
10.681479
150.761444
138.248855
12.665182
68.666650
130.314042
-56.611838
-62.562947
181.432548
-5.493332
49.134803
132.450337
-187.536250
-171.361439
294.656223
182.042918
-285.348077
-216.223650
126.346635
80.874054
-140.079965
-22.431106
9.918516
-148.014778
-108.188121
34.638510
-108.035529
-164.952552
132.908115
-33.112584
-296.945111
-110.477010
197.149581
6.866665
-379.345091
-98.727383
198.980691
-66.682946
-227.973277
78.279981
65.919984
-209.051800
-7.782220
43.641471
-195.623655
88.656274
224.616241
-162.053293
-213.629577
89.266644
231.177720
-51.728876
-168.919958
21.362958
77.822203
-53.712579
99.642938
157.780702
-126.957006
-139.622188
115.359971
114.291823
-125.278487
28.382215
94.912569
-50.202950
0.915555
110.629602
23.499253
-208.746615
30.365918
200.354024
-27.161475
-66.225169
23.194068
40.589620
9.765924
-7.629628
85.146646
13.122960
-102.847382
-2.899259
111.087380
29.297771
46.082952
46.845914
-59.205911
-30.365918
27.466660
125.431080
36.164435
-34.028140
-52.339246
-0.610370
70.345168
100.100716
64.699243
-151.829592
-50.050358
92.623681
38.453324
55.848875
-67.445909
-66.072576
81.026647
20.599995
-27.771845
-0.915555
1.373333
-9.613331
-56.154060
-90.639977
115.207379
133.365893
-130.771819
-65.614799
46.388137
-38.300731
83.162942
42.878508
-196.386618
-43.794063
221.564389
33.112584
-85.909608
-42.420730
-68.514057
40.284434
67.751094
-33.417769
-43.641471
59.511096
32.044436
-119.632563
-39.826657
97.659235
3.967406
-33.722955
34.028140
-137.485892
-25.482957
204.626616
19.379254
-174.413290
-70.802945
11.749627
-8.850368
75.838500
65.919984
12.207404
-110.324417
-68.514057
10.376294
29.908141
-1.373333
20.447402
66.988132
-16.937774
-69.429612
36.011843
56.917023
-31.128881
-39.368879
-0.152593
-53.865172
-52.644431
160.527368
187.536250
-139.622188
-166.478477
9.765924
32.807399
-8.239998
-42.878508
92.318496
-27.008882
-32.044436
6.408887
-80.263684
-38.605916
69.582205
23.957031
-102.999974
28.229623
4.425184
49.439988
10.071109
-64.241466
2.441481
-83.010350
-10.071109
154.271073
55.696282
-52.797024
22.278513
38.453324
-60.731837
-15.869626
29.297771
-26.093327
37.079991
150.303666
48.524432
-110.171824
-89.114052
147.251815
49.439988
-97.659235
-14.648885
-39.521472
3.357036
131.077004
69.887390
-104.983678
9.308146
-29.908141
-51.271098
-7.477035
-85.299238
156.102183
139.164410
-132.297745
-114.444416
23.194068
68.208872
22.736291
28.534808
-145.268112
-61.647392
139.011817
98.422198
-53.407394
-94.759976
22.736291
92.928866
-48.982210
-141.453298
94.759976
96.133309
-34.943695
36.469621
13.122960
-153.355517
-37.385176
200.354024
2.594073
-86.825164
5.493332
36.164435
41.352582
-55.696282
-0.762963
60.121467
-36.927398
-63.478503
38.148139
-37.995546
55.391097
154.271073
-78.127388
-66.072576
-48.524432
-44.404433
132.602930
74.312574
-115.665156
-77.517018
51.881469
61.037022
7.477035
-42.115545
-20.142217
-90.639977
77.669610
113.223676
-189.977731
-52.797024
127.567376
-5.951110
-2.288888
-0.152593
-124.515525
-69.429612
152.592555
109.256269
-96.133309
-95.370347
3.509629
25.940734
-4.272592
27.314067
7.171850
-6.561480
14.038515
-40.894805
-14.648885
3.051851
16.937774
50.813321
-74.922944
-57.069615
41.657767
62.868133
-6.103702
-48.524432
17.853329
-28.534808
-19.837032
14.496293
-108.340714
74.922944
188.299212
-91.402940
-164.036996
33.875547
99.185161
-36.927398
-4.882962
13.275552
-39.979249
64.851836
40.284434
-68.819242
-24.719994
57.374801
36.011843
23.041476
-90.792570
-35.096288
70.192575
101.321456
20.752587
-134.434041
-9.765924
117.954045
17.700736
-49.745173
-0.152593
-37.995546
48.219247
123.447377
-68.819242
-144.352557
53.865172
165.410329
3.051851
-79.042943
-38.605916
-12.054812
11.597034
112.765898
-91.708125
-56.764430
121.005896
29.908141
-39.979249
-87.130349
-13.122960
57.527393
104.068122
-44.404433
-99.948123
-32.959992
78.585166
114.444416
-33.722955
-137.485892
53.559987
59.663689
-72.176278
57.679986
-30.518511
-12.665182
51.118506
28.687400
-39.674064
-47.151099
30.060733
-1.068148
10.528886
54.780727
-0.610370
-52.949616
-24.719994
47.608877
-27.008882
-44.251841
128.635524
-3.051851
-141.148113
-24.414809
119.327378
38.300731
-157.475516
-31.891844
101.931827
1.068148
-49.592580
-111.239972
21.820735
121.616266
-27.008882
-46.540729
-48.982210
-66.530354
-33.875547
92.928866
41.505175
-87.893312
-4.272592
65.462206
-5.798517
-119.632563
-74.922944
106.814788
117.496267
-83.315535
-36.774806
45.930359
-62.562947
20.294810
99.642938
-49.134803
-66.377761
20.447402
79.348128
-14.496293
-60.579244
58.290356
131.229597
-34.791102
-182.348103
46.998507
97.048865
-29.297771
49.592580
7.019258
-100.100716
57.527393
125.583673
-105.594048
-107.272566
65.767391
95.675532
-19.531847
-31.739251
-40.589620
-30.823696
56.001468
26.703697
0.610370
30.060733
-37.079991
-90.945163
94.149606
55.543690
-124.210340
-32.654807
126.651820
24.719994
-55.543690
40.894805
-19.074069
-86.519979
65.309613
130.619227
-46.540729
-109.714047
-76.906648
125.431080
119.174785
-137.485892
-2.594073
118.869600
-48.219247
-16.022218
46.693322
-116.122934
-22.431106
148.930333
-25.635549
-96.591087
26.551105
89.877015
-16.327403
-0.762963
61.037022
-120.242933
-69.429612
115.207379
-46.540729
-71.260723
117.801452
85.146646
-83.468127
-78.737758
40.284434
67.751094
-78.890351
-30.365918
30.823696
-84.231090
46.693322
153.355517
-71.718501
-81.942202
61.494800
2.441481
-89.266644
4.119999
105.288863
-77.059240
-83.925905
80.111091
60.274059
18.158514
-40.131842
-76.906648
-1.983703
62.715540
11.749627
-79.653314
1.373333
-13.580737
11.749627
97.201457
36.774806
-113.834046
-72.023686
142.216261
20.294810
-151.524407
-12.207404
98.269605
-15.259255
-5.035554
50.813321
-18.158514
14.038515
-9.308146
-38.605916
8.850368
0.457778
32.807399
-64.088873
-72.176278
117.191082
97.964420
-32.044436
-98.269605
-44.099248
83.468127
49.287395
-46.540729
-38.911101
-44.404433
13.580737
78.737758
32.654807
-61.647392
10.071109
74.465167
-29.755548
-54.322949
-33.265177
32.197029
13.580737
-77.211833
44.251841
114.902194
-23.041476
14.496293
-36.469621
-38.758509
-13.580737
34.943695
3.967406
-95.065162
-34.791102
107.272566
174.413290
-62.868133
-179.906622
10.681479
143.589594
-27.466660
-126.041450
21.515550
0.305185
18.311107
113.834046
9.002961
-95.980717
-31.128881
53.407394
-6.103702
10.986664
-58.290356
-9.613331
42.268138
15.106663
74.007389
-74.922944
-35.706658
70.802945
-46.845914
-80.416276
84.688868
67.903687
-19.989625
-67.598502
-13.733330
37.232583
20.752587
-46.082952
48.066655
33.265177
-118.869600
5.645925
130.314042
1.068148
-125.888858
-23.346661
73.549611
25.788142
12.359997
-0.305185
-92.471088
-38.911101
110.782195
66.377761
-64.699243
-38.453324
-50.355543
45.625174
98.269605
-75.533315
-75.685907
94.912569
-6.103702
-43.946656
75.685907
-34.943695
-68.208872
44.862211
-19.074069
-3.509629
78.432573
26.093327
-43.794063
-90.334792
-19.989625
92.776273
36.011843
-67.903687
-78.127388
69.124427
127.109598
9.155553
-125.125895
-61.189614
32.044436
0.457778
73.549611
25.177772
-55.238505
-34.943695
48.219247
26.398512
-56.917023
-12.817775
27.924438
26.856290
-6.561480
-19.684440
31.281474
10.834071
-71.871093
-38.758509
22.125920
45.472581
83.468127
-12.207404
-40.437027
-20.599995
-16.022218
-29.297771
2.899259
-9.155553
34.791102
87.740719
-1.220740
-99.185161
-21.057773
29.602956
85.604423
-27.314067
-130.466634
86.519979
84.536275
-66.225169
-74.770352
46.235544
-8.697776
19.684440
49.592580
9.918516
-41.657767
-13.580737
38.453324
-54.475542
-102.084419
25.330364
135.807374
58.595541
-26.093327
-123.599969
24.414809
114.597009
-103.305160
-115.665156
54.780727
84.231090
46.235544
25.025179
-91.402940
-79.805906
71.565908
53.102209
3.051851
-42.420730
-64.699243
46.845914
105.899233
-101.016271
-82.094794
95.980717
7.324443
5.798517
56.611838
-35.401473
-64.394058
10.986664
30.518511
-67.903687
-34.333325
115.359971
20.447402
-43.641471
52.797024
-47.608877
-22.278513
46.388137
-77.211833
-22.431106
47.608877
18.005921
28.382215
26.856290
-64.546651
-39.216287
56.611838
2.441481
12.207404
45.014804
-67.598502
-89.571830
44.251841
75.685907
-32.502214
4.272592
-0.152593
7.019258
37.995546
-18.768884
6.561480
-14.954070
-101.931827
-38.911101
85.451831
86.672571
18.158514
-6.256295
-11.291849
-108.645899
12.359997
79.805906
-70.039983
-10.528886
81.179239
-7.629628
-32.044436
49.439988
-32.654807
-36.469621
41.657767
-22.583698
-49.897765
57.679986
66.377761
-13.580737
-54.017764
-66.072576
50.202950
62.562947
-48.524432
-16.174811
102.389604
-21.668143
-93.386643
19.379254
-37.232583
-13.275552
159.459220
-1.678518
-123.294784
27.771845
45.625174
-34.791102
-42.725915
-6.408887
10.071109
38.758509
41.352582
4.425184
-44.709619
-3.051851
19.379254
-65.462206
-32.502214
24.262216
54.933320
84.231090
-23.499253
-86.672571
-25.330364
3.509629
17.853329
64.088873
-34.180732
-76.448870
71.565908
60.426652
-48.066655
-38.300731
-2.746666
-29.602956
-8.392591
48.982210
82.399980
10.681479
-88.198497
-18.005921
-4.882962
-11.139256
-11.749627
12.359997
71.413316
-12.207404
-11.291849
62.410355
-45.472581
-69.124427
23.346661
-16.327403
-43.031100
43.794063
68.971835
6.103702
1.373333
-11.291849
-43.794063
0.610370
17.090366
-41.505175
-12.054812
34.485917
52.949616
4.272592
-23.804439
-10.834071
-39.826657
-9.155553
33.417769
23.041476
39.674064
-10.071109
-75.228129
20.905180
42.115545
-37.995546
-54.322949
9.613331
33.875547
58.290356
46.540729
-38.605916
-23.804439
15.564441
-48.524432
-69.277020
-17.242959
81.026647
70.650353
-14.801478
-5.645925
27.008882
-19.837032
-30.671103
0.457778
-64.546651
-25.330364
81.484424
41.505175
-41.810360
17.242959
52.186654
-18.768884
-65.157021
-30.060733
21.820735
36.011843
-27.314067
-25.025179
83.010350
18.921477
-68.971835
12.359997
-8.087405
-55.543690
26.093327
53.407394
15.717033
-25.482957
-25.940734
26.398512
21.668143
-53.254802
-43.336286
34.333325
11.902219
2.288888
50.202950
13.428145
-41.199990
-7.477035
8.087405
-41.657767
-25.025179
-18.005921
39.979249
99.032568
9.460738
-44.404433
-48.829618
-12.207404
18.005921
-36.317028
-6.256295
53.407394
9.308146
-4.272592
37.995546
7.934813
-50.202950
-24.719994
-7.782220
-42.725915
32.654807
80.874054
3.967406
-21.362958
-5.798517
-0.915555
-8.697776
-19.074069
-32.197029
-14.191108
56.764430
55.696282
-1.983703
-15.411848
-30.671103
-9.308146
-12.207404
-41.352582
47.303692
36.317028
-38.758509
49.745173
39.674064
-69.429612
-4.730369
32.349622
-78.585166
-36.164435
55.238505
41.657767
36.011843
6.714072
-40.437027
-8.697776
23.346661
-45.625174
-49.897765
-2.746666
8.545183
96.743680
79.500721
-59.053319
-62.715540
0.457778
18.768884
-30.518511
-58.748134
21.973328
48.524432
19.226662
48.677025
21.668143
-50.355543
-31.891844
-18.921477
-45.167396
-6.103702
31.586659
29.297771
57.222208
30.365918
-48.219247
-17.853329
4.730369
-47.914062
-33.112584
-2.136296
5.493332
63.631095
77.059240
-4.882962
-49.439988
-20.599995
-6.561480
-23.041476
-35.554065
-23.804439
58.748134
92.318496
-6.103702
-42.878508
-4.119999
-0.152593
-24.414809
-42.573323
3.357036
15.869626
0.152593
71.871093
72.023686
-75.991092
-80.111091
46.693322
4.577777
-62.562947
10.223701
21.820735
-6.866665
73.854796
59.053319
-75.838500
-48.982210
29.297771
-23.499253
-29.755548
1.831111
-9.460738
43.336286
79.195536
2.288888
-55.085912
-17.090366
1.831111
-23.499253
-17.853329
-7.171850
-8.697776
22.431106
73.549611
46.540729
-41.047397
-49.134803
-0.305185
7.477035
-21.668143
-43.794063
-17.090366
27.771845
63.020725
72.328871
-6.866665
-71.565908
-7.019258
26.856290
-43.794063
-51.881469
-7.782220
-6.408887
63.173318
106.204418
-15.717033
-57.374801
34.485917
16.174811
-80.263684
-57.069615
21.210365
-12.054812
-8.545183
108.645899
59.816281
-57.374801
0.000000
20.599995
-32.807399
-27.314067
-51.271098
-42.420730
49.287395
48.219247
6.408887
57.679986
36.622213
-63.631095
-22.736291
20.752587
-63.173318
-54.475542
15.869626
14.496293
51.118506
74.007389
0.152593
-39.826657
6.866665
21.515550
-65.462206
-83.010350
14.496293
10.528886
0.610370
88.961459
55.848875
-27.771845
-1.678518
0.305185
-30.976289
-39.368879
-56.154060
-18.311107
30.518511
11.902219
45.930359
86.825164
3.204444
-42.573323
6.561480
-24.262216
-72.634056
-33.417769
-15.564441
-1.220740
66.835539
63.478503
5.645925
14.038515
21.362958
-19.074069
-46.845914
-56.611838
-39.826657
-3.662221
9.155553
30.823696
58.595541
38.300731
13.122960
10.834071
-21.210365
-51.118506
-38.300731
-23.651846
-16.174811
-3.051851
19.379254
51.881469
54.933320
24.872586
-2.288888
-31.281474
-33.112584
-14.038515
-43.336286
-44.099248
20.142217
26.245919
31.739251
69.429612
7.171850
-18.921477
42.420730
-38.605916
-100.863679
8.087405
0.000000
-54.017764
57.679986
74.922944
-12.512589
30.213326
44.862211
-27.161475
-26.245919
-27.924438
-54.933320
-14.801478
10.223701
-2.746666
29.908141
53.254802
23.041476
13.733330
18.921477
-17.548144
-46.540729
-32.197029
-23.194068
-20.752587
0.610370
19.684440
42.115545
52.339246
16.327403
-0.152593
7.019258
-36.774806
-52.491839
-16.327403
-28.687400
-22.278513
29.450363
31.891844
41.505175
56.917023
-1.068148
-19.074069
8.545183
-44.251841
-70.345168
-14.496293
-9.613331
-11.749627
40.437027
56.917023
33.265177
17.242959
3.357036
-11.139256
-28.382215
-44.099248
-43.488878
-26.856290
9.460738
28.992585
18.158514
28.687400
42.115545
21.362958
-3.509629
-26.703697
-36.774806
-28.534808
-36.011843
-19.226662
22.888883
9.155553
12.054812
68.971835
42.878508
-19.074069
-3.509629
-17.853329
-56.154060
-23.957031
-19.226662
-35.248880
25.940734
42.878508
8.697776
54.170357
50.813321
-31.434066
-12.512589
5.645925
-63.020725
-40.742212
8.239998
-32.654807
-4.119999
57.985171
18.463699
21.515550
64.394058
-1.220740
-36.317028
11.291849
-27.466660
-65.919984
-8.545183
-5.493332
-21.210365
47.761470
49.134803
-3.204444
35.554065
30.518511
-34.943695
-2.899259
-3.662221
-74.770352
-17.395551
37.537768
-27.161475
-0.152593
61.342207
3.051851
2.441481
60.579244
-5.035554
-54.322949
3.814814
-13.275552
-60.121467
-0.305185
20.142217
-19.074069
32.349622
56.459245
-1.831111
16.327403
22.888883
-49.134803
-33.417769
-1.525926
-42.725915
-15.869626
24.567401
3.509629
29.755548
37.690361
-3.662221
17.548144
14.801478
-39.368879
-21.515550
-5.188147
-28.534808
-3.662221
10.528886
-8.850368
13.885922
26.856290
2.899259
9.155553
16.022218
-5.035554
-11.597034
-9.460738
-16.632588
-14.648885
-8.545183
-7.171850
1.373333
13.275552
17.242959
19.074069
12.207404
-1.220740
-1.068148
-2.594073
-20.599995
-17.090366
-0.610370
-11.749627
-5.340739
22.278513
6.714072
-3.051851
25.025179
9.765924
-14.191108
6.103702
-5.493332
-23.957031
2.441481
-0.762963
-18.768884
10.223701
17.242959
-4.119999
12.665182
16.937774
-11.902219
-2.746666
12.512589
-17.090366
-17.395551
12.970367
-5.798517
-13.580737
18.616292
-0.610370
-16.479996
24.262216
9.460738
-21.820735
16.327403
10.986664
-21.973328
9.460738
5.340739
-24.414809
6.561480
7.782220
-14.954070
10.223701
7.782220
-10.681479
10.681479
4.425184
-8.239998
9.460738
-1.525926
-6.714072
12.665182
-6.714072
-11.749627
12.054812
-10.528886
-14.191108
19.531847
-5.645925
-18.463699
29.755548
9.613331
-27.619252
21.820735
15.564441
-37.842954
8.545183
15.411848
-45.930359
6.103702
37.995546
-33.722955
-1.068148
46.235544
-22.278513
-9.460738
39.063694
-22.583698
-27.771845
26.398512
-10.528886
-25.788142
16.937774
4.882962
-5.035554
14.954070
4.577777
-2.746666
4.882962
-5.188147
-7.629628
-6.256295
-7.782220
6.103702
7.477035
-3.204444
5.188147
8.239998
-2.899259
-3.357036
-2.288888
-7.934813
-6.561480
6.561480
9.765924
-2.136296
1.831111
9.918516
-6.256295
-8.239998
3.204444
-10.986664
-9.918516
11.902219
1.678518
-2.899259
15.564441
1.220740
-11.291849
9.002961
3.509629
-12.512589
1.983703
5.645925
-6.714072
0.762963
5.951110
-5.035554
-6.561480
1.831111
6.866665
3.051851
-4.119999
4.577777
9.155553
-9.002961
-4.272592
9.613331
-14.496293
-12.512589
20.752587
0.610370
-17.700736
17.548144
9.155553
-23.194068
9.308146
15.717033
-24.262216
1.678518
29.908141
-15.717033
-13.122960
27.466660
-11.749627
-27.924438
23.651846
1.220740
-27.619252
26.703697
17.548144
-28.077030
13.885922
18.921477
-28.229623
-0.610370
15.869626
-17.548144
-0.762963
18.005921
-4.577777
-5.035554
5.188147
0.152593
-6.866665
-6.866665
4.425184
3.204444
-4.730369
12.207404
8.545183
-11.597034
7.019258
4.119999
-24.262216
0.000000
9.918516
-18.311107
3.814814
18.768884
-13.122960
0.610370
20.142217
-9.765924
-11.597034
12.970367
-1.373333
-14.801478
6.103702
7.171850
-15.106663
-2.746666
15.717033
-9.765924
-9.918516
20.905180
0.152593
-13.122960
19.379254
3.357036
-18.463699
10.071109
0.457778
-20.752587
7.171850
3.967406
-12.970367
10.834071
8.239998
-7.629628
10.528886
4.272592
-12.359997
5.188147
0.305185
-12.970367
4.882962
3.357036
-7.934813
8.087405
7.171850
-7.019258
4.119999
4.425184
-8.850368
0.152593
2.136296
-6.866665
2.441481
5.493332
-3.662221
3.357036
4.425184
-6.408887
1.373333
1.525926
-9.308146
1.373333
4.730369
-6.408887
3.967406
9.002961
-3.967406
2.136296
6.103702
-6.408887
-4.730369
1.525926
-3.814814
-3.662221
2.899259
5.188147
0.610370
-0.152593
6.256295
-1.068148
-9.308146
5.340739
0.915555
-12.970367
8.545183
8.697776
-14.801478
8.545183
14.343700
-18.158514
3.204444
15.869626
-20.599995
-2.441481
17.853329
-15.564441
-3.509629
20.599995
-9.155553
-5.035554
17.090366
-6.561480
-8.392591
10.376294
-2.746666
-7.171850
5.798517
1.831111
-3.204444
1.220740
2.594073
-1.220740
-3.357036
0.152593
0.915555
-3.204444
-0.457778
2.746666
-0.305185
-1.220740
0.305185
1.678518
-2.594073
-5.340739
2.746666
0.000000
-8.850368
5.035554
6.561480
-9.155553
3.967406
9.002961
-11.444442
-1.678518
9.308146
-10.834071
-3.662221
11.597034
-5.645925
-2.899259
11.139256
-2.746666
-5.035554
5.798517
-2.746666
-5.645925
3.204444
1.220740
-0.610370
4.425184
3.967406
0.152593
0.457778
-0.457778
-3.357036
-2.746666
-1.831111
-1.220740
0.762963
1.831111
1.373333
3.357036
1.983703
-2.136296
-0.152593
-0.610370
-4.577777
-0.915555
0.762963
-3.357036
1.220740
3.051851
-1.831111
0.610370
2.288888
-1.068148
0.915555
2.288888
-0.457778
2.288888
1.068148
-1.678518
1.068148
-1.525926
-2.594073
1.678518
-0.762963
-1.373333
3.509629
0.305185
-0.457778
2.899259
-0.152593
-1.373333
1.373333
-1.373333
-0.457778
0.915555
-1.831111
1.068148
0.610370
-1.831111
2.746666
1.525926
-2.746666
3.662221
1.373333
-4.425184
3.051851
2.288888
-5.340739
1.983703
2.441481
-5.798517
0.305185
3.509629
-3.814814
0.305185
4.882962
-2.441481
-1.220740
3.509629
-1.220740
-2.899259
2.288888
0.305185
-3.357036
0.915555
1.373333
-3.204444
-0.762963
3.204444
-2.136296
-2.136296
4.272592
0.152593
-3.814814
3.204444
1.678518
-5.951110
0.610370
2.899259
-6.103702
-1.373333
4.882962
-3.357036
-3.509629
6.256295
-0.610370
-5.035554
5.188147
1.220740
-6.714072
3.051851
2.899259
-6.408887
1.983703
3.662221
-4.577777
0.610370
2.899259
-2.594073
0.305185
2.441481
-0.915555
0.152593
0.457778
-0.305185
0.305185
-0.152593
0.762963
0.610370
0.000000
1.220740
0.000000
-0.305185
0.152593
-1.678518
0.915555
1.220740
-1.678518
2.594073
2.136296
-2.746666
3.509629
2.746666
-3.509629
3.051851
2.594073
-4.577777
1.678518
3.051851
-3.967406
0.305185
2.899259
-2.594073
-1.220740
3.204444
-0.610370
-3.051851
1.831111
1.220740
-4.577777
1.220740
2.899259
-5.493332
0.305185
5.035554
-5.798517
-0.152593
7.171850
-5.188147
-1.525926
6.714072
-5.035554
-3.357036
6.561480
-3.967406
-2.441481
6.103702
-2.899259
-2.288888
4.119999
-2.594073
-3.051851
2.746666
-1.983703
-2.288888
2.288888
-1.373333
-1.678518
3.204444
-0.610370
-1.983703
3.509629
0.000000
-2.899259
2.594073
0.915555
-2.899259
1.983703
1.373333
-3.509629
1.220740
3.051851
-2.594073
0.000000
3.509629
-1.831111
-2.136296
3.204444
-1.068148
-3.204444
2.899259
0.457778
-4.119999
2.899259
2.441481
-4.882962
1.831111
2.594073
-5.645925
0.610370
3.357036
-5.798517
0.000000
5.188147
-4.882962
-0.457778
6.256295
-4.119999
-1.983703
6.408887
-2.441481
-3.509629
5.798517
-0.762963
-4.577777
4.730369
0.762963
-4.425184
3.509629
1.831111
-3.814814
2.594073
2.441481
-3.204444
1.831111
2.594073
-1.983703
0.457778
0.915555
-0.610370
0.610370
-0.762963
0.305185
1.831111
-2.441481
0.000000
3.204444
-2.899259
-0.762963
5.188147
-2.746666
-3.204444
5.493332
-1.373333
-4.577777
5.951110
0.457778
-6.256295
4.272592
2.441481
-6.256295
2.594073
4.119999
-5.951110
0.152593
4.272592
-5.798517
-0.762963
5.035554
-4.272592
-1.068148
5.798517
-3.662221
-2.136296
5.798517
-3.357036
-2.899259
5.798517
-2.746666
-3.967406
5.188147
-1.373333
-4.730369
4.730369
0.152593
-5.035554
3.814814
1.831111
-4.577777
2.136296
2.288888
-4.577777
1.220740
3.509629
-3.814814
-0.457778
4.272592
-2.746666
-0.762963
4.272592
-3.051851
-1.525926
4.272592
-2.441481
-3.051851
3.509629
-1.220740
-2.288888
4.119999
-0.610370
-1.983703
3.662221
-0.305185
-1.831111
2.594073
-0.610370
-1.678518
2.441481
-0.305185
-1.373333
1.220740
-0.915555
-1.373333
0.915555
-0.915555
-1.068148
0.457778
-1.220740
-0.305185
0.762963
-0.762963
0.457778
0.915555
-1.373333
1.220740
1.525926
-1.525926
0.457778
1.983703
-1.983703
0.000000
3.509629
-1.220740
-1.068148
3.967406
-0.610370
-2.441481
3.204444
1.220740
-2.594073
1.678518
1.525926
-3.509629
0.457778
1.983703
-2.441481
-0.915555
3.357036
-1.220740
-2.288888
2.594073
-0.915555
-3.357036
2.746666
0.305185
-4.119999
2.288888
1.068148
-3.662221
1.831111
2.288888
-3.051851
0.610370
2.441481
-3.204444
0.000000
3.509629
-2.441481
-1.831111
3.204444
-1.220740
-1.831111
3.204444
0.000000
-2.136296
1.983703
0.915555
-2.441481
0.915555
1.678518
-1.983703
0.000000
1.831111
-1.068148
-0.915555
1.220740
-0.457778
-1.220740
0.762963
0.152593
-0.915555
0.000000
0.152593
-1.068148
0.000000
0.610370
-0.762963
-0.152593
0.457778
0.152593
-0.457778
0.610370
0.762963
0.152593
0.457778
0.610370
-0.305185
-0.152593
0.000000
0.152593
-0.305185
-0.305185
-0.610370
-0.457778
0.000000
0.000000
0.000000
-0.610370
0.305185
0.305185
-0.457778
0.915555
1.220740
0.000000
0.610370
0.610370
-0.610370
0.152593
0.457778
-0.457778
0.000000
0.762963
-0.610370
0.457778
1.068148
-0.610370
0.305185
0.305185
-0.610370
0.152593
0.762963
-0.305185
0.000000
0.915555
-0.305185
-0.152593
0.000000
-0.457778
-0.610370
-0.457778
-0.457778
-0.610370
0.152593
-0.152593
-0.152593
0.305185
-0.457778
-0.610370
-0.762963
-0.457778
-0.915555
-1.068148
-0.915555
0.152593
-0.305185
-1.220740
0.610370
0.152593
-1.525926
0.915555
1.220740
-1.678518
0.457778
1.373333
-1.220740
-0.152593
1.831111
-0.915555
-0.610370
1.678518
-0.915555
-0.915555
1.831111
0.152593
-1.525926
1.220740
1.220740
-1.373333
0.152593
1.373333
-0.762963
-0.610370
1.525926
-0.152593
-0.762963
1.068148
0.305185
-1.068148
0.610370
1.373333
-0.457778
0.152593
1.068148
-0.915555
-0.610370
1.525926
0.305185
-0.762963
1.068148
0.610370
-1.068148
0.610370
0.915555
-0.762963
0.000000
0.762963
-0.305185
0.000000
0.762963
0.305185
-0.305185
0.305185
1.525926
0.000000
0.000000
0.305185
0.000000
0.152593
0.457778
0.610370
-0.152593
-0.305185
0.000000
-0.457778
-0.762963
-0.152593
-0.610370
-0.915555
-0.305185
-0.610370
-1.678518
-0.152593
0.305185
-1.831111
-0.762963
0.457778
-1.983703
-0.457778
0.915555
-1.220740
0.000000
1.068148
-0.762963
-0.152593
0.762963
-0.152593
0.000000
0.762963
-0.762963
0.000000
0.152593
0.000000
0.915555
0.915555
-0.152593
0.457778
0.457778
-0.305185
0.152593
0.000000
0.000000
0.152593
-0.457778
-0.305185
0.457778
-0.305185
-0.610370
1.068148
-0.457778
-0.762963
-0.305185
-0.762963
-0.457778
0.000000
0.305185
0.000000
-0.457778
0.000000
-0.610370
