0.487092
0.649456
0.324728
0.000000
-0.162364
0.487092
0.487092
0.324728
0.000000
0.324728
-0.324728
-0.487092
0.000000
-0.487092
0.324728
0.162364
-0.162364
0.000000
0.324728
0.324728
0.324728
0.487092
0.162364
-0.324728
-0.487092
0.487092
-0.487092
-1.136548
-0.649456
-0.324728
0.487092
-0.162364
-0.487092
-0.324728
0.162364
0.000000
-0.324728
0.000000
-0.324728
-0.487092
-0.487092
-0.974184
-0.649456
-0.162364
-0.324728
-0.324728
0.000000
-0.162364
-0.487092
0.162364
0.487092
0.000000
-0.324728
0.324728
0.487092
0.162364
0.811820
0.649456
-0.324728
-1.136548
-0.811820
-0.974184
-0.811820
-0.162364
-0.487092
-1.948368
-2.110732
-0.649456
0.974184
-0.974184
0.487092
0.649456
-3.409644
0.000000
1.461276
0.487092
-0.974184
-3.409644
-3.247280
-2.435460
-1.461276
-5.520377
-3.896737
-1.948368
-2.597824
-3.409644
-1.948368
-5.358013
-4.546193
-4.059101
-0.974184
3.247280
1.136548
-0.324728
2.435460
1.948368
0.974184
5.033285
-3.572008
2.922552
-0.487092
4.546193
7.631109
2.435460
5.520377
-1.786004
8.930021
11.040753
0.162364
7.793473
3.896737
8.118201
-3.247280
5.195649
5.682741
13.638578
16.074038
-1.298912
8.930021
-16.236402
4.221465
-8.280565
16.723494
-6.007469
7.144017
10.878389
-11.852574
-6.981653
-22.893327
-25.978243
7.955837
9.579477
-25.653515
-2.110732
-34.908265
4.546193
74.525086
932.456572
-223.250529
-485.143695
1013.476219
1811.657746
302.808899
-1593.440502
12.014938
-471.505117
-944.146782
176.327327
-361.747039
-865.887324
-411.917521
-291.605782
61.048872
-216.593604
-615.034911
-138.983602
690.371817
-256.535153
-494.723172
813.930837
-335.281703
-578.827735
179.574607
393.245659
316.285113
709.043679
1871.245341
621.204744
75.499270
613.735999
2.273096
930.995296
826.270503
-754.992697
-247.767496
27.764248
-799.805167
-609.839263
-324.728042
-1054.391952
214.645236
1108.946263
-218.379608
291.930510
-106.023706
-953.401531
-587.108300
-142.230882
-359.961034
-564.539701
-348.433189
-503.328465
-655.138825
-741.678848
-542.945286
-7.468745
-140.444878
-102.938789
314.174381
179.087515
-29.712616
-130.378309
90.923852
119.175191
277.642476
366.780323
576.717002
641.337883
64.296152
-21.269687
416.788442
317.746389
171.456406
479.136226
550.414031
58.126319
93.359312
252.963145
250.852412
1520.376692
300.211075
-1.461276
946.744606
143.205066
30.686800
109.758078
-396.168211
-608.702715
-856.307846
-532.878717
-114.466635
-808.897552
-1061.373605
116.577367
-461.276184
-948.043518
455.755807
-304.757267
-362.721223
122.422472
-207.663583
-29.387888
296.639066
1.136548
-81.344374
559.993508
367.429779
-221.302161
659.197925
576.879366
-194.512097
328.137686
310.277644
104.562429
-49.033934
157.655464
257.022245
-72.576717
103.263517
2.597824
-15.749310
368.403964
-221.139797
-102.451697
295.177790
39.454457
-247.442768
-25.166423
268.225363
-555.447316
-329.436598
-47.085566
-145.640527
-91.898036
-295.015426
-57.639227
42.214645
-415.164802
124.208476
160.578017
172.755318
-246.143856
29.550252
-176.976783
94.495860
373.924340
-69.329437
764.085083
129.566489
-197.109921
264.328626
194.674461
-150.511447
-265.789902
-168.209126
-90.761488
-439.844133
-280.727392
-546.192566
296.151974
5.358013
-324.078586
124.695568
-116.252639
-397.954215
-226.660173
-75.336906
-469.069657
-77.610002
-354.765386
-157.817828
289.332685
-357.525574
-421.821726
264.653354
117.876279
97.256049
206.689399
269.037183
66.082157
81.831467
537.100181
530.605620
133.463225
141.581426
294.690698
233.641826
208.150675
28.738432
-6.494561
101.477513
179.412243
-3.247280
170.644586
205.877579
-214.645236
-79.720734
-2.273096
78.908914
133.463225
-117.551551
-17.860042
-35.395357
-280.077936
-11.852574
358.986850
-7.955837
-136.710506
110.082806
-130.215945
252.313689
239.486931
-265.465174
-63.809060
15.262218
-248.416952
87.676571
420.847542
-8.118201
-56.827407
36.856633
87.027115
81.506739
222.925801
65.270336
-223.088165
130.540673
137.197598
-27.439520
81.993831
48.871570
-205.228122
-312.063648
300.048711
182.010067
-230.232182
-1.948368
-164.961845
-234.616010
-56.665043
60.399416
110.732262
76.311090
-295.177790
-112.842995
213.508688
-155.544732
-149.861991
-18.509498
-116.577367
-54.229583
-292.742330
-93.034584
245.656764
-288.845593
-509.173570
178.438059
35.882449
-256.535153
-54.229583
-4.546193
-113.979543
-529.144344
79.071278
382.691997
-329.436598
-215.457056
180.873519
-216.755968
-87.676571
117.064459
-330.573147
-17.048222
303.458355
-431.238840
-351.355741
336.905343
-156.681280
-661.633385
56.340315
291.281054
-576.717002
-234.128918
431.401204
-277.642476
-425.069007
198.408834
-286.734861
-98.392597
403.149864
-265.789902
-73.550901
264.815718
-203.929210
-159.603833
308.004548
85.403475
-76.148726
310.115280
169.020946
38.317909
382.529633
85.565839
-62.672512
510.147754
325.539862
14.937490
500.893005
358.175030
-207.338855
297.126158
443.416141
87.351843
362.883587
485.793151
103.588245
191.751909
378.795261
126.968664
184.932620
329.274234
81.344374
84.429291
433.999028
125.345024
-145.802891
182.659524
193.213185
-55.366131
181.035883
361.422311
246.793312
144.666343
88.813119
-9.741841
98.717325
56.015587
-89.949668
195.648645
91.898036
-237.538563
-205.228122
-29.225524
-46.923202
-92.385128
-98.392597
-138.658874
62.834876
75.661634
-257.509337
-107.322618
-113.979543
-458.028903
-298.262706
22.568599
-81.019646
-248.416952
-231.855822
-339.016076
-289.007957
-217.567788
-176.002599
-237.376199
-337.717164
-279.753208
-322.292582
-345.997729
-385.614550
-456.080535
-547.004387
-432.375388
-69.329437
-135.249229
-264.166262
-171.781134
-262.055530
-306.380908
-68.842345
232.180550
70.465985
-77.610002
-22.243871
-108.134438
-83.292743
118.363371
119.987011
-193.050821
-81.669103
176.489691
84.104563
148.563079
137.847054
-138.983602
-64.458516
232.830006
294.528334
253.937329
245.656764
45.624290
-124.046112
67.218705
237.700927
207.014127
40.591005
-93.846404
-15.586946
-5.845105
-62.185420
-56.340315
-22.081507
52.118851
-59.912324
55.690859
459.003087
242.409483
-268.550091
31.660984
374.898524
71.927261
86.377659
281.052120
119.987011
44.163014
74.687450
77.285274
250.527684
241.435299
5.682741
312.875468
571.358990
129.079397
-40.591005
289.657413
300.860531
-23.055691
177.463875
438.382857
115.603183
-24.841695
57.801591
9.904205
9.254749
-6.169833
-65.270336
12.014938
130.215945
-97.580777
-282.675760
-18.834226
-44.325378
-395.843483
-257.022245
172.430590
133.300861
-56.665043
100.016237
177.626239
-10.066569
-88.975483
166.910214
371.164152
176.002599
18.834226
-14.125670
-117.389187
-116.090275
-83.942199
-242.084755
-432.537752
-412.404613
-464.848192
-445.689237
-215.781784
-415.976622
-700.600750
-537.749637
-394.057479
-335.444067
-210.910863
-254.424421
-309.628188
-86.864751
119.337555
221.139797
332.034423
196.947557
-8.118201
97.743141
345.997729
420.685178
410.618609
410.456245
246.468584
137.684690
232.018186
176.814419
33.446988
-28.738432
-208.150675
-336.580615
-197.109921
-146.614711
-354.765386
-493.586624
-451.209614
-453.157982
-424.581915
-206.364671
-38.805001
-129.566489
-257.996429
-131.352493
17.535314
-41.240461
3.896737
124.208476
-4.383829
-74.037994
117.226823
203.766846
210.910863
257.996429
158.792012
151.810360
273.258647
188.342264
88.650755
70.953077
1.461276
67.868161
300.698167
488.390975
578.827735
572.820266
522.162691
616.496188
775.125836
829.030691
914.758894
1023.542788
940.899501
780.321485
798.019163
718.136065
415.651894
326.676410
407.696057
338.528984
235.103102
168.533854
-9.579477
-146.939439
-101.477513
-24.192239
70.628349
111.544082
-91.898036
-318.558209
-396.655303
-574.281542
-686.475081
-542.458194
-505.926289
-570.060078
-564.377337
-679.006336
-839.421988
-894.950483
-966.553017
-968.014293
-818.639394
-785.517133
-842.019813
-823.023222
-896.087032
-1062.347789
-1064.133793
-874.979709
-730.313366
-683.227800
-683.714892
-692.320185
-704.659851
-711.154412
-515.830495
-290.793962
-323.104402
-300.048711
-111.868810
-152.946908
-221.139797
-69.167073
-109.270986
-206.039943
85.241111
385.452186
387.400554
304.270175
234.940738
202.955026
240.785843
409.157333
698.652382
854.846570
722.519893
597.174869
685.825624
806.462092
840.558536
845.267093
892.352659
969.637933
948.855338
862.802407
928.884564
988.634524
725.442446
541.321646
797.856799
977.269042
847.053097
760.513074
702.549119
504.789741
367.916871
453.157982
633.219682
683.390164
473.615849
216.593604
176.814419
191.589545
100.178601
85.403475
133.625589
38.805001
-95.470044
-98.392597
-81.344374
-163.662933
-312.226012
-388.212374
-265.465174
-113.979543
-88.326027
-145.965255
-302.971263
-498.295180
-531.579805
-396.005847
-231.368730
-91.735672
-110.569898
-279.590844
-314.012017
-232.018186
-240.623479
-244.357852
-169.832766
-152.622180
-155.544732
-88.813119
-58.126319
-94.495860
-178.925151
-269.524275
-240.136387
-144.016887
-135.411593
-191.589545
-257.996429
-381.068357
-506.575745
-541.484010
-524.922880
-557.558048
-630.134765
-669.913950
-704.659851
-735.184287
-674.947235
-584.023383
-598.636145
-597.661961
-468.257836
-392.271475
-401.526224
-324.728042
-265.140446
-364.994319
-421.334634
-333.333335
-251.339504
-228.933270
-261.243710
-315.473293
-324.078586
-329.111870
-318.395845
-183.146616
-72.089625
-119.662283
-140.282514
-70.628349
-38.155545
-33.934080
2.110732
37.993181
68.355253
153.271636
279.915572
332.034423
294.365970
311.901284
359.961034
371.813608
502.679009
740.704664
810.358829
703.848031
691.183637
744.601400
670.238678
597.499597
723.331713
838.772532
748.985229
732.748827
926.286739
928.559836
669.751586
650.592632
833.901612
797.532071
748.660501
916.382534
907.777241
640.526063
541.646374
607.241438
575.255726
520.863779
504.627377
423.770095
284.786493
198.084106
136.385778
-10.391297
-152.622180
-152.297452
-143.367430
-251.177140
-286.897225
-289.657413
-524.273424
-762.136714
-716.350060
-669.102130
-754.018513
-726.091902
-647.020623
-717.648973
-794.609518
-721.220981
-621.691836
-542.782922
-333.008607
-28.088976
138.009418
163.175841
279.590844
469.881477
550.901123
624.127297
860.529311
1026.140612
904.042869
781.295669
847.864917
814.742657
574.281542
406.559508
385.939278
297.775614
104.400065
-37.993181
-154.570548
-392.920931
-706.445855
-874.817345
-883.585002
-962.493916
-1164.474758
-1339.178445
-1474.102946
-1649.618453
-1780.970946
-1756.129251
-1726.091907
-1817.502850
-1840.558541
-1721.383350
-1628.998222
-1622.341297
-1544.893659
-1320.993674
-1205.390491
-1181.198252
-857.282031
-429.939927
-418.899174
-591.979220
-269.686639
202.143206
32.797532
11.527845
638.090602
697.515834
205.552851
435.297940
989.933436
794.122426
583.861019
921.902911
838.285440
657.574285
966.553017
904.367597
800.616987
1099.204422
867.998056
575.742818
995.129084
1207.825952
778.048388
554.148403
723.006985
897.223580
1138.171787
840.558536
332.683879
978.567954
1430.427025
469.394385
218.866700
1295.664887
1572.495543
710.829684
327.163502
790.712782
1168.696223
969.313205
328.624778
337.717164
1123.234297
831.303787
-121.773016
187.368080
715.862968
327.325866
15.262218
-8.767657
-149.861991
-48.546842
234.453646
-69.816529
-651.891544
-535.801269
-163.987661
-322.454946
-596.687777
-535.314177
-384.478002
-396.168211
-451.859070
-360.935219
-237.538563
-258.158793
-314.823837
-267.251178
-121.448288
40.753369
66.406885
-85.403475
-166.260757
-85.890567
-47.247930
-67.705797
-42.214645
-38.317909
-114.953727
-194.025005
-220.652704
-218.866700
-235.590194
-321.643125
-434.323756
-498.132816
-546.192566
-607.890894
-679.006336
-804.676088
-979.217410
-1068.192894
-1043.838291
-1069.816534
-1144.341620
-1118.038648
-1090.599129
-1192.563734
-1251.988965
-1125.832121
-938.301677
-822.373766
-801.915899
-835.849980
-814.905021
-680.792340
-527.358340
-471.180389
-489.365159
-459.003087
-277.967204
-79.233642
-82.805651
-141.906154
-7.955837
110.569898
13.800942
33.934080
311.738920
432.700116
323.591494
311.738920
348.595553
328.624778
377.983441
453.807439
480.435138
548.303299
541.484010
476.376037
641.175519
766.682907
569.410621
508.686478
739.081023
794.609518
755.317425
890.729019
844.130545
642.312067
787.952594
986.361427
821.074854
738.593931
898.522492
852.898202
703.198575
831.303787
940.574773
742.977760
579.964283
719.110249
855.983118
685.500896
483.195326
553.498947
653.839912
536.288361
421.659362
387.400554
316.772205
287.546681
269.199547
137.847054
23.380419
-5.033285
-51.144667
-60.561780
-82.480923
-251.826596
-320.344213
-221.464525
-330.248419
-572.820266
-564.702065
-473.291121
-572.657902
-674.460143
-677.869787
-675.759055
-618.931648
-594.414681
-761.487258
-891.216111
-717.486609
-429.128107
-297.613250
-305.731451
-329.761327
-268.712455
-136.385778
-96.931321
-180.386427
-154.245820
67.381069
235.914922
205.715215
153.596364
196.460465
194.999189
91.735672
32.635168
80.045462
138.171782
151.160903
148.400715
113.167723
-15.099854
-187.530444
-267.088814
-276.830656
-359.961034
-474.102941
-490.826435
-474.427669
-551.225851
-674.460143
-729.663910
-730.151002
-765.871087
-802.565356
-746.062676
-670.725771
-634.193866
-503.166101
-329.761327
-336.418251
-448.287062
-470.206205
-404.448776
-268.062999
-115.278455
-57.476863
-36.531905
-6.981653
-33.446988
1.298912
111.544082
108.459166
112.680631
235.914922
263.841534
253.612601
365.156683
357.525574
265.627538
278.616660
225.848353
228.446177
455.106351
479.136226
225.036533
156.518916
202.630298
232.830006
413.216433
456.080535
296.963794
327.812958
347.296641
249.228772
418.574446
473.940577
226.497809
404.611140
668.777402
288.845593
152.297452
606.429618
597.337233
248.416952
278.941388
369.865240
388.537102
597.012505
533.203445
177.950967
285.923041
591.654492
361.422311
75.174542
278.291932
478.811498
338.691348
172.592954
103.912973
80.532554
194.836825
294.041242
126.968664
-105.374250
-123.559020
-59.262868
-77.285274
-177.301511
-299.236891
-331.709695
-291.930510
-336.742979
-413.865889
-437.895764
-493.586624
-587.433028
-602.857610
-414.515345
-34.258808
215.294692
122.584836
1.948368
19.808411
-68.030525
-174.054230
22.406235
367.429779
540.996918
523.786332
397.304759
222.438709
99.366781
90.274396
164.150025
212.859231
166.098393
138.171782
208.475403
196.785193
-27.114791
-297.126158
-418.736810
-413.541161
-389.998378
-381.230721
-392.109111
-489.040431
-703.685667
-916.869626
-1005.195654
-990.745256
-908.589061
-766.520543
-679.818156
-763.273262
-911.511614
-947.231698
-837.311256
-647.832444
-479.785682
-369.378148
-251.177140
-140.931970
-74.200358
-9.417113
-15.749310
-111.868810
-108.459166
73.550901
268.874819
347.621369
352.005197
316.609841
158.792012
-4.870921
110.082806
305.081995
290.631597
354.765386
531.255077
393.570387
136.872870
155.057640
271.959735
357.363210
435.135576
278.616660
24.516967
204.741030
540.834554
364.182499
5.195649
23.055691
193.537913
364.182499
571.358990
374.573796
-44.000650
167.559670
557.070956
269.037183
12.826758
376.035073
636.142234
458.353631
317.421661
255.723333
111.056990
214.969964
547.004387
506.088653
168.533854
197.109921
402.825136
328.949506
208.313039
181.360611
99.366781
70.141257
108.459166
166.585485
265.465174
192.076637
-89.624940
-242.084755
-170.319858
-93.846404
-108.134438
-186.880988
-253.287873
-268.225363
-314.986201
-425.880827
-486.442607
-428.316287
-410.456245
-540.347462
-569.897714
-293.554150
131.514857
460.626727
494.073716
176.976783
-191.264817
-243.546031
47.572658
470.043841
797.694435
859.068035
649.618448
364.344863
202.305570
197.597013
270.498459
360.772855
396.492939
337.879528
267.900635
238.188019
153.758728
-59.262868
-322.130218
-501.055369
-514.206854
-393.570387
-297.126158
-371.651244
-639.064786
-993.830172
-1223.737626
-1185.906809
-984.413059
-839.746716
-840.233808
-948.530610
-1069.004714
-1084.429296
-1015.911679
-917.194354
-720.733889
-475.077125
-396.655303
-444.227961
-367.916871
-147.426531
95.307680
177.788603
-31.660984
-171.456406
124.695568
510.310118
539.535642
328.787142
190.940089
218.054880
305.731451
317.746389
268.387727
317.908753
501.380097
482.708234
144.991071
13.151486
319.694757
489.365159
288.358501
163.175841
194.025005
210.423771
240.136387
177.788603
-63.321968
-12.826758
435.785032
397.791851
-72.251989
31.498620
372.463064
230.556910
143.692159
201.818478
-21.756779
180.386427
914.921258
782.756945
-141.906154
-174.541323
603.507066
801.428807
283.325217
-156.356552
87.189479
773.339832
864.263683
65.919793
-373.112520
226.010717
728.202634
296.314338
-233.154734
-15.586946
446.013966
356.713754
-124.370840
-268.550091
-12.177302
53.742491
-180.224063
-307.030364
-248.416952
-213.833416
-267.900635
-380.905993
-530.443256
-587.433028
-536.775453
-514.693946
-350.868649
280.565028
1026.627704
1008.767662
150.836175
-571.358990
-395.356391
397.142395
1042.701743
1203.117395
1074.200363
861.341131
566.163341
271.310279
198.571198
368.566328
559.181688
594.577045
495.697356
360.285762
226.335445
60.724144
-205.552851
-536.288361
-739.568115
-660.659201
-410.943337
-313.849652
-562.591333
-1040.915738
-1478.811503
-1671.862324
-1544.406567
-1188.829361
-906.640693
-969.150841
-1296.801435
-1576.067551
-1622.828389
-1454.294536
-1137.684695
-811.982469
-640.038971
-580.613739
-506.738109
-424.744279
-349.569737
-199.545382
-6.819289
160.740381
353.141746
524.435788
537.912001
485.468423
496.509176
469.556749
422.795911
514.856310
630.784221
619.094012
589.056668
535.963633
331.060239
184.445528
274.070467
361.909403
398.441307
492.612440
406.397144
31.498620
-146.127619
118.201007
341.451536
184.932620
-62.997240
-19.321318
261.406074
364.020135
14.288034
-360.772855
-21.594415
632.245498
457.866539
-239.974023
-95.794772
738.918659
837.148892
83.455107
-140.607242
514.531582
857.282031
473.453485
142.068518
224.062349
460.464363
576.392274
517.291771
351.193377
172.105862
172.755318
412.566977
462.250368
50.170482
-238.350383
80.045462
399.577856
77.610002
-326.351682
-220.652704
-28.413704
-179.412243
-428.478651
-516.317587
-461.600912
-395.031663
-499.269364
-785.192405
-759.701254
135.086865
1453.645080
1811.820110
592.953404
-875.466801
-855.496026
468.907292
1498.457549
1599.772698
1424.906648
1269.361916
813.768473
235.265466
169.995130
644.909891
1018.184775
938.139313
638.577694
414.677709
294.041242
154.570548
-132.651405
-598.636145
-975.158310
-872.219521
-409.157333
-247.280404
-733.073555
-1477.350227
-1989.771077
-2172.592964
-2036.207187
-1596.850146
-1193.537918
-1276.181205
-1786.004230
-2228.608551
-2277.155394
-1963.143377
-1485.955520
-1067.056346
-870.920608
-883.097910
-919.305087
-796.395523
-492.774804
-152.784544
103.101153
268.874819
415.164802
621.042380
818.639394
829.517783
671.375227
637.441146
863.776591
1102.776430
1132.326682
1031.660989
900.957952
721.220981
521.026143
410.131517
487.092063
670.238678
687.773993
416.301350
72.089625
-131.839585
-195.811009
-110.407534
38.480273
-4.383829
-166.260757
-149.861991
-185.257348
-446.176330
-426.855011
-135.411593
-79.071278
-36.044813
382.529633
533.203445
-9.254749
-336.093523
242.734211
901.769772
676.570875
83.942199
298.912163
1111.544087
1083.617476
118.688099
-147.101803
739.568115
1219.353797
589.219032
-17.860042
280.727392
773.015104
504.952105
-121.935380
-163.825297
325.702226
483.682418
40.591005
-312.063648
-206.527035
-147.426531
-448.774154
-724.468261
-683.065436
-578.178279
-400.876768
518.915411
2038.805011
2436.272134
717.486609
-1262.542627
-979.379774
1140.444883
2558.045150
2370.027614
1817.989943
1571.521359
1006.494566
182.010067
186.393896
1176.002604
1862.802412
1474.427674
709.530772
364.182499
306.543272
65.757428
-421.821726
-899.821404
-1049.521031
-737.295019
-391.946747
-664.068846
-1546.354935
-2378.470543
-2753.044339
-2750.284151
-2409.644435
-1825.458687
-1555.284957
-2094.333506
-3038.967380
-3501.704840
-3169.508053
-2417.437908
-1735.346656
-1384.965099
-1400.552045
-1578.665376
-1612.761820
-1360.935224
-860.854039
-221.464525
350.056829
633.382046
671.537591
709.855500
813.443745
870.595880
948.692974
1243.221308
1646.533536
1813.606114
1666.179583
1387.562923
1081.506744
795.908431
700.438386
882.286090
1109.758083
1098.554966
814.255565
352.492289
-139.145966
-363.857771
-157.330736
141.581426
91.086216
-203.117390
-379.607081
-481.734050
-651.404452
-643.935707
-363.695407
-216.106512
-341.289172
-348.433189
-137.035234
5.358013
92.060400
244.033123
273.583375
205.552851
436.596852
892.515023
970.287389
609.676899
463.874008
835.200524
1169.183315
1090.599129
892.677387
739.892843
543.919470
448.774154
548.952755
618.444556
559.993508
441.467773
196.298101
-115.278455
-202.467934
-96.444228
-150.024355
-441.305409
-724.792989
-738.756295
-23.055691
1651.891549
3060.886523
2246.143866
-461.763276
-1863.127140
-95.794772
2562.104250
3227.959100
2390.160752
1921.415824
1575.093367
435.622668
-292.417602
824.646862
2456.405273
2359.311588
914.109438
131.027765
342.100992
299.886347
-372.787792
-884.234458
-877.902261
-706.445855
-658.386105
-892.515023
-1540.347467
-2411.917531
-3059.587611
-3237.213850
-2911.024531
-2201.169032
-1715.051153
-2219.840894
-3481.409337
-4257.022265
-3886.832297
-2957.623006
-2210.099053
-1786.166594
-1688.261090
-1998.051642
-2374.411442
-2213.508698
-1435.785037
-535.151813
73.875630
370.514696
513.070306
602.370518
640.038971
646.695895
808.735188
1313.849657
1957.623001
2229.258008
1972.235762
1547.329120
1264.978087
1122.584841
1138.496515
1407.533698
1707.907136
1598.473786
1038.967370
444.390325
132.001949
99.853873
229.745090
361.909403
279.590844
-75.336906
-489.527523
-751.258325
-832.277971
-741.678848
-520.539051
-355.252478
-383.503817
-492.287712
-515.181038
-466.634196
-379.282353
-158.467284
182.497160
439.519405
511.609030
479.948046
414.840074
381.717813
535.638905
910.212701
1199.707751
1143.367435
908.101969
748.660501
660.496837
611.949995
709.206043
887.319374
866.861508
621.204744
423.932459
334.307519
184.120800
-8.605293
-183.471344
-375.547980
-86.540023
1524.273429
3598.636160
3454.944002
430.102291
-2028.738442
-705.146943
2610.488729
3966.877760
3012.014953
2155.382378
1771.716197
551.388215
-578.178279
504.140285
2783.244047
3092.385143
1159.766202
-242.896575
18.996590
283.649945
-440.331225
-1059.425237
-807.923368
-486.117879
-790.550418
-1383.341458
-1889.754840
-2504.465023
-3284.786508
-3659.197940
-3115.603198
-2081.669113
-1747.036865
-2729.014464
-4167.234962
-4699.464222
-4086.864771
-3125.345039
-2345.510647
-1843.643458
-1894.950488
-2565.189167
-3063.809075
-2555.609690
-1377.171626
-452.183798
-30.037344
186.556260
254.262057
92.222764
3.896737
361.909403
1066.731618
1724.468266
2052.768317
1951.615532
1521.513240
1115.927916
1046.760843
1292.742335
1632.407867
1861.341136
1771.229104
1250.527689
600.584513
302.159443
410.780973
593.602861
653.352820
587.270664
294.690698
-233.966554
-643.610979
-639.551878
-409.157333
-263.354442
-223.737621
-250.690048
-425.069007
-670.888135
-722.195165
-504.465013
-191.589545
109.758078
336.905343
348.595553
168.696218
83.292743
283.974673
632.894954
929.371656
1109.108627
1106.023711
898.035400
660.009745
606.104890
741.354120
910.537429
993.667808
948.368246
770.579643
506.251017
253.125509
126.319208
96.281864
40.266277
238.675111
1488.228616
3495.535007
3893.489222
1269.524280
-1662.282846
-912.161070
2778.048398
4718.947905
3401.688603
1918.493271
1852.573479
1243.870764
-202.305570
308.004548
2919.142733
3724.793004
1322.292587
-695.080374
-58.775776
774.314016
-259.620069
-1337.067712
-729.501546
-5.845105
-760.025982
-1894.625760
-2183.471354
-2380.418911
-3247.442783
-3796.720266
-3054.391962
-1947.231703
-2052.768317
-3456.080550
-4733.073575
-4766.682927
-3901.282695
-3081.669118
-2554.635506
-2215.619430
-2439.681779
-3289.819792
-3645.559362
-2565.838623
-986.848519
-399.740220
-593.602861
-503.490829
-144.991071
-124.857932
-150.186719
435.622668
1295.664887
1704.822220
1704.497492
1637.441151
1453.645080
1134.275050
1050.170487
1441.467778
1981.977604
2155.707106
1771.229104
1027.114796
449.748338
451.371978
809.059916
1048.546847
1008.118206
717.324245
146.127619
-510.472482
-686.962173
-265.789902
102.451697
2.110732
-282.675760
-477.837314
-667.478490
-817.665209
-663.906482
-273.583375
-31.823348
0.649456
6.007469
-1.786004
-48.871570
-30.849164
183.796072
551.712943
868.972240
981.165779
821.074854
538.236729
439.844133
582.237379
837.798348
1039.941554
1067.868166
944.958602
675.271963
365.156683
269.361911
379.444717
416.950806
396.005847
1179.087520
3213.021610
4305.569107
2157.168382
-1192.726098
-1216.755973
2468.907302
4987.335631
3753.369072
1968.014298
1974.671223
1704.984584
129.891217
138.496510
2843.805827
4211.722703
1790.875151
-719.434977
-142.230882
1067.056346
75.823998
-1349.894470
-671.050499
464.036372
-438.058129
-2081.182020
-2413.703535
-2208.637777
-2898.197774
-3656.113024
-2937.327503
-1706.608224
-2088.001309
-3863.451878
-5000.000025
-4557.395704
-3578.178294
-3145.640542
-2867.348610
-2434.810858
-2668.452684
-3650.267919
-3927.748031
-2623.477850
-1050.819944
-783.244037
-1145.640532
-863.289499
-347.783733
-366.617959
-452.021434
187.855172
1128.592310
1457.054724
1382.204910
1453.645080
1440.331230
1118.363376
944.309146
1415.164807
2159.441479
2292.417612
1668.777407
920.279271
597.174869
773.339832
1106.023711
1294.365975
1219.516161
745.575584
28.900796
-419.873358
-257.509337
221.789253
343.237540
22.081507
-299.723983
-498.782272
-672.349411
-699.464202
-427.666831
-93.521676
-65.919793
-203.766846
-200.844294
-146.777075
-159.441469
-105.211886
151.972724
499.269364
668.939766
636.791690
556.096772
488.715703
463.062188
492.774804
677.869787
943.659690
927.585652
638.577694
424.581915
387.887646
395.356391
419.386266
583.049199
754.667969
1094.658229
2279.590854
3438.382872
2480.110420
-120.961196
-776.749476
2026.140617
4625.588593
3750.121792
1664.393579
1486.929704
1992.368901
1137.522331
602.208154
2318.882947
3741.516499
2037.506099
-413.216433
-208.313039
1216.106517
709.043679
-894.138663
-774.963472
373.274884
-116.090275
-1813.443750
-2438.707595
-2016.074048
-2240.948217
-3042.864117
-2811.170659
-1821.724315
-2088.001309
-3786.816060
-4838.285460
-4123.883768
-3028.251355
-2952.102629
-3186.231547
-2876.116267
-2829.355429
-3552.687142
-3768.306562
-2571.521364
-1245.981497
-1178.600428
-1580.451380
-1265.952271
-700.925478
-591.492128
-480.435138
147.101803
787.140774
897.873036
874.330253
1115.765552
1298.425075
1183.308985
1116.252644
1446.338699
1912.972895
1941.548962
1466.634201
1014.288039
982.951783
1223.250534
1348.108466
1276.343569
1111.544087
758.402342
276.993020
79.396006
321.318397
541.971102
304.919631
-109.920442
-258.321157
-266.439358
-359.961034
-383.990910
-228.121449
-146.614711
-302.808899
-436.596852
-347.134277
-200.032474
-123.234292
-57.152135
52.281215
191.102453
264.978082
235.590194
211.722683
330.897875
530.280892
571.846082
518.753047
582.075015
582.399743
427.666831
388.537102
517.616499
555.284952
460.301999
497.808088
578.990099
692.157821
1726.903727
3335.606446
3106.835541
557.882776
-895.599940
1320.668946
4284.461785
3938.951148
1768.468916
1442.766690
2312.388386
1720.896258
627.699305
1699.301843
3468.095487
2532.391635
117.226823
-106.186070
1362.234136
1157.980197
-718.947885
-1089.300217
332.683879
510.634846
-1185.582081
-2312.063658
-1988.959257
-1900.633229
-2708.556597
-2813.119027
-1835.362893
-1791.686971
-3394.382222
-4629.322965
-4000.649476
-2814.093211
-2822.860868
-3371.651259
-3169.183325
-2821.561956
-3258.483536
-3630.134780
-2801.753545
-1607.890899
-1478.973867
-1841.695090
-1434.973217
-756.453974
-807.111548
-1030.524441
-374.411432
666.504306
907.614877
587.433028
634.356230
918.493266
901.282680
884.883914
1396.817672
1985.711976
1831.303792
1167.072583
865.887324
1110.407539
1406.721877
1463.874013
1412.729346
1281.214489
901.932136
450.884886
354.278294
614.060727
769.280731
539.048550
200.032474
58.126319
-31.823348
-213.833416
-268.225363
-60.399416
108.783894
-44.163014
-289.007957
-307.355092
-217.243060
-197.272285
-112.031174
111.868810
229.907454
92.060400
-55.366131
39.941549
267.251178
409.806789
434.161392
399.902584
349.407373
282.838124
217.730152
252.638417
379.607081
421.334634
331.709695
329.923691
422.795911
339.503168
462.412732
1709.855505
3261.081361
2743.140134
244.033123
-714.564056
1652.703369
4093.359332
3384.315653
1496.022089
1586.783577
2490.339353
1746.387409
685.338532
1737.295024
3240.785858
2259.295351
214.969964
291.281054
1584.997572
1030.362077
-806.949184
-883.585002
593.278133
616.658552
-1151.810365
-2196.785203
-1803.701909
-1727.877911
-2467.121298
-2515.992869
-1719.434982
-1919.305092
-3479.623333
-4378.795281
-3557.070971
-2574.443916
-2834.226350
-3391.297305
-3129.566504
-2816.366307
-3233.641841
-3448.449441
-2624.614399
-1728.852095
-1748.498142
-1909.238522
-1395.843488
-935.703853
-1103.101158
-1048.709211
-195.161553
565.676249
506.900473
297.775614
567.949345
841.695085
777.074204
895.924668
1438.707590
1770.579648
1483.682423
1095.632413
1113.654820
1318.720578
1382.204910
1384.802735
1435.297945
1351.193382
1009.254754
674.622507
627.536941
745.575584
743.789580
579.639555
419.386266
289.495049
69.978893
-138.496510
-85.403475
145.640527
185.419712
-42.539373
-213.183959
-179.087515
-159.603833
-187.692808
-39.292093
195.811009
180.548791
-52.768307
-121.935380
74.849814
257.022245
293.716514
292.579966
271.472643
184.770256
107.322618
114.791363
204.416302
286.085405
245.007308
126.806300
161.714565
318.558209
229.582726
97.093685
988.634524
2726.416640
2945.608068
716.837152
-1001.298917
626.075665
3528.007811
3729.988653
1768.631280
1236.402019
2270.498469
2105.374260
829.355419
1203.117395
2975.970140
2925.637293
922.227639
213.508688
1371.488885
1475.401858
-198.084106
-832.440335
577.366458
1245.494405
-360.610491
-2001.623650
-1888.131200
-1357.525579
-1817.665214
-2257.671711
-1725.442451
-1581.263200
-2912.648172
-4194.674481
-3772.528027
-2622.503666
-2571.196636
-3280.402679
-3316.285128
-2921.740557
-3163.500584
-3584.835218
-3083.292758
-2069.654175
-1720.896258
-1918.006179
-1788.926783
-1454.619264
-1430.914117
-1282.838129
-477.350222
363.857771
411.755157
33.934080
103.263517
561.941876
829.030691
950.316615
1276.018841
1590.030857
1453.157987
1081.831472
1059.912329
1386.264011
1588.569581
1542.458199
1484.169515
1424.257192
1171.618775
858.905671
835.849980
1036.856638
1061.373605
830.167239
599.610329
441.467773
226.822537
49.521026
134.437409
340.152624
304.432539
32.635168
-166.747850
-200.032474
-195.486281
-153.758728
12.014938
156.843644
55.853223
-169.670402
-207.338855
-19.321318
159.766197
206.039943
195.486281
168.858582
72.739081
-15.586946
30.686800
146.452347
194.025005
150.998539
72.089625
56.665043
145.315799
179.736971
14.775126
141.906154
1350.868654
2782.269863
2269.361921
-39.454457
-906.803057
1335.444072
3753.531436
3208.800146
1323.591499
1244.195492
2226.660183
1806.624461
781.945125
1543.432383
3078.097109
2566.000987
718.785521
463.874008
1509.173575
1174.054235
-348.270825
-347.459005
1153.434005
1206.689404
-777.398932
-2131.514867
-1626.562762
-1032.797537
-1521.675604
-1930.183481
-1582.724476
-1785.030046
-3114.953742
-3973.534685
-3264.003913
-2302.321817
-2564.214983
-3309.465839
-3263.679185
-2957.460641
-3311.576571
-3583.861034
-2817.827583
-1869.459337
-1918.655635
-2301.997089
-1931.644757
-1388.861835
-1518.103596
-1530.930353
-570.871898
394.706935
226.173081
-322.942038
-75.823998
534.015265
669.426858
755.155061
1328.949511
1707.257680
1274.070472
793.472970
1082.156200
1618.606925
1660.334478
1492.937173
1590.355585
1618.282197
1217.567793
850.787470
1013.313855
1350.868654
1295.664887
948.692974
712.940416
588.082484
386.913462
255.236241
391.459654
563.240789
421.496998
73.713266
-113.654815
-90.112032
-66.893977
-66.082157
27.114791
115.116091
3.084916
-201.818478
-213.021595
-34.258808
82.156195
81.831467
87.027115
71.927261
-44.812470
-121.448288
-9.579477
88.326027
2.922552
-47.085566
56.665043
66.731613
-64.458516
-56.502679
85.078747
149.050171
630.621857
1849.975655
2362.396505
873.680797
-838.772532
105.536614
2892.677397
3716.837167
1832.602704
616.820916
1592.303953
2311.738930
1364.831960
926.936196
2263.192088
2987.497985
1563.240794
264.490990
895.762304
1591.979225
602.857610
-360.935219
490.664071
1387.562923
179.574607
-1719.597346
-1874.654986
-862.964771
-811.333013
-1666.341947
-1870.108793
-1617.795105
-2290.793971
-3481.084609
-3512.420865
-2444.390335
-2084.429301
-2899.334322
-3404.124063
-3041.727568
-2947.556436
-3419.711009
-3226.497824
-2098.554971
-1552.524768
-2170.157504
-2541.484020
-1906.640698
-1319.045306
-1345.997734
-1058.126324
-156.031824
193.862641
-367.592143
-566.163341
172.430590
813.768473
774.801108
813.281381
1262.217899
1348.595558
880.175358
779.996757
1372.950161
1817.827578
1649.618453
1407.533698
1448.449431
1388.537107
1099.529150
1071.927266
1410.780978
1538.561462
1179.412248
784.705313
707.744767
698.002926
545.705474
504.952105
671.862319
665.367758
297.450886
-35.882449
-7.793473
132.326677
105.211886
66.569249
137.197598
73.713266
-204.903394
-320.506577
-74.687450
147.751259
38.317909
-129.241761
-83.130379
-32.635168
-175.028415
-268.874819
-124.370840
-4.870921
-81.019646
-127.455756
-60.074688
-114.466635
-232.505278
-119.824647
83.455107
157.330736
656.275373
1768.144188
2033.609362
493.748988
-844.130545
501.380097
3109.758093
3389.998393
1365.156688
533.528173
1801.266448
2374.736170
1235.590199
899.821404
2339.016086
2918.330912
1365.156688
188.666992
986.036699
1641.013160
572.170810
-282.188668
652.216272
1374.086709
-29.387888
-1807.436281
-1640.526068
-538.561457
-693.619097
-1698.652387
-1869.296973
-1578.015920
-2255.723343
-3358.175045
-3244.357866
-2228.121459
-2094.171142
-2993.343090
-3381.393100
-2905.666519
-2798.830993
-3309.303475
-3195.486296
-2167.234952
-1588.244853
-2093.359322
-2529.306718
-2056.015597
-1411.105706
-1237.700932
-977.269042
-309.141096
-15.911674
-428.641015
-571.034262
124.370840
798.019163
796.882615
748.822865
1133.463230
1321.805495
962.981008
842.993997
1404.935873
1875.142078
1689.397638
1396.817672
1459.490184
1475.888950
1235.427835
1252.151330
1635.979875
1666.504311
1116.090280
688.098721
804.676088
974.833582
813.606109
626.562757
626.562757
546.517294
280.565028
109.595714
141.094334
162.851113
59.262868
0.974184
60.237052
19.483683
-220.490340
-381.068357
-226.335445
6.981653
0.324728
-136.872870
-192.888457
-234.940738
-331.872059
-295.989610
-86.702387
-7.468745
-184.770256
-276.505928
-147.751259
-126.156844
-269.199547
-222.276345
4.383829
36.694269
233.479462
1273.258652
2158.304930
1167.722039
-735.184287
-490.176979
2216.593614
3758.402357
2132.976143
289.007957
1027.439525
2455.593453
1899.171953
742.328304
1523.786337
2906.478339
2171.294052
425.880827
463.224552
1604.481255
1259.944803
-79.883098
101.639877
1336.093528
873.843161
-1159.279110
-1930.183481
-841.045628
-228.770906
-1133.463230
-1899.659045
-1646.858264
-1741.841217
-2782.919319
-3291.768161
-2487.579165
-1836.824169
-2510.472492
-3363.533058
-3139.145981
-2666.991408
-2993.830182
-3314.336760
-2596.525423
-1701.250211
-1914.758899
-2574.931008
-2364.020145
-1634.843327
-1404.448781
-1317.259302
-610.326355
51.631759
-284.624129
-860.854039
-421.009906
571.034262
906.315965
737.782111
925.637283
1255.073882
1056.177956
762.623806
1161.876934
1841.207998
1923.851284
1571.034267
1476.700770
1575.093367
1424.581920
1255.885702
1509.985395
1840.071449
1631.271318
1068.192894
794.447154
876.440985
888.131195
770.254915
772.040920
786.004225
519.727231
127.942849
11.690210
143.205066
167.559670
43.188830
-8.118201
-28.900796
-207.663583
-418.087354
-382.367269
-160.253289
-97.418413
-236.726743
-312.226012
-267.575907
-276.505928
-358.824486
-332.034423
-180.548791
-145.478163
-251.988961
-264.490990
-217.405424
-284.137037
-344.698816
-201.169022
-39.454457
-29.550252
426.043191
1587.920125
1944.958607
435.460304
-995.778540
227.471993
2937.814595
3413.054084
1301.509992
220.815068
1540.672195
2475.726591
1450.073071
757.752886
2000.324738
2881.961372
1597.337238
276.018836
894.625755
1733.560652
880.500086
-140.282514
600.097421
1510.959579
346.484821
-1523.136880
-1535.314182
-308.491640
-251.664232
-1403.312233
-1865.237873
-1500.568282
-1842.831638
-2849.975660
-2985.711981
-2157.330746
-1949.504799
-2799.155721
-3280.402679
-2821.561956
-2616.658562
-3145.802906
-3222.763452
-2301.509997
-1686.475086
-2262.055540
-2803.214822
-2177.626249
-1296.639071
-1296.963799
-1496.184453
-874.654981
-120.149375
-285.273585
-682.415980
-201.169022
608.377986
723.818805
566.975161
981.165779
1439.032318
1152.784549
797.694435
1291.118695
2013.313860
1949.991892
1478.486775
1496.509181
1779.834398
1655.950650
1417.437903
1612.274728
1845.754190
1537.262550
1045.137203
983.114147
1126.319213
967.364837
700.113658
706.770583
730.962822
414.352981
34.583536
20.457867
190.452997
132.001949
-84.591655
-171.294042
-205.877579
-381.555449
-539.373278
-418.574446
-162.201657
-144.666343
-375.385616
-509.011206
-409.157333
-282.838124
-302.159443
-371.975972
-338.041892
-270.823187
-255.073877
-229.420362
-191.264817
-258.808249
-344.049360
-233.966554
-35.720085
-14.450398
172.592954
1091.573313
1876.278626
1082.643292
-517.129407
-341.451536
1943.984423
3336.905358
2053.580137
468.420200
1015.262223
2238.025665
1840.558541
828.218871
1399.740225
2629.160591
2183.796082
709.855500
536.613089
1380.905998
1178.925156
144.503979
271.147915
1284.461770
906.965421
-894.138663
-1700.925483
-787.140774
-128.917033
-866.374416
-1682.740713
-1581.587928
-1582.562112
-2406.884246
-2965.903571
-2436.434498
-1857.606764
-2300.860541
-3019.646062
-2965.416479
-2642.636805
-2878.714091
-3155.057655
-2651.079734
-1901.769777
-1934.729674
-2459.490189
-2424.094833
-1763.597995
-1297.126163
-1262.217899
-1086.864756
-577.528822
-256.372789
-300.860531
-228.283813
186.880988
580.938467
748.173409
962.656280
1277.967209
1315.473298
1073.713271
1116.902100
1630.459498
2045.786664
1923.688920
1605.130711
1554.473137
1645.721716
1619.581109
1611.625272
1733.560652
1702.549124
1346.160098
1015.749315
1007.306386
1050.657580
864.750776
653.677548
624.452025
553.011855
237.700927
-63.159604
-71.115441
27.601884
-46.760838
-218.866700
-316.447477
-400.552040
-560.480600
-626.400393
-458.353631
-273.745739
-321.643125
-489.689887
-516.317587
-393.570387
-333.982791
-379.282353
-382.042541
-303.783083
-258.970613
-304.107811
-295.177790
-159.928561
-103.750609
-207.988311
-211.235591
-44.650106
-3.409644
-37.993181
601.396334
1767.657096
1752.557242
95.632408
-840.233808
819.451214
3084.754034
2826.108149
830.979059
459.652543
1896.574129
2302.808909
1091.898041
772.040920
2098.554971
2579.964293
1224.549446
336.255887
1074.687455
1478.162047
434.973212
-179.899335
804.676088
1349.245014
-87.189479
-1604.318891
-1222.113986
-171.131678
-481.246958
-1560.155877
-1689.235274
-1296.476707
-1835.687621
-2800.292269
-2716.674798
-1926.773837
-1965.091745
-2795.908441
-3010.391312
-2522.487429
-2526.384166
-3051.794138
-2956.161729
-2124.046122
-1730.962827
-2172.755328
-2442.766695
-1973.697039
-1401.201501
-1205.065763
-1047.572663
-654.327004
-352.654653
-330.248419
-206.039943
185.582076
517.291771
675.271963
908.101969
1252.638422
1364.020140
1156.681285
1103.101158
1480.110415
1909.887978
1962.981013
1721.545714
1565.189162
1585.484665
1595.713598
1602.857615
1683.552533
1667.153767
1396.005852
1062.347789
963.630464
1004.383834
884.721550
668.127946
572.333174
492.937168
237.700927
-55.366131
-118.038643
-31.823348
-79.558370
-247.118040
-354.927750
-430.427020
-559.181688
-623.964932
-498.457544
-344.049360
-365.156683
-474.102941
-490.501707
-420.847542
-376.197437
-370.677060
-352.817018
-320.019485
-289.495049
-292.742330
-312.875468
-233.317098
-112.355902
-130.865401
-200.844294
-119.824647
-4.383829
-85.403475
101.964605
1184.607897
2035.395367
1029.063165
-741.029392
-421.009906
2090.436770
3361.097598
1724.630630
154.083456
1095.470049
2448.287072
1739.405756
477.025494
1210.261412
2662.932307
2099.691519
498.457544
501.704825
1491.800624
1140.444883
-79.071278
157.817828
1403.474597
987.497975
-942.036050
-1629.647678
-553.661311
26.627699
-905.179417
-1694.268559
-1362.721228
-1322.130223
-2299.236901
-2874.005535
-2248.416962
-1686.799814
-2246.793322
-2934.080222
-2686.312727
-2386.588744
-2867.186246
-3156.356567
-2424.419561
-1639.551883
-1908.426702
-2512.258496
-2247.280414
-1588.894309
-1405.747693
-1264.166267
-702.062027
-325.864590
-559.019324
-612.599451
113.330087
744.114308
586.783572
452.508526
985.549607
1517.454140
1373.437253
1068.842350
1330.897880
1798.668624
1861.016408
1737.782116
1765.059272
1754.667974
1545.543115
1441.630142
1676.895608
1830.816700
1521.350876
1107.322623
1007.468750
1056.989776
914.758894
656.437737
575.742818
554.960224
300.535803
-29.712616
-120.311740
-56.177951
-136.710506
-330.897875
-366.780323
-338.853712
-532.229261
-759.376526
-651.404452
-357.687938
-330.248419
-553.336583
-591.816856
-411.917521
-355.252478
-427.179739
-371.975972
-230.394546
-245.656764
-374.249068
-331.222603
-151.647996
-95.470044
-142.880338
-141.581426
-99.529145
-61.535964
-67.543433
-127.618120
-72.901445
546.679659
1612.112364
1718.460798
276.830656
-829.842511
343.886996
2534.177639
2781.945135
1070.465990
365.806139
1520.051964
2139.145976
1138.009423
565.513885
1698.002931
2545.056028
1537.912006
391.946747
759.214162
1320.831310
655.301189
21.432051
785.841861
1461.600917
295.502518
-1330.086060
-1253.937334
-184.283164
-183.146616
-1155.707101
-1484.981336
-1165.611306
-1546.517299
-2500.893015
-2632.570236
-1899.009589
-1694.106195
-2391.622028
-2808.735198
-2483.195336
-2385.776924
-2853.547668
-2878.064635
-2060.886518
-1524.922885
-1995.291453
-2467.770754
-2003.247290
-1303.783088
-1253.612606
-1257.996434
-593.278133
-46.273746
-402.500408
-700.600750
34.258808
886.182826
789.576234
519.564867
1064.133793
1613.736004
1243.546036
836.012344
1391.134931
2105.211896
1932.294213
1437.246313
1540.996923
1813.930842
1565.838618
1282.675765
1534.664726
1778.048393
1403.312233
887.481738
864.913140
1005.520382
788.926778
491.962983
504.789741
535.638905
215.944148
-182.821888
-234.940738
-88.813119
-133.950317
-342.100992
-433.024844
-423.770095
-544.081834
-723.169349
-652.541000
-397.629487
-350.706285
-540.185098
-596.200685
-428.641015
-332.846243
-371.813608
-303.620719
-147.101803
-188.179900
-363.045951
-338.366620
-122.422472
-53.417763
-154.408184
-129.241761
4.708557
-32.472804
-176.002599
-194.187369
-142.880338
20.295503
768.793639
1783.568770
1496.346817
-254.262057
-1027.601889
782.107489
2948.368256
2552.200045
630.297129
382.691997
1772.690381
2049.521036
838.285440
624.452025
2028.576078
2574.931008
1270.173736
317.908753
915.895442
1303.945452
482.708234
133.625589
1115.603188
1431.076481
-111.868810
-1495.697361
-976.944314
52.930671
-282.675760
-1296.151979
-1418.899179
-1102.289338
-1666.504311
-2605.780172
-2516.642325
-1707.420044
-1659.035566
-2421.497008
-2716.999526
-2396.330585
-2462.575106
-2862.315325
-2608.865089
-1773.015109
-1485.143700
-2030.199718
-2380.256547
-1905.666514
-1254.586790
-1076.148731
-1019.970780
-515.830495
-27.601884
-302.808899
-663.257026
-46.760838
949.180066
1107.972079
719.759705
850.949834
1317.584030
1258.321162
1013.963311
1364.994324
1918.980364
1870.758249
1407.208970
1301.347628
1547.491484
1499.594097
1229.420367
1322.130223
1584.023388
1350.543926
746.874496
547.491479
797.207343
805.163180
504.140285
370.839424
364.507227
138.009418
-211.073227
-294.365970
-109.270986
-47.897386
-250.527684
-451.859070
-454.619259
-411.268065
-515.830495
-566.975161
-349.245009
-184.445528
-362.234131
-559.181688
-434.161392
-204.253938
-165.286573
-191.914273
-125.020296
-130.865401
-277.317748
-343.237540
-206.851763
-42.214645
-47.085566
-115.116091
-63.484332
-11.690210
-115.765547
-185.257348
-122.422472
-99.853873
68.842345
933.917848
1791.849335
1050.008123
-722.357529
-815.879205
1449.910707
3114.141922
2011.365491
225.685989
574.443906
1984.575428
1819.938311
625.913301
916.220170
2362.234141
2326.838784
780.483849
255.885697
1125.345029
1239.974028
271.147915
214.645236
1259.132982
1141.743795
-609.189807
-1600.422154
-707.744767
164.150025
-478.324406
-1438.220498
-1387.725287
-1197.434654
-1917.356723
-2602.370528
-2148.238361
-1451.047255
-1780.970946
-2543.594752
-2559.506426
-2213.021605
-2425.231381
-2735.833753
-2262.704996
-1489.040436
-1482.708239
-2067.868171
-2178.600433
-1593.765230
-1104.237706
-1095.145321
-1009.092390
-423.607731
145.478163
-5.195649
-509.823026
-345.185909
566.812797
1239.974028
1166.260762
899.983768
934.567305
1050.657580
1090.923857
1361.747044
1794.284795
1799.318080
1329.436603
1097.905510
1361.747044
1516.642320
1273.583380
1148.725448
1347.946102
1315.148570
831.141423
477.512586
602.045790
770.579643
618.606920
393.245659
303.620719
129.891217
-177.950967
-275.856472
-71.764897
30.362072
-205.390486
-478.162042
-498.132816
-416.950806
-445.526873
-469.719113
-344.211724
-240.298751
-355.739570
-512.745578
-449.910702
-268.387727
-198.408834
-188.342264
-107.160254
-68.355253
-197.109921
-328.949506
-265.952266
-109.758078
-58.288684
-94.171132
-63.971424
32.635168
32.310440
-86.052931
-99.366781
-0.811820
-41.565189
-25.815879
686.475081
1741.678853
1470.043846
-306.543272
-1105.861347
740.055207
2974.671228
2546.192576
450.560158
92.385128
1631.271318
2106.835536
875.142073
502.029553
1823.510319
2387.238200
1100.340970
154.083456
814.255565
1263.192083
400.227312
-59.749960
866.699144
1265.465179
-171.131678
-1547.491484
-1018.184775
97.905505
-201.006658
-1294.203611
-1480.597507
-1082.643292
-1493.424265
-2351.518115
-2255.236251
-1459.814912
-1427.342108
-2196.622839
-2484.818977
-2107.160264
-2098.067879
-2508.686488
-2306.056189
-1492.287716
-1260.756623
-1858.743312
-2158.954386
-1660.821570
-1139.308335
-1025.491156
-820.912490
-450.722522
-423.932459
-578.178279
-269.686639
273.908103
377.009257
285.111221
653.352820
1162.851118
1074.200363
659.847381
735.671379
1276.830661
1589.868493
1487.741524
1327.812963
1257.184614
1155.057645
1107.809715
1282.188673
1477.187863
1355.414847
1008.605298
822.860858
863.776591
841.857449
666.504306
561.130056
583.211563
505.763925
236.077286
-5.033285
-35.232993
13.313850
-43.838286
-145.478163
-188.504628
-276.668292
-472.966393
-540.834554
-347.459005
-195.648645
-325.702226
-496.509176
-450.722522
-342.588084
-351.842833
-336.905343
-190.777725
-96.281864
-167.884398
-241.435299
-198.246470
-140.931970
-154.570548
-149.050171
-31.985712
45.949018
-17.697678
-76.798182
-21.594415
54.716675
72.414353
8.280565
-116.252639
-14.937490
780.970941
1786.004230
1389.348927
-362.071767
-975.320674
895.437576
2875.629175
2263.354452
335.281703
221.789253
1664.880671
1898.847225
725.280082
558.369868
1826.432872
2144.503989
823.672678
138.171782
943.010234
1221.789258
214.482872
-143.367430
915.245986
1257.346978
-274.719923
-1535.151818
-866.861508
126.319208
-328.300050
-1317.096938
-1315.960390
-955.025171
-1539.048555
-2358.337404
-2075.986372
-1326.189323
-1487.416796
-2241.272945
-2356.226672
-1951.777896
-2084.266937
-2539.373288
-2263.841544
-1490.664076
-1337.230076
-1878.226994
-2140.607252
-1681.604165
-1170.806955
-1128.917038
-1070.790718
-616.171459
-326.026954
-659.360289
-858.743307
36.044813
1136.385783
757.752886
-291.930510
47.085566
1437.083949
1789.738603
903.231049
631.433677
1419.061543
1750.121782
1305.731456
1255.885702
1661.471026
1568.436442
1038.642642
1138.009423
1772.365653
1644.747532
808.410460
619.581104
1168.209131
1290.793967
679.168700
298.262706
567.462253
630.134765
166.423121
-97.256049
52.605943
80.207826
-248.254588
-481.896414
-308.816368
-221.626889
-539.860370
-763.922719
-534.015265
-253.287873
-431.076476
-753.369057
-585.647024
-234.778374
-294.041242
-485.306059
-344.211724
-82.318559
-136.548142
-305.081995
-138.171782
110.082806
29.550252
-166.910214
-132.813769
72.251989
101.802241
-35.395357
9.579477
171.618770
140.444878
17.535314
-12.502030
-74.687450
-119.499919
492.287712
1701.087847
1707.095316
-118.688099
-1289.170326
297.450886
2669.589232
2499.431738
423.607731
-54.391947
1433.187213
1903.393418
644.747527
225.361261
1567.462258
2204.253948
959.896092
93.521676
823.510314
1172.592959
135.249229
-308.654004
879.363537
1494.236085
-1.948368
-1522.487424
-1018.022411
101.802241
-214.645236
-1230.881643
-1231.693463
-755.155061
-1312.713109
-2310.440018
-2182.659534
-1359.798675
-1380.905998
-2107.484992
-2228.121459
-1810.196470
-1993.830177
-2579.152473
-2366.780333
-1485.468428
-1223.412898
-1800.616992
-2114.304281
-1701.250211
-1292.092879
-1270.336100
-1092.385133
-574.768634
-315.960385
-580.289011
-770.254915
-380.743629
316.609841
796.882615
853.222930
689.235269
619.256376
807.111548
1127.942853
1423.120644
1623.477845
1654.489373
1492.287716
1355.414847
1445.689242
1578.665376
1536.288366
1469.069661
1544.568931
1522.812152
1210.748504
898.847220
895.275211
1011.852579
951.453163
763.597990
587.757756
359.149214
64.133788
-64.133788
62.347784
138.171782
-79.558370
-394.057479
-519.077775
-506.575745
-540.185098
-579.639555
-513.070306
-434.486120
-494.398444
-622.178928
-634.680958
-511.446666
-394.382207
-344.211724
-281.539212
-204.091574
-222.438709
-297.775614
-226.497809
-18.022406
85.078747
29.063160
-6.169833
-6.819289
-74.687450
-110.569898
-0.487092
132.976133
157.655464
119.175191
58.775776
16.074038
12.339666
-94.820588
-257.834065
174.866051
1368.728697
1779.834398
286.247769
-1310.277649
-456.567627
1966.715386
2629.810047
952.102619
-134.275045
807.436276
1629.972406
861.341131
249.391136
1215.294697
2040.266287
1162.851118
153.758728
591.167400
1107.972079
320.993669
-325.702226
577.204094
1434.323761
389.024194
-1238.512752
-1226.335450
-157.655464
-51.307031
-899.821404
-1172.430595
-818.801758
-1137.359967
-2052.281225
-2155.057650
-1397.791856
-1198.408839
-1849.650927
-2159.928571
-1811.008290
-1817.665214
-2344.861190
-2333.170981
-1567.786986
-1133.625594
-1541.646379
-1972.398126
-1739.568120
-1289.495054
-1186.718629
-1084.754024
-602.208154
-225.361261
-421.496998
-649.131356
-320.993669
159.116741
347.459005
657.249557
1199.383023
1230.069823
699.464202
547.004387
1144.991076
1759.701259
1837.311261
1648.806633
1536.288366
1427.504472
1301.509992
1349.732106
1588.894309
1729.663915
1523.461609
1167.559675
990.258164
943.172598
854.521842
796.233159
835.038160
791.199874
485.143695
88.163663
-90.274396
-42.214645
20.944959
-29.225524
-169.020946
-334.794611
-536.288361
-708.394223
-668.290310
-460.951455
-383.666181
-509.985390
-608.865079
-576.554638
-549.277483
-544.731290
-418.087354
-243.058939
-207.988311
-262.704986
-277.642476
-241.922391
-168.209126
-48.384478
74.525086
105.536614
24.679331
-57.963955
-61.211236
6.981653
73.875630
36.694269
-34.745900
43.675922
156.031824
33.122260
-176.002599
-139.633058
-28.900796
-195.811009
-121.773016
883.260274
1638.577699
517.129407
-1280.727397
-900.470860
1536.126002
2608.215632
977.593770
-430.914112
461.600912
1570.384811
896.574124
39.941549
883.422638
1917.843815
1158.954381
-0.649456
415.489530
1188.342269
519.889595
-384.802730
313.524924
1392.433844
629.160581
-1041.565194
-1163.013482
-65.270336
102.451697
-782.269853
-1073.226178
-621.854200
-857.444395
-1807.273917
-1962.656285
-1190.128274
-963.792828
-1654.002281
-2028.576078
-1618.606925
-1486.442612
-2034.258818
-2169.345684
-1454.132172
-966.228289
-1335.606436
-1759.863623
-1524.598157
-1117.226828
-1096.444233
-1038.967370
-569.897714
-228.608541
-402.825136
-589.868488
-296.151974
170.806950
349.245009
374.249068
548.140935
803.539540
1038.805006
1251.664237
1187.692813
948.368246
1032.959901
1519.077780
1862.964776
1705.146948
1345.997734
1187.530449
1241.110576
1390.972567
1535.476546
1429.939932
1102.938794
853.385294
826.919959
891.703203
830.816695
657.899013
527.358340
411.430429
242.734211
74.687450
-45.461926
-88.488391
-111.056990
-179.736971
-289.332685
-457.866539
-613.898363
-628.186397
-540.509826
-461.763276
-464.848192
-570.222442
-656.113009
-613.411271
-487.092063
-386.264006
-357.038482
-320.344213
-277.967204
-301.347623
-293.716514
-196.785193
-133.625589
-108.134438
-31.011528
42.701738
0.000000
-97.093685
-81.344374
-5.520377
-15.586946
-45.786654
-40.915733
-81.993831
-114.141907
-92.222764
-97.905505
-137.035234
-113.817179
-123.721384
-341.289172
-375.710344
392.596203
1237.538568
692.807277
-772.040920
-943.172598
742.490668
1969.637938
1128.429946
-83.779835
299.886347
1238.675116
989.771072
289.170321
697.678198
1527.195981
1204.741035
381.230721
564.864429
1138.496515
697.353470
-105.211886
235.427830
1146.127624
852.573474
-401.688588
-785.517133
-113.330087
114.466635
-500.893005
-824.971590
-520.701415
-600.097421
-1295.827251
-1559.181693
-1113.817184
-935.541489
-1390.485475
-1667.478495
-1385.127463
-1279.103757
-1707.095316
-1927.748021
-1501.217738
-1063.646701
-1189.803545
-1498.457549
-1430.427025
-1162.851118
-1082.318564
-1018.671867
-715.375876
-394.869299
-384.315638
-536.775453
-416.301350
13.638578
272.771555
181.522975
231.368730
789.413870
1246.306225
876.440985
358.499758
702.062027
1505.276838
1697.840567
1344.211729
1193.213190
1284.299406
1201.656119
1128.917038
1402.662777
1626.400398
1354.927755
889.592471
809.871736
1032.310445
1011.365486
716.999516
615.034911
715.538240
589.868488
208.475403
-1.136548
97.580777
146.777075
-18.184770
-166.910214
-217.730152
-348.108461
-565.189157
-620.068196
-440.331225
-327.812958
-505.439197
-712.290960
-657.736649
-510.310118
-546.030202
-628.024033
-500.081185
-322.292582
-359.311578
-464.848192
-402.825136
-280.240300
-264.003898
-264.328626
-170.806950
-84.104563
-123.721384
-197.759378
-161.714565
-51.144667
-12.502030
-83.292743
-142.068518
-120.149375
-110.569898
-159.928561
-132.001949
-3.247280
36.044813
-67.056341
-115.765547
-80.857282
-166.260757
-223.088165
220.815068
917.031990
859.555127
-99.042053
-616.983280
212.372139
1330.086060
1304.270180
543.270014
396.980031
854.197114
911.186886
578.340643
705.634035
1188.829361
1159.928566
697.353470
628.024033
874.817345
672.836503
179.412243
260.756618
796.882615
766.520543
30.199708
-444.390325
-261.730802
-93.684040
-330.897875
-532.716353
-477.025494
-601.883426
-1052.768312
-1304.919636
-1122.097749
-981.652871
-1195.811014
-1406.559513
-1330.735516
-1282.351037
-1519.402508
-1704.659856
-1497.808093
-1165.936034
-1127.942853
-1295.340159
-1306.868005
-1146.452352
-1047.247935
-982.789419
-748.498137
-441.954865
-360.935219
-458.678359
-363.695407
-2.435460
254.749149
230.069818
244.195487
521.513235
813.281381
877.739897
862.640043
940.574773
1014.288039
1032.472809
1157.655469
1386.101647
1417.275539
1171.618775
994.154900
1117.713920
1285.760682
1202.630303
995.291448
910.375065
891.540839
777.236568
635.005686
587.920120
544.244198
383.341453
214.807600
165.124209
122.909564
-41.727553
-213.346324
-233.641826
-202.955026
-302.646535
-478.649134
-544.568926
-506.251017
-517.778863
-593.440497
-608.540350
-549.926939
-531.417441
-568.923529
-564.539701
-500.081185
-453.482710
-432.213024
-373.599612
-282.188668
-236.239650
-237.700927
-204.416302
-117.389187
-56.827407
-57.801591
-42.701738
36.856633
94.820588
60.399416
17.697678
51.144667
104.237701
88.163663
46.760838
48.222114
44.163014
-5.520377
-18.671862
41.078097
69.167073
31.498620
15.749310
25.004059
-20.620231
-31.173892
178.438059
441.954865
388.699466
118.688099
102.126969
399.415492
588.894304
525.409972
537.100181
705.796399
708.231859
515.668131
508.686478
736.807927
812.794289
644.260435
577.528822
685.500896
624.939117
358.499758
256.697517
389.511286
403.149864
172.917682
-10.228933
-34.096444
-134.599773
-366.455595
-469.556749
-400.876768
-445.526873
-699.788930
-905.828873
-912.810526
-906.153601
-1020.295508
-1116.090280
-1090.112037
-1073.388542
-1175.677876
-1270.011372
-1218.217249
-1100.665698
-1063.484337
-1074.687455
-1016.236407
-902.581592
-847.215461
-840.233808
-739.405751
-522.000327
-350.868649
-314.499109
-270.173731
-101.639877
39.616821
31.985712
101.152785
463.711644
802.565356
683.390164
352.817018
418.574446
863.614227
1114.304276
998.214001
863.776591
886.832282
891.703203
842.182177
897.385944
1002.435465
931.807116
719.597341
636.791690
710.992048
678.032151
482.221142
372.950156
427.504467
412.729341
224.387077
60.561780
51.956487
55.041403
-32.310440
-124.370840
-160.415653
-207.014127
-295.989610
-341.938628
-306.056179
-282.513396
-352.817018
-423.283003
-384.153274
-300.698167
-311.089464
-373.599612
-335.606431
-222.601073
-186.880988
-234.128918
-235.427830
-161.552201
-96.281864
-75.012178
-47.085566
-8.767657
-6.656925
-24.354603
9.254749
88.813119
118.850463
72.739081
47.410294
97.418413
127.455756
83.779835
46.760838
76.473454
107.484982
83.292743
44.974834
24.841695
8.118201
-2.922552
17.535314
44.812470
39.779185
20.295503
11.852574
0.649456
-13.963306
58.613412
228.770906
300.535803
153.109272
2.273096
136.061050
438.869949
532.716353
356.226662
247.929860
367.916871
501.867189
484.656603
434.486120
459.003087
462.412732
388.699466
354.115930
390.972562
351.193377
195.323917
103.425881
163.500569
179.736971
-0.324728
-211.560319
-247.767496
-201.980842
-273.096283
-435.135576
-528.007796
-549.602211
-619.094012
-730.151002
-773.826924
-763.110898
-802.078263
-886.345190
-911.673978
-873.193705
-869.296968
-904.367597
-883.909730
-799.642803
-755.479789
-772.203284
-747.848680
-633.219682
-516.317587
-459.977271
-422.308818
-357.038482
-280.727392
-202.467934
-88.163663
49.033934
138.821238
149.050171
154.245820
234.291282
370.677060
474.265305
507.549929
512.420850
530.280892
555.122588
577.528822
617.632736
659.197925
658.873197
619.905832
594.089953
597.174869
590.842672
552.687127
515.018674
505.439197
494.560808
449.585974
382.691997
333.170971
307.842184
286.247769
258.321157
221.789253
173.242410
122.422472
88.813119
69.167073
43.026466
4.221465
-28.251340
-41.240461
-55.041403
-87.838935
-128.267577
-149.050171
-146.289983
-149.537263
-172.430590
-196.622829
-202.955026
-203.442118
-211.722683
-222.925801
-225.361261
-218.217244
-210.748499
-205.228122
-203.604482
-202.305570
-190.452997
-163.987661
-132.489041
-113.492451
-109.433350
-100.178601
-66.569249
-19.970775
15.262218
27.926612
37.181361
63.809060
101.639877
131.514857
144.341615
157.655464
180.548791
200.844294
199.870110
194.349733
210.099043
233.317098
231.693458
216.106512
219.353792
224.062349
194.025005
155.869460
174.378958
230.881638
228.608541
145.315799
80.207826
96.606592
136.872870
129.079397
100.828057
86.540023
60.074688
7.306381
-17.697678
9.254749
23.542783
-18.834226
-66.569249
-67.543433
-66.406885
-111.544082
-162.201657
-160.578017
-133.625589
-147.101803
-202.467934
-246.306220
-261.893166
-278.129568
-298.587435
-303.295991
-304.270175
-336.580615
-389.836014
-412.891705
-402.338044
-398.766035
-418.249718
-432.537752
-430.751748
-430.427020
-432.213024
-421.009906
-401.688588
-393.408023
-382.367269
-346.647185
-302.808899
-282.513396
-276.668292
-239.811659
-177.788603
-135.736322
-116.252639
-82.480923
-27.926612
11.690210
33.122260
69.004709
120.961196
154.570548
167.397306
190.940089
232.992370
263.192078
268.550091
277.317748
306.056179
330.248419
329.111870
321.967854
333.495699
353.953566
359.311578
348.595553
337.230071
335.444067
336.580615
333.820427
326.189318
318.720573
311.089464
296.476702
276.668292
259.620069
251.501868
246.793312
235.265466
217.567788
196.622829
173.242410
150.349083
136.385778
137.522326
135.573957
111.219354
75.174542
56.177951
57.963955
55.690859
37.018997
18.509498
12.989122
8.442929
-0.974184
-7.793473
-11.852574
-22.406235
-32.959896
-27.764248
-10.553661
-9.092385
-30.037344
-44.487742
-33.934080
-19.321318
-21.756779
-29.063160
-27.926612
-29.874980
-43.351194
-51.469395
-44.487742
-44.325378
-66.406885
-87.351843
-79.233642
-70.303621
-96.119500
-137.035234
-147.588895
-127.618120
-126.319208
-154.570548
-177.139147
-178.275695
-180.711155
-192.239001
-191.751909
-173.891866
-172.105862
-198.246470
-210.099043
-184.120800
-156.356552
-163.175841
-178.762787
-163.013477
-129.566489
-123.396656
-137.684690
-128.105213
-91.573308
-71.927261
-80.857282
-80.370190
-53.580127
-35.557721
-42.214645
-39.616821
-11.040753
9.579477
-3.734372
-17.372950
4.708557
35.557721
32.797532
16.074038
25.004059
47.897386
46.273746
27.601884
31.985712
56.989771
60.561780
38.155545
31.173892
47.085566
50.332846
30.849164
24.192239
38.967365
39.779185
15.262218
-0.487092
13.638578
21.756779
-1.461276
-22.730963
-13.313850
-0.649456
-17.210586
-38.967365
-32.797532
-16.723494
-24.516967
-44.487742
-40.753369
-19.321318
-18.509498
-36.207177
-32.959896
-6.656925
5.520377
-6.981653
-7.631109
17.535314
36.044813
31.173892
30.849164
54.229583
74.849814
71.927261
69.491801
89.787304
112.680631
113.330087
107.809710
121.448288
142.393246
144.179251
136.223414
144.991071
161.876929
162.364021
152.622180
154.895276
166.585485
164.961845
152.784544
149.212535
153.921092
149.861991
134.924501
125.994480
125.507388
118.363371
99.853873
85.241111
79.233642
71.602533
54.229583
37.830817
28.900796
18.184770
2.922552
-11.203117
-19.970775
-30.199708
-44.812470
-57.639227
-66.731613
-76.311090
-87.351843
-96.606592
-103.750609
-111.056990
-118.038643
-124.046112
-128.917033
-133.787953
-139.308330
-142.068518
-141.743790
-143.042702
-147.913623
-149.212535
-144.828707
-141.419062
-141.906154
-143.042702
-138.171782
-130.540673
-126.156844
-124.857932
-118.850463
-108.783894
-100.990421
-95.794772
-88.326027
-76.473454
-64.620880
-55.203767
-46.273746
-34.096444
-22.893327
-12.664394
-2.110732
9.417113
23.055691
33.284624
40.591005
48.222114
57.476863
64.458516
68.030525
72.576717
78.421822
80.207826
77.122910
74.849814
73.550901
71.602533
67.381069
61.698328
55.690859
48.546842
38.967365
29.874980
22.893327
16.885858
8.767657
-0.974184
-9.741841
-16.236402
-23.380419
-30.524436
-35.070629
-37.993181
-42.539373
-47.572658
-49.196298
-46.273746
-46.111382
-47.735022
-45.949018
-40.103913
-34.908265
-31.985712
-27.926612
-20.944959
-13.638578
-7.468745
-0.162364
8.442929
15.262218
18.996590
25.815879
36.531905
44.812470
47.085566
49.521026
57.152135
63.484332
64.783244
67.056341
73.226173
77.610002
77.610002
76.960546
80.694918
83.292743
81.182010
79.396006
79.720734
79.883098
75.499270
69.167073
67.056341
65.919793
60.074688
52.443579
45.949018
41.240461
35.070629
25.653515
19.158954
15.424582
7.631109
-1.786004
-8.930021
-13.963306
-19.808411
-27.926612
-33.934080
-38.480273
-44.812470
-51.956487
-58.126319
-61.860692
-65.432700
-70.465985
-74.362722
-76.798182
-79.883098
-82.968015
-85.890567
-85.565839
-84.266927
-85.403475
-87.351843
-87.027115
-83.942199
-81.993831
-78.421822
-74.362722
-70.303621
-66.731613
-62.510148
-53.904855
-45.137198
-37.668453
-31.173892
-21.269687
-10.066569
0.162364
9.417113
19.808411
32.148076
44.487742
56.015587
67.056341
77.610002
86.702387
95.470044
105.698978
115.440819
121.773016
124.046112
125.832116
129.728853
131.839585
128.429941
123.559020
118.363371
113.005359
104.562429
92.385128
79.071278
65.757428
52.118851
36.531905
21.919143
5.845105
-10.553661
-26.302971
-41.565189
-55.041403
-68.355253
-81.669103
-93.684040
-102.614061
-109.595714
-116.739731
-122.422472
-124.695568
-125.020296
-123.234292
-122.260108
-120.636468
-116.902095
-109.920442
-102.126969
-94.820588
-86.215295
-78.097094
-69.491801
-60.074688
-49.358662
-38.642637
-29.550252
-21.919143
-13.151486
-2.922552
5.845105
11.852574
16.723494
22.081507
27.764248
33.122260
35.395357
36.856633
38.642637
40.266277
41.402825
41.402825
40.915733
39.616821
37.506089
36.369541
36.856633
36.856633
35.232993
33.446988
32.310440
31.011528
30.686800
30.199708
29.550252
30.037344
30.362072
30.524436
30.686800
31.173892
30.849164
29.063160
28.900796
29.387888
27.764248
25.004059
23.380419
22.568599
21.756779
17.860042
14.450398
11.690210
7.468745
5.358013
2.273096
-3.084916
-8.767657
-13.638578
-17.697678
-21.107323
-24.841695
-29.874980
-33.934080
-37.181361
-38.967365
-41.565189
-42.864102
-44.000650
-44.325378
-42.377009
-39.616821
-37.343725
-33.771716
-30.199708
-25.653515
-18.509498
-11.203117
-4.870921
1.786004
9.254749
18.022406
26.952427
35.070629
42.052281
48.871570
56.827407
64.458516
70.953077
75.986362
80.207826
83.130379
85.890567
87.514207
86.864751
86.540023
84.591655
80.370190
75.986362
69.329437
62.347784
55.690859
46.923202
37.181361
27.439520
17.372950
7.144017
-1.623640
-10.878389
-21.756779
-32.797532
-42.377009
-49.683390
-57.152135
-63.484332
-70.790713
-77.447638
-81.993831
-85.890567
-88.813119
-89.787304
-91.573308
-92.385128
-91.248580
-89.137847
-86.702387
-83.130379
-79.071278
-74.362722
-67.705797
-61.373600
-56.340315
-50.495211
-43.838286
-35.720085
-29.550252
-22.730963
-16.236402
-11.365481
-6.007469
-1.623640
2.922552
6.656925
9.417113
12.014938
15.099854
17.697678
17.697678
18.996590
22.406235
25.166423
26.302971
26.627699
26.627699
27.764248
29.550252
31.823348
32.635168
32.797532
34.583536
36.207177
36.694269
37.343725
37.668453
36.856633
36.531905
35.557721
32.797532
29.874980
26.952427
24.679331
22.568599
18.671862
14.125670
8.767657
3.572008
-0.649456
-4.708557
-8.280565
-12.339666
-16.723494
-19.483683
-22.081507
-24.679331
-26.790063
-27.764248
-28.088976
-27.601884
-26.790063
-26.140607
-24.029875
-21.756779
-19.321318
-15.749310
-12.177302
-8.442929
-3.734372
-0.324728
3.734372
8.930021
12.989122
17.048222
21.432051
25.978243
29.550252
32.797532
36.531905
39.292093
42.539373
44.650106
45.949018
47.572658
49.033934
48.871570
47.410294
47.247930
45.461926
43.351194
40.266277
36.044813
32.148076
28.900796
26.465335
24.029875
19.158954
13.638578
10.228933
7.793473
4.708557
1.298912
-2.760188
-6.494561
-9.417113
-12.177302
-14.450398
-16.885858
-21.269687
-25.166423
-27.764248
-28.251340
-31.498620
-36.207177
-38.317909
-39.941549
-41.565189
-43.838286
-46.273746
-48.709206
-49.683390
-50.982303
-50.819939
-50.495211
-51.469395
-51.631759
-50.982303
-48.871570
-46.760838
-46.598474
-46.436110
-42.377009
-38.805001
-35.720085
-32.797532
-30.199708
-26.302971
-23.055691
-19.321318
-15.749310
-12.014938
-8.930021
-5.682741
-0.811820
3.572008
7.144017
9.254749
11.527845
15.262218
17.860042
21.594415
24.029875
25.328787
27.277156
29.387888
30.849164
31.660984
31.823348
32.635168
34.096444
33.771716
32.797532
31.498620
29.550252
29.387888
30.686800
29.387888
26.627699
25.328787
24.192239
23.218055
22.406235
21.107323
18.671862
16.885858
16.074038
14.937490
14.612762
14.125670
12.177302
10.228933
9.092385
9.417113
9.092385
8.280565
7.631109
6.656925
5.682741
5.195649
5.033285
4.383829
3.734372
2.435460
1.786004
1.948368
2.435460
1.786004
0.487092
-0.811820
-0.974184
-0.324728
-0.324728
-1.786004
-3.247280
-4.059101
-3.896737
-4.221465
-3.734372
-4.870921
-5.845105
-5.520377
-6.169833
-6.981653
-7.631109
-7.631109
-7.793473
-7.793473
-7.955837
-8.930021
-8.767657
-9.579477
-9.904205
-9.417113
-9.579477
-9.741841
-10.066569
-10.391297
-10.878389
-11.852574
-12.014938
-12.177302
-11.365481
-11.852574
-11.365481
-11.203117
-12.177302
-12.014938
-12.502030
-13.313850
-13.151486
-12.989122
-12.177302
-11.852574
-11.527845
-11.365481
-11.203117
-11.203117
-10.553661
-9.254749
-8.605293
-6.494561
-6.656925
-6.007469
-5.358013
-4.708557
-3.896737
-2.273096
-1.298912
-1.623640
0.162364
0.811820
2.922552
4.546193
5.682741
7.306381
7.955837
8.118201
8.605293
9.741841
10.391297
10.553661
10.391297
10.716025
10.553661
11.040753
12.014938
12.826758
11.852574
11.852574
11.690210
11.365481
11.527845
10.228933
10.066569
10.066569
9.417113
8.930021
7.955837
6.332197
6.169833
5.682741
6.007469
5.195649
3.734372
3.247280
2.597824
2.110732
1.298912
0.811820
0.324728
0.162364
-0.324728
-0.649456
-0.811820
-1.136548
-1.623640
-1.623640
-0.649456
-1.461276
-1.786004
-2.110732
-1.136548
-1.298912
-1.623640
-1.298912
-0.974184
-0.811820
0.324728
0.162364
-0.487092
0.000000
0.000000
0.162364
0.811820
0.649456
0.162364
1.298912
1.461276
1.136548
0.649456
1.786004
1.948368
0.000000
-0.487092
-0.487092
-0.649456
-1.461276
-0.649456
-0.974184
-1.948368
-2.597824
-2.760188
-3.409644
-2.435460
-3.409644
-4.546193
-4.546193
-4.870921
-4.708557
-5.682741
-5.358013
-5.520377
-5.520377
-5.358013
-5.195649
-5.033285
-4.546193
-4.221465
-3.734372
-2.110732
-3.084916
-3.247280
-3.084916
-2.435460
-1.298912
-0.974184
-1.298912
-1.623640
-0.811820
-0.811820
-0.811820
-0.324728
0.000000
-0.324728
-0.649456
-0.324728
0.162364
0.811820
0.974184
0.649456
0.649456
0.649456
0.487092
1.136548
1.461276
1.948368
1.298912
0.811820
1.786004
2.760188
2.597824
2.273096
2.110732
2.273096
2.110732
2.110732
2.435460
2.597824
3.247280
3.409644
3.084916
3.247280
3.084916
3.084916
3.409644
3.896737
4.059101
