0.927902
1.237203
1.237203
0.773252
0.309301
0.618601
0.618601
0.618601
1.082552
1.082552
1.082552
1.082552
1.082552
1.546503
1.082552
1.237203
1.701154
1.701154
1.855804
1.855804
1.855804
1.701154
1.391853
1.546503
1.855804
1.701154
1.391853
1.391853
1.237203
1.082552
1.701154
1.701154
1.546503
2.010454
1.701154
2.319755
2.474405
2.319755
2.474405
2.938356
3.093007
3.556958
3.556958
4.330209
4.175559
4.330209
4.330209
4.794160
5.258111
5.258111
5.258111
5.412762
5.103461
5.258111
5.103461
4.484860
3.866258
2.938356
2.319755
1.391853
0.154650
-1.082552
-2.165105
-3.556958
-5.103461
-7.268566
-8.969719
-10.825523
-12.526677
-14.227830
-16.238285
-18.403389
-19.795242
-21.187095
-22.424298
-23.352200
-23.970801
-25.517305
-25.826605
-26.135906
-26.290556
-25.517305
-25.517305
-25.362654
-23.970801
-22.578948
-21.187095
-19.176641
-17.630138
-15.619683
-13.145278
-10.670873
-8.351118
-6.186013
-4.020909
-2.010454
0.309301
2.783706
5.258111
7.423216
10.361572
12.526677
13.609229
15.774334
16.547585
18.558040
20.413844
21.341746
21.805697
22.424298
23.042899
23.197550
23.970801
23.970801
24.125452
23.970801
23.661501
24.434752
24.744053
24.280102
24.434752
23.816151
23.352200
24.280102
24.125452
23.352200
22.578948
21.341746
20.104543
19.949893
18.248739
15.774334
13.763879
10.980173
8.660419
6.804615
3.247657
0.618601
-1.855804
-4.330209
-6.186013
-8.660419
-9.742971
-10.206922
-10.052271
-8.041817
-7.268566
-4.484860
0.000000
5.103461
11.908075
19.176641
28.764961
38.817233
48.405553
57.993874
66.499642
73.922858
83.047228
87.532087
89.078590
88.614639
83.975129
78.871669
73.304257
61.241531
47.168351
32.012618
16.238285
-0.773252
-18.712690
-36.806779
-54.746217
-72.067054
-87.377437
-104.543623
-120.781908
-133.153935
-145.216660
-155.423582
-163.929350
-176.456027
-184.497844
-187.126900
-189.292005
-186.972250
-184.652495
-184.033893
-175.528125
-161.454945
-147.072464
-127.277222
-109.647084
-93.254149
-68.200796
-42.992792
-17.939438
6.649964
30.311465
53.045063
72.531005
88.459989
102.533169
112.585441
122.792362
130.060928
130.988830
130.988830
127.741173
123.101663
120.627258
114.441245
105.162225
95.728555
84.284430
73.304257
63.715936
51.498560
37.734681
24.898703
12.681327
2.165105
-6.649964
-13.454579
-17.011536
-17.475487
-15.155732
-9.588320
-1.391853
8.660419
19.640592
30.775416
40.209086
51.962511
62.014783
66.654292
70.365900
71.603103
70.829851
70.675201
67.582194
61.860132
56.292720
49.333455
43.611393
38.817233
33.559122
27.682409
22.424298
17.166187
10.825523
4.330209
-3.093007
-10.825523
-19.176641
-27.991710
-36.652128
-44.848596
-52.117161
-59.076426
-65.262439
-70.829851
-76.706564
-81.964675
-86.294884
-89.078590
-91.243695
-90.006492
-88.614639
-80.572822
-65.571740
-44.539295
-15.465033
21.805697
67.736845
119.080755
171.816517
226.098783
278.215945
326.002897
371.315444
396.523448
409.668726
405.957118
386.780477
350.282999
300.640243
248.059130
187.281550
124.493516
60.777580
0.463951
-54.282266
-102.687819
-143.360856
-178.311831
-207.386093
-227.799937
-246.821928
-268.009023
-288.886817
-311.465766
-334.354015
-353.685306
-378.738660
-407.348971
-430.701171
-451.269665
-462.713789
-460.084733
-454.208021
-438.433687
-411.060579
-375.027052
-325.229645
-265.379967
-206.148891
-143.515507
-81.346074
-21.651046
32.321919
78.871669
118.152853
148.773618
169.960713
183.569942
186.662949
184.497844
180.786236
174.136272
167.950259
161.454945
153.413128
148.773618
148.773618
149.701520
153.258478
156.660785
157.897987
160.990994
162.846798
161.609595
159.599141
153.413128
144.288758
136.556242
127.741173
118.462153
109.028483
100.058764
93.408800
88.923940
84.903031
83.201878
82.892577
79.026319
76.242613
75.005410
71.139152
64.643838
55.828769
44.229995
31.394017
16.392935
0.927902
-14.537131
-30.775416
-46.549749
-59.540377
-71.912404
-82.892577
-90.779744
-95.573904
-98.821561
-102.533169
-102.687819
-102.687819
-101.759917
-101.605267
-99.749463
-96.037855
-93.254149
-89.542541
-84.284430
-80.263522
-76.397263
-70.056600
-63.561286
-57.375273
-51.962511
-45.621848
-39.899785
-34.177723
-28.301010
-21.805697
-17.166187
-13.145278
-8.660419
-4.639510
-3.247657
-2.938356
-4.794160
-8.969719
-15.310383
-23.197550
-32.167269
-41.910240
-51.807861
-59.231077
-61.241531
-58.148524
-47.786952
-27.682409
0.463951
37.116079
81.500724
132.844634
186.662949
239.553362
293.680978
338.838874
372.243346
394.358343
400.235055
393.121140
379.047960
345.643489
300.021641
246.667277
188.209452
131.762082
76.397263
22.888249
-23.816151
-63.251985
-95.264604
-122.328411
-144.752709
-162.692148
-180.786236
-198.880325
-219.139518
-247.285879
-279.762448
-312.702968
-348.736495
-384.151421
-418.019843
-454.208021
-478.642773
-487.457842
-486.220639
-470.446306
-441.835994
-405.957118
-351.829502
-286.876363
-217.593015
-145.062010
-74.077508
-7.732517
52.117161
102.687819
142.742255
170.733965
190.529207
202.437283
202.901234
198.571024
192.230361
185.889697
180.786236
177.847880
178.775782
183.724593
190.838508
199.808227
208.004695
213.881407
216.819763
214.500008
207.386093
195.941969
181.095537
163.465399
145.216660
128.823725
116.606349
109.647084
108.564532
111.038937
118.307503
128.669075
137.948095
143.670157
144.907360
140.422500
126.040019
102.687819
73.149606
38.353282
-0.927902
-40.518387
-76.397263
-106.863378
-130.834180
-145.989912
-151.711974
-149.546870
-142.123654
-128.978376
-113.977294
-101.450617
-92.480898
-86.449535
-86.604185
-93.408800
-102.997120
-114.595895
-127.895823
-140.422500
-149.392219
-152.175925
-150.165471
-143.670157
-129.133026
-110.420336
-89.697192
-65.726390
-41.910240
-20.723144
-2.010454
14.073180
26.135906
32.940520
36.188177
36.652128
32.012618
23.506850
12.835977
-0.927902
-18.712690
-40.054436
-62.324083
-84.284430
-105.780826
-122.947013
-132.689984
-133.463235
-121.555160
-92.480898
-45.776498
15.465033
87.686737
169.342112
258.420702
348.117894
430.391870
499.984519
554.112134
589.372410
600.661884
587.052655
552.101680
499.829868
433.484877
355.541110
271.565980
188.209452
109.028483
38.043981
-22.888249
-72.376355
-111.502888
-141.814353
-164.547952
-184.497844
-205.066338
-229.810391
-257.183500
-291.361223
-334.199364
-384.615372
-439.052288
-492.406652
-543.750562
-589.217759
-623.704783
-643.036074
-644.891878
-628.498943
-593.393318
-538.647101
-467.507949
-383.996771
-291.670523
-195.632668
-100.058764
-9.742971
71.603103
141.195752
195.478018
234.140600
257.492800
267.699722
265.379967
254.245143
238.780110
221.459273
205.066338
191.147809
182.178089
180.631586
184.652495
192.385011
202.901234
215.118610
226.098783
231.820845
233.058048
227.954587
216.046512
198.880325
175.373475
148.928268
121.709810
94.646002
70.829851
53.663665
42.064890
35.724226
36.033527
42.992792
54.436916
67.891495
82.428626
96.965757
107.945931
113.667993
115.678447
111.966839
100.522715
83.047228
62.324083
36.652128
6.804615
-22.888249
-50.570658
-78.407718
-105.162225
-125.885369
-141.659703
-156.196834
-165.785154
-169.187462
-170.115364
-170.888615
-167.177007
-160.681693
-156.042184
-151.866625
-145.216660
-138.102745
-132.689984
-127.741173
-120.008657
-113.204042
-108.409882
-101.141316
-91.243695
-82.737927
-74.386809
-62.942685
-49.642756
-38.198632
-25.517305
-10.361572
2.165105
11.753425
20.568494
25.362654
22.114997
12.835977
-1.855804
-23.661501
-52.271812
-83.356528
-111.812189
-137.020193
-155.114282
-159.135190
-146.608513
-114.905196
-60.313629
13.454579
98.821561
194.704766
301.413494
406.575719
499.211267
576.691083
638.241914
675.357993
680.152154
657.109254
613.033910
547.307520
463.487041
370.387542
272.184582
173.826972
83.201878
5.567412
-58.457825
-110.574986
-148.618968
-173.981622
-192.848962
-208.932597
-224.861581
-243.728921
-268.163673
-300.949543
-344.251636
-397.142049
-454.826622
-510.964692
-565.401608
-615.817616
-653.242996
-672.110337
-673.656840
-656.181352
-614.425763
-550.709827
-469.982355
-375.181702
-269.864827
-159.135190
-51.343910
50.106707
141.659703
216.355812
270.638078
305.743703
322.291289
319.662233
301.413494
272.957833
239.398712
204.447737
172.125818
147.227115
130.988830
126.349320
132.999284
146.763164
164.702602
185.116446
203.983786
215.582561
218.366267
212.025603
197.179171
172.280468
141.969003
110.420336
82.273976
60.932230
49.024155
47.786952
57.839224
77.634466
103.615721
128.978376
152.949177
172.125818
178.775782
169.651413
147.536415
114.286594
68.974047
15.774334
-36.188177
-82.892577
-123.874915
-151.711974
-163.774700
-163.465399
-151.557324
-128.669075
-100.986666
-75.160061
-54.282266
-38.507932
-34.177723
-43.456743
-61.705482
-84.284430
-112.121490
-141.350402
-162.692148
-174.909524
-178.621132
-170.579315
-150.010821
-122.173761
-90.625094
-56.447371
-23.506850
1.701154
19.949893
32.167269
36.342828
30.466115
20.413844
10.206922
-3.402307
-19.795242
-34.641674
-49.488106
-68.200796
-89.697192
-111.502888
-136.092291
-162.692148
-185.425746
-200.272178
-206.458191
-197.952423
-166.403756
-109.492434
-32.785870
57.993874
165.011903
285.948461
407.503621
518.697209
613.188561
688.193971
736.290224
750.672704
731.496063
684.018412
613.961812
524.264621
420.958200
311.620416
204.447737
105.626176
18.712690
-51.962511
-107.327329
-148.000366
-177.074628
-196.560570
-211.407002
-229.501091
-251.770738
-279.298497
-315.486674
-365.593381
-427.144213
-493.179904
-558.133043
-622.003629
-680.461454
-724.382148
-748.198299
-749.744802
-728.557707
-682.471909
-611.951358
-520.089062
-412.761732
-295.382131
-174.445573
-55.519469
55.983420
155.268932
237.697558
299.557690
340.385378
361.108522
364.665479
351.984152
326.002897
293.526327
259.657905
227.799937
199.034975
178.621132
169.960713
172.125818
181.095537
196.251269
215.582561
233.521999
246.203326
248.523081
241.254516
222.541826
191.457109
151.402674
107.018029
64.179887
27.682409
2.629056
-7.268566
2.319755
27.063808
62.324083
104.698274
150.320121
190.065256
214.654659
221.923224
211.097701
177.229279
122.637712
56.756671
-15.619683
-89.387891
-155.268932
-204.757038
-237.078957
-250.069584
-240.945215
-212.798855
-175.373475
-134.855088
-93.099499
-59.540377
-43.611393
-42.528841
-54.591567
-81.346074
-119.699356
-158.516589
-192.075711
-220.995322
-236.460355
-233.521999
-214.809309
-186.353648
-146.917814
-99.130862
-53.972965
-16.238285
16.702236
41.136988
49.642756
47.941602
43.611393
33.249821
15.774334
-0.154650
-13.145278
-29.692863
-49.024155
-67.427544
-89.542541
-118.771454
-148.155017
-172.280468
-192.385011
-203.365185
-194.086165
-156.970086
-91.707646
-0.154650
111.657539
238.780110
381.677016
529.986683
663.449918
769.540045
851.659370
905.941636
915.529957
878.413877
810.213082
718.350785
599.579332
463.177740
325.229645
190.529207
62.788034
-46.395099
-130.834180
-197.797773
-250.688186
-284.092657
-301.877445
-316.723877
-334.972616
-353.994607
-377.965408
-412.916383
-461.167286
-521.171614
-588.289857
-653.706947
-713.556625
-768.766793
-812.378186
-830.162974
-819.337451
-786.860882
-728.867008
-639.788417
-525.656474
-398.069951
-260.121856
-115.059846
25.053354
152.021275
265.070667
358.015515
420.958200
454.981272
467.971900
459.156831
427.298863
380.439813
326.930799
271.565980
218.520917
172.125818
134.081837
110.729637
104.234323
106.399427
111.657539
125.421418
148.464317
166.249105
174.909524
182.796691
186.198998
175.992076
163.310749
152.330576
129.287676
100.677365
87.532087
79.180969
52.426462
33.559122
43.920694
45.003246
19.021991
11.134824
31.857968
24.125452
-7.423216
-8.969719
3.402307
-17.939438
-40.982338
-26.599857
-22.578948
-44.384645
-39.281184
-12.526677
-27.527759
-54.436916
-34.487024
-21.960347
-69.592649
-102.687819
-81.655375
-94.646002
-152.794527
-163.774700
-130.988830
-146.144562
-175.682775
-139.649248
-96.965757
-103.151770
-93.408800
-35.569576
-15.310383
-30.620765
0.463951
43.920694
20.104543
-5.567412
42.064890
64.025237
4.484860
-32.631220
-2.010454
-17.475487
-103.770372
-155.578233
-178.157181
-238.161509
-288.577517
-278.525245
-285.639161
-308.991360
-214.036057
-18.712690
96.347156
153.103827
349.200446
637.623313
802.635216
851.195419
951.563484
1086.418572
1113.946331
1042.807179
947.078624
822.585108
671.801036
532.461088
367.603836
136.556242
-60.777580
-150.320121
-222.541826
-348.581845
-449.104560
-465.342845
-454.362671
-453.589419
-455.909174
-481.581129
-518.851859
-509.727489
-494.262456
-582.567795
-724.691449
-771.395849
-757.941270
-830.781576
-951.872784
-970.276174
-898.982371
-845.164056
-794.748049
-683.863762
-530.295983
-362.964326
-167.950259
25.053354
171.661867
307.754158
471.528858
599.270031
634.684957
632.519852
641.180270
627.261741
565.710909
481.117178
385.852575
294.144929
239.862663
202.127982
126.040019
54.746217
70.211250
117.070300
96.347156
58.303175
93.563450
144.443409
123.256313
83.047228
84.593731
76.397263
36.188177
21.187095
24.898703
-0.927902
-8.196468
48.560204
90.625094
79.644920
111.038937
198.571024
220.531371
176.610677
186.508299
221.768574
168.104909
79.335620
60.004328
45.776498
-35.105625
-94.955303
-84.903031
-92.790198
-129.596977
-112.894741
-75.314711
-94.491352
-109.337784
-67.118243
-65.262439
-139.649248
-171.816517
-150.629422
-191.457109
-273.576435
-278.061294
-244.038222
-267.081121
-277.288043
-209.396548
-153.103827
-150.320121
-105.316875
-19.021991
7.423216
-0.154650
40.054436
75.160061
50.106707
42.374191
71.293802
38.198632
-41.291638
-52.890413
-38.043981
-122.328411
-250.842836
-298.011187
-295.382131
-323.064541
-365.284081
-374.408450
-306.207654
-117.534251
114.595895
247.440529
361.727123
664.532470
1044.972283
1205.808627
1202.251670
1318.858019
1499.798906
1464.538630
1248.182818
1073.427944
929.757787
693.606732
421.422151
184.807145
-74.232159
-326.621498
-459.002181
-512.975146
-628.034992
-754.848263
-754.229662
-669.635931
-634.684957
-669.945232
-697.782291
-679.533552
-641.798872
-664.068519
-793.974797
-920.788068
-926.200830
-899.600973
-989.916766
-1096.316193
-1035.074662
-876.403423
-782.530673
-697.782291
-492.870603
-237.233607
-30.156814
178.311831
416.627990
593.702619
696.081138
815.471193
926.819431
911.972999
803.408467
732.733266
688.193971
565.092308
373.325898
220.067420
138.721346
68.355446
-30.775416
-125.576068
-150.938723
-109.183133
-82.892577
-111.502888
-115.214496
-38.817233
23.352200
-6.959265
-41.910240
4.948811
53.045063
17.939438
-25.671955
8.505768
68.510096
85.212332
86.140234
123.256313
186.198998
241.873117
268.009023
263.524163
267.854373
298.320488
296.773984
223.160427
152.175925
144.907360
129.287676
43.766044
-35.878877
-42.838142
-43.302093
-94.182051
-144.752709
-153.722429
-161.145644
-191.457109
-225.325532
-259.967206
-294.299579
-306.980906
-306.053004
-326.930799
-347.344642
-308.218109
-239.089411
-213.881407
-207.231443
-143.670157
-42.838142
14.691781
30.466115
63.561286
113.977294
138.875997
140.731801
146.453863
144.443409
110.729637
47.168351
-26.290556
-97.739009
-175.064174
-285.793811
-407.503621
-457.146377
-444.929001
-489.622947
-558.287693
-411.060579
-30.930066
254.245143
324.765694
520.707663
1021.774734
1450.465450
1536.451034
1561.349737
1773.375340
1902.044415
1691.101364
1360.922909
1149.051956
945.686771
609.476953
229.191790
-112.740091
-448.331308
-727.165854
-849.803566
-879.032479
-963.935510
-1075.129098
-1068.943085
-936.098451
-832.637380
-849.494266
-875.320871
-782.994624
-672.419637
-765.673787
-1000.587639
-1067.705882
-927.283382
-891.868456
-1060.901268
-1123.225351
-928.365934
-717.886834
-622.776881
-446.939455
-106.554078
200.272178
393.585091
602.981639
843.772203
991.617919
1057.653611
1130.493916
1131.267168
965.327363
742.012286
606.229296
493.489205
281.772902
21.960347
-154.959631
-230.428993
-300.021641
-400.699006
-453.744070
-382.914218
-267.854373
-247.285879
-278.989196
-203.519835
-47.323001
5.876713
-32.940520
10.825523
120.008657
134.855088
98.202960
162.073546
271.102029
302.032096
313.012269
379.047960
434.876729
456.218475
504.160078
529.368081
461.167286
399.152503
405.957118
339.766776
164.238651
68.046145
68.819397
-34.641674
-222.387175
-280.071749
-240.326614
-289.196118
-375.181702
-371.006143
-356.005061
-400.389706
-406.730369
-367.603836
-395.131595
-435.959282
-379.047960
-322.445939
-357.087613
-346.726041
-218.211616
-125.730719
-116.142398
-43.302093
93.408800
143.515507
130.988830
189.601305
280.535700
296.155383
266.771820
242.491718
178.775782
78.253067
-1.546503
-95.573904
-261.668359
-422.040752
-474.776515
-498.283365
-605.301394
-681.853307
-480.343927
-12.681327
378.738660
519.315810
712.628723
1253.595579
1845.597045
2048.498278
1993.133460
2088.243413
2228.665913
2002.876431
1477.838559
1052.395499
788.252735
425.597710
-82.428626
-572.051573
-972.441278
-1259.472292
-1371.284481
-1353.963644
-1379.171648
-1458.043316
-1417.370279
-1213.541144
-1025.950293
-983.421452
-969.812223
-849.184965
-713.401975
-770.622597
-987.906312
-1077.758154
-934.397297
-800.624761
-865.732550
-928.984536
-743.558789
-411.369879
-152.794527
66.190341
390.956036
752.837809
995.484178
1134.514825
1257.152537
1327.518437
1285.298897
1172.094855
1003.989946
711.236870
324.301743
21.341746
-147.536415
-343.014433
-629.117545
-833.410631
-835.885037
-762.271479
-747.270397
-716.031030
-550.091226
-307.444857
-158.671239
-130.834180
-62.788034
144.752709
329.714505
310.847164
241.099865
373.325898
584.268949
585.970102
502.613574
637.004712
857.381433
845.009406
717.268233
749.899453
815.780494
690.668376
483.436933
336.364469
168.878161
-27.527759
-164.547952
-319.352933
-532.151787
-607.621149
-523.955320
-545.915667
-652.933696
-547.152869
-316.723877
-309.146011
-414.772187
-314.558772
-157.743337
-215.427910
-318.425031
-266.153219
-217.283714
-255.791647
-219.139518
-121.245859
-97.275058
-32.167269
167.331658
277.751994
215.273260
240.945215
390.956036
391.419987
263.060212
263.060212
299.248390
130.060928
-108.564532
-203.055884
-284.556608
-500.603120
-719.742638
-824.595562
-875.320871
-920.788068
-959.759951
-892.641708
-462.868439
288.577517
813.770039
922.334571
1280.195436
2196.189344
2874.640344
2806.130248
2649.933414
2874.485694
2825.306889
2092.264322
1312.053404
918.622963
497.510113
-211.561652
-872.537165
-1357.675252
-1817.914636
-2096.749182
-1995.143914
-1805.387959
-1848.999352
-1887.197984
-1626.766827
-1247.409566
-1057.035009
-1023.321237
-931.149640
-748.971551
-657.882506
-819.956053
-1061.055918
-1008.784106
-669.790582
-495.654309
-612.106008
-539.265703
-51.034609
435.186030
652.624395
905.477685
1341.746268
1612.229696
1570.628757
1494.076843
1465.311882
1254.987432
863.876746
505.087980
125.266768
-419.875647
-940.892611
-1169.311149
-1238.130546
-1413.967972
-1598.156516
-1518.202295
-1207.664431
-936.562402
-744.177391
-424.205857
41.600939
394.512993
531.687836
677.832399
936.562402
1096.316193
1048.838542
973.523831
961.151804
888.930100
752.683159
667.780127
604.992093
497.819414
420.958200
381.986316
267.235771
144.288758
150.629422
132.844634
-82.428626
-277.906644
-255.018395
-255.018395
-442.763896
-550.864477
-444.310400
-392.347889
-477.714871
-453.280119
-300.794893
-228.109238
-220.840672
-160.836344
-136.401592
-183.260642
-139.803899
-24.589403
-36.806779
-107.636630
-22.578948
120.163307
141.195752
168.259560
323.373841
420.494249
342.859783
273.576435
319.352933
338.529574
251.461437
126.040019
-33.404471
-255.791647
-471.374207
-641.798872
-839.905945
-1060.437317
-1166.372793
-1147.350802
-1189.570343
-1282.051240
-986.050508
-55.055518
947.233275
1356.128749
1503.046563
2222.170600
3318.950744
3796.974916
3530.357746
3324.672806
3336.890182
2837.524265
1715.226816
704.277605
126.503970
-440.289491
-1242.770056
-2020.042618
-2575.391955
-2869.072932
-2821.904581
-2488.942420
-2181.188262
-2063.035409
-1898.332807
-1495.468696
-1038.167669
-815.316543
-781.448120
-666.233624
-449.104560
-428.381416
-709.690367
-873.001116
-551.483079
-49.178805
108.719182
43.147442
311.001815
928.984536
1396.183184
1547.276557
1688.163008
1883.177075
1820.079740
1436.082969
997.958583
604.218841
105.626176
-489.622947
-1041.724627
-1573.103162
-2082.366701
-2330.580481
-2177.167353
-1897.868856
-1757.137056
-1582.846133
-1120.596295
-490.550848
8.505768
360.025970
755.157564
1184.621532
1386.904164
1303.702286
1316.692914
1661.408501
1918.746651
1660.480599
1250.038622
1213.850444
1269.988514
946.614673
529.986683
394.667644
198.571024
-339.766776
-792.737594
-870.836011
-880.733632
-974.606383
-980.019145
-951.254183
-948.006526
-692.214880
-212.644204
16.392935
19.640592
252.543990
528.440179
369.614290
122.483062
282.236853
409.204775
26.754507
-386.471176
-382.604918
-322.291289
-430.237220
-380.903764
-162.228197
-82.119326
-14.691781
259.657905
470.600956
461.940537
536.481997
674.739392
492.406652
147.691066
107.636630
164.393301
-140.422500
-580.866642
-754.075012
-849.030315
-1111.162625
-1312.517355
-1282.515191
-1268.287361
-1443.196885
-1514.799988
-946.460023
361.727123
1618.415709
2017.877513
2083.913204
2981.039772
4353.097504
4739.104729
4118.802253
3785.994742
3787.850546
2889.486776
1157.557724
-71.757753
-552.565631
-1235.656141
-2344.344361
-3198.478136
-3612.786372
-3792.799357
-3584.794662
-2913.766878
-2305.372477
-2104.945649
-1862.763231
-1229.006177
-588.444508
-388.636281
-392.038588
-166.558406
119.080755
-7.268566
-463.950992
-525.037872
110.574986
774.643506
815.316543
634.375656
1014.815469
1743.991778
2022.826324
1822.554145
1731.001150
1708.112901
1176.115764
218.830218
-542.204059
-1006.464351
-1571.092708
-2249.543708
-2707.463337
-2933.252819
-3039.497597
-2814.636016
-2098.450335
-1291.175610
-800.470111
-367.449185
372.707297
1154.619368
1544.492851
1724.815137
2044.632020
2290.062095
2175.002249
1960.966191
1943.490704
1887.043333
1565.370646
1167.146045
811.914235
398.224601
-32.321919
-377.037506
-762.426130
-1203.024921
-1428.814404
-1443.660836
-1500.726808
-1469.023490
-1051.467597
-517.305356
-267.854373
-36.961429
516.841405
1050.539695
1163.279786
1090.748781
1088.892977
944.140268
552.256330
160.063092
-127.431872
-447.403406
-750.363404
-902.848630
-969.038971
-959.914602
-729.949560
-336.519119
-69.283348
79.954221
343.323734
654.634849
746.806446
638.551215
551.637729
444.774351
195.941969
-122.947013
-375.027052
-560.452798
-750.054103
-930.531039
-1097.398746
-1160.496080
-1101.110353
-1024.403790
-940.274010
-781.602771
-590.300312
-436.577883
226.253434
1637.592350
2794.376823
2838.297516
2700.040121
3695.369648
4816.893845
4523.522168
3407.720034
2956.450369
2766.075812
1466.549085
-359.562019
-1407.318008
-1734.403457
-2370.170966
-3368.902801
-3954.872903
-4017.970238
-3718.257897
-3209.149009
-2514.305074
-1913.024589
-1559.029982
-1134.824126
-551.328428
43.147442
253.626542
239.089411
411.215229
688.657922
676.440546
298.320488
366.985234
1073.427944
1610.528542
1366.490321
932.850794
1197.457509
1610.683193
1358.139203
588.599158
91.398345
-185.735047
-937.181003
-1916.736197
-2502.706299
-2582.041919
-2696.328513
-2903.559956
-2787.881509
-2379.295335
-1779.870654
-1037.858368
-91.552996
703.968305
1110.544024
1458.043316
1896.322353
2254.492519
2188.611478
1970.554512
1925.705916
1857.814421
1518.666246
1077.448853
1109.925422
1286.381449
938.108905
212.489554
-161.145644
-177.538579
-652.469745
-1351.953190
-1634.035393
-1619.343611
-1809.718168
-1919.519903
-1407.627309
-737.218126
-180.940887
404.565265
995.948129
1342.828820
1642.231860
2092.728273
2016.485660
1355.510147
801.088712
506.015882
-145.216660
-998.267884
-1226.995723
-1150.134508
-1373.758886
-1596.919313
-1212.767892
-587.207305
-217.283714
145.989912
544.678464
750.054103
723.918197
728.867008
635.458208
317.651779
22.578948
-218.830218
-509.727489
-818.564200
-837.740841
-735.207671
-752.992459
-789.489937
-697.163690
-480.189276
-423.896556
-391.110686
-392.811840
-541.121507
-819.646752
-559.988847
917.695061
2474.405289
2711.329595
2188.766128
2916.241283
4578.268385
4954.532640
3952.553148
3208.839708
3183.786355
2147.938441
-16.083634
-1561.968338
-2054.993592
-2450.589138
-3530.048445
-4394.698443
-4562.494052
-4131.792881
-3288.484629
-2380.377888
-1487.272229
-954.811141
-468.590502
117.843552
707.834563
1018.836378
834.802484
764.436584
847.638462
722.217044
160.836344
-47.168351
723.918197
1440.258528
1233.954987
574.680628
688.967223
1260.090893
1083.325565
205.994240
-541.430807
-887.074296
-1602.022774
-2668.800754
-3256.781311
-3113.884405
-2773.653678
-2696.483163
-2425.690435
-1684.451400
-689.895125
308.527409
1266.122256
2103.553796
2444.093824
2391.976663
2355.015234
2369.552365
2062.880759
1421.236538
1010.021309
904.085832
670.718484
299.557690
221.923224
317.806429
-1.237203
-585.970102
-859.082586
-953.109987
-1308.651097
-1692.493217
-1703.318741
-1541.399845
-1354.582245
-841.143148
-67.736845
570.195769
1144.257796
1797.655442
2148.402392
2051.281984
1970.399861
1876.991062
1216.479500
188.054802
-489.004345
-887.692897
-1444.588738
-1865.856238
-1753.270797
-1408.709861
-1132.349720
-698.400893
-42.219540
543.286611
917.540411
1113.327730
1067.551232
828.616471
578.392236
268.627624
-174.600223
-606.693247
-852.741923
-1008.320155
-1129.720665
-1056.880359
-824.750213
-585.196851
-439.980190
-272.339232
-108.100581
-76.397263
-64.489188
-71.448453
-227.490636
-446.939455
177.383929
1850.545855
3062.076545
2858.092759
2565.648984
3751.817019
4999.999837
4422.999454
2891.497230
2157.990712
1761.003314
95.728555
-2132.164107
-3274.720749
-3323.899554
-3543.503024
-4271.442130
-4464.755043
-3691.967341
-2420.123023
-1306.640643
-402.554810
398.533902
848.411713
1058.736163
1285.608198
1482.478069
1185.858735
564.783007
332.807511
353.221355
71.912404
-330.797057
-12.372026
791.655042
917.231110
238.934761
-244.966124
-23.816151
3.556958
-852.896573
-1988.184649
-2561.164124
-2682.719284
-2996.968756
-3258.482465
-2785.871054
-1703.782692
-794.748049
-224.706930
624.787335
1809.254217
2705.607533
2999.597811
2960.007327
2695.400611
2025.764680
1192.817999
594.785171
106.863378
-608.858351
-1278.184982
-1403.451750
-1211.221389
-1059.818715
-610.868806
272.184582
730.258861
385.852575
259.039304
766.601689
821.193255
94.955303
-299.712341
-148.928268
-367.449185
-732.269315
-324.611044
403.946663
596.950276
610.559505
834.802484
855.680279
745.414593
892.641708
750.672704
-26.135906
-531.842487
-388.481630
-472.147459
-867.588354
-715.876380
-248.677732
-296.464684
-500.757770
-214.036057
139.649248
94.491352
-55.210168
-174.754874
-372.707297
-396.987399
-185.271096
-149.082919
-280.690350
-113.822643
201.664031
234.449901
235.996404
487.148541
567.876014
176.146726
-185.580397
-260.121856
-488.849695
-925.891529
-1263.493201
-1670.068920
-2147.783791
-1356.747350
1280.659387
3183.631705
2810.151156
2189.848680
3374.624863
4933.500195
4400.884456
2552.658356
1512.016282
1108.997520
-361.881773
-2551.885104
-3580.928404
-3027.280220
-2381.305790
-2759.271198
-3122.854125
-2183.817318
-479.570675
533.388990
690.513726
832.946680
867.433704
477.560221
110.111035
115.059846
-2.938356
-425.443059
-434.412778
-36.806779
115.678447
145.062010
767.374940
1612.693647
1406.390106
199.034975
-709.381066
-745.414593
-880.115031
-1892.146794
-2991.401344
-3175.125936
-2667.408901
-2360.273345
-2071.850478
-989.452815
533.543640
1342.364869
1323.806829
1566.607848
2289.598144
2543.224686
1934.520985
1079.768608
474.003263
-45.003246
-490.550848
-649.531388
-567.102762
-508.026336
-560.298148
-499.520568
-297.701886
-138.102745
4.330209
267.854373
291.825174
-221.768574
-401.472258
353.066705
893.569610
379.357261
67.582194
689.276523
831.554827
137.484144
67.891495
589.991011
298.011187
-418.483794
-356.623662
-71.912404
-111.812189
159.599141
520.862313
223.469728
67.891495
713.556625
871.609263
133.772536
-130.524879
71.293802
-483.436933
-1253.904880
-1073.427944
-735.826273
-1020.537531
-1071.881441
-579.474789
-242.801019
13.145278
573.752726
826.915317
551.947030
572.670174
786.706231
467.507949
4.330209
21.496396
-44.075344
-625.251286
-864.959299
-637.314012
-694.225334
-855.216328
-596.795626
-398.843202
-584.423599
311.620416
2445.176376
3481.024290
2612.353384
2009.526395
3082.645039
3703.566116
2446.258929
759.178473
89.387891
-131.452781
-1264.730403
-2638.953240
-2883.300763
-1885.342180
-1209.984186
-1784.355514
-2043.858768
-1002.443443
301.413494
448.022008
44.848596
135.319039
219.294169
91.089045
86.758835
403.946663
537.409899
489.777597
704.432256
796.139902
624.323384
439.825540
536.791297
349.355097
-672.419637
-1846.524947
-2314.496847
-1983.081189
-1957.409234
-2543.070035
-2691.843653
-1842.349388
-820.420004
-549.317974
-191.302459
865.577900
1691.101364
1429.278355
813.924690
997.339982
1464.383980
1284.680296
511.273993
12.062726
93.408800
175.837426
17.475487
-171.197916
-165.011903
-244.502173
-491.942701
-683.709111
-770.003996
-570.505069
-170.888615
-54.746217
-382.295617
-191.302459
808.821229
1215.860899
674.894042
486.684590
917.849712
688.812572
-41.136988
-57.529923
167.640958
-160.990994
-417.555892
-84.593731
147.381765
227.181336
663.295268
846.401259
440.908092
287.340314
565.246958
322.291289
-318.425031
-459.775433
-479.570675
-888.930100
-1055.952457
-646.438382
-442.145295
-573.598076
-401.162957
-34.950975
69.592649
111.966839
329.405204
323.837792
137.484144
120.317957
202.901234
142.587605
55.828769
93.563450
-121.555160
-370.232891
-419.257046
-414.153585
-492.406652
-607.311848
-627.880342
-628.962894
477.405570
2512.758571
3439.887302
2646.067156
2115.616522
3258.018514
3641.551333
2070.303975
297.856537
-320.899436
-664.841771
-2011.846150
-3086.356647
-2903.096005
-1754.508000
-1085.645320
-1495.314046
-1440.413179
-310.847164
956.821595
889.703352
219.139518
122.792362
146.763164
74.077508
22.269648
298.939089
457.764978
581.330593
911.509048
890.476603
640.561669
466.580047
446.011553
-198.880325
-1555.163724
-2550.029300
-2668.182153
-2242.739094
-2299.341115
-2635.241632
-2262.998287
-1079.150007
-75.778662
139.649248
562.463252
1441.650381
1781.881109
1122.297449
469.827704
663.604568
952.336735
607.002547
-83.201878
-300.794893
23.970801
271.102029
126.040019
-136.092291
-216.510463
-376.728205
-797.377104
-1053.168751
-590.764263
68.819397
32.012618
-331.415658
223.779028
1469.951392
1661.408501
851.504720
523.027418
702.731102
109.337784
-834.957135
-753.456410
-348.736495
-543.131961
-732.114665
-166.713056
602.981639
1100.491752
1451.238702
1261.173446
816.863046
767.529590
757.631969
65.417090
-676.440546
-660.356911
-760.570326
-1259.472292
-1191.116846
-465.033544
-185.425746
-461.321936
-381.677016
-43.147442
104.234323
112.430790
130.834180
19.485942
-80.727473
49.488106
148.155017
188.673403
288.886817
366.057332
83.665829
-216.046512
-148.464317
-148.155017
-386.625826
-683.709111
-740.620433
-808.511928
-138.721346
1913.952491
3534.378654
3241.934879
2160.155817
2692.152954
3637.066474
2632.921878
577.000383
-682.007958
-908.416042
-1796.263589
-3019.702354
-3113.575105
-1915.344344
-679.842853
-898.673071
-1283.133793
-506.015882
873.619717
1175.342512
283.164755
-176.610677
-192.075711
-102.223868
-8.815069
325.229645
740.311132
906.250937
1129.566014
1047.755989
720.051939
349.200446
27.682409
-580.866642
-1844.823793
-2938.046980
-3141.566815
-2430.639245
-1898.023507
-1996.071816
-1749.095238
-671.337085
466.116096
661.903415
631.901251
1053.478052
1254.214181
626.797790
-173.517671
-55.055518
532.615738
659.583660
163.001448
-117.534251
292.907726
628.034992
385.233973
-154.341030
-462.713789
-699.019494
-737.991377
-322.445939
-84.129780
-135.628340
120.627258
616.590868
432.556975
135.009739
666.388274
767.993541
-263.678814
-864.495348
-242.801019
29.692863
-356.932963
-45.003246
576.227132
563.700455
555.967938
1102.502206
1240.141001
778.200463
549.163324
287.958915
-290.433321
-492.870603
-233.058048
-422.504703
-880.578982
-686.028866
-229.655741
-152.485226
-136.246941
100.058764
108.564532
-189.137354
-285.793811
-211.252352
-176.610677
-234.295251
-309.455311
-256.564898
-51.189259
265.379967
366.521283
373.016597
315.795975
81.655375
-48.560204
-133.463235
-187.900152
-419.566347
-583.804998
-580.248040
7.113915
1959.419688
3666.913988
3529.893795
2319.445657
2385.635999
3130.122690
2068.912122
107.791280
-1034.765362
-1227.459674
-1920.911756
-2835.977762
-2590.547687
-1414.122622
-214.345358
-267.854373
-744.486691
-431.629073
396.987399
615.044365
-109.492434
-467.507949
-471.219557
-310.692514
163.310749
842.844301
1327.827738
1337.725359
1396.956436
1113.791681
336.209819
-433.794177
-910.426496
-1419.999335
-2453.682144
-3262.348723
-3092.697310
-2005.196186
-1081.469761
-937.799604
-704.277605
95.419254
740.620433
455.135923
89.851842
390.337434
539.884304
-51.343910
-640.407019
-178.002530
779.592316
1128.483462
744.177391
362.345724
474.931165
410.287327
-217.283714
-938.572856
-1146.113600
-1051.776898
-1203.952823
-1186.631986
-512.201895
806.656124
1849.927254
1786.211318
1209.674886
1088.892977
1279.422185
555.194687
-641.953522
-975.688935
-853.360524
-1123.070700
-1188.642441
-180.167635
764.745885
819.801402
772.633051
983.266802
1025.177041
796.913153
666.697575
312.857619
-203.674485
-313.785521
-174.445573
-163.465399
-183.569942
-87.222786
-274.195036
-597.568877
-558.751644
-374.563101
-437.660435
-554.885386
-441.835994
-277.288043
-137.020193
149.392219
467.662600
478.952074
276.669441
130.988830
194.704766
172.744419
-87.377437
-367.139885
-547.152869
-467.198649
-464.878894
-347.499293
-116.761000
11.444124
-17.939438
347.344642
2212.272978
3895.796477
3661.191925
2228.820564
2009.217094
2780.767594
1838.947080
-88.769290
-1147.196152
-960.223902
-1291.175610
-2352.540828
-2360.582645
-1247.409566
-91.862296
-414.462886
-1152.144963
-889.703352
-155.578233
15.465033
-437.196484
-269.091575
59.695028
180.167635
541.585458
1253.595579
1768.117229
1516.965092
1105.595213
531.533186
-239.244061
-1009.093407
-1473.972300
-1679.038639
-2196.034694
-2706.999386
-2589.465135
-1577.278721
-728.557707
-745.878544
-814.543291
-371.160793
50.261357
-245.120774
-440.134841
49.024155
565.092308
500.293819
254.090493
639.015166
1294.268616
1426.958600
885.682443
231.047594
-121.091209
-515.140251
-1087.037173
-1429.278355
-1346.695078
-1163.125136
-1029.507250
-213.417456
1195.911006
1937.768642
1737.960415
1429.896956
1287.154701
517.769307
-384.151421
-594.321220
-741.548335
-1136.370629
-1049.766444
-203.055884
368.222437
609.786253
994.556276
1048.065290
625.251286
351.674852
446.320854
291.361223
110.729637
258.884653
331.879609
172.899070
162.846798
300.485592
13.609229
-513.439097
-841.916399
-911.509048
-915.839257
-841.452448
-540.193605
-195.323367
64.953139
181.868789
353.376005
542.668010
454.208021
170.270014
-60.777580
-151.557324
-267.390422
-322.291289
-202.591933
-202.127982
-237.697558
-147.536415
-61.550832
-19.949893
-61.705482
-155.268932
-345.024887
581.949194
2804.738395
3934.613710
2998.824560
1906.065324
2614.518488
2983.514177
1292.567463
-639.788417
-1169.929751
-874.702270
-1577.897323
-2426.927637
-1981.534685
-579.474789
68.974047
-750.518054
-1102.811507
-434.412778
-16.238285
-595.249122
-963.007608
-307.444857
300.176292
507.871686
748.816900
1341.436967
1758.374258
1605.270431
993.164423
135.628340
-665.151072
-1409.173812
-1840.338933
-1990.040453
-2097.522433
-2183.353367
-1907.766478
-1228.387576
-869.444158
-772.478401
-568.494615
-408.895474
-673.502190
-972.750579
-509.572839
266.307869
679.069601
650.613941
825.368814
1354.736896
1488.354781
1070.334938
434.876729
86.758835
-391.729287
-1096.780144
-1321.177774
-898.209120
-67.736845
208.004695
3.556958
-38.198632
439.670890
858.154684
276.669441
-301.722795
-244.192872
-50.261357
-221.768574
-109.801735
627.416391
875.320871
572.515524
418.019843
592.310766
530.759934
205.530289
39.126534
44.384645
179.703684
296.000733
375.800303
403.637363
433.175576
282.855455
-65.417090
-316.259926
-464.414943
-610.868806
-767.993541
-680.616105
-387.089777
-163.310749
-123.565614
-152.639876
-26.909158
88.614639
3.711608
-132.071382
-108.564532
-49.797406
-78.253067
41.136988
273.576435
364.201528
164.084001
-56.292720
-32.012618
-65.571740
-193.622214
-383.842120
-386.007225
-362.036424
40.518387
1914.416442
3818.162011
3775.942471
2150.103546
1738.733666
2616.992893
1850.081904
-197.333822
-1308.341796
-786.242280
-659.119709
-1546.194005
-1629.086582
-472.147459
504.778679
-326.002897
-1567.690401
-1347.159029
-474.157913
-632.674502
-1368.500775
-877.949926
409.978026
1131.112518
1115.647485
1216.943451
1518.511596
1372.367033
607.002547
-400.544356
-979.709844
-1286.690750
-1536.451034
-1659.088746
-1507.067471
-1150.753110
-875.320871
-686.492817
-924.654326
-1368.191474
-1407.163358
-1114.255632
-1155.392619
-1498.097752
-1098.481298
45.467197
908.725342
1025.640992
1090.284830
1450.156150
1443.196885
639.324466
-244.811473
-344.870237
-180.167635
-501.531022
-1032.445607
-788.098084
-33.095171
465.961446
717.886834
862.639544
826.296716
303.269298
-134.236487
-327.704050
-414.462886
-449.723161
-438.588337
-146.299213
217.593015
626.024538
763.044731
624.478035
390.646735
148.618968
52.426462
86.913486
351.984152
591.537514
720.670540
796.913153
910.890447
852.277972
352.448103
-266.771820
-683.399811
-871.763913
-1080.541860
-1081.624412
-754.848263
-394.358343
-233.831300
-163.001448
37.734681
116.451699
-68.200796
-392.502539
-452.197567
-213.572106
34.023073
92.635548
108.719182
282.546154
427.144213
418.329144
185.735047
77.789116
-49.952057
-228.109238
-307.290207
-284.092657
-143.670157
223.469728
1909.931582
3665.986086
3520.305474
1920.911756
1292.876763
2138.659421
1559.493933
-346.262090
-1340.199764
-580.711991
74.386809
-577.928285
-831.245527
4.020909
757.477319
-194.859416
-1685.843253
-1718.010522
-852.587272
-802.480565
-1445.361989
-988.679563
346.416740
1258.080439
1242.770056
1066.468679
1042.961829
682.781209
3.093007
-792.582944
-1023.011937
-919.550865
-887.228946
-940.119359
-982.648200
-717.886834
-488.540394
-541.585458
-1171.476254
-1963.440597
-2037.518105
-1570.319456
-1266.740857
-1250.193272
-736.754175
273.112484
852.741923
685.564915
532.925039
835.885037
803.253817
113.513343
-570.041118
-380.594463
263.060212
339.921427
66.344992
76.242613
726.392603
775.571408
-45.467197
-111.502888
494.726407
326.776148
-845.318707
-740.156482
434.258128
280.071749
-454.362671
-19.021991
781.293470
296.000733
-253.471892
236.924306
518.851859
55.364818
2.319755
583.650347
905.477685
940.428660
804.491019
662.058065
536.791297
444.929001
79.490270
-557.050491
-638.087264
-464.724243
-563.391154
-769.230744
-528.130879
-2.783706
-71.603103
-509.727489
-503.386826
-113.977294
-135.937641
-558.442344
-480.498577
65.107789
169.032811
-34.487024
119.390055
375.800303
226.872035
-17.630138
-34.332373
12.062726
-34.023073
-70.056600
-3.866258
9.433670
101.450617
155.268932
1119.668393
2979.647919
3514.738062
2121.183934
817.172347
1545.420753
1953.852276
445.702253
-865.268599
-496.272911
452.197567
122.792362
-492.870603
-178.157181
462.249838
-32.631220
-1470.415343
-1903.745569
-1091.212732
-576.227132
-1054.405954
-976.616837
75.160061
936.098451
990.999318
696.390438
634.839607
331.106358
-162.846798
-685.564915
-892.796358
-621.075727
-365.902682
-318.270380
-596.331675
-795.366650
-805.109621
-837.740841
-1190.343594
-1830.286662
-2011.227549
-1597.228614
-1131.731119
-1019.145678
-647.056983
125.266768
523.027418
204.447737
-182.332740
68.200796
352.448103
184.188544
-192.694312
35.105625
726.701903
1000.587639
848.721014
839.132694
1082.243013
547.307520
-366.366633
-606.538596
-347.963244
-580.248040
-1050.385045
-590.609612
43.920694
80.572822
-46.704400
314.094821
502.613574
117.534251
-5.876713
301.877445
616.126917
619.683874
706.133409
856.298880
941.047261
884.135940
528.749480
137.948095
-98.821561
-94.491352
-261.977660
-455.135923
-294.763530
0.000000
13.299928
-280.999651
-323.219191
-170.888615
-258.730003
-579.165488
-647.211633
-407.348971
-325.538946
-415.854739
-256.719549
112.276140
241.563816
123.256313
61.396181
128.050474
131.762082
106.244777
56.138070
79.799571
130.524879
196.715220
279.453147
234.759202
180.631586
501.067071
1859.360924
2964.956137
2376.202329
989.607465
874.083668
1748.476637
1222.665513
-191.147809
-552.410981
287.649615
527.202977
-156.196834
-307.908808
185.580397
247.749830
-812.378186
-1663.728256
-1300.609280
-525.965774
-507.562385
-895.116113
-391.110686
518.697209
832.946680
435.186030
114.441245
96.501806
-107.327329
-459.930083
-762.580780
-638.551215
-263.988114
-78.098417
-267.235771
-620.611776
-752.373858
-853.205874
-1156.939123
-1615.632003
-1782.499710
-1459.899120
-1085.181369
-994.865576
-925.427578
-437.660435
37.116079
-80.727473
-465.342845
-432.247674
-8.815069
194.395465
110.111035
210.015149
673.038239
1123.380001
1078.531405
727.165854
571.432971
598.960730
473.693962
90.006492
-202.901234
-300.330942
-349.200446
-389.409532
-398.533902
-328.477302
-297.701886
-281.308951
-144.288758
156.196834
358.170166
300.176292
328.631952
592.774717
815.625843
786.396931
770.777247
843.308252
723.144946
453.434769
253.935843
147.691066
-47.941602
-274.813637
-372.243346
-338.374923
-235.068502
-201.045430
-276.514791
-344.406286
-291.670523
-259.657905
-365.748032
-457.764978
-424.205857
-367.758486
-328.786603
-196.405920
-17.166187
74.696110
68.664747
63.251985
50.879959
49.488106
96.811107
146.917814
159.444491
128.050474
219.448819
359.716669
343.942335
324.147093
994.710926
2325.167720
2752.157282
1648.572524
599.115381
1003.835296
1517.583694
633.602404
-422.195402
-130.679529
714.948478
585.970102
1.237203
53.045063
321.981988
-129.596977
-1075.283748
-1376.851893
-874.238319
-414.462886
-567.412063
-773.251653
-300.640243
392.811840
459.620782
-97.584359
-437.660435
-308.682060
-232.748747
-399.152503
-469.518404
-206.922142
38.198632
-38.043981
-323.837792
-533.698291
-608.085100
-841.297798
-1297.361623
-1603.878578
-1382.883256
-934.087996
-815.316543
-961.151804
-914.447405
-598.187479
-467.353299
-662.212715
-801.552663
-589.063109
-246.976578
-70.211250
91.552996
401.317608
716.494981
915.993908
1102.656857
1116.730037
755.157564
365.748032
276.050840
173.208370
-142.278304
-162.537497
160.217742
126.040019
-246.203326
-232.284796
31.703318
-179.239733
-503.386826
-220.376721
233.212698
239.398712
257.492800
674.584742
878.568528
634.221006
527.976228
641.025620
439.052288
48.869504
30.620765
188.982704
67.118243
-114.131944
-37.889331
13.609229
-151.248023
-204.447737
-55.210168
-35.569576
-168.259560
-139.339948
1.701154
-25.208004
-131.916732
-106.399427
-63.561286
-123.874915
-108.719182
59.540377
163.929350
107.172679
65.107789
134.391137
203.983786
193.622214
170.115364
211.561652
281.927553
305.743703
291.361223
291.670523
323.992442
437.196484
672.264987
856.144230
745.259943
437.041834
259.812555
276.050840
274.349686
181.868789
140.267850
222.541826
314.094821
286.721713
185.735047
143.824807
171.816517
155.578233
54.746217
-52.735763
-102.997120
-89.078590
-37.889331
-25.362654
-119.854006
-249.760284
-296.773984
-290.742621
-341.003979
-436.732533
-476.013717
-456.373125
-460.548684
-498.747316
-512.511195
-496.427561
-510.810042
-557.669092
-584.423599
-582.413145
-596.640975
-634.530306
-654.944150
-651.077892
-630.200097
-579.010838
-497.355463
-434.876729
-411.369879
-374.408450
-298.939089
-228.727839
-196.715220
-178.621132
-147.227115
-104.543623
-49.024155
20.568494
93.099499
145.371311
152.175925
114.595895
79.026319
89.542541
120.781908
130.215578
145.680611
212.025603
290.897272
328.631952
355.850411
402.400160
417.401242
380.439813
363.892228
392.038588
398.533902
380.439813
403.328062
437.351135
394.512993
299.557690
237.078957
192.694312
115.833098
53.045063
59.540377
91.398345
91.552996
76.087963
74.541459
78.407718
81.500724
81.346074
48.869504
-27.063808
-97.429708
-121.709810
-131.452781
-155.114282
-162.382847
-139.339948
-130.215578
-152.485226
-159.599141
-139.958549
-140.577150
-163.620050
-155.578233
-106.399427
-59.695028
-26.909158
6.649964
28.146360
24.744053
25.826605
45.312547
44.848596
20.259193
45.312547
159.908442
280.845000
306.671605
264.606716
261.513709
327.549400
401.781559
433.330226
431.165122
421.886102
420.958200
433.794177
473.075361
547.307520
619.993175
613.807162
517.460006
440.444141
460.548684
498.128715
427.762814
266.153219
135.782990
79.180969
24.434752
-75.778662
-174.909524
-238.316159
-315.486674
-432.711625
-515.758852
-504.160078
-478.488123
-539.111052
-650.459290
-710.308968
-715.257779
-746.806446
-827.997870
-895.116113
-893.878911
-852.432622
-820.265353
-781.912071
-696.081138
-601.744436
-579.320138
-605.456044
-581.330593
-497.355463
-443.537148
-447.712707
-431.319772
-345.643489
-235.223153
-163.156099
-133.153935
-105.162225
-53.354364
14.537131
77.943767
131.607431
181.404838
233.831300
300.949543
383.223519
448.176658
467.971900
461.476586
452.970818
439.670890
435.186030
467.043998
508.335636
497.510113
452.042916
444.001099
464.105642
442.454596
373.635199
323.373841
310.228563
305.125102
303.114648
315.022723
326.776148
312.239017
275.741539
232.594097
182.178089
117.534251
39.281184
-33.095171
-69.283348
-62.942685
-52.735763
-78.717018
-131.452781
-177.693230
-212.334904
-241.718467
-253.007941
-242.955669
-234.295251
-229.191790
-199.808227
-144.907360
-111.348238
-119.390055
-133.617886
-122.019111
-95.573904
-62.324083
11.134824
122.483062
205.220989
208.004695
188.518753
229.965042
321.208737
389.564183
413.998935
430.237220
457.455678
495.654309
532.770389
552.410981
543.750562
520.398362
481.581129
422.350053
383.687470
407.503621
434.876729
374.099150
259.193954
197.797773
184.652495
116.451699
-16.392935
-119.080755
-167.640958
-229.655741
-320.590135
-374.717751
-381.367715
-420.648899
-520.862313
-605.146743
-617.364120
-618.601322
-683.090510
-777.272561
-814.852592
-783.149274
-744.177391
-736.754175
-735.980923
-710.308968
-675.357993
-669.790582
-675.048693
-634.839607
-557.823742
-522.563467
-528.285529
-475.704417
-346.416740
-253.317241
-244.038222
-226.098783
-152.175925
-85.830933
-40.054436
42.683491
137.329494
175.837426
202.127982
291.361223
386.007225
407.503621
402.400160
426.989563
432.247674
404.410614
414.617536
465.188194
472.611410
427.453514
403.482712
412.143131
411.369879
394.976944
368.841038
325.693596
298.784439
331.879609
373.789849
357.551564
325.229645
328.477302
310.692514
233.676649
178.311831
181.404838
154.804981
64.643838
10.516222
31.084716
22.888249
-58.921776
-131.762082
-155.732883
-191.611760
-257.028849
-290.897272
-279.917098
-269.246225
-257.338150
-208.468646
-148.309667
-134.855088
-156.506135
-160.836344
-142.123654
-126.194670
-106.863378
-74.077508
-44.848596
-13.299928
68.974047
195.787318
276.824092
264.761366
233.676649
262.286961
330.951707
390.028134
441.681344
488.540394
498.283365
478.642773
487.148541
533.388990
551.328428
505.706581
433.175576
384.924673
375.491003
398.379251
415.545438
368.995689
262.132310
162.846798
104.543623
46.240449
-42.374191
-136.092291
-218.830218
-297.547236
-358.479466
-382.450267
-397.915300
-451.424315
-536.791297
-614.271113
-658.655758
-672.574288
-675.667294
-699.019494
-752.992459
-790.572490
-767.993541
-715.721730
-699.792746
-719.278687
-720.979841
-690.204425
-649.222088
-599.270031
-529.058781
-466.116096
-437.196484
-410.441977
-340.849329
-244.966124
-177.538579
-155.887533
-149.856170
-122.328411
-56.292720
38.043981
128.514425
189.292005
231.202244
280.690350
341.622580
386.316526
397.451349
387.863029
385.079323
403.482712
436.577883
473.384662
496.736862
491.478750
459.620782
433.639527
430.391870
423.277955
387.708379
346.107440
341.777231
370.696842
391.265336
380.130512
343.323734
294.454229
248.213781
218.211616
198.725675
170.733965
125.885369
79.954221
47.168351
24.280102
-3.866258
-56.138070
-131.916732
-193.776864
-203.365185
-175.218825
-161.454945
-181.404838
-199.034975
-184.652495
-155.732883
-141.505052
-147.536415
-166.867707
-188.209452
-192.848962
-163.620050
-108.873833
-62.014783
-47.941602
-46.859050
-6.031363
93.408800
195.478018
225.944133
193.931515
184.497844
240.481264
322.136639
376.109604
401.936209
409.668726
397.760650
382.450267
403.173412
456.373125
478.333472
432.711625
368.067787
358.788767
405.957118
438.742988
401.317608
303.578599
196.869871
113.358692
52.117161
-3.247657
-69.128698
-154.031729
-252.853290
-336.519119
-379.047960
-394.049042
-430.391870
-517.769307
-623.550133
-685.719566
-681.544007
-651.387192
-647.366284
-677.523098
-703.195053
-694.379984
-662.058065
-630.045447
-609.476953
-600.661884
-605.765345
-608.239750
-572.206223
-491.324100
-415.700089
-395.440895
-402.400160
-373.789849
-302.959998
-246.357977
-226.253434
-199.653577
-136.556242
-62.633384
-2.474405
68.664747
168.414210
252.698640
279.143847
278.525245
306.826256
352.912054
374.253800
378.584009
406.266418
455.599874
487.148541
493.334554
493.953156
495.808960
489.622947
476.168368
461.940537
451.578965
453.434769
460.548684
452.506867
418.329144
376.418905
338.065623
290.278670
234.449901
194.395465
176.301377
155.268932
124.184215
92.480898
53.972965
-3.866258
-68.355446
-117.998202
-157.124736
-185.889697
-189.137354
-172.280468
-168.259560
-182.642040
-185.425746
-181.095537
-202.746583
-241.409166
-247.749830
-209.551198
-169.960713
-147.691066
-122.792362
-94.027401
-89.387891
-112.740091
-129.133026
-119.235405
-98.202960
-82.273976
-54.436916
9.124370
101.914568
182.642040
207.540744
186.817599
175.837426
212.489554
276.050840
326.002897
363.892228
408.276873
452.661518
474.931165
487.612492
512.201895
524.883222
479.725325
396.368797
356.932963
387.863029
416.164039
365.902682
260.276506
170.888615
113.822643
49.642756
-37.734681
-119.854006
-185.271096
-255.946297
-333.116812
-379.821212
-385.233973
-406.421069
-490.705499
-598.651430
-648.603486
-629.736146
-610.250204
-634.530306
-669.790582
-669.945232
-643.500025
-626.797790
-626.179188
-624.632685
-625.251286
-638.705865
-641.180270
-593.084018
-504.160078
-435.495331
-418.329144
-410.751278
-361.108522
-277.597343
-214.036057
-191.147809
-174.290923
-123.410964
-36.188177
59.385727
140.577150
195.478018
225.480182
240.945215
263.369513
308.218109
361.417822
392.347889
394.976944
405.338516
455.445223
525.965774
558.906295
535.554095
497.046162
487.148541
505.551931
523.955320
523.646019
505.397280
477.096270
449.413861
429.463968
406.111768
358.943417
285.484510
208.777946
157.279386
137.948095
129.442327
105.626176
56.911322
2.629056
-29.538213
-42.219540
-60.004328
-98.357610
-142.432954
-164.702602
-154.804981
-128.823725
-113.977294
-123.565614
-147.072464
-163.001448
-168.723511
-182.951341
-213.881407
-243.728921
-250.378885
-237.233607
-218.056966
-198.880325
-183.569942
-185.425746
-203.829136
-207.540744
-172.899070
-123.101663
-96.501806
-81.036773
-23.970801
86.140234
187.590851
221.613924
210.479100
217.902316
265.843918
323.992442
367.913136
408.431523
445.702253
460.548684
452.816168
456.682426
484.364835
490.860149
433.020926
348.736495
317.806429
352.602754
377.656107
327.858701
229.037140
144.134108
84.593731
20.568494
-55.674119
-120.627258
-172.435119
-236.151055
-307.135556
-350.592299
-361.572473
-391.729287
-482.509031
-596.331675
-657.573205
-650.768591
-630.045447
-641.644221
-668.862680
-672.574288
-654.016248
-639.788417
-638.087264
-633.602404
-622.622231
-616.436218
-603.754890
-552.101680
-457.146377
-368.686388
-332.188910
-325.229645
-295.382131
-229.965042
-168.414210
-138.721346
-117.843552
-71.448453
0.618601
75.005410
138.257396
190.838508
230.119692
251.306787
269.400876
306.516955
362.036424
411.060579
440.134841
466.734698
509.572839
557.514442
581.330593
569.886468
541.121507
518.387908
509.263538
505.551931
495.035708
474.157913
447.712707
420.494249
392.193238
356.469012
308.218109
251.306787
198.416374
161.609595
141.969003
128.205124
109.183133
81.964675
54.282266
33.095171
15.310383
-12.217376
-53.354364
-96.347156
-125.421418
-138.412046
-148.928268
-167.177007
-193.312913
-218.366267
-234.140600
-237.388257
-235.377803
-238.161509
-252.543990
-266.462520
-263.214863
-239.708012
-208.159345
-186.972250
-180.631586
-178.775782
-166.558406
-139.339948
-105.316875
-77.479816
-62.788034
-54.746217
-38.971883
-0.773252
58.921776
118.771454
152.330576
159.753791
169.960713
208.004695
268.318323
320.280835
346.107440
349.973698
348.581845
358.634117
384.460722
415.081487
428.536066
409.050124
370.232891
345.488838
347.035342
348.117894
310.383213
229.501091
141.505052
77.015865
34.023073
-11.444124
-73.613557
-147.536415
-224.552280
-292.289125
-341.931881
-377.810758
-424.824458
-496.427561
-570.195769
-609.322302
-606.074645
-592.620067
-598.187479
-618.446672
-627.725692
-614.580414
-588.599158
-565.092308
-550.555177
-543.131961
-533.079689
-505.397280
-456.837076
-403.482712
-369.150339
-357.860865
-346.416740
-311.156465
-256.255598
-205.839590
-170.115364
-134.700438
-78.098417
-0.927902
79.490270
146.608513
198.725675
244.038222
292.598425
348.891146
405.647817
446.166204
466.734698
480.343927
504.160078
538.183150
561.535350
558.442344
532.306438
507.407735
502.613574
511.892594
511.892594
492.561303
466.734698
449.104560
441.990645
433.484877
410.596628
366.521283
309.455311
261.668359
233.676649
212.025603
175.064174
118.462153
60.004328
15.465033
-15.001082
-45.621848
-88.150688
-139.649248
-183.569942
-203.829136
-205.220989
-207.540744
-224.861581
-251.461437
-270.638078
-270.019477
-252.853290
-235.996404
-234.140600
-243.419620
-247.904480
-235.687104
-212.644204
-200.117528
-209.705848
-230.274342
-239.244061
-221.768574
-186.972250
-158.980540
-153.722429
-164.393301
-169.187462
-152.021275
-115.987748
-81.036773
-59.849678
-46.549749
-18.712690
40.518387
120.317957
188.828054
218.830218
218.520917
221.459273
253.781192
309.609962
361.881773
388.326980
388.636281
386.935127
403.018761
431.629073
446.166204
424.824458
374.872401
325.693596
302.650697
302.650697
299.557690
264.761366
196.096619
118.771454
57.839224
13.299928
-36.806779
-107.172679
-190.219907
-263.833464
-312.857619
-340.849329
-370.387542
-422.040752
-493.489205
-561.999301
-604.682792
-621.848979
-628.653594
-640.097718
-653.088346
-651.077892
-626.797790
-589.217759
-556.586540
-539.575003
-529.213431
-508.335636
-468.590502
-413.998935
-358.943417
-312.239017
-271.720631
-228.263888
-177.847880
-127.741173
-85.057682
-50.416008
-14.537131
30.930066
85.676283
141.814353
194.086165
242.027767
289.041468
336.828420
381.677016
420.339598
453.125468
484.519486
518.233258
552.565631
577.155034
587.516606
589.063109
587.361955
586.279403
582.722445
573.598076
553.648183
523.955320
494.417107
466.580047
435.959282
394.512993
344.870237
293.680978
246.048676
204.757038
167.486308
128.359774
82.428626
35.260275
-8.041817
-46.395099
-85.366982
-125.421418
-163.774700
-198.107073
-225.789483
-247.749830
-265.998569
-285.639161
-307.599507
-326.466848
-338.374923
-344.715587
-348.736495
-351.829502
-351.674852
-345.334188
-332.034260
-314.094821
-295.072831
-278.989196
-264.761366
-245.275424
-218.830218
-190.683858
-164.393301
-143.206206
-125.266768
-105.471525
-80.882123
-53.045063
-30.311465
-16.238285
-7.113915
5.876713
29.074262
57.684573
84.129780
103.306421
120.163307
143.670157
177.693230
217.283714
248.832382
267.081121
279.453147
297.392586
323.837792
353.839956
375.181702
378.738660
368.067787
356.778313
352.912054
349.200446
332.962162
300.176292
259.039304
219.139518
185.735047
156.506135
119.854006
69.592649
10.206922
-46.395099
-93.872751
-136.865543
-182.951341
-234.913852
-287.958915
-334.663315
-369.923591
-397.760650
-426.989563
-461.012635
-493.334554
-516.068153
-526.893676
-530.914585
-533.388990
-536.018046
-535.863395
-526.275075
-505.551931
-478.333472
-450.960364
-425.133759
-395.904846
-357.551564
-310.383213
-259.657905
-212.180254
-169.342112
-125.885369
-75.933312
-19.949893
35.105625
84.593731
128.514425
171.661867
216.819763
264.606716
310.228563
347.189992
374.563101
398.688552
425.443059
452.816168
474.931165
489.004345
496.272911
498.747316
501.840323
504.005427
500.603120
488.385744
470.446306
451.424315
433.175576
413.380334
389.100232
357.551564
320.126184
281.772902
245.120774
208.159345
167.331658
122.792362
77.170515
34.177723
-4.330209
-40.518387
-78.098417
-117.534251
-155.578233
-187.126900
-212.489554
-233.831300
-254.554444
-273.731085
-288.422866
-297.856537
-301.722795
-303.269298
-302.959998
-301.877445
-297.392586
-287.494964
-273.112484
-256.564898
-239.553362
-221.459273
-201.818681
-180.786236
-158.671239
-136.092291
-115.523797
-96.965757
-77.789116
-56.756671
-36.961429
-19.485942
-3.866258
10.361572
22.424298
32.631220
41.755589
48.096253
51.343910
52.117161
52.117161
52.581112
53.045063
52.581112
52.426462
53.509014
55.055518
58.457825
62.788034
68.200796
74.850760
83.511178
93.718100
105.162225
116.761000
128.669075
140.577150
150.938723
161.300295
170.579315
178.157181
180.940887
180.167635
177.229279
172.744419
165.475854
154.495680
140.113199
121.400509
100.058764
76.242613
50.416008
21.805697
-8.969719
-40.982338
-74.077508
-107.327329
-139.803899
-170.115364
-198.880325
-227.181336
-252.698640
-274.813637
-293.371677
-308.991360
-320.435485
-327.394750
-330.951707
-331.261008
-326.621498
-317.187828
-304.661151
-289.660069
-270.328778
-247.285879
-222.232525
-195.014067
-165.166553
-133.927186
-101.295967
-68.046145
-33.559122
1.082552
34.023073
64.953139
95.109953
124.957467
151.557324
175.064174
196.715220
216.510463
232.439447
245.120774
255.946297
264.142765
268.318323
270.019477
269.864827
266.617170
260.276506
253.007941
245.120774
234.295251
221.459273
207.695394
194.240815
177.847880
160.217742
143.824807
127.122572
109.337784
91.707646
75.005410
59.231077
43.766044
28.610311
13.609229
-0.618601
-15.155732
-29.383563
-42.374191
-54.436916
-65.726390
-76.706564
-85.985584
-93.718100
-101.295967
-106.863378
-111.348238
-115.678447
-119.235405
-120.781908
-120.627258
-120.781908
-119.544706
-116.451699
-111.502888
-105.935476
-100.213414
-92.171597
-83.047228
-74.386809
-65.417090
-55.519469
-44.848596
-33.868422
-23.197550
-12.835977
-2.938356
5.722062
13.918530
21.341746
27.682409
31.703318
35.105625
37.270730
38.507932
38.507932
37.425380
35.414926
31.548667
26.445207
20.877795
15.774334
9.433670
1.855804
-4.639510
-10.516222
-16.238285
-21.187095
-25.208004
-27.527759
-29.847514
-31.548667
-31.394017
-29.847514
-28.146360
-25.981256
-22.269648
-18.403389
-14.382481
-9.897621
-4.948811
0.309301
4.794160
8.660419
12.681327
16.856886
21.187095
25.053354
28.919612
32.012618
34.487024
37.425380
40.209086
42.219540
43.147442
44.075344
44.229995
44.229995
43.456743
42.528841
40.054436
37.270730
34.641674
31.394017
28.146360
23.506850
17.939438
11.598775
5.258111
-2.010454
-9.742971
-17.784788
-25.362654
-33.095171
-41.446289
-49.333455
-57.375273
-65.262439
-73.149606
-79.954221
-86.758835
-93.099499
-98.666911
-102.533169
-105.626176
-107.481980
-108.255231
-107.636630
-106.090127
-102.997120
-98.666911
-92.790198
-86.294884
-78.717018
-69.901949
-61.086881
-51.343910
-40.363736
-28.919612
-17.784788
-6.186013
4.948811
15.774334
27.682409
38.353282
48.560204
57.993874
67.118243
75.624012
83.201878
89.851842
95.109953
99.749463
103.306421
105.780826
107.791280
109.337784
109.183133
108.409882
105.316875
103.151770
101.759917
98.666911
95.728555
92.326247
86.449535
81.810025
77.634466
73.304257
68.819397
63.870587
57.839224
52.890413
47.786952
42.838142
37.889331
30.930066
24.589403
19.176641
13.609229
8.196468
2.783706
-2.165105
-7.113915
-11.598775
-16.392935
-20.568494
-24.125452
-27.373109
-29.847514
-32.012618
-33.559122
-34.796324
-35.878877
-36.497478
-37.580030
-38.662583
-39.590485
-40.827687
-41.136988
-40.673037
-40.673037
-40.982338
-40.518387
-40.518387
-40.054436
-38.043981
-36.497478
-35.569576
-34.487024
-33.404471
-31.548667
-29.383563
-27.837059
-26.445207
-25.826605
-24.589403
-22.888249
-20.877795
-19.795242
-19.021991
-18.558040
-18.094089
-16.856886
-16.083634
-15.001082
-14.073180
-13.145278
-11.753425
-10.052271
-8.969719
-8.041817
-7.113915
-6.340664
-5.412762
-4.175559
-2.938356
-1.546503
-0.309301
0.773252
1.082552
1.546503
2.010454
2.474405
3.093007
3.093007
2.938356
2.938356
2.629056
2.629056
2.010454
1.237203
0.463951
0.000000
-0.773252
-1.082552
-1.391853
-1.237203
-0.773252
-1.391853
-1.391853
-0.154650
0.773252
1.237203
1.546503
2.165105
2.474405
2.474405
2.938356
3.093007
4.020909
4.484860
4.794160
5.412762
6.804615
7.577866
8.815069
9.433670
9.742971
10.361572
10.825523
10.825523
10.516222
10.980173
11.134824
11.134824
10.825523
10.516222
10.052271
9.742971
9.279020
8.815069
8.505768
8.351118
8.041817
7.577866
6.959265
6.495314
5.412762
5.103461
4.484860
4.175559
4.020909
3.556958
3.556958
4.330209
4.794160
5.103461
5.103461
5.412762
5.567412
5.258111
4.639510
3.866258
3.247657
2.783706
2.474405
2.319755
2.629056
2.629056
2.783706
3.402307
3.247657
3.866258
4.330209
4.175559
3.866258
3.866258
3.866258
4.175559
4.639510
4.794160
4.948811
4.175559
3.866258
3.402307
2.629056
1.701154
0.927902
0.000000
-1.082552
-1.701154
-2.629056
-4.020909
-5.412762
-6.031363
-7.423216
-8.351118
-9.279020
-10.361572
-10.670873
-10.516222
-11.444124
-12.372026
-12.372026
-13.145278
-13.454579
-13.918530
-14.227830
-14.382481
-14.537131
-15.001082
-14.691781
-14.227830
-14.382481
-14.073180
-13.763879
-13.918530
-12.835977
-11.908075
-11.444124
-10.670873
-9.433670
-7.732517
-6.649964
-5.412762
-3.711608
-2.938356
-2.010454
-0.927902
0.618601
1.546503
2.010454
2.629056
3.866258
4.948811
5.258111
6.186013
6.959265
7.268566
7.887167
8.041817
8.196468
8.815069
9.124370
9.279020
9.897621
9.742971
9.588320
9.742971
9.433670
8.969719
8.351118
7.577866
7.268566
7.113915
6.649964
5.876713
5.103461
4.639510
3.866258
3.556958
3.093007
2.319755
1.701154
0.927902
0.927902
0.463951
0.309301
0.000000
0.000000
0.000000
-0.618601
-0.773252
-0.154650
0.309301
-0.463951
-0.463951
-0.463951
-1.391853
-1.701154
-1.855804
-2.474405
-2.474405
-2.165105
-1.546503
-1.701154
-2.165105
-2.319755
-2.474405
-2.783706
-2.938356
-2.629056
-2.474405
-2.010454
-1.546503
-1.391853
-0.927902
-0.773252
-0.618601
-0.618601
-0.154650
0.154650
-0.154650
0.463951
1.082552
0.927902
0.927902
1.237203
1.391853
1.237203
1.391853
1.391853
1.855804
2.319755
2.165105
2.165105
1.855804
2.165105
2.010454
1.855804
1.546503
1.546503
1.237203
0.927902
0.618601
0.309301
-0.773252
-1.237203
-1.701154
-2.165105
-2.474405
-3.556958
-3.711608
-3.866258
-4.330209
-4.484860
-4.330209
-4.639510
-4.330209
-3.866258
-4.330209
-4.330209
-4.639510
-4.484860
-4.484860
-4.175559
-3.711608
-3.247657
-2.938356
-3.247657
-2.474405
-2.010454
-2.474405
-2.629056
-2.165105
-1.701154
-1.237203
-0.927902
-0.154650
0.618601
0.463951
1.237203
1.855804
2.010454
1.546503
1.391853
0.927902
1.546503
1.701154
1.855804
2.319755
2.010454
2.938356
2.783706
2.319755
2.629056
2.783706
2.629056
2.319755
2.165105
2.010454
2.319755
1.855804
1.237203
1.701154
1.855804
1.237203
0.927902
1.546503
1.701154
1.391853
1.237203
1.546503
1.546503
1.391853
1.082552
0.773252
0.309301
0.309301
0.618601
0.154650
-0.154650
-0.309301
-1.237203
-1.237203
-0.618601
-0.618601
-0.618601
-0.618601
-0.463951
0.000000
-0.154650
-0.927902
-1.082552
-1.237203
-1.391853
-1.237203
-0.927902
-0.773252
-1.237203
-1.391853
-1.391853
-0.927902
-1.546503
-2.319755
-2.165105
-1.701154
-1.391853
-1.391853
-0.618601
-0.773252
-1.082552
-0.618601
-0.927902
-0.618601
0.000000
0.463951
0.154650
0.463951
0.927902
0.463951
0.773252
0.773252
0.154650
0.000000
-0.618601
-0.618601
-0.773252
-0.773252
-0.927902
-0.618601
-0.154650
-0.618601
-0.618601
-0.618601
-0.463951
-0.773252
-0.773252
-0.773252
-0.463951
-0.463951
-0.618601
0.000000
0.309301
0.000000
0.309301
0.309301
0.309301
0.000000
0.000000
0.000000
-0.154650
0.000000
0.309301
0.618601
0.618601
0.463951
0.463951
0.154650
0.154650
0.463951
-0.309301
-0.463951
0.154650
0.309301
0.309301
0.154650
0.618601
0.463951
0.154650
0.463951
0.618601
-0.309301
-0.618601
-0.463951
-0.463951
-0.773252
-0.618601
-0.618601
-0.773252
-0.773252
-0.773252
-0.773252
-0.309301
0.000000
-0.154650
-0.309301
-0.154650
0.154650
0.618601
0.618601
0.773252
0.618601
0.618601
0.154650
-0.463951
-0.309301
-0.154650
0.309301
-0.154650
0.154650
0.000000
0.773252
0.618601
0.618601
0.927902
1.391853
0.927902
0.773252
0.927902
1.391853
1.546503
1.082552
1.082552
0.927902
0.154650
-0.154650
-0.154650
-0.773252
-0.618601
-1.237203
-1.237203
-0.773252
-0.927902
-0.618601
-0.618601
-0.618601
-0.773252
-0.773252
-0.927902
-1.082552
-0.618601
-0.927902
-1.082552
-0.773252
-0.773252
-1.082552
-1.391853
-1.082552
-1.237203
-1.546503
-1.701154
-1.082552
-1.082552
-1.082552
-1.082552
-0.773252
-0.463951
-0.618601
-0.309301
-0.463951
-0.309301
-0.618601
-0.463951
-0.309301
-0.154650
0.154650
0.154650
0.463951
0.618601
0.463951
0.463951
0.463951
0.618601
0.463951
0.154650
0.000000
0.000000
0.000000
0.463951
0.309301
-0.154650
-0.463951
0.463951
0.927902
0.618601
0.618601
1.082552
0.773252
0.618601
0.773252
1.082552
0.773252
0.463951
0.773252
0.927902
1.082552
0.618601
0.463951
0.309301
0.154650
-0.309301
-0.154650
-0.309301
-0.154650
-0.154650
0.000000
-0.618601
-0.309301
-0.309301
-0.309301
-0.463951
-0.773252
-0.463951
-0.309301
-0.154650
-0.463951
0.000000
-0.309301
-0.463951
-0.309301
0.000000
0.154650
0.000000
0.154650
0.309301
0.309301
0.000000
-0.309301
0.309301
0.000000
-0.154650
0.154650
0.463951
0.154650
0.309301
0.618601
0.773252
0.154650
-0.154650
-0.773252
-0.773252
-0.618601
-0.927902
-0.463951
0.000000
-0.154650
-0.463951
-0.773252
-0.927902
-1.082552
-0.463951
-0.463951
-0.927902
-0.927902
-0.309301
-0.463951
-0.618601
-0.309301
-0.154650
-0.154650
-0.463951
-0.154650
-0.154650
0.154650
0.309301
-0.309301
0.000000
0.154650
0.000000
-0.154650
0.000000
-0.463951
-0.927902
-0.618601
-0.463951
-0.309301
-0.154650
-0.154650
0.154650
-0.154650
-0.154650
0.000000
-0.154650
-0.309301
-0.309301
-0.154650
0.154650
0.154650
-0.154650
-0.154650
-0.154650
-0.154650
-0.154650
0.000000
0.000000
0.000000
0.154650
0.618601
0.618601
0.309301
0.154650
0.463951
0.309301
0.000000
0.000000
0.000000
0.154650
0.154650
0.773252
0.463951
0.309301
0.618601
0.309301
-0.309301
-0.154650
-0.309301
-0.618601
-0.463951
-0.154650
-0.463951
-0.463951
-0.618601
-0.618601
0.154650
0.309301
-0.309301
-0.154650
-0.309301
-0.154650
0.000000
0.000000
0.154650
0.463951
0.463951
0.463951
0.463951
0.618601
0.309301
0.154650
0.000000
0.309301
0.463951
0.618601
0.618601
0.773252
0.927902
1.546503
1.237203
1.237203
1.082552
0.927902
1.082552
0.463951
0.463951
0.463951
0.463951
0.309301
0.000000
0.463951
0.463951
-0.154650
-0.463951
-0.927902
-0.773252
-0.773252
-0.773252
-0.773252
-0.927902
-0.927902
-0.927902
-0.773252
-0.773252
-0.309301
-0.618601
-0.927902
-1.082552
-0.773252
-0.463951
-0.927902
-0.927902
-0.927902
-1.082552
-1.391853
-0.927902
-1.391853
-1.546503
-1.701154
-1.701154
-1.546503
-1.391853
-1.082552
-1.237203
-1.237203
-0.927902
-0.927902
-1.082552
-0.927902
-0.618601
-0.618601
-0.463951
-0.154650
0.309301
0.154650
0.309301
0.463951
0.309301
0.000000
0.000000
0.154650
0.309301
0.309301
1.082552
1.082552
0.618601
0.773252
1.082552
1.082552
1.082552
0.773252
0.927902
1.546503
1.082552
1.546503
1.391853
1.237203
1.391853
0.927902
0.927902
0.773252
1.237203
1.082552
0.927902
0.773252
0.773252
0.927902
0.618601
0.773252
0.618601
0.309301
0.463951
0.154650
0.000000
-0.309301
-0.773252
-0.773252
-0.773252
-0.463951
-0.618601
-0.773252
-1.082552
-1.082552
-0.927902
-1.082552
-0.927902
-0.773252
-0.618601
-0.773252
-0.463951
-0.618601
-0.463951
-0.154650
-0.154650
-0.154650
-0.154650
-0.154650
0.154650
0.309301
0.309301
0.618601
0.463951
0.309301
-0.154650
0.154650
0.309301
-0.309301
-0.463951
-0.618601
-0.309301
-0.309301
-0.154650
0.154650
-0.154650
-0.463951
0.154650
0.309301
-0.154650
0.000000
0.000000
-0.154650
-0.154650
0.309301
0.463951
0.309301
0.463951
0.309301
0.154650
0.000000
-0.463951
-0.618601
-0.773252
-0.927902
-1.391853
-1.237203
-0.618601
-0.618601
-0.773252
-0.463951
-0.773252
-0.927902
-0.773252
-1.082552
-1.082552
-0.773252
-0.309301
-0.773252
-0.154650
-0.154650
0.000000
0.000000
0.154650
0.463951
-0.154650
-0.309301
-0.154650
-0.154650
0.000000
0.154650
0.154650
0.309301
0.309301
0.309301
0.463951
0.000000
0.000000
-0.154650
0.154650
0.927902
1.082552
1.082552
0.618601
0.309301
0.773252
1.082552
1.082552
0.773252
0.463951
0.463951
0.463951
1.082552
0.927902
0.463951
0.773252
0.773252
0.927902
0.773252
0.463951
0.618601
0.773252
0.618601
0.309301
0.154650
0.463951
0.463951
0.309301
0.463951
0.309301
-0.309301
-0.309301
-0.618601
-0.618601
-0.463951
-0.463951
-0.309301
-0.463951
-0.618601
-0.463951
-0.618601
-1.082552
-0.773252
-0.927902
-0.927902
-0.927902
-0.773252
-0.618601
-0.618601
-0.773252
-0.463951
-0.618601
-0.463951
-0.618601
-0.773252
-0.309301
-0.154650
-0.463951
-0.309301
0.000000
-0.463951
-0.773252
-0.463951
-0.309301
-0.309301
-0.463951
-0.463951
-0.154650
-0.154650
0.154650
0.154650
0.154650
-0.154650
-0.154650
-0.309301
-0.463951
0.154650
0.154650
0.000000
0.154650
0.309301
0.154650
0.463951
0.309301
0.309301
0.463951
0.309301
0.000000
-0.154650
0.000000
0.000000
0.309301
0.773252
0.927902
0.773252
0.309301
0.000000
-0.309301
-0.463951
-0.463951
-0.309301
-0.618601
-0.773252
-0.618601
-0.154650
-0.154650
-0.309301
0.000000
-0.154650
-0.154650
-0.154650
0.309301
-0.154650
-0.154650
0.309301
0.463951
0.309301
0.000000
0.463951
0.463951
0.309301
0.463951
0.463951
0.309301
1.237203
2.474405
1.082552
-2.165105
-1.701154
0.463951
0.000000
-0.618601
-0.463951
-0.154650
0.154650
0.618601
0.773252
0.154650
0.000000
0.463951
0.618601
0.154650
0.000000
0.000000
0.154650
0.000000
-0.154650
-0.154650
0.463951
0.154650
0.154650
0.463951
0.463951
0.773252
0.618601
0.463951
-0.463951
-0.773252
-0.463951
0.154650
-0.154650
-0.154650
-0.309301
-0.309301
-0.618601
-0.773252
0.000000
0.154650
-0.309301
4.175559
11.753425
11.289474
2.938356
-1.391853
-0.463951
1.701154
1.701154
-0.618601
-3.402307
-4.175559
-3.093007
-3.402307
-6.804615
-8.969719
-7.113915
-5.567412
-5.258111
-6.649964
-6.340664
-3.247657
-2.319755
-2.629056
-2.783706
-2.938356
-1.855804
-0.463951
0.309301
0.773252
0.927902
2.319755
3.711608
2.938356
2.474405
3.247657
4.330209
3.866258
3.247657
3.247657
2.629056
1.237203
1.237203
1.237203
0.773252
0.618601
1.546503
2.629056
2.474405
1.391853
1.546503
1.701154
1.701154
0.927902
0.927902
1.546503
1.546503
1.546503
0.773252
0.000000
-0.463951
-0.618601
-1.082552
-2.165105
-2.165105
-2.319755
-1.391853
-1.546503
-1.855804
-1.701154
-2.010454
-1.855804
-1.546503
-1.082552
-0.927902
-1.082552
-1.082552
-0.927902
-0.773252
-0.618601
0.309301
-0.154650
-0.309301
0.927902
1.391853
0.773252
0.773252
1.701154
2.010454
1.237203
0.618601
1.701154
1.701154
1.546503
1.082552
1.701154
2.010454
1.855804
1.391853
0.618601
0.154650
-0.154650
0.154650
-0.154650
0.618601
1.391853
1.237203
0.773252
0.618601
1.237203
0.773252
-0.154650
-0.463951
0.000000
-0.463951
-0.773252
-1.546503
-1.546503
-0.618601
-0.773252
-1.237203
-2.165105
-2.474405
-3.093007
-3.402307
-3.247657
-2.938356
-1.855804
-1.082552
-0.927902
-1.237203
-1.082552
-1.082552
-1.082552
-1.391853
-1.855804
-1.546503
-0.927902
-0.618601
-0.618601
0.309301
0.154650
0.309301
0.927902
0.154650
0.154650
0.309301
0.154650
0.154650
-0.309301
0.618601
0.309301
0.000000
0.618601
0.618601
0.463951
0.618601
0.154650
0.154650
0.927902
0.773252
0.773252
0.927902
1.082552
1.855804
1.546503
1.237203
1.391853
1.082552
0.618601
0.463951
0.773252
0.773252
1.082552
0.773252
0.927902
0.618601
0.154650
0.154650
0.000000
-0.154650
0.154650
0.309301
-0.154650
0.154650
0.463951
0.618601
0.463951
-0.154650
0.154650
0.773252
0.927902
0.773252
0.927902
0.773252
0.618601
0.463951
