-0.307201
-0.768002
-0.307201
0.307201
-0.307201
-0.307201
-0.768002
-0.153600
0.153600
0.307201
0.000000
-0.153600
-0.614402
-0.614402
-0.614402
0.000000
-0.307201
-0.307201
0.307201
0.153600
-0.153600
0.153600
0.460801
0.307201
-0.153600
0.000000
-0.153600
-0.307201
0.153600
0.307201
0.153600
0.460801
-0.460801
-0.307201
-0.460801
-0.768002
0.000000
0.153600
0.000000
0.000000
0.768002
0.153600
0.153600
0.000000
-0.307201
0.307201
0.614402
0.307201
0.000000
0.000000
-0.307201
0.000000
0.307201
-0.307201
0.307201
-0.307201
0.000000
0.000000
0.460801
-0.153600
-0.153600
0.460801
0.153600
0.768002
0.000000
-0.153600
-0.307201
-0.307201
0.153600
0.307201
0.460801
0.000000
0.153600
0.460801
0.153600
0.000000
-0.614402
0.153600
0.307201
0.153600
0.307201
0.614402
0.614402
0.614402
0.307201
-0.153600
0.460801
0.307201
-0.153600
0.000000
-0.614402
-0.768002
-0.153600
-0.614402
-0.307201
-0.921602
-0.614402
-0.153600
-0.153600
-0.307201
0.000000
0.460801
0.000000
0.000000
-0.460801
-0.307201
-0.460801
-0.307201
0.614402
0.153600
0.614402
-0.460801
-0.307201
-0.460801
-0.614402
-0.153600
-0.153600
0.000000
-0.307201
0.000000
0.153600
0.460801
-0.307201
0.000000
-0.153600
-0.307201
0.307201
0.153600
0.460801
-0.153600
-0.460801
0.153600
-0.307201
-0.460801
-0.307201
-0.460801
0.153600
0.460801
0.307201
0.768002
0.460801
-0.153600
0.153600
0.153600
0.307201
0.460801
-0.153600
-0.153600
0.153600
0.153600
0.460801
0.307201
0.460801
0.460801
0.153600
0.614402
0.307201
0.768002
0.460801
-0.153600
0.000000
-0.307201
0.460801
0.153600
-0.614402
-0.153600
0.153600
0.153600
0.000000
-0.307201
-0.307201
-0.460801
-0.460801
0.000000
0.153600
-0.153600
-0.768002
-0.768002
-0.153600
-0.307201
-0.460801
-0.153600
-0.307201
0.000000
0.000000
0.307201
0.307201
0.000000
0.307201
0.153600
0.153600
0.000000
0.000000
-0.460801
0.000000
-0.460801
-0.460801
-0.307201
-0.614402
-0.153600
0.460801
0.307201
0.460801
0.307201
0.153600
0.000000
0.460801
0.307201
0.153600
0.768002
0.460801
0.000000
0.000000
-0.460801
0.460801
0.614402
0.307201
0.153600
0.000000
-0.460801
-0.153600
-0.307201
-0.460801
-0.153600
0.000000
-0.307201
-0.153600
0.614402
-0.153600
0.153600
-0.153600
0.000000
0.307201
-0.307201
0.000000
0.000000
0.153600
0.000000
-0.153600
0.153600
0.153600
0.307201
-0.153600
-0.460801
-0.460801
-0.614402
-0.460801
-0.307201
-0.153600
-0.307201
-0.307201
0.000000
-1.228803
0.000000
0.000000
-0.307201
-0.614402
-0.307201
0.614402
0.000000
1.075203
1.689604
1.689604
-0.768002
-0.307201
0.614402
-0.614402
1.228803
0.460801
3.686409
2.611207
1.382404
0.614402
0.307201
0.153600
-0.460801
0.460801
-5.376014
-1.228803
-0.768002
1.075203
0.000000
-2.304006
-0.768002
0.768002
1.382404
7.219219
3.072008
3.532809
6.604817
3.532809
2.150406
0.768002
2.150406
-0.460801
3.532809
-0.768002
0.460801
-4.300811
-6.758417
0.153600
-1.689604
-5.376014
-4.761612
-6.758417
-4.454411
-2.918407
-3.840010
-2.457606
-3.072008
-4.147211
-1.996805
-8.140821
-3.379209
-5.222413
-11.212829
-4.300811
2.304006
-5.529614
2.611207
-3.532809
4.915213
3.993610
-4.300811
9.523224
-4.300811
22.118457
-4.300811
561.563043
191.846893
-347.444093
89.856231
42.086508
-142.541166
-3.532809
52.992136
-127.949129
-102.297863
39.628902
-17.510445
-74.649792
-34.252888
-46.848120
-32.256083
-42.547309
-29.644876
-40.396904
-33.331286
-17.510445
-12.748833
-39.782502
-22.425658
18.739248
29.184075
-9.830425
21.350455
19.814451
9.062423
32.870484
19.353650
37.632097
36.710494
55.449742
47.001721
24.729664
15.974441
47.923323
28.876874
7.987221
13.977636
37.785697
10.444827
-19.507250
16.742443
5.222413
-19.660851
-24.576063
-3.686409
-15.513640
-11.212829
10.137626
-5.529614
-33.484886
8.755222
18.124847
-14.592037
-7.065618
32.716884
10.598427
-31.488081
-7.219219
11.366429
-1.075203
3.686409
8.908823
31.641681
27.494471
-14.131236
-15.667240
-2.611207
15.360039
4.761612
-10.905628
-20.275252
-4.761612
17.664045
20.582453
11.520030
-4.761612
17.510445
33.945687
18.432047
26.112067
38.400099
43.622512
23.808061
21.657656
43.315311
30.259278
32.870484
35.635292
38.400099
26.572868
-6.297616
-40.704105
-38.092898
-5.529614
0.614402
-10.598427
-5.529614
21.350455
35.328091
38.246498
25.190465
16.281642
16.588843
8.601622
10.598427
-1.843205
-23.961662
6.604817
33.792087
29.337675
8.448022
5.836815
14.131236
1.075203
1.843205
13.824036
-0.614402
-14.745638
16.896043
46.848120
31.027280
23.347260
59.443353
57.600148
15.513640
17.356845
-8.908823
-65.740969
-95.078644
-126.413125
-119.347507
-25.190465
16.742443
-17.203244
-10.137626
-12.134431
0.000000
-0.307201
-7.987221
8.908823
-1.996805
-60.364955
-88.013026
-122.880316
-168.806834
-168.038832
-145.152373
-119.040306
-112.589089
-117.657902
-170.189237
-227.635785
-254.823055
-277.863114
-245.760632
-188.160484
-176.794054
-176.947655
-190.003688
-222.566972
-223.181374
-170.803639
-139.161958
-136.397151
-158.515607
-186.931680
-169.114035
-106.137873
-63.283363
-37.017695
-1.996805
-14.592037
14.131236
95.385845
194.611700
248.986240
216.883757
165.427625
82.176211
61.440158
102.297863
137.472353
135.475548
117.504302
95.232245
56.832146
26.726469
21.657656
17.356845
53.452937
87.398625
128.563530
198.451710
236.544608
321.792827
373.556160
381.082579
416.103469
440.065131
429.466704
414.721066
440.218731
449.127554
464.026792
470.324409
454.964369
427.469899
374.477762
348.365695
318.106417
274.791106
216.115755
209.664539
222.566972
204.442125
184.013273
157.747605
114.432294
58.982552
18.278447
-17.664045
-58.828951
-92.774638
-129.638733
-155.597200
-159.744411
-155.750800
-135.475548
-111.053085
-90.624233
-75.110593
-72.960187
-65.433768
-39.782502
-51.148931
-99.072255
-135.936349
-167.731631
-222.874173
-252.519049
-272.333500
-310.119197
-312.730404
-301.671175
-305.818386
-275.866309
-235.469405
-276.327110
-333.620057
-348.365695
-393.370611
-431.924310
-473.089216
-500.430086
-522.702143
-553.268622
-559.412638
-586.446307
-593.665526
-624.539205
-645.121658
-648.347266
-676.916940
-738.357097
-786.126820
-772.609985
-782.747612
-759.093151
-695.963389
-667.854516
-621.927998
-499.815684
-389.377001
-307.047189
-211.814944
-108.134678
7.219219
131.789139
242.995824
352.666506
497.818879
609.639967
700.417800
799.029253
887.503081
960.463268
1041.564277
1156.457372
1246.928004
1273.193672
1289.628914
1295.465729
1273.040071
1242.012792
1213.596719
1164.137392
1100.393228
1020.981824
905.781528
799.643655
698.267394
664.014506
680.296148
628.532815
546.971006
457.575576
378.932174
258.970266
125.798723
18.278447
-53.145737
-154.368397
-353.280908
-546.971006
-793.499639
-1224.655947
-1604.048922
-1766.250939
-1803.422234
-1666.410682
-1416.502840
-1238.787183
-1187.023850
-1191.017461
-1273.961674
-1431.402078
-1521.872711
-1484.394215
-1278.416085
-533.761372
225.946181
345.600888
172.032442
-68.044975
-309.351195
-416.410670
-395.521016
-300.135171
-128.870731
14.899238
136.243550
279.091917
423.783489
540.212588
631.297622
762.779560
876.290252
934.658402
1016.373812
1090.562803
1129.577303
1130.038104
1099.318025
978.280914
829.442132
743.425910
644.660857
490.753261
316.263213
173.875647
79.104203
12.288032
34.252888
96.461048
102.605064
136.857952
247.911037
335.309662
360.807327
368.794548
359.732124
345.293687
343.296882
360.039325
389.991402
419.021877
442.522737
423.783489
336.077664
252.211848
163.738021
81.715410
14.899238
-80.640207
-154.368397
-208.896537
-265.728683
-335.309662
-398.132223
-440.986733
-488.602856
-542.823795
-554.651025
-524.545348
-525.927752
-532.225368
-511.796515
-521.166139
-537.908582
-539.598187
-532.532569
-542.362994
-576.769482
-587.675110
-583.988701
-623.924803
-646.964863
-632.987227
-640.513646
-645.582459
-683.675357
-762.165159
-858.933407
-929.743189
-898.101508
-767.848373
-620.084794
-430.081105
-216.422956
-60.364955
-48.537725
-139.929960
-231.168594
-284.928732
-332.698455
-425.780294
-521.934141
-576.615882
-576.923083
-500.583686
-407.194646
-386.612194
-299.213569
40.857705
504.577297
807.630875
906.549530
1210.831912
1604.970524
1514.653492
1367.197113
1424.182860
1274.576075
973.365701
856.936602
867.535029
679.681747
403.508237
281.242323
185.242076
148.838782
241.920622
296.602362
271.411897
250.368643
228.864588
129.792334
29.798477
63.436963
203.981324
312.884004
364.032936
417.946674
500.737287
623.617603
696.424190
623.003201
492.135665
356.506516
278.016714
295.373559
290.765547
233.933401
195.226102
207.667734
207.053332
202.138119
223.334974
222.413372
222.874173
207.974934
71.116983
-80.640207
-121.497912
-184.320474
-325.172036
-459.265180
-575.694279
-666.164912
-731.752280
-768.309174
-781.826009
-797.339649
-823.758917
-847.874179
-827.752527
-747.265920
-648.654467
-552.347019
-452.045962
-374.938564
-311.348000
-257.741462
-206.592531
-171.571641
-163.123619
-159.590810
-150.374786
-152.217991
-149.760385
-140.390761
-133.017942
-118.118704
-109.670682
-104.755469
-105.062670
-125.952324
-130.406735
-111.360286
-120.269109
-121.805113
-89.856231
-35.174490
5.990415
55.603343
119.347507
153.293194
161.126814
179.866062
185.702877
165.427625
160.666013
183.398871
181.402066
172.954044
215.962155
240.077417
252.058248
284.621531
315.188010
342.528880
362.036130
376.474567
386.151392
373.402560
391.527406
397.057020
366.029741
339.303272
318.413618
305.511185
265.421482
225.638980
201.062917
153.753995
110.131483
81.101008
32.256083
-21.811256
-68.198575
-96.614648
-119.040306
-119.654707
-108.441879
-105.523471
-109.977883
-85.094619
-50.534530
-74.035390
-105.216270
-94.771444
-95.846646
-145.305973
-168.653233
-161.587615
-193.536497
-226.253381
-227.789385
-255.898258
-290.151146
-309.658396
-316.416813
-342.528880
-361.421729
-360.500126
-366.029741
-354.816912
-333.005656
-290.611947
-250.675844
-218.266161
-181.555667
-158.976409
-150.528387
-130.560336
-108.902680
-113.203491
-99.840257
-48.537725
-11.980831
14.899238
66.662571
120.883511
128.870731
149.913985
188.928486
174.490048
146.688377
147.917180
150.067586
125.798723
114.432294
158.208407
200.755716
197.683708
230.093391
284.160730
292.301551
284.775132
303.821581
328.090443
300.903173
280.013520
288.615142
263.578277
232.397397
247.603836
272.333500
248.525439
233.011799
239.463015
213.197348
183.706072
180.787665
187.238881
151.910790
110.131483
100.147457
70.656182
33.024085
-0.307201
-25.651266
-38.553699
-54.067339
-74.342591
-77.721800
-70.502581
-59.596953
-52.224134
-65.126567
-65.280168
-70.041780
-88.781028
-86.477022
-79.104203
-71.116983
-84.941018
-90.931434
-71.270583
-82.790613
-98.765054
-88.320227
-64.819367
-66.201770
-65.280168
-36.864095
-15.052839
-8.448022
-7.526419
12.441632
12.748833
-1.228803
-2.304006
-27.187270
-57.446548
-94.617843
-115.507497
-143.616369
-172.339643
-160.666013
-162.202017
-177.562056
-184.166873
-138.701156
-101.837062
-97.843451
-64.819367
-37.785697
-45.465717
-75.878595
-77.260999
-75.264193
-80.947408
-77.414599
-70.195380
-46.540920
-38.400099
-12.441632
-0.768002
6.451217
29.952077
27.648071
31.795282
34.099288
65.433768
80.640207
71.424184
78.797002
86.784223
116.582700
118.118704
120.422709
128.563530
131.942739
146.688377
114.432294
105.677072
111.206686
107.673877
84.019416
55.603343
87.091424
85.248219
68.966577
51.916933
43.776112
26.419268
-8.448022
-4.300811
-26.726469
-42.547309
-54.220939
-69.427378
-79.104203
-97.997052
-88.627428
-104.294668
-107.520276
-105.369871
-118.579505
-122.112314
-124.877121
-103.833867
-107.981077
-98.150652
-76.339396
-58.521750
-41.625707
-35.328091
-18.892849
-28.262473
-34.560089
-37.324896
-37.785697
-42.547309
-64.819367
-75.110593
-89.088229
-103.373066
-125.184322
-130.253135
-116.582700
-110.592284
-99.072255
-94.617843
-66.969772
-46.540920
-27.033669
-8.140821
-20.275252
-24.422463
-28.108872
-22.579258
-33.484886
-29.491276
1.228803
8.601622
27.494471
70.963382
134.400345
163.584420
169.728436
187.546082
190.771690
166.349227
127.334727
120.576310
96.921849
45.772918
1.689604
2.304006
10.598427
-9.676825
12.748833
44.851315
55.603343
38.707299
58.368150
95.078644
79.257804
77.721800
71.884985
75.724995
66.355371
80.333006
116.429099
159.283609
357.735319
608.411164
799.029253
948.636038
1197.007876
1483.011811
1568.413631
1596.676103
1637.380208
1571.178438
1310.518568
994.408955
723.150658
342.068079
-66.969772
-419.482678
-740.507503
-1055.541913
-1258.448034
-1311.900971
-1371.190724
-1372.726728
-1263.977648
-1122.818885
-1046.172288
-939.112813
-733.441885
-614.555179
-615.015980
-619.163191
-571.086268
-583.220699
-655.259284
-661.710500
-660.174497
-681.371351
-694.580985
-651.572874
-611.175971
-578.305486
-460.340383
-389.837802
-392.295408
-370.330552
-292.147951
-250.215043
-284.621531
-241.152620
-185.549277
-201.216517
-218.880562
-184.627674
-139.008357
-148.685182
-142.387566
-142.848367
-172.032442
-169.267635
-143.309168
-139.315558
-171.264440
-138.547556
-57.600148
8.755222
112.896290
272.640701
418.868276
510.567712
602.881549
687.361766
708.405020
703.950609
701.032202
653.723280
549.121411
458.497178
406.733845
291.533549
202.752521
184.934875
155.136399
74.956993
9.676825
42.700910
22.425658
-24.576063
-71.577784
-137.625954
-225.178179
-358.964122
-430.081105
-405.965843
561.102242
2008.171561
2859.117747
3047.278231
3403.631147
4633.816708
4933.951879
4462.398668
4156.273081
3818.813014
2882.004206
1057.538718
-71.116983
-867.535029
-1825.387091
-2617.657927
-3337.122176
-3669.052629
-3853.680303
-3427.285608
-2854.356135
-2530.259302
-1964.702649
-1429.405273
-1203.766293
-1369.347519
-1177.193425
-883.663071
-1052.316304
-1404.368409
-1571.639239
-1485.469417
-1529.091929
-1216.668727
-650.958473
-153.139594
321.024825
775.681993
1295.004928
1457.974947
1633.386598
1788.830197
1477.482197
882.280667
219.648564
-237.312610
-842.344565
-1418.653246
-1715.562809
-1889.592056
-1996.958732
-2008.632362
-1705.425183
-1106.537244
-207.514133
360.192926
623.617603
890.575089
1327.107410
1465.654966
1057.538718
929.589589
695.041786
146.534777
-442.983538
-618.241589
-552.807821
-697.345792
-505.959700
-255.744657
-209.510938
-5.376014
493.978869
831.746137
715.317038
831.899738
995.330558
679.220945
233.779801
250.983045
302.131976
-134.861147
-439.604330
-427.777099
-456.653974
-621.620797
-498.894082
-226.406982
-244.839029
-188.314084
4.608012
122.573115
127.641928
291.226348
495.054072
349.133697
264.653480
401.050631
441.754735
265.882283
182.170068
227.482185
46.233719
-191.386092
-264.807081
-303.514380
-449.741956
-546.203004
-524.852549
-530.382163
360.192926
1900.958485
2819.642446
2978.158053
3313.621315
4583.435779
4946.700712
4404.184118
4073.482468
3801.916970
2974.318043
1146.166145
-55.449742
-868.149431
-1841.822333
-2559.289777
-3281.672433
-3649.545379
-3853.219502
-3442.492047
-2878.624998
-2670.342862
-2059.934894
-1438.314096
-1176.425423
-1334.326629
-1121.590082
-691.969778
-811.317285
-1050.165899
-1089.180399
-995.791359
-1076.892367
-815.310895
-200.141314
180.941265
502.273291
889.346285
1309.136164
1338.320239
1327.414611
1491.920634
1206.991902
588.596713
-91.085034
-539.137385
-1038.492269
-1609.271336
-1862.711987
-2013.240374
-2080.363746
-2059.320492
-1806.647843
-1341.392247
-861.698214
-337.613668
36.403294
387.840997
721.921855
1145.090943
1554.896796
1608.349733
1524.637518
1319.273790
1182.876640
822.069313
398.132223
258.663065
1.689604
-349.901699
-720.232251
-699.496198
-596.430333
-603.956752
-369.869750
-171.878842
-7.680020
130.713936
425.933895
638.670441
625.460807
739.432300
711.169828
404.890640
63.897764
-13.824036
-179.251661
-572.622272
-740.507503
-709.326623
-721.921855
-780.290005
-526.234952
-203.520523
-88.627428
122.726715
398.285824
558.030234
562.331045
664.628908
684.596959
429.005902
189.850088
39.168101
-157.440405
-440.986733
-564.635051
-604.571154
-773.685188
-262.810275
1209.910309
2445.932686
2809.658420
2931.309933
4037.847177
5000.000049
4756.543423
4296.356641
4002.979887
3602.236457
2137.503093
498.740482
-430.849107
-1242.166392
-1940.740987
-2858.349745
-3502.549801
-3726.806377
-3551.394726
-3024.084571
-2775.251932
-2287.877879
-1670.557893
-1298.076936
-1283.638499
-1228.342357
-815.771696
-712.091430
-855.861399
-1002.396176
-1025.129034
-1023.593030
-865.999025
-320.410423
96.614648
411.495457
793.653240
1270.275264
1526.787924
1510.352681
1652.279446
1616.029753
1184.259043
424.244290
-269.107892
-715.163438
-1235.254374
-1701.585173
-2087.429364
-2231.199334
-2195.717643
-2117.535042
-1821.393481
-1304.067351
-648.961668
-177.869257
145.152373
439.911530
747.880322
950.172042
987.804138
897.333506
675.995337
508.417307
286.464736
82.329812
8.140821
72.345786
124.416320
-45.926518
-72.038585
71.884985
185.549277
185.395676
175.565251
228.864588
145.305973
59.904154
39.628902
51.302532
47.462522
46.233719
3.379209
-122.112314
-135.168347
-53.760138
-83.097814
-233.011799
-264.807081
-204.902927
-285.696734
-348.212095
-249.447041
-118.118704
-93.235440
-63.744164
103.680266
191.693293
254.823055
344.832886
369.101749
335.156061
251.597447
271.104697
145.152373
-35.942492
-119.040306
28.876874
933.736800
1914.936121
2484.793585
2523.500885
3099.041564
4400.344108
4683.583236
4268.094168
3892.848404
3947.222944
3239.893126
1493.303038
399.207426
-314.880809
-1037.263466
-2226.591322
-3314.696518
-3734.025596
-3928.330095
-3690.403084
-3565.986764
-3287.970050
-2679.251685
-2098.949394
-1737.220464
-1595.908101
-1012.226601
-474.318019
-404.583440
-527.002954
-531.918167
-432.692312
-461.876387
-203.827724
147.456379
287.386339
417.178672
777.832399
1201.769488
1217.129528
1298.537737
1547.677577
1448.144521
849.102982
148.377981
-135.936349
-527.617356
-1185.180646
-1780.228575
-2144.875912
-2248.556178
-2338.105209
-2219.832905
-1834.603115
-1240.015987
-574.158275
-137.165152
209.203738
651.726475
1137.257323
1281.795294
1091.023604
918.376760
750.184328
417.332272
-41.779307
-231.629395
-253.440651
-327.015240
-434.689117
-436.071521
-198.605310
83.558615
317.952817
433.153113
507.495704
617.166386
593.972726
427.162698
265.421482
232.550998
140.237160
-152.678792
-403.661837
-438.682727
-359.424924
-391.220205
-443.444340
-390.913005
-317.338416
-284.928732
-281.242323
-211.046942
-95.539446
-4.608012
9.369624
-23.808061
8.448022
97.536251
139.469158
77.414599
11.520030
25.958467
-43.776112
-128.563530
-159.590810
493.825269
1757.034915
2602.297887
2815.956037
2902.279458
4049.213606
4992.780831
4776.050674
4297.585444
4068.413655
3901.757227
2478.342369
886.888679
48.844926
-600.731144
-1435.856490
-2799.827995
-3628.809325
-3905.136436
-3783.945724
-3516.834638
-3496.712986
-3053.115046
-2428.575841
-1929.528159
-1765.329337
-1487.466223
-779.522003
-413.338662
-476.468424
-649.576069
-581.377494
-445.901946
-292.608752
50.380929
264.653480
417.793074
675.227335
1130.345305
1382.403553
1403.600407
1643.985025
1747.818892
1375.798736
620.238394
109.977883
-130.560336
-699.803398
-1456.592543
-2059.013291
-2260.383409
-2376.198106
-2564.512190
-2405.842983
-1840.747130
-1175.657421
-836.354149
-523.930946
133.939544
796.571647
1072.591556
1049.397897
1117.135671
1087.337194
781.979610
436.685922
235.008604
111.974688
-67.123372
-194.918901
-301.210374
-286.157535
-6.604817
279.091917
304.282382
269.261492
485.991649
609.639967
362.343331
180.326863
283.699929
240.691819
-137.165152
-359.424924
-284.007130
-301.363974
-425.012292
-427.162698
-359.732124
-401.665032
-385.997792
-260.352669
-233.779801
-248.832639
-121.805113
-31.334481
-125.645123
-114.739495
68.659376
147.763580
9.369624
-20.275252
108.134678
46.387319
-66.969772
-78.182601
211.661344
1172.278213
2166.072766
2701.216542
2683.859697
3304.558892
4626.290289
4855.462078
4346.123169
3955.363765
4058.890431
3322.222938
1544.605569
496.743677
-104.448268
-785.973220
-2053.330077
-3230.984303
-3630.652530
-3747.388830
-3540.335498
-3565.525963
-3430.050415
-2826.861665
-2251.935387
-1982.981096
-1889.284855
-1228.956758
-552.961421
-511.028513
-697.960194
-623.617603
-355.277713
-271.565498
-54.681741
247.450236
383.386585
544.359799
925.442378
1336.937836
1373.955531
1537.232750
1815.556666
1653.969050
1006.082585
419.789879
263.424677
-170.803639
-979.356117
-1690.218744
-2083.589354
-2288.953082
-2610.131508
-2688.006908
-2386.489333
-1887.288050
-1496.989447
-1263.824048
-696.116989
132.557141
756.328344
913.461547
1028.508243
1340.931446
1572.560841
1532.624739
1399.145996
1398.070793
1281.948894
1062.146730
687.976168
398.746625
333.620057
180.787665
-149.299584
-633.448028
-717.621044
-624.846406
-775.989194
-887.042280
-751.259531
-464.948395
-465.716397
-429.313103
-100.608259
190.925291
281.549524
246.989435
234.394202
121.805113
-2.764807
-101.529861
-329.626447
-560.180640
-663.400105
-685.979363
-768.462775
-724.379462
-385.690591
-126.105924
-29.798477
130.099534
424.705091
605.646356
583.067098
624.385605
580.455892
402.125833
204.442125
642.049650
1493.456638
2002.949147
2157.931946
2345.017226
3353.711018
4033.546365
4010.352706
3869.961945
3878.870768
3830.640244
2592.621063
1381.174749
714.088235
83.865816
-908.699935
-2339.026811
-3034.375798
-3424.213600
-3662.755013
-3732.182391
-3651.234983
-3143.124877
-2738.234237
-2322.898769
-1926.456151
-1368.733117
-683.982558
-345.447288
-220.109366
-224.102976
-129.177932
-82.329812
-26.112067
135.936349
173.875647
204.902927
307.047189
628.225614
836.507750
946.485632
1224.195146
1360.438696
1149.238153
657.256089
439.143529
302.439177
-251.597447
-963.381676
-1514.346292
-1807.415845
-2165.458365
-2427.961439
-2295.250698
-1999.877139
-1700.049169
-1407.747618
-939.266414
-317.952817
263.117476
711.630629
974.594505
1129.730903
1233.871971
1180.726234
976.284109
789.352428
634.676831
397.978623
41.932908
-152.985993
-109.824282
-52.070534
-62.515361
-53.452937
75.110593
186.778080
209.664539
221.645370
253.133451
237.159009
119.040306
-56.985746
-176.333253
-220.877368
-257.280661
-328.551244
-402.433034
-391.834607
-341.914479
-328.704845
-315.956012
-260.813470
-219.494964
-226.099781
-254.515854
-198.298110
-149.453184
-108.134678
-62.208160
-33.331286
-25.036864
-36.249693
51.763333
62.668961
31.488081
130.406735
923.445573
1953.643421
2495.084812
2651.296413
3104.263977
4270.858975
4670.220002
4357.335998
4038.461578
3988.541450
3529.276270
1981.905893
857.090203
193.536497
-486.298850
-1641.220218
-2915.796293
-3355.247022
-3541.257100
-3548.169118
-3611.759682
-3448.021661
-2874.784988
-2454.227107
-2141.650304
-1876.843223
-1273.040071
-716.085040
-599.809541
-639.899244
-579.995090
-360.653727
-261.120671
-78.029001
151.603590
309.043994
497.050877
795.342844
1183.030240
1338.320239
1508.816677
1720.017220
1614.954550
1173.353415
672.923329
472.474814
71.270583
-685.057760
-1399.299596
-1833.988713
-2055.941283
-2426.118235
-2498.156820
-2218.450501
-1841.515132
-1566.416825
-1249.692811
-512.564517
82.637012
449.281155
677.838542
937.116008
1059.535523
877.058254
819.150905
677.838542
457.421975
188.928486
49.305727
-43.315311
-171.571641
-5.376014
149.145983
164.506023
176.333253
396.135418
544.820600
386.765794
352.512906
384.000987
203.674123
-154.829198
-266.035884
-234.087002
-433.613914
-616.091183
-584.603102
-500.122885
-566.478256
-521.473340
-305.664786
-236.851809
-226.867783
-121.651513
-0.768002
-17.971246
-31.641681
70.348981
8.601622
-107.673877
-132.557141
-88.320227
-148.377981
-235.315805
-149.606784
30.873679
841.730163
1799.275024
2489.401597
2724.410201
3311.317309
4521.688420
4805.388349
4572.069349
4281.303802
4287.447818
3587.798020
1979.294686
1022.057027
270.643896
-531.918167
-1820.779079
-2891.066630
-3261.704382
-3541.717902
-3525.436260
-3602.390058
-3339.272581
-2819.949647
-2406.764585
-2123.679057
-1877.918426
-1242.473593
-826.216523
-805.326870
-853.250193
-712.552231
-515.636525
-468.942005
-209.971740
46.540920
252.672649
516.404527
936.348006
1331.101021
1460.278953
1764.100533
1948.574607
1734.302057
1246.928004
869.992636
653.876880
-7.372819
-809.013279
-1445.686915
-1826.155093
-2176.210392
-2579.565029
-2585.401844
-2263.916218
-1843.972739
-1648.593037
-1350.915472
-598.273537
132.403540
410.727455
473.089216
822.069313
1068.905147
818.536503
550.350214
610.715169
559.566238
144.077170
-112.589089
-31.641681
40.089703
26.572868
164.659623
324.711234
349.440898
484.148444
622.542400
549.428612
438.836328
466.945200
325.940038
-120.883511
-289.075943
-179.251661
-358.964122
-723.457859
-707.637019
-495.361273
-624.232004
-752.027533
-471.553212
-210.893342
-296.602362
-330.855250
-100.915459
20.889654
-17.049644
33.331286
89.702631
13.363234
-74.649792
-17.664045
-101.990662
-174.029247
-137.165152
201.677318
1045.404287
1811.563055
2476.499164
2706.285355
3515.605834
4566.386135
4723.058537
4543.192475
4269.015771
4317.092694
3332.206963
1839.671928
1036.956265
307.507990
-632.372825
-2071.915724
-2874.784988
-3184.289783
-3481.660147
-3559.228347
-3577.506794
-3193.505807
-2803.975206
-2465.132735
-2188.498424
-1807.569445
-1213.135918
-978.127314
-1003.778580
-987.036137
-742.197107
-621.467197
-540.980590
-213.504549
74.035390
284.621531
542.977395
1097.321220
1472.413384
1598.058507
1886.980849
1990.353915
1730.462047
1188.559854
921.141567
649.883270
-147.149178
-948.789638
-1489.923829
-1784.222185
-2231.506535
-2568.505801
-2446.854288
-2169.605576
-1874.078416
-1652.893848
-1138.639726
-468.942005
52.531335
333.005656
501.351688
799.950856
842.651765
704.718611
543.898998
517.479730
391.066605
63.436963
-32.563284
1.536004
121.651513
147.609979
239.002214
399.821827
503.962895
634.676831
629.915219
618.548790
581.838295
483.226842
224.410177
-52.531335
-106.905875
-212.736547
-456.193172
-656.334487
-607.643162
-571.547069
-701.493003
-662.785703
-474.318019
-350.208900
-395.213816
-339.303272
-167.885231
-70.348981
-4.608012
17.817646
43.315311
25.036864
47.769723
31.641681
-42.547309
-62.361760
-37.171296
47.769723
760.936355
1687.453936
2336.876405
2551.302556
3101.652771
4280.382200
4575.141357
4429.374583
4257.188540
4240.753298
3541.564301
2047.954063
1201.155087
479.079631
-428.237900
-1663.799476
-2656.672427
-3051.886243
-3410.850365
-3471.676122
-3477.973738
-3233.749110
-2843.450507
-2535.635316
-2265.145021
-1927.377753
-1372.419527
-1061.071527
-1035.881062
-1029.429845
-857.858205
-724.072261
-589.825516
-232.243797
45.772918
247.603836
552.039819
1062.607531
1461.507756
1603.127320
1905.873698
2050.872470
1773.623758
1268.585660
929.896790
681.064150
-23.040059
-813.928492
-1373.341129
-1718.942017
-2096.645388
-2424.275030
-2344.710025
-2067.461313
-1825.233491
-1613.264946
-1159.836581
-563.559848
-54.220939
195.533302
414.874666
621.159996
646.350461
594.433528
430.541906
411.034656
305.971986
119.040306
8.448022
-5.990415
197.376507
263.424677
314.266408
442.215536
598.580738
660.635298
563.406248
584.756703
593.204724
416.564270
120.422709
-57.753748
-116.582700
-268.800691
-459.111580
-557.723033
-560.334240
-596.891134
-636.366435
-588.903913
-488.602856
-386.919394
-383.386585
-371.405754
-293.837555
-153.600395
-54.067339
-118.425904
-78.182601
9.062423
43.622512
-40.550504
-22.272057
86.169821
85.555420
35.481691
681.524951
1745.822086
2386.028532
2646.534801
3028.538983
4197.898788
4646.258340
4477.144305
4297.585444
4191.754772
3735.715200
2279.890659
1261.980843
563.867049
-256.512659
-1359.977895
-2516.742468
-2976.929250
-3306.862898
-3408.392759
-3418.376785
-3265.697992
-2877.242594
-2615.661122
-2372.972498
-2100.792599
-1620.023363
-1252.304018
-1159.990181
-1150.466956
-1062.607531
-873.064644
-666.472113
-277.709514
32.256083
277.709514
645.736059
1108.994850
1537.847152
1695.441157
1974.072273
2131.512678
1841.207932
1316.969784
860.930212
611.483171
-17.049644
-855.093397
-1485.930219
-1853.342363
-2179.896802
-2530.873704
-2496.774416
-2026.603608
-1615.261751
-1526.787924
-1164.137392
-451.431560
222.106171
286.925537
321.332026
721.614654
693.352182
370.944953
160.051611
382.618583
305.050384
-148.377981
-121.344312
75.417794
182.323669
221.030968
486.452450
722.689857
672.616129
748.955525
811.931687
689.358572
578.919888
516.250927
201.216517
-230.400592
-293.223154
-211.354143
-485.070047
-748.187523
-544.820600
-420.097080
-663.707306
-664.475308
-288.615142
-147.609979
-392.909810
-383.079384
-113.971493
-114.278694
-189.850088
-106.291473
-5.990415
-91.545835
-135.168347
-48.537725
-49.766528
-11.059228
45.926518
53.606538
119.961908
1020.828223
2015.697980
2516.435267
2684.781299
3333.282166
4407.563327
4457.790656
4310.795078
4162.877898
3992.995861
3147.579289
1750.122898
983.503327
195.533302
-605.185555
-1643.677824
-2584.787442
-2998.586906
-3250.030752
-3194.273809
-3229.448299
-3044.820625
-2687.238906
-2466.361538
-2306.309927
-2054.558880
-1592.068091
-1330.333019
-1251.075215
-1255.222426
-1147.087748
-881.512665
-500.430086
-86.784223
134.400345
511.950116
992.258550
1388.854769
1624.631375
1834.603115
2139.499898
1986.053104
1502.826262
1015.913011
653.723280
239.002214
-482.305239
-1125.430092
-1603.741721
-1865.630394
-2099.870996
-2255.160995
-2079.288543
-1704.503580
-1416.349240
-1313.436975
-844.802171
-235.623006
99.686656
85.094619
240.691819
517.018929
343.450483
156.518802
178.637259
294.759157
101.222660
-59.904154
154.675597
272.947901
357.888920
482.458840
674.766534
723.611460
699.342597
779.522003
687.668967
544.667000
437.300324
260.967071
-59.750554
-211.661344
-157.133204
-289.843945
-514.561322
-500.737287
-342.375280
-449.281155
-568.014260
-385.997792
-253.747852
-347.444093
-450.509958
-318.874419
-215.808555
-276.787911
-213.658149
-141.158763
-93.235440
-102.297863
-33.177685
21.350455
37.171296
133.325143
104.448268
59.750554
175.872452
1124.047689
1991.736318
2433.644654
2628.563555
3227.758695
4256.881339
4334.142338
4220.017245
4008.663102
3845.078681
3065.403078
1649.975440
896.104703
220.877368
-525.620551
-1651.204243
-2598.765078
-2893.063435
-3115.937607
-3121.313621
-3154.337706
-2926.855522
-2621.651537
-2443.014278
-2285.266673
-2021.381195
-1562.116014
-1315.280180
-1290.550516
-1336.784235
-1137.871724
-806.248472
-477.850828
-79.104203
225.024578
611.022370
983.503327
1366.736312
1698.052364
1845.969544
2025.067604
1848.427150
1389.929972
850.331785
446.977149
102.144262
-598.427138
-1273.193672
-1672.401098
-1822.468683
-2031.826021
-2176.210392
-1927.838554
-1491.152632
-1301.456145
-1159.222179
-710.862627
-145.459574
100.915459
54.374540
215.347753
341.607278
246.835834
65.280168
66.969772
178.637259
63.129762
-22.118457
87.705825
321.178425
512.564517
583.374299
701.953804
793.038838
822.222913
756.481944
649.115268
576.001480
434.535517
178.022857
-86.169821
-178.022857
-197.990909
-295.219959
-426.548296
-435.917920
-382.772184
-431.924310
-459.879582
-377.088969
-256.359059
-289.383144
-401.357831
-368.333747
-243.917427
-181.094865
-221.338169
-176.640454
-67.430573
-32.409683
-51.609733
-34.713689
121.344312
134.861147
40.396904
-15.974441
338.228069
1361.513899
2088.965368
2543.315336
2718.726987
3523.593055
4382.219262
4337.982348
4190.833170
3955.056564
3769.660887
2671.418065
1323.113800
655.566485
-27.033669
-864.770222
-2018.309187
-2717.190983
-2972.782040
-3154.644907
-3107.796786
-3071.393493
-2807.047214
-2550.380954
-2375.737305
-2251.781787
-1969.464261
-1555.664798
-1374.723533
-1410.512425
-1413.584433
-1129.577303
-791.502834
-376.935369
58.060949
400.897030
822.222913
1239.247985
1659.498665
1871.006408
1993.425923
2110.315823
1773.009356
1187.791852
620.545595
282.624726
-186.778080
-946.485632
-1513.578290
-1829.687902
-2010.782767
-2207.544873
-2170.219977
-1851.806359
-1520.797508
-1246.006402
-969.372091
-485.223647
-10.752028
404.737040
602.881549
567.092657
580.455892
532.225368
509.492509
286.925537
179.098060
172.800444
-17.510445
-146.688377
-36.710494
305.971986
350.516101
276.173510
454.196367
611.483171
542.977395
460.493983
602.420748
563.867049
230.093391
16.281642
24.422463
-61.132957
-271.411897
-318.260018
-391.988207
-545.281401
-617.012786
-516.404527
-434.381916
-445.133944
-342.682481
-333.466457
-375.860166
-258.663065
-7.526419
54.067339
-38.400099
59.596953
149.299584
33.638486
-20.889654
106.291473
179.558861
-69.734579
-132.249940
-25.958467
634.984032
1620.176964
2340.562815
2754.823079
2919.943504
3982.704635
4532.594048
4373.310439
4065.648848
3805.603380
3354.939822
1830.148703
719.771450
150.528387
-541.902193
-1485.162217
-2533.024109
-2887.226620
-3053.115046
-3000.122910
-2871.712980
-2736.083831
-2421.817424
-2224.594517
-2148.869522
-2121.067851
-1751.351701
-1446.301317
-1460.278953
-1605.584926
-1465.194165
-1085.033188
-722.689857
-151.603590
344.679286
726.069066
1133.878114
1586.077676
1967.313856
1978.373084
2062.238900
1972.843470
1365.200308
605.646356
61.286557
-230.400592
-828.674130
-1507.895075
-1816.478268
-1895.736072
-1967.467456
-1969.771462
-1625.860178
-1092.866808
-818.690104
-814.696494
-612.558374
-188.160484
48.076924
34.560089
-31.027280
60.979357
-66.048170
-205.978129
-38.246498
172.800444
264.960681
218.419761
365.261739
562.484645
711.937830
884.584673
916.687156
817.307700
689.665772
564.942252
381.082579
245.607031
248.832639
108.288278
-208.742936
-293.683955
-109.670682
-101.222660
-233.933401
-195.072501
-103.680266
-282.010325
-480.769235
-338.381670
-244.071027
-382.772184
-511.489314
-466.637999
-376.935369
-345.447288
-174.182848
-25.804866
16.588843
86.016221
153.446794
189.696487
199.373312
278.631116
270.336695
41.779307
-25.036864
9.676825
707.944219
1640.913017
2298.783507
2625.645147
2848.826521
3949.834150
4399.115305
4220.324445
3900.528424
3685.027070
3113.940802
1557.200802
516.865328
-10.905628
-709.019422
-1716.023610
-2660.973238
-2917.178697
-3009.031733
-2947.437974
-2804.436007
-2592.467462
-2258.386604
-2088.504567
-2074.987732
-2008.939563
-1622.941771
-1401.757202
-1475.331791
-1614.340149
-1384.093157
-1028.969044
-686.593764
-79.411404
459.572381
851.253388
1223.119943
1668.868289
2004.024350
1968.542659
1968.849860
1785.911789
1109.302051
323.021630
-195.994104
-504.270096
-1074.588362
-1666.871484
-1888.516853
-1858.564776
-1861.943985
-1794.052610
-1430.634076
-911.464742
-680.910550
-673.076930
-474.625220
-107.673877
121.497912
-17.971246
-18.432047
87.859426
-9.216024
-111.206686
0.307201
319.335221
349.133697
297.984766
460.186783
644.814457
729.448275
757.557147
797.032448
708.712221
517.633330
391.373806
283.085527
210.432541
146.227576
66.969772
-209.203738
-238.541413
-206.899732
-95.539446
-188.314084
-304.128782
-101.376261
-312.423203
-323.943232
-272.947901
-322.100028
-373.402560
-417.178672
-355.277713
-135.475548
-58.828951
110.285083
182.477269
76.339396
18.892849
13.056034
45.619317
-65.433768
45.465717
88.013026
-42.086508
-104.909070
250.675844
1397.763592
2170.834379
2703.520548
2921.940309
3647.241373
4530.290042
4423.844968
4198.359589
3748.156832
3307.938101
2117.535042
582.606297
-175.411651
-814.850094
-1564.880821
-2499.692824
-3076.769507
-3054.651050
-2982.766065
-2737.312634
-2539.475326
-2233.042539
-1943.505794
-1881.144034
-1932.753767
-1785.297388
-1434.781287
-1345.385857
-1478.711000
-1479.939803
-1111.913257
-697.499392
-192.614895
419.329078
907.471132
1272.886471
1548.291979
1819.243075
1887.288050
1720.170821
1524.483918
1003.932180
228.403787
-447.130749
-797.646850
-1032.348253
-1458.589348
-1751.812502
-1731.844451
-1620.944966
-1501.597459
-1299.612940
-931.432794
-645.428859
-686.132963
-813.774891
-728.680273
-487.374052
-459.418781
-496.743677
-249.754242
-75.264193
261.735073
893.647097
1471.798982
1736.913264
1619.255361
1914.475320
1830.609504
1236.790378
889.346285
668.468918
43.622512
-895.797502
-1002.549776
-738.817899
-989.954544
-983.810528
-335.156061
43.622512
-46.080118
305.357585
960.156067
840.501360
352.359306
331.316051
110.438684
-642.664052
-971.983298
-835.125346
-1035.727462
-1405.904413
-1098.703623
-546.049403
-433.921115
-88.473827
627.611213
881.359065
740.507503
884.277472
1063.989934
726.529867
306.739988
278.477516
-13.824036
-529.153360
-634.216030
-513.639720
-516.250927
-444.365942
815.618096
2063.928504
2572.499411
2846.368915
3481.352946
4473.611496
4356.107194
3799.152163
3204.565035
2673.261270
1773.623758
348.058494
-498.279680
-811.931687
-1151.234958
-1780.842976
-2254.700194
-2004.945952
-1699.281167
-1660.727468
-1732.458852
-1650.897043
-1667.485885
-1973.457871
-2336.876405
-2510.291251
-2449.926296
-2394.322953
-2297.861905
-2138.731896
-1584.080871
-782.286810
10.137626
745.729916
1359.209893
1869.931205
2088.350967
2083.589354
1960.709039
1569.949634
1064.911537
463.719592
-235.776606
-887.195880
-1227.420754
-1221.430339
-1296.848133
-1457.053344
-1314.972979
-959.695266
-834.664545
-872.296642
-680.756949
-469.556407
-669.083319
-1037.263466
-979.202516
-655.873685
-551.118216
-523.316545
-253.901452
247.911037
500.430086
708.097820
1084.418787
1422.800456
1406.211614
1161.986986
1040.335473
918.223160
631.297622
306.893589
99.686656
-79.257804
-237.466210
-271.872699
-177.101255
-47.001721
107.827477
198.605310
173.568446
139.008357
174.643649
96.153847
-142.080365
-317.645616
-358.656922
-489.217257
-633.448028
-545.435002
-336.538465
-276.019909
-289.997545
-127.027526
103.065865
158.976409
159.130009
227.482185
238.234212
154.368397
54.528140
18.585648
-0.768002
-62.515361
-105.830672
-138.547556
-97.997052
-82.176211
-46.080118
-56.371345
541.748592
1716.330811
2424.582231
2703.213347
2750.061467
3589.948426
4116.490579
3732.796793
3215.470663
2770.490320
2333.036395
1138.486126
-3.379209
-421.940284
-716.853042
-1232.643168
-1969.925062
-2268.217029
-2096.645388
-1994.654726
-2040.888445
-2115.538237
-2033.515626
-2014.315576
-2240.568958
-2453.151904
-2258.079403
-1985.285102
-1803.268634
-1679.313116
-1350.454670
-738.203497
-143.155568
479.847633
990.415345
1321.270595
1541.379961
1580.394461
1469.187776
1216.975927
938.037611
622.388799
107.059475
-454.964369
-780.290005
-835.586147
-851.714189
-962.152873
-1034.345058
-930.203990
-872.296642
-835.893348
-787.662824
-670.158522
-669.083319
-860.776612
-901.634317
-636.520036
-353.280908
-255.898258
-139.008357
134.553946
415.028267
462.183588
603.803152
826.216523
835.278947
615.169581
467.713202
503.502094
421.325883
245.453431
235.623006
249.600641
182.477269
164.045222
280.627921
395.981818
365.415339
320.564024
252.519049
73.728189
-45.926518
-108.749079
-261.735073
-449.127554
-532.225368
-501.812490
-554.190224
-529.767761
-312.116002
-155.904401
-167.117229
-135.629149
17.356845
125.337922
106.905875
155.289999
238.848614
219.341364
142.541166
157.286804
176.947655
155.136399
116.121898
128.717131
68.044975
-28.723274
-88.781028
372.327357
1502.672662
2299.090708
2650.989213
2599.686681
3304.251691
3994.224664
3799.920165
3229.448299
2730.707817
2367.750085
1284.099300
15.667240
-512.871718
-672.462528
-1074.127560
-1821.547081
-2270.521035
-2114.002233
-1928.760157
-1947.653005
-2095.877386
-2081.592549
-2050.718870
-2244.408968
-2570.041805
-2470.662349
-2108.626219
-1822.622284
-1727.236439
-1470.723779
-787.509224
-79.104203
533.146970
1001.013772
1360.745897
1588.688883
1584.234471
1394.384383
1122.050883
855.554199
562.484645
68.198575
-489.985259
-765.851568
-761.243556
-756.942745
-821.301311
-804.251667
-695.041786
-698.420995
-761.243556
-705.025812
-597.659136
-649.729670
-846.952577
-935.580004
-831.131736
-621.313597
-440.065131
-228.557387
6.604817
237.927011
405.044241
539.905387
718.235446
813.774891
756.942745
582.913498
431.463509
394.138613
342.989681
288.000740
264.807081
255.744657
261.735073
247.911037
287.847140
332.391254
310.579998
188.928486
9.676825
-137.625954
-206.746131
-294.759157
-387.994597
-436.225121
-426.087495
-389.991402
-363.725735
-240.077417
-93.542640
-19.200049
-16.588843
-7.833620
35.942492
90.317032
78.336201
92.621038
110.592284
115.046696
117.504302
118.118704
167.424430
211.661344
207.974934
125.030721
52.838536
20.275252
831.131736
1870.392007
2582.944238
2670.342862
2739.770241
3622.665310
3954.902963
3581.193203
2885.844216
2514.284861
2055.480482
824.373318
-320.410423
-670.465723
-717.467444
-1152.924563
-1982.981096
-2281.887464
-1952.568218
-1750.890899
-1997.265933
-2273.285842
-2173.291985
-2052.254874
-2418.284615
-2786.618361
-2505.990440
-1974.072273
-1661.802671
-1670.404293
-1227.727955
-377.549770
290.611947
703.336207
1031.580251
1415.274037
1577.168853
1363.664304
1051.855503
816.078897
599.655941
281.703124
-175.411651
-524.698948
-618.241589
-568.628661
-558.491035
-565.095852
-532.839769
-497.358078
-632.526425
-818.536503
-861.083813
-830.824535
-783.976415
-889.807087
-944.796028
-788.123625
-451.277960
-118.272304
41.164906
218.419761
466.637999
583.220699
488.449255
473.703617
592.743923
570.011065
321.485626
172.646844
258.355864
328.551244
331.162451
381.389780
476.007623
481.690838
422.708286
391.681007
315.802412
198.298110
66.662571
-120.729910
-350.823302
-460.801184
-407.501847
-393.524211
-419.943479
-351.591304
-191.078891
-132.403540
-146.073975
-55.449742
54.988941
14.899238
-77.875400
-62.208160
0.614402
6.912018
63.744164
173.261245
236.698208
285.235933
305.203984
321.639227
274.023104
258.048663
183.091671
43.929713
-195.686903
479.386832
1594.986499
2376.812508
2551.148956
2492.780806
3387.349505
3899.914022
3646.473371
2849.287322
2359.916465
2083.896555
1054.620310
-229.939791
-839.733358
-752.795535
-856.936602
-1616.797755
-2177.285595
-1905.105696
-1468.573374
-1642.295420
-2121.221451
-2229.509729
-2008.017960
-2233.964141
-2825.786462
-2817.338440
-2254.546594
-1700.817171
-1666.257082
-1451.830931
-633.908829
289.229543
803.176464
949.557640
1215.593524
1485.469417
1397.609992
959.541666
578.612687
441.447534
301.824776
-60.211355
-443.905141
-498.433281
-335.156061
-241.152620
-360.192926
-414.567465
-308.583193
-388.916199
-699.649798
-1026.972239
-992.565751
-862.619817
-885.659876
-991.797749
-859.855010
-471.860413
-73.881790
138.086755
286.618337
502.734092
638.977642
565.556653
360.039325
324.404034
414.567465
351.591304
130.713936
93.389040
277.095112
469.710007
491.674864
493.057267
564.788651
584.449502
437.914725
218.880562
51.302532
-33.484886
-159.898011
-367.412144
-524.238147
-480.001234
-317.492016
-249.907842
-242.381423
-168.653233
-26.265667
16.435242
-52.070534
-100.147457
-88.320227
-86.016221
-137.933154
-149.145983
-57.907349
107.981077
262.195874
311.040799
345.293687
406.887446
463.412391
382.004182
215.040553
101.222660
-34.252888
-177.869257
-386.919394
243.149425
1394.691584
2417.055811
2720.877392
2537.478521
3238.357122
3849.533093
3817.123409
2893.524236
2041.656447
1733.994856
983.503327
-169.882037
-1022.210627
-996.405761
-710.555426
-1086.876393
-1746.743689
-1860.254381
-1351.529873
-1151.234958
-1674.090702
-2287.877879
-2392.018947
-2344.556425
-2703.366947
-3012.871743
-2735.315829
-1906.334499
-1398.992395
-1188.252654
-733.441885
131.328337
989.186542
1213.903920
1112.066858
1019.445820
998.095365
815.925297
371.405754
56.832146
-20.889654
13.977636
-88.627428
-225.946181
-128.102729
167.885231
358.196121
161.434015
-223.795775
-507.649305
-591.054319
-764.161964
-1062.914732
-1250.153613
-1174.889419
-952.629648
-850.178185
-639.899244
-188.314084
300.135171
480.001234
351.437703
297.831165
385.076190
419.636278
249.754242
43.929713
7.065618
115.814698
235.315805
309.351195
445.748345
653.569680
791.042033
685.057760
466.484399
362.804132
321.024825
182.630869
-128.870731
-340.992876
-347.444093
-266.803886
-230.554192
-209.357338
-108.288278
5.068813
12.902433
-81.715410
-152.832393
-156.672403
-177.869257
-291.533549
-385.690591
-361.575329
-170.803639
26.572868
170.650039
313.959207
466.023598
552.961421
530.842964
419.482678
336.538465
206.131730
27.801671
-193.690098
-359.424924
-454.964369
29.030475
1137.410923
2302.469917
2939.297153
2730.093416
3031.918191
3545.557911
3777.494507
3092.436747
1896.196873
1315.894582
797.800450
94.617843
-759.553952
-1093.481210
-728.219471
-565.556653
-920.373565
-1464.118963
-1474.256589
-1159.222179
-1311.593771
-2005.867555
-2725.639004
-2873.248984
-2838.842495
-2858.503346
-2781.703148
-2264.223419
-1502.365461
-841.422962
-364.186536
47.001721
604.571154
1016.527412
1162.908588
875.829451
413.799463
185.549277
119.040306
131.789139
14.438437
-51.148931
85.862621
316.109612
513.178919
502.119690
468.327604
393.524211
202.291720
-285.850335
-832.053338
-1078.428371
-1085.801190
-1056.924316
-1157.225374
-1097.782021
-829.442132
-401.665032
0.153600
250.368643
340.685676
307.968791
282.778327
172.800444
-17.356845
-160.973214
-108.749079
28.108872
65.587369
115.200296
307.354390
615.169581
817.922102
805.480470
664.014506
474.471619
357.735319
254.976655
100.301058
-115.046696
-197.530108
-126.105924
-58.521750
-52.377735
-33.638486
108.288278
175.411651
63.436963
-135.475548
-274.176705
-304.128782
-323.021630
-390.913005
-458.804379
-409.037851
-208.128535
38.092898
215.040553
338.535270
467.406001
551.732618
503.809295
364.032936
216.576557
82.790613
-57.600148
-161.587615
-290.458346
-326.708040
-351.130502
65.433768
1078.581972
2197.714448
3029.767786
2894.753039
2848.058519
2993.210892
3182.292978
2894.292238
1852.420760
1121.897283
540.366189
229.786191
-188.928486
-556.033429
-498.279680
-383.386585
-360.039325
-746.497918
-1174.275018
-1444.458112
-1682.999525
-1965.163450
-2508.908847
-2900.589854
-3111.636796
-2934.689142
-2466.054337
-1947.345804
-1409.744423
-975.516107
-440.679532
19.353650
327.936843
351.130502
308.890394
278.784716
163.430820
-9.216024
-206.592531
-78.029001
238.695013
556.955031
711.477028
722.382656
814.389293
845.570173
770.152379
471.246011
88.934629
-288.922342
-683.060955
-942.799223
-1127.426897
-1114.831665
-948.482437
-647.118463
-324.557634
-156.518802
-31.027280
116.889900
230.093391
144.230771
-83.865816
-284.775132
-399.821827
-444.826743
-384.154587
-184.934875
53.760138
259.277466
440.218731
599.502341
700.725001
696.116989
631.451223
510.721312
353.280908
199.066112
93.389040
38.553699
66.969772
170.035637
251.751047
266.496685
217.805360
201.523718
152.371592
-0.768002
-183.706072
-330.087248
-423.015487
-490.292460
-513.025318
-428.391501
-290.765547
-114.893095
57.753748
207.514133
309.965597
361.421729
379.392975
319.796022
216.883757
89.088229
-20.275252
-100.147457
-169.728436
-146.534777
-110.745885
-63.590563
-11.059228
81.561810
637.748839
1456.285342
2434.412656
2841.914503
2712.275770
2560.211379
2432.415851
2495.852814
2060.395695
1515.421494
911.157542
473.857218
305.971986
66.508971
-14.745638
-225.485379
-305.971986
-432.231511
-727.758670
-1056.770716
-1591.300089
-1945.041798
-2317.829956
-2518.124871
-2628.563555
-2712.890172
-2502.150430
-2172.831184
-1614.032948
-1219.894335
-910.235939
-644.046455
-431.002708
-249.293441
-242.995824
-212.429346
-216.730157
-172.954044
-94.464243
29.337675
284.467931
544.513399
850.331785
1021.903426
1076.431566
1020.060221
832.514139
609.179165
295.987961
13.363234
-304.896784
-585.371104
-740.200302
-743.425910
-633.294427
-512.718118
-327.783242
-100.761859
134.246745
278.016714
266.343084
116.429099
-136.089950
-368.180146
-529.767761
-629.915219
-660.481697
-585.524705
-396.135418
-145.920375
94.157042
301.824776
452.813964
516.250927
539.751787
531.303765
476.929226
373.095359
289.843945
289.075943
333.312857
380.314577
409.191452
442.676338
438.221926
372.480957
252.979850
96.461048
-68.505776
-225.946181
-358.196121
-430.234706
-431.156308
-357.581719
-234.547803
-114.125093
0.614402
107.827477
185.088476
216.269356
206.746131
169.267635
106.445074
3.993610
-77.875400
-115.814698
-95.693046
-60.979357
-16.896043
38.246498
96.614648
145.920375
163.277220
119.040306
206.592531
568.014260
1188.252654
1830.763105
2149.176723
2288.185080
2217.375298
2115.077435
1893.739267
1538.922355
1181.647837
778.446800
543.284596
379.546575
315.648811
219.341364
18.739248
-199.834114
-462.029987
-638.516841
-880.591063
-1173.199815
-1503.901465
-1829.534302
-2021.534795
-2200.172054
-2227.359324
-2142.879107
-1892.510463
-1576.861652
-1307.446560
-1025.589836
-835.586147
-699.035396
-698.420995
-715.163438
-679.988947
-610.715169
-446.823548
-272.947901
-34.867290
195.994104
426.241095
648.654467
795.803645
898.715910
863.848620
770.459580
599.502341
451.738761
303.207179
113.203491
-39.936103
-147.609979
-135.168347
-98.304253
-30.105677
52.070534
76.646597
44.697715
-83.712215
-236.851809
-409.652253
-571.547069
-668.776119
-727.144269
-686.900965
-578.459087
-379.239375
-171.264440
15.206439
166.656428
277.402313
341.300077
339.610473
335.002461
330.548049
339.610473
346.829691
378.317772
452.967564
521.319740
577.537484
610.561569
634.369630
606.875160
507.956505
377.703371
220.109366
84.941018
-34.560089
-112.435489
-151.757190
-142.080365
-91.545835
-27.801671
18.432047
85.555420
146.073975
97.997052
-23.808061
-119.961908
-115.661097
-74.342591
-82.637012
-71.424184
-30.873679
33.484886
142.387566
198.758911
201.984519
179.405261
181.709267
191.078891
133.939544
26.112067
-66.508971
-154.214796
-155.597200
32.102482
386.919394
851.406988
1230.953563
1490.845431
1574.711247
1464.886964
1224.195146
852.789392
470.324409
119.193906
-110.285083
-161.741216
-58.982552
150.681987
322.407229
393.370611
331.162451
163.891621
-71.577784
-380.775379
-702.568205
-1011.612200
-1222.812742
-1344.617855
-1362.128300
-1277.955284
-1131.420508
-945.717630
-808.398877
-681.985753
-599.963142
-568.935862
-609.332766
-724.225861
-846.952577
-961.384871
-989.954544
-920.527166
-758.017948
-533.761372
-285.082333
-28.108872
171.725241
312.730404
345.600888
288.615142
143.769969
-23.654461
-135.629149
-203.981324
-187.085281
-122.265914
6.144016
170.035637
319.335221
450.817159
519.322935
561.102242
578.766287
551.579017
494.132470
396.596219
292.301551
156.211601
-1.536004
-128.409930
-190.157289
-175.718852
-131.021137
-48.998526
56.064144
171.571641
237.773411
239.002214
211.661344
163.430820
139.008357
123.494717
158.669208
230.861393
309.043994
363.879335
365.108138
334.848861
248.832639
158.362007
50.688130
-42.240109
-106.752274
-140.697962
-137.165152
-146.841977
-113.817892
-33.484886
54.528140
125.491522
215.501354
291.226348
285.389533
199.987714
150.989188
147.917180
103.373066
57.292947
65.280168
112.742690
129.485133
117.657902
110.131483
110.131483
114.432294
100.608259
24.268862
-76.185796
-143.462769
-155.136399
-162.816418
-191.232491
-210.125340
-243.149425
-283.085527
-331.162451
-363.879335
-362.036130
-292.762352
-122.265914
115.814698
350.362500
543.745397
658.945693
694.273784
653.569680
552.500620
421.479483
281.395923
225.331779
250.215043
350.976902
473.857218
588.903913
673.844932
666.011312
576.462281
401.818633
182.938070
-60.518556
-279.859919
-458.497178
-591.515120
-659.252894
-669.390520
-624.539205
-595.508730
-586.139106
-605.799957
-647.272063
-703.182607
-790.734832
-875.829451
-956.623258
-1000.860172
-1006.696987
-968.604089
-872.296642
-749.877127
-609.793567
-475.239621
-333.620057
-192.154094
-94.771444
-39.014500
-27.648071
-32.563284
-42.393709
-40.550504
-8.140821
48.384124
132.249940
237.927011
380.928979
538.369384
684.596959
768.462775
772.456385
725.608265
625.307207
506.113301
367.565745
228.864588
107.520276
19.046449
9.523224
48.691325
107.213076
150.681987
185.242076
200.755716
168.499633
118.886706
53.760138
-3.532809
-52.684935
-77.568199
-59.596953
-14.284837
54.988941
109.363481
142.233966
156.365202
164.813224
167.885231
148.070781
131.481938
110.131483
103.526666
99.533056
100.761859
116.275499
141.005162
184.320474
207.667734
204.595726
197.837308
210.125340
188.314084
101.222660
-5.529614
-90.931434
-119.961908
-145.766775
-175.718852
-201.216517
-208.435736
-190.464489
-187.546082
-174.643649
-173.107645
-162.970019
-156.518802
-159.437210
-151.603590
-145.613174
-130.560336
-137.933154
-130.099534
-103.219465
-77.568199
-60.518556
-59.443353
-48.230524
-43.315311
-17.049644
43.622512
140.083560
267.111086
402.279434
540.826990
632.833626
665.704111
637.748839
559.259037
446.516347
323.175231
231.014994
184.320474
194.918901
247.450236
307.354390
336.231264
316.877614
252.211848
147.456379
2.457606
-167.885231
-336.999266
-474.471619
-569.703864
-616.398384
-616.244784
-594.126327
-568.935862
-564.020649
-563.406248
-570.164665
-590.132717
-624.692805
-676.148938
-711.630629
-726.837068
-695.348987
-627.150412
-534.990175
-426.087495
-312.730404
-196.454905
-100.301058
-20.121652
36.710494
64.204965
44.083313
-0.768002
-29.030475
-26.726469
15.513640
82.022611
183.091671
305.664786
427.930700
512.871718
556.033429
555.879829
499.662084
396.442619
250.829445
113.971493
-1.689604
-65.280168
-70.348981
-28.876874
51.456132
139.315558
234.240602
293.376754
320.410423
304.435982
245.760632
175.718852
98.765054
63.129762
53.452937
68.352176
113.664292
176.640454
247.143035
264.960681
242.535023
186.470879
124.723521
45.004916
-62.668961
-106.598674
-110.592284
-89.856231
-77.107398
-88.627428
-84.326617
-75.724995
-15.820841
92.774638
141.158763
83.097814
15.360039
19.046449
51.302532
34.560089
-31.334481
-74.649792
-90.317032
-97.536251
-73.574589
-13.363234
60.825756
110.592284
120.115509
102.912264
71.884985
34.713689
-16.281642
-74.188991
-114.278694
-112.742690
-85.094619
-59.289752
-43.008111
-44.544114
-66.969772
-115.507497
-164.506023
-190.464489
-193.229297
-177.715657
-158.208407
-130.406735
-101.990662
-57.292947
14.131236
103.526666
207.360533
295.527159
371.098554
421.018682
437.146723
414.260265
348.672896
268.032689
202.906121
180.326863
182.784470
200.602116
223.642175
243.303025
246.221433
208.435736
131.174737
17.356845
-112.128288
-240.231017
-349.440898
-429.005902
-470.324409
-476.622025
-475.700422
-474.778820
-469.249206
-452.813964
-443.137139
-458.036377
-482.919641
-496.743677
-487.066852
-472.628415
-450.817159
-414.260265
-356.506516
-284.314331
-218.419761
-163.123619
-121.651513
-79.411404
-43.315311
-28.262473
-19.200049
6.297616
58.982552
126.259524
204.595726
292.147951
366.183341
405.505042
397.210621
348.519296
269.568693
178.483659
105.216270
73.574589
81.869010
113.049891
159.437210
203.981324
230.246992
233.319000
218.573362
188.160484
139.929960
83.712215
30.720079
-12.902433
-26.112067
2.150406
62.668961
137.472353
173.722046
152.678792
136.704351
119.654707
80.333006
46.233719
50.995331
71.731384
46.387319
46.387319
106.137873
165.581226
174.182848
156.826003
175.718852
208.742936
208.435736
147.456379
82.944213
34.560089
1.228803
-2.611207
-18.278447
-37.632097
-51.916933
-49.305727
-49.459327
-52.224134
-57.753748
-100.915459
-156.518802
-190.003688
-186.317279
-190.925291
-208.435736
-207.360533
-190.618090
-135.321948
-70.656182
-38.092898
-32.102482
-33.331286
-37.478496
-29.030475
-6.912018
-5.990415
-23.961662
-26.880069
-12.595232
-12.441632
-20.736053
-2.611207
38.400099
64.358565
69.580979
59.136152
43.161711
36.710494
29.337675
34.560089
60.211355
107.520276
167.424430
212.736547
227.482185
201.216517
153.753995
92.160237
17.049644
-50.688130
-96.768249
-101.376261
-76.185796
-38.400099
-7.680020
-2.918407
-19.353650
-56.832146
-100.608259
-152.371592
-189.542887
-211.507744
-230.861393
-227.789385
-205.824529
-168.806834
-143.155568
-136.089950
-137.933154
-153.293194
-166.042027
-178.790859
-191.693293
-206.285330
-201.984519
-159.283609
-99.840257
-67.123372
-89.088229
-73.113788
-36.249693
-76.953798
-138.854757
-144.230771
-99.225855
-51.916933
0.614402
35.020890
38.092898
36.249693
23.347260
29.952077
56.985746
90.470632
125.491522
145.152373
141.465964
126.105924
137.318753
166.042027
193.536497
228.710988
252.211848
248.218238
248.218238
250.829445
227.942986
199.834114
187.546082
157.901206
113.203491
111.360286
120.729910
122.880316
140.390761
122.726715
94.771444
96.000247
90.470632
90.931434
86.937823
40.550504
11.827230
15.820841
-10.137626
-27.340870
-0.307201
30.259278
27.033669
-12.748833
-10.291226
18.278447
-3.840010
0.153600
8.448022
-26.726469
-14.131236
-3.532809
-40.089703
-52.684935
-54.067339
-61.900959
-64.819367
-55.910544
-64.819367
-95.846646
-62.822561
-26.726469
-76.339396
-82.637012
-62.208160
-125.337922
-152.678792
-118.886706
-103.680266
-69.580979
-43.776112
-48.384124
-45.465717
-55.449742
-49.152126
-22.886459
-30.412878
-49.920128
-66.969772
-81.408209
-81.561810
-91.392235
-80.947408
-48.844926
-51.609733
-35.020890
2.150406
-3.686409
-29.798477
-38.707299
-17.971246
6.451217
4.300811
-8.755222
-21.504055
-17.203244
16.128041
28.108872
18.278447
8.140821
-0.768002
23.808061
44.697715
32.256083
21.504055
3.993610
-3.993610
29.491276
52.224134
52.684935
60.672156
40.857705
-2.457606
9.676825
63.744164
51.302532
23.040059
23.654461
11.059228
14.284837
-17.971246
-72.652987
-73.574589
-54.528140
-36.403294
-25.651266
-19.660851
-7.065618
17.510445
58.828951
6.297616
-65.433768
-40.550504
-21.504055
-32.409683
-55.603343
-8.140821
-0.460801
-49.766528
36.403294
66.355371
12.748833
32.256083
13.516835
-4.915213
25.344065
25.497666
22.118457
20.275252
43.929713
51.456132
28.723274
43.929713
82.329812
94.003442
80.179406
87.552225
76.339396
70.656182
95.846646
62.361760
5.990415
6.758417
19.968051
10.598427
7.526419
44.697715
54.988941
27.187270
52.684935
45.772918
-32.563284
-59.596953
-31.334481
-25.651266
-22.272057
13.977636
5.836815
-34.406488
-13.824036
0.307201
-14.284837
15.206439
45.004916
25.651266
-49.766528
-110.131483
-51.916933
22.886459
20.736053
19.353650
33.024085
6.451217
-31.334481
-55.142542
-69.580979
-34.713689
-3.840010
-33.792087
-78.797002
-76.953798
-42.393709
0.768002
4.147211
-39.168101
-47.616122
-42.700910
-76.646597
-99.840257
-90.163432
-84.326617
-64.204965
-46.387319
-27.648071
-25.497666
-37.171296
-34.560089
-24.729664
4.300811
22.579258
15.667240
22.886459
39.782502
48.844926
94.003442
92.313837
43.161711
50.995331
54.220939
45.312116
100.915459
89.241829
50.073729
85.709020
65.587369
14.899238
19.353650
43.622512
-15.667240
-30.566479
25.497666
-10.598427
-32.102482
2.150406
-12.288032
-9.062423
-6.144016
-50.995331
-51.302532
-39.782502
-59.289752
-86.323422
-29.798477
6.604817
-44.697715
-47.155321
-34.713689
-16.128041
-0.307201
-34.867290
-20.121652
-4.915213
-72.038585
-19.660851
61.593758
-0.307201
-36.556894
7.219219
1.996805
24.115262
41.011305
12.748833
16.742443
7.833620
11.673630
-15.052839
-31.641681
-0.460801
30.873679
50.073729
10.905628
-40.243303
-41.625707
-23.500860
24.268862
43.622512
-19.968051
-61.593758
-20.736053
69.273778
65.587369
0.153600
5.836815
10.752028
18.585648
25.036864
29.798477
31.180880
25.958467
65.433768
62.668961
13.363234
-6.451217
-4.147211
9.830425
32.409683
41.779307
35.174490
18.585648
26.265667
7.526419
-26.572868
-7.833620
-21.043254
-39.014500
-30.412878
-29.644876
-28.416073
-21.196854
-14.745638
-28.262473
-43.622512
-32.563284
-38.400099
-57.600148
-10.444827
27.494471
12.595232
38.707299
27.187270
-10.137626
31.488081
54.374540
4.147211
-22.272057
22.118457
51.148931
38.553699
22.272057
16.896043
22.732858
18.124847
34.099288
35.020890
9.216024
1.996805
2.764807
18.892849
46.080118
39.014500
-41.472107
-91.085034
-40.704105
-29.030475
-30.259278
-31.334481
-32.256083
-7.987221
-11.366429
-90.470632
-68.659376
35.942492
4.454411
-9.216024
17.049644
10.137626
-1.843205
5.068813
22.425658
-6.144016
-16.588843
14.438437
17.510445
12.748833
35.328091
34.560089
17.049644
3.840010
11.366429
20.275252
-24.422463
-43.008111
-30.873679
-21.043254
-15.052839
-42.547309
-30.720079
-12.595232
-45.619317
-52.684935
-37.478496
-52.992136
-71.424184
-47.155321
-45.926518
-58.982552
-55.449742
-64.972967
-30.412878
-1.075203
-16.128041
-32.716884
-55.142542
-43.929713
7.065618
53.760138
52.838536
9.369624
-21.657656
3.225608
43.929713
29.952077
23.193660
39.475301
41.625707
47.001721
63.129762
63.436963
29.030475
43.776112
81.408209
54.835341
34.252888
35.788892
18.739248
-3.225608
-0.768002
-5.683215
-31.795282
-26.419268
-8.140821
0.921602
23.961662
27.340870
8.448022
27.494471
30.873679
-4.915213
9.216024
35.481691
28.723274
46.540920
64.819367
52.531335
32.256083
21.350455
16.742443
27.187270
85.862621
105.062670
70.809782
78.643402
65.433768
17.203244
20.275252
22.118457
-16.742443
-18.124847
23.347260
45.619317
19.660851
-0.153600
12.134431
-31.641681
-76.953798
-45.926518
-49.766528
-102.451463
-97.382650
-94.771444
-128.409930
-77.414599
-21.964856
-64.358565
-99.379455
-86.784223
-84.787418
-74.803392
-38.860900
-43.008111
-72.960187
-58.214550
-28.876874
-34.560089
-66.816172
-71.424184
-42.086508
-20.889654
1.689604
14.899238
11.366429
-6.758417
-9.676825
26.880069
43.776112
22.272057
0.921602
0.000000
11.059228
45.312116
74.649792
76.646597
62.515361
37.785697
39.014500
47.769723
38.860900
21.504055
15.052839
4.608012
6.758417
39.782502
49.766528
40.857705
37.632097
33.792087
27.033669
13.977636
-7.372819
-16.128041
-35.635292
-60.518556
-36.556894
-27.494471
-55.910544
-59.904154
-50.534530
-42.700910
-19.046449
-3.686409
-13.977636
-12.595232
-13.824036
-33.638486
-31.488081
-17.203244
-23.654461
-26.265667
-23.808061
-15.052839
21.196854
49.920128
71.884985
96.307447
88.166627
69.273778
62.361760
47.308922
29.644876
26.265667
38.553699
53.606538
46.233719
44.390514
42.547309
14.131236
23.808061
59.596953
38.092898
25.958467
48.691325
28.108872
5.836815
-10.905628
-35.788892
-20.428852
-9.216024
-18.892849
3.993610
14.438437
13.363234
42.547309
33.638486
6.297616
12.902433
-3.840010
-28.569673
-12.748833
-18.278447
-29.030475
-12.288032
-18.739248
-22.272057
-22.579258
-38.707299
-23.193660
-14.592037
-35.328091
-37.171296
-50.688130
-67.276973
-56.524945
-55.142542
-56.524945
-54.988941
-65.280168
-50.534530
-36.864095
-54.220939
-48.691325
-49.920128
-75.571394
-70.348981
-56.371345
-44.390514
-24.268862
-29.952077
-34.560089
-19.814451
-17.817646
-7.219219
3.840010
-10.291226
-12.134431
-0.460801
-2.611207
3.993610
31.641681
44.544114
47.462522
58.060949
63.744164
66.048170
67.276973
57.907349
51.456132
62.668961
67.276973
58.521750
55.603343
54.681741
46.540920
38.860900
30.566479
21.196854
17.817646
19.814451
22.272057
15.360039
6.604817
8.140821
3.993610
-7.065618
-10.752028
-16.742443
-29.030475
-30.720079
-29.798477
-33.331286
-29.644876
-17.971246
-5.376014
2.764807
11.980831
16.128041
10.905628
4.147211
0.307201
-0.307201
-0.460801
-2.611207
4.147211
18.432047
25.497666
32.256083
37.017695
28.416073
15.513640
10.905628
12.748833
11.827230
2.764807
-7.680020
-13.056034
-14.592037
-13.670435
-20.428852
-25.190465
-15.667240
-6.604817
-7.219219
-11.520030
-15.667240
-11.980831
-11.827230
-21.350455
-24.268862
-24.576063
-33.484886
-35.020890
-24.422463
-17.203244
-14.899238
-8.908823
2.457606
13.363234
21.043254
24.268862
18.892849
16.742443
29.491276
31.948882
17.510445
13.824036
16.281642
9.676825
5.836815
7.526419
5.068813
4.300811
4.147211
-2.918407
-8.755222
-11.520030
-15.974441
-16.281642
-12.288032
-20.428852
-35.481691
-37.939297
-36.556894
-40.550504
-43.622512
-44.236914
-48.230524
-42.547309
-28.876874
-25.497666
-25.344065
-17.817646
-12.748833
-8.908823
-2.150406
-2.150406
-6.758417
-9.676825
-8.448022
-6.297616
-7.372819
-5.990415
-1.228803
5.222413
13.516835
21.350455
25.190465
30.566479
34.252888
29.030475
24.115262
23.347260
17.817646
10.598427
12.902433
12.595232
4.300811
3.686409
9.216024
12.134431
17.971246
23.961662
25.036864
27.340870
28.876874
25.651266
22.425658
20.428852
21.043254
23.193660
22.732858
22.579258
24.883264
24.268862
23.193660
28.108872
38.860900
46.848120
46.694520
40.857705
34.099288
24.576063
14.438437
5.683215
-5.376014
-9.062423
-4.147211
-1.689604
-2.457606
0.921602
5.376014
4.915213
0.000000
-9.062423
-19.507250
-27.648071
-31.641681
-38.400099
-47.616122
-48.844926
-45.312116
-43.315311
-39.628902
-35.481691
-32.870484
-23.808061
-10.444827
-4.915213
-12.902433
-24.729664
-28.262473
-24.268862
-21.504055
-20.889654
-19.814451
-18.278447
-9.830425
2.918407
7.372819
6.604817
7.372819
6.758417
5.222413
1.536004
-4.147211
-8.908823
-10.444827
-8.140821
-4.608012
-6.451217
-9.523224
-7.526419
-5.683215
-5.990415
-8.294421
-11.827230
-12.134431
-10.291226
-10.905628
-8.294421
-3.532809
0.000000
4.300811
6.604817
5.683215
4.915213
3.840010
1.996805
1.996805
0.614402
-1.843205
-2.764807
-3.379209
1.382404
8.448022
12.595232
12.748833
12.441632
14.899238
16.128041
14.592037
11.059228
6.758417
3.840010
2.150406
-0.460801
-4.761612
-6.604817
-4.454411
-0.614402
2.457606
6.451217
11.827230
16.588843
20.889654
24.115262
26.112067
27.033669
25.497666
22.425658
21.043254
21.657656
21.043254
20.582453
19.353650
17.971246
17.510445
17.971246
18.739248
18.892849
17.356845
13.516835
9.676825
7.526419
6.604817
2.764807
-1.843205
-3.532809
-2.611207
-0.307201
-0.921602
-3.379209
-4.454411
-4.454411
-5.990415
-10.598427
-15.052839
-17.049644
-16.896043
-17.049644
-17.817646
-17.203244
-15.360039
-13.516835
-12.288032
-12.134431
-12.134431
-13.056034
-14.131236
-14.592037
-15.206439
-17.356845
-21.350455
-23.654461
-22.118457
-19.968051
-18.892849
-16.742443
-13.363234
-8.601622
-4.454411
-4.608012
-4.608012
-3.532809
-3.379209
-6.604817
-11.212829
-12.441632
-10.905628
-10.291226
-10.291226
-8.755222
-3.993610
2.150406
5.529614
7.372819
9.062423
11.212829
12.595232
12.134431
11.059228
10.137626
9.216024
7.987221
7.526419
8.755222
11.059228
11.520030
11.059228
12.134431
12.748833
11.059228
8.294421
5.222413
2.611207
-1.075203
-5.376014
-8.294421
-10.598427
-11.827230
-11.827230
-11.980831
-11.212829
-8.601622
-6.144016
-6.144016
-6.144016
-4.761612
-3.532809
-3.225608
-2.611207
-1.536004
0.768002
3.532809
6.604817
8.448022
10.137626
11.520030
12.902433
13.516835
13.824036
13.209634
13.209634
14.131236
15.360039
17.049644
18.278447
19.200049
19.660851
18.892849
17.049644
14.284837
10.598427
7.065618
2.918407
0.614402
-1.382404
-2.457606
-2.611207
-2.150406
-1.689604
-1.075203
-1.075203
-0.921602
-1.228803
-2.150406
-3.072008
-4.147211
-5.376014
-7.065618
-8.140821
-8.140821
-8.140821
-7.065618
-5.683215
-4.761612
-3.993610
-3.379209
-2.457606
-1.228803
-0.614402
-0.307201
-0.153600
0.000000
0.153600
0.460801
-0.614402
-0.921602
-1.996805
-3.686409
-4.915213
-6.451217
-7.833620
-9.523224
-10.905628
-12.134431
-12.902433
-13.977636
-14.592037
-14.899238
-15.513640
-16.281642
-17.203244
-17.049644
-16.896043
-16.435242
-15.667240
-14.131236
-12.748833
-11.980831
-9.830425
-7.833620
-5.836815
-3.379209
-0.921602
1.843205
3.379209
4.608012
6.144016
7.833620
8.755222
10.137626
10.905628
12.134431
13.977636
15.206439
16.128041
15.513640
14.745638
13.056034
9.523224
6.451217
2.918407
-0.153600
-1.843205
-3.379209
-3.840010
-3.532809
-2.457606
-1.228803
-0.307201
1.228803
1.228803
1.382404
1.075203
0.614402
0.460801
0.614402
1.689604
3.379209
5.222413
7.987221
11.366429
14.284837
17.203244
19.200049
19.507250
20.121652
19.507250
18.739248
17.049644
16.588843
14.899238
13.209634
12.595232
10.905628
9.984026
8.448022
6.758417
4.454411
2.304006
0.614402
-1.996805
-4.608012
-6.297616
-7.987221
-9.830425
-11.520030
-12.748833
-13.363234
-13.824036
-14.131236
-14.131236
-14.899238
-14.438437
-14.899238
-15.052839
-15.052839
-15.360039
-15.513640
-16.128041
-15.513640
-14.438437
-12.748833
-10.752028
-8.448022
-5.529614
-3.072008
-0.768002
1.228803
1.843205
1.996805
2.611207
2.764807
2.457606
1.843205
2.918407
3.532809
4.147211
5.529614
5.836815
5.990415
5.376014
4.300811
2.918407
0.614402
-0.768002
-1.689604
-3.225608
-3.993610
-3.840010
-3.686409
-3.225608
-2.764807
-2.764807
-2.611207
-2.611207
-2.764807
-3.840010
-4.608012
-5.222413
-5.222413
-5.068813
-4.454411
-4.147211
-2.611207
-1.382404
-0.768002
0.460801
0.460801
0.307201
0.153600
-0.460801
-0.768002
-0.921602
-1.689604
-1.382404
-1.228803
-0.921602
0.153600
1.075203
2.457606
3.993610
4.608012
4.915213
4.915213
4.608012
4.608012
3.532809
2.918407
3.225608
3.379209
3.840010
4.915213
5.836815
6.297616
7.065618
7.065618
6.758417
5.836815
4.147211
3.686409
1.689604
0.153600
-0.768002
-1.689604
-1.228803
-0.921602
-1.075203
-0.460801
-0.460801
0.153600
1.075203
0.614402
1.075203
1.228803
0.614402
0.768002
1.536004
1.536004
2.764807
3.686409
4.915213
5.836815
6.912018
8.140821
8.601622
8.140821
7.526419
6.604817
5.683215
4.454411
2.611207
2.150406
0.921602
0.000000
-0.307201
-1.382404
-1.843205
-2.611207
-3.379209
-3.993610
-5.683215
-6.758417
-7.987221
-8.908823
-9.830425
-10.598427
-11.520030
-11.980831
-11.366429
-10.291226
-9.523224
-9.216024
-8.140821
-7.065618
-6.144016
-5.222413
-4.915213
-3.840010
-3.225608
-2.611207
-1.996805
-1.689604
-0.768002
-0.153600
0.768002
1.382404
1.996805
2.918407
3.225608
3.686409
3.379209
2.918407
2.764807
2.457606
2.764807
2.150406
1.996805
1.843205
1.843205
2.150406
1.689604
0.768002
0.307201
0.307201
-0.768002
-1.228803
-1.228803
-0.921602
-0.460801
0.307201
1.382404
1.996805
2.457606
3.072008
3.072008
3.379209
3.532809
3.379209
3.993610
3.840010
3.993610
5.068813
5.529614
5.683215
6.297616
6.451217
6.604817
5.836815
5.529614
4.454411
2.764807
1.382404
-0.614402
-1.996805
-3.225608
-4.300811
-5.068813
-5.529614
-5.529614
-5.376014
-5.683215
-5.376014
-5.222413
-5.222413
-5.068813
-5.222413
-5.376014
-5.683215
-4.608012
-3.379209
-2.457606
-0.768002
1.075203
3.225608
5.222413
7.219219
7.526419
7.680020
8.140821
7.833620
7.526419
6.451217
5.222413
5.068813
4.147211
3.532809
3.686409
3.379209
3.532809
3.379209
2.764807
2.150406
0.921602
-0.921602
-1.843205
-2.764807
-3.686409
-4.454411
-4.915213
-4.608012
-4.300811
-3.993610
-3.072008
-2.150406
-1.689604
-1.689604
-1.996805
-2.304006
-2.764807
-3.072008
-3.379209
-3.532809
-3.532809
-3.379209
-2.918407
-2.150406
-1.228803
-0.768002
-0.614402
-0.460801
0.153600
-0.153600
0.000000
-0.153600
-0.153600
-0.768002
-1.382404
-1.075203
-1.536004
-1.843205
-2.304006
-2.764807
-3.072008
-3.686409
-3.686409
-4.300811
-4.454411
-5.068813
-5.068813
-5.068813
-4.147211
-3.840010
-3.379209
-2.457606
-1.996805
-1.228803
-1.075203
0.000000
0.614402
1.536004
3.072008
3.840010
4.608012
5.529614
6.758417
7.219219
7.987221
8.140821
7.833620
7.219219
5.683215
4.608012
3.840010
3.072008
2.304006
1.843205
1.996805
2.457606
2.304006
2.611207
2.764807
2.304006
1.843205
1.228803
0.614402
-0.614402
-1.228803
-1.689604
-2.150406
-1.843205
-1.382404
-1.382404
-0.307201
0.460801
0.768002
1.075203
1.075203
1.075203
0.000000
-0.768002
-0.921602
-1.536004
-1.689604
-1.689604
-0.768002
0.307201
0.614402
0.921602
0.921602
1.075203
0.460801
-0.153600
-0.614402
-1.228803
-1.843205
-1.843205
-1.843205
-2.304006
-2.304006
-2.150406
-1.689604
-1.228803
-1.228803
-0.768002
-0.768002
-0.460801
-0.153600
0.000000
0.307201
0.000000
0.000000
0.153600
-0.153600
-0.307201
0.307201
0.768002
1.075203
0.614402
1.075203
1.996805
1.536004
1.228803
1.075203
0.000000
-1.536004
-1.075203
-1.382404
-2.150406
-2.611207
-2.764807
-2.457606
-2.457606
-2.304006
-1.996805
-0.921602
-1.228803
-1.228803
-1.689604
-1.536004
-1.536004
-1.536004
-1.536004
-1.075203
-1.382404
-1.382404
-0.921602
-1.382404
-1.382404
-0.460801
0.000000
-0.153600
0.614402
1.075203
0.921602
1.228803
1.843205
1.689604
1.228803
1.536004
1.536004
0.921602
0.460801
0.614402
0.460801
0.307201
0.768002
1.382404
1.382404
1.382404
1.228803
2.457606
1.689604
1.843205
1.689604
1.536004
1.843205
1.689604
1.536004
1.536004
2.150406
2.304006
2.611207
2.457606
2.764807
2.150406
1.996805
1.075203
0.614402
0.614402
-0.153600
-0.460801
-0.460801
-1.228803
-1.228803
-1.075203
-1.689604
-0.921602
-1.382404
-1.228803
-0.921602
-0.614402
-0.460801
-0.768002
-0.768002
-1.382404
-1.228803
-0.921602
-1.075203
-1.075203
-0.921602
-0.921602
-0.768002
-0.460801
0.153600
-0.307201
-0.460801
-0.614402
-0.614402
-0.153600
0.307201
0.614402
0.460801
0.768002
0.921602
0.768002
1.075203
1.228803
1.536004
1.689604
1.843205
1.536004
1.075203
1.075203
0.768002
0.000000
-0.614402
-0.614402
-0.921602
-1.075203
-1.382404
-1.996805
-1.382404
-1.382404
-1.689604
-1.382404
-1.536004
-1.843205
-1.996805
-1.996805
-2.304006
-2.611207
-2.457606
-1.996805
-2.611207
-1.689604
-1.536004
-0.921602
-0.307201
-0.460801
0.000000
-0.153600
0.307201
0.768002
1.228803
1.228803
0.921602
0.768002
0.153600
0.307201
0.768002
0.768002
1.075203
0.921602
0.921602
0.768002
0.460801
0.614402
0.460801
0.460801
0.153600
0.307201
0.768002
1.075203
0.460801
0.921602
1.689604
1.382404
1.382404
1.536004
1.843205
2.150406
2.304006
2.304006
2.150406
2.457606
2.150406
1.996805
1.689604
1.382404
1.843205
1.536004
1.075203
0.460801
-0.307201
-0.153600
-0.614402
-0.921602
-1.382404
-1.843205
-1.843205
-1.228803
-0.921602
-0.768002
-1.228803
-0.921602
-0.614402
-1.382404
-0.921602
-1.382404
-1.075203
-1.228803
-1.689604
-1.228803
-0.460801
-0.768002
-0.921602
-0.768002
-1.075203
-1.075203
-0.921602
-0.768002
-0.921602
-0.921602
-0.768002
-0.768002
-0.614402
-0.614402
-0.307201
-0.153600
0.000000
0.460801
0.460801
0.460801
0.921602
0.768002
0.768002
0.614402
0.614402
0.921602
1.075203
0.768002
1.075203
0.460801
0.307201
0.460801
0.307201
-0.307201
-0.307201
-0.153600
0.153600
0.000000
-0.307201
-0.307201
-0.614402
0.000000
-0.460801
-0.768002
-0.614402
-0.153600
0.307201
-0.307201
-0.614402
0.307201
0.460801
0.000000
0.153600
-0.153600
-0.460801
-0.768002
-0.614402
0.307201
-0.153600
-1.075203
-0.614402
-0.307201
-0.307201
-0.153600
-0.307201
0.000000
0.000000
0.768002
1.536004
1.075203
1.228803
1.075203
1.843205
1.996805
1.996805
1.843205
1.536004
2.304006
2.304006
2.150406
2.150406
1.689604
1.382404
1.382404
0.921602
0.768002
0.307201
-0.307201
-0.460801
-0.153600
-0.460801
-0.768002
-1.382404
-1.536004
-0.768002
-0.921602
-1.689604
-2.304006
-2.304006
-1.689604
-1.843205
-2.304006
-2.304006
-2.304006
-1.843205
-1.536004
-1.228803
-1.382404
-1.382404
-0.921602
-0.460801
-0.460801
-0.921602
-0.307201
0.000000
0.460801
0.460801
0.307201
0.000000
0.460801
0.921602
0.921602
0.921602
0.768002
1.075203
1.689604
2.150406
1.996805
1.228803
0.768002
1.075203
1.536004
1.228803
0.307201
0.460801
0.307201
0.307201
0.460801
0.307201
-0.460801
-0.614402
-0.307201
-0.460801
-1.228803
-1.689604
-1.843205
-1.382404
-1.075203
-1.075203
-1.228803
-1.075203
-0.768002
-0.768002
0.000000
-0.153600
-0.153600
-0.153600
-0.307201
0.460801
0.307201
0.460801
0.614402
1.382404
0.614402
0.921602
0.614402
0.614402
0.460801
0.153600
0.153600
-0.153600
0.153600
0.000000
0.000000
-0.460801
-0.307201
-0.153600
-0.307201
-0.307201
-0.153600
-0.614402
-0.307201
-0.614402
-0.307201
-0.153600
-0.460801
-0.460801
-0.153600
0.460801
0.460801
0.768002
0.921602
0.921602
0.614402
1.228803
1.382404
0.768002
0.614402
1.228803
1.075203
1.075203
1.228803
0.921602
0.921602
1.075203
1.228803
1.075203
0.153600
0.460801
0.307201
0.000000
-0.153600
-0.768002
-0.460801
-0.921602
-0.921602
-1.075203
-1.382404
-1.536004
-1.075203
-0.768002
-0.614402
-1.075203
-0.921602
-0.768002
-0.921602
-0.307201
-0.921602
-1.075203
-0.921602
-0.460801
-0.307201
0.307201
0.460801
0.921602
1.382404
1.075203
0.768002
0.768002
0.614402
0.460801
0.614402
-0.153600
0.153600
-0.153600
-0.153600
-0.153600
0.000000
-0.153600
-0.307201
-0.307201
-0.153600
-0.153600
-0.460801
-0.460801
-0.307201
-0.460801
-0.768002
-0.614402
-0.614402
-0.307201
-0.153600
0.153600
0.153600
0.153600
-0.153600
0.153600
0.000000
0.153600
0.153600
-0.460801
-0.153600
-0.460801
-0.153600
0.307201
0.307201
0.614402
0.307201
0.307201
-0.153600
0.460801
0.614402
0.614402
0.768002
-0.307201
-0.307201
0.000000
0.153600
0.000000
0.153600
0.307201
0.460801
0.614402
0.307201
0.460801
0.460801
0.307201
0.153600
0.307201
0.000000
-0.153600
0.000000
0.307201
0.307201
0.307201
0.307201
0.307201
0.153600
-0.153600
-0.307201
-0.153600
-0.153600
-0.460801
0.460801
0.000000
-0.153600
0.460801
0.153600
-0.307201
0.000000
-0.153600
0.000000
-0.614402
-0.614402
-0.460801
-0.614402
-0.768002
-0.460801
-0.460801
-0.460801
0.000000
0.153600
0.153600
0.153600
0.000000
-0.153600
0.153600
0.000000
-0.153600
0.000000
0.153600
0.000000
0.153600
0.768002
0.614402
0.460801
0.921602
0.614402
0.307201
0.153600
-0.153600
-0.460801
-0.307201
0.000000
-0.307201
-0.614402
-0.921602
-1.075203
-1.536004
-1.689604
-1.075203
-1.382404
-1.075203
-1.382404
-0.460801
-0.768002
-0.768002
-0.614402
-0.768002
-0.614402
-0.614402
0.153600
-0.307201
-0.153600
-0.153600
-0.153600
0.153600
0.768002
0.921602
0.307201
0.614402
0.768002
1.228803
1.228803
1.689604
1.382404
1.075203
1.228803
1.536004
1.382404
0.768002
1.382404
1.075203
1.228803
1.075203
0.921602
0.768002
0.460801
0.614402
1.075203
0.614402
0.768002
0.768002
0.921602
0.768002
0.614402
0.768002
0.921602
0.307201
0.153600
-0.153600
0.000000
0.153600
0.460801
0.000000
0.000000
0.000000
0.153600
-0.153600
0.000000
0.307201
-0.153600
-0.153600
-0.307201
0.153600
-0.153600
-0.768002
-1.382404
-1.536004
-1.382404
-1.843205
-1.689604
-1.689604
-1.689604
-2.304006
-2.457606
-2.457606
-2.304006
-1.843205
-1.843205
-1.996805
-1.843205
-1.843205
-1.228803
-1.228803
-0.921602
-0.614402
-0.614402
-0.307201
-0.614402
-0.153600
-0.307201
0.153600
0.307201
1.075203
0.921602
1.536004
1.382404
1.382404
1.536004
1.228803
1.382404
1.228803
0.921602
1.075203
0.768002
0.921602
1.382404
0.460801
0.307201
0.614402
1.075203
0.768002
0.307201
0.460801
0.000000
-0.460801
0.000000
0.000000
0.307201
-0.153600
0.153600
0.307201
0.614402
0.307201
0.307201
0.307201
-0.153600
0.768002
0.460801
0.921602
1.536004
1.228803
1.536004
1.075203
0.768002
1.075203
0.768002
0.768002
0.921602
1.228803
0.921602
0.921602
0.768002
0.614402
0.921602
0.000000
0.000000
0.153600
0.153600
-0.460801
-0.768002
-0.307201
-0.768002
-0.614402
-0.768002
-0.768002
-0.921602
-1.075203
-0.921602
-1.228803
-0.768002
-0.614402
-0.768002
-0.614402
0.000000
0.000000
0.000000
0.460801
0.000000
-0.307201
-0.307201
0.153600
0.307201
0.460801
0.460801
0.153600
-0.307201
-0.768002
-0.153600
-0.153600
-0.921602
-1.075203
-1.536004
-1.843205
-1.689604
-1.689604
-1.996805
-1.689604
-1.536004
-1.536004
-1.996805
-2.304006
-2.150406
-2.150406
-2.304006
-2.150406
-1.996805
-1.689604
-0.768002
-0.307201
-0.307201
0.000000
0.921602
1.075203
1.228803
1.843205
2.304006
1.996805
1.689604
1.843205
1.996805
1.382404
0.614402
1.075203
0.768002
0.460801
0.921602
1.075203
0.307201
0.153600
0.460801
0.153600
0.000000
0.153600
0.460801
0.000000
0.000000
-0.153600
-0.153600
0.460801
0.460801
0.000000
0.307201
0.307201
0.768002
1.536004
0.921602
1.536004
1.689604
1.689604
2.611207
2.150406
2.457606
2.764807
2.457606
2.611207
2.611207
2.150406
1.382404
1.228803
0.768002
0.153600
-0.153600
-0.153600
-0.307201
-0.614402
-0.768002
-0.768002
-1.075203
-1.382404
-1.228803
-1.536004
-1.689604
-1.382404
-0.768002
-0.614402
-0.460801
-0.460801
-0.307201
-0.614402
-0.768002
-1.228803
-0.768002
-0.460801
-0.307201
0.000000
-0.153600
0.307201
-0.460801
-0.153600
-0.153600
-0.614402
-0.614402
-0.460801
-0.768002
-1.382404
-1.382404
-1.536004
-1.536004
-1.996805
-2.304006
-2.304006
-1.996805
-1.996805
-2.304006
-1.843205
-1.536004
-1.689604
-2.457606
-1.689604
-1.382404
-1.536004
-1.228803
-0.921602
0.000000
0.000000
-0.153600
0.153600
0.614402
0.614402
0.768002
1.075203
0.921602
1.536004
1.382404
1.382404
1.996805
1.536004
1.536004
1.382404
1.382404
1.536004
1.075203
1.075203
1.075203
1.228803
0.768002
0.614402
0.153600
0.307201
0.153600
-0.307201
0.000000
0.000000
0.153600
0.153600
0.153600
0.153600
-0.153600
0.000000
0.000000
0.307201
0.460801
0.000000
0.153600
0.614402
0.614402
