2.452408
-11.648938
-23.144601
-20.385642
-16.860306
2.452408
5.058092
7.357224
12.262040
-9.962908
-2.912235
-7.817051
14.254622
24.370805
16.860306
28.815795
-4.598265
-1.379480
10.269459
32.647683
10.116183
18.852887
-0.919653
-14.867724
-0.613102
12.721867
47.362131
-15.174275
-4.138439
-98.402874
-104.533894
-95.797190
-112.350945
-57.938141
-87.520313
-40.311458
-23.604428
4.138439
58.704518
-11.189112
20.538918
-108.978884
1430.980112
1218.233711
-1504.399079
-25.290458
868.918836
-599.307223
-160.479453
416.142995
-503.969859
-785.843513
153.428780
-251.371828
-732.810188
-66.828120
-261.947838
153.428780
413.537312
-318.353223
133.349689
399.742516
-345.942814
-190.828003
1822.905577
1129.487194
-826.614797
-69.587079
52.420223
-589.804142
154.961535
12.262040
-689.739771
-293.829143
-279.727796
-404.340781
134.422618
-59.930722
-790.901604
65.755192
1166.120040
1322.307779
494.620054
-167.376851
-299.960163
-67.441222
162.472035
55.025906
-186.229738
-488.642309
-514.545869
-112.810771
107.599404
-717.942464
-550.565613
382.882211
340.424896
-432.236923
321.418733
1529.689537
234.051696
-779.865768
270.991092
32.034580
127.371944
1180.987764
251.984930
-417.062648
-156.034464
-365.562079
-380.736354
217.038115
-311.609101
-584.899326
176.420106
-33.567336
-461.205994
34.027162
-250.452175
-751.356524
-177.799585
318.199948
171.362014
281.873653
303.485499
-446.798096
-255.203715
178.259412
39.698356
197.725401
452.316014
83.535150
43.070417
87.826864
-105.913374
30.348550
225.928094
-41.997488
-67.901049
435.608984
181.784749
-230.526359
14.561173
-27.589591
-366.788283
88.593242
104.074068
56.405386
324.944070
-48.435059
-326.170274
-167.836678
180.251994
586.278806
556.236807
146.224831
-24.830632
-46.442478
168.756331
306.244458
199.871258
-529.107042
-507.188645
186.996116
-103.460966
204.316248
441.280178
-540.296154
-755.035136
-301.492918
-173.048045
55.639008
17.626683
-572.330735
-752.429453
-118.328690
-196.192646
-35.100091
412.464383
-259.495429
-393.458221
217.191390
437.601566
255.356991
-155.114811
23.604428
75.258273
-161.092555
95.797190
263.020766
51.347294
-470.402524
-105.300272
-21.152020
35.866468
414.456965
86.600660
-376.138089
60.390549
-244.321155
-90.892374
2.758959
390.699262
305.171530
-212.133299
659.544497
267.772307
-292.143112
422.427291
694.031485
508.414849
903.405825
223.015859
-6.284296
-11.802214
77.863956
-407.406292
154.041882
217.497941
-411.084904
-203.396595
164.464617
-504.123135
-851.138878
-288.617775
-37.552499
-105.760098
-8.889979
263.480593
-226.081369
-458.753586
-359.124508
-143.465872
-53.799702
342.724029
422.427291
133.962791
-1.532755
82.308946
-16.860306
-46.442478
-72.346038
151.129648
327.856305
66.368294
139.633985
310.229622
164.158066
169.216157
369.393966
559.302317
498.605217
399.129414
276.662286
-254.437338
-730.051229
-506.268992
-219.950349
-308.237040
-438.981045
-400.355618
-485.270248
-617.393733
-559.608868
-583.519846
-199.717983
503.663308
253.211134
-108.059231
111.278016
-272.983674
-775.114227
-244.474430
69.433804
-583.213295
-327.396478
156.647566
81.082742
91.045650
-145.305178
-601.299805
-177.952861
-195.732820
-238.803236
-167.836678
-538.150297
-718.095740
-389.319782
-10.729285
129.977628
509.334502
750.436871
438.674494
644.216946
1681.738838
630.728702
-317.586846
279.114694
736.948627
297.047928
461.052718
803.623471
211.366921
-313.141856
171.208739
480.058881
251.984930
351.920559
373.532405
370.313619
-11.035836
-14.101346
40.464733
123.233506
9.962908
236.504104
274.209878
-64.835538
-185.003534
-61.923304
-377.364293
-311.302550
259.648705
253.824236
337.206110
370.007068
-308.237040
-35.406642
652.953650
17.013581
-176.879932
38.472152
-94.570986
130.130903
403.267853
341.804375
-198.645054
-286.012092
37.859050
-210.293992
-69.740355
392.998394
-239.109787
-817.724818
-473.008208
-368.780864
-648.202109
-731.277433
-447.564474
-650.961068
-972.992904
-806.382430
-388.093578
-839.183388
-1138.223898
-855.430592
-798.105553
-546.120623
-240.949093
-505.349339
-491.861095
-242.481848
-411.084904
-38.931978
283.866235
129.671077
-23.604428
168.296504
397.749935
375.371711
175.653728
272.677123
416.756097
135.648822
354.832793
697.403546
636.706447
700.009230
626.436988
294.748796
623.831304
956.132598
866.313153
802.397267
571.104531
292.449663
276.202459
547.346827
748.444289
422.887117
197.112299
555.010603
486.496452
96.870119
461.205994
570.644704
-174.887351
-118.328690
331.994743
143.619148
-2.452408
106.219925
-174.580800
-439.594148
-371.693099
-34.793540
12.721867
-167.070300
-177.646310
-305.018254
-555.317154
-392.078741
-43.683519
-256.736470
-379.510150
-290.303806
-366.175181
-331.381641
-210.293992
-387.940302
-349.621426
-363.262946
-356.672099
-54.259529
24.830632
-4.904816
-157.567219
-352.227110
-363.109671
-345.023161
-386.714098
-185.310085
-263.633868
-670.580333
-568.039020
-268.845235
-279.574521
-137.794679
72.805865
-76.944303
-117.562312
-1.839306
83.994977
9.962908
70.660008
-52.266947
-345.942814
78.630334
454.615147
22.838050
-160.632729
126.452291
-196.805748
-263.633868
478.832677
708.132832
132.276761
-133.196414
40.158182
462.432198
530.333246
42.610590
255.816817
715.183505
-30.041999
-196.345922
877.808815
705.527148
-104.533894
182.397851
526.041532
261.181460
296.588102
447.717749
-78.783609
-626.436988
-216.884839
-47.055580
-186.383014
235.124624
-17.933234
-707.519730
-156.341015
43.070417
-577.388826
-8.583428
428.711587
-253.670960
-356.212273
219.490523
212.439850
-87.980140
17.626683
354.986069
454.461871
560.681796
629.042671
367.094834
242.788399
80.009813
-257.656123
-177.186483
137.641403
96.257017
-93.498058
-248.766144
-46.135927
41.690937
-444.192413
-222.862584
484.657146
-25.750285
-580.760887
-5.671194
69.740355
-426.565730
-390.086159
-24.524081
151.129648
157.567219
164.311341
349.468151
435.762260
141.779842
-177.646310
-134.422618
280.954000
261.181460
-196.039371
-36.019744
283.406408
-153.428780
-129.824352
463.811677
231.139461
-199.258156
26.056836
154.808260
59.930722
120.321271
-58.857794
-157.260668
34.333713
-38.472152
-156.341015
83.228599
-5.977745
-368.321038
-249.379246
60.083998
17.320132
-207.381758
-141.320015
139.633985
162.778586
-97.789772
-74.798446
200.331085
190.521452
-5.824469
52.726774
65.601916
-289.690704
-501.517451
-301.799469
-105.453547
-272.830398
-669.967231
-869.991765
-723.766933
-701.235434
-975.138761
-1239.385731
-1381.931950
-1386.683491
-1441.709397
-1640.661002
-1707.489122
-1715.919275
-2034.272498
-2230.618420
-1733.699234
-1295.024739
-1572.759954
-1655.835277
-1023.113994
-590.263969
-601.912907
-292.296387
322.491662
653.106926
818.951022
1192.483427
1482.327406
1500.720467
1658.594236
1863.370311
1869.348055
2057.417100
2225.100502
1985.224337
1941.540818
2175.899065
2073.051201
2044.388682
2388.185639
2556.022317
2613.194080
2659.483282
2465.896320
2367.186895
2544.833205
2558.628000
2368.719650
2190.000411
1948.744767
1788.112038
1732.626305
1470.065366
1239.845558
1286.594587
1080.439033
801.784165
938.505915
878.575193
306.857560
-181.324922
-309.616520
-520.523614
-983.109087
-1265.289291
-1409.061715
-1782.134293
-2020.477703
-2115.508516
-2399.374751
-2457.925994
-2465.436493
-2740.872575
-2577.940714
-2212.531910
-2364.734487
-2275.987969
-1761.442100
-1777.382753
-2133.901577
-2025.842346
-1728.487867
-1820.606445
-2090.371333
-2126.084526
-2062.168640
-2183.103014
-2417.767811
-2367.493446
-1960.546981
-1791.484099
-1845.896903
-1321.234851
-711.658168
-825.695144
-810.520869
-454.768422
-468.563218
-407.559567
-27.283040
188.528871
361.883467
383.495313
213.819329
393.918047
650.961068
554.090950
581.680540
797.799002
728.058647
492.474197
524.202226
683.302200
557.463011
381.349456
499.984696
718.095740
921.185783
1052.696166
894.669121
641.304712
699.855954
1106.802419
1377.333685
1251.647771
1167.192968
1176.236223
917.660447
810.367593
1208.117528
1536.127108
1266.208944
848.533194
1051.010136
1481.254478
1413.813255
1242.604517
1352.962880
1435.578377
1383.004879
1174.550193
1280.003740
1710.861184
1407.069133
684.221853
794.733492
1229.116272
1108.948277
1001.348872
988.320454
710.738515
590.417244
663.069833
747.677912
1192.483427
1466.540029
954.753119
660.770701
1014.070739
1133.319082
886.545519
824.775491
923.791467
689.893047
274.976255
260.415082
291.223459
-82.768773
-408.172669
-500.751074
-552.711470
-641.151436
-984.488567
-1384.537634
-1456.730397
-1528.156782
-1763.894508
-1724.655979
-1412.740327
-1408.601888
-1764.201059
-1777.689304
-1442.015948
-1519.113527
-1839.919159
-1819.993343
-1754.544702
-1962.999389
-2136.660536
-2057.263824
-1992.888112
-2169.461494
-2376.230149
-2397.841996
-2249.011481
-2017.718744
-2026.608723
-2228.625838
-2184.635769
-2124.705046
-2217.283451
-1940.927716
-1547.316220
-1638.974972
-1717.298755
-1417.798419
-1138.070622
-951.534333
-722.387454
-500.137972
-294.902071
-179.025789
-31.268203
388.553404
743.079647
718.862117
748.291014
1080.132482
1340.854115
1413.659980
1508.230966
1662.272849
1776.156549
1806.964925
1788.725140
1869.654606
2075.350334
2111.523353
1977.407286
2073.817579
2260.507143
2178.351473
2071.211895
2091.597537
2156.739627
2212.378635
1988.443123
1708.102224
1880.690443
1984.764510
1600.502820
1447.993693
1640.661002
1478.955345
1079.979206
1037.828442
1199.380824
1068.790094
721.467801
519.603961
528.493940
613.561845
585.665703
328.775958
147.451036
225.621543
142.699495
-74.338620
72.039487
228.533778
-192.667309
-647.895558
-532.938930
-322.491662
-444.192413
-625.977161
-698.016648
-769.749585
-879.954673
-915.208039
-798.565380
-773.428197
-1007.479892
-1093.314175
-946.629517
-1075.994043
-1270.500659
-1201.833232
-1371.355941
-1606.633840
-1269.734281
-1062.199248
-1430.367010
-1442.629050
-1128.874092
-1328.745350
-1424.542541
-860.488683
-691.579077
-1065.418033
-901.873070
-526.348083
-772.508544
-977.284618
-634.100763
-453.082392
-580.454336
-487.875931
-318.353223
-394.684425
-433.769678
-265.473174
-211.213645
-270.531266
-112.964047
99.935629
83.841701
59.777447
138.714332
52.726774
-74.338620
128.598148
416.142995
413.997138
267.312480
188.988697
216.578288
389.932884
574.170041
594.708958
561.141623
589.650867
659.851048
772.661819
878.575193
843.321827
732.350361
729.897953
832.132715
934.367477
942.031252
761.012881
516.845002
475.460616
521.136716
464.884606
446.338270
399.435965
173.201320
69.127253
244.627706
326.783376
150.516546
1.532755
93.191507
279.114694
390.852537
457.680657
356.518824
131.203832
157.873770
362.649844
367.094834
338.279039
480.518707
426.259179
-3.831888
-190.981279
210.447268
382.422384
8.276877
-32.800958
173.507871
-135.802097
-333.834049
-56.558661
-112.044394
-401.888373
-383.495313
-317.127019
-417.829026
-450.783259
-286.625194
-294.902071
-881.180877
-1151.099040
-394.990976
-125.226087
-771.742166
-536.924093
-53.339876
-910.149947
-1314.030902
-436.222086
-81.695844
-182.704402
-207.688309
-737.255178
-804.083298
-120.474547
-195.732820
-524.048951
-180.098718
-165.077719
-617.240457
-479.905605
79.549987
136.875026
-422.120740
-799.178482
-493.087299
27.896142
311.302550
186.996116
-287.391571
-478.219575
-262.101113
-33.107509
241.868746
442.353107
400.815445
253.517685
-64.375712
-122.467128
477.146646
853.897837
667.668099
532.172552
355.905722
335.060253
723.000556
637.166273
395.604078
839.183388
768.523381
-63.609334
-24.064254
711.351617
836.730980
386.867374
-5.211367
0.919653
215.505360
270.224715
367.707936
532.785654
373.685680
111.891118
178.259412
378.283946
496.459360
628.582845
696.024067
515.618798
336.439733
547.653378
861.255061
783.544380
567.579194
584.746050
552.251643
408.172669
534.931511
657.551915
343.796957
56.098835
133.349689
119.554894
-146.224831
-278.961419
-190.674728
-232.672216
-550.259062
-794.273665
-700.162506
-541.215807
-669.507405
-987.707352
-1151.712142
-965.022578
-731.124157
-958.431731
-1325.986391
-1169.338825
-919.193202
-1159.835744
-1392.201409
-1135.771490
-738.174831
-807.915185
-1270.040832
-1310.658841
-711.964719
-367.094834
-756.874442
-969.620843
-593.636030
-433.309852
-626.130437
-553.937674
-482.971115
-562.980929
-288.004673
-206.002278
-789.368849
-798.718655
372.919303
723.460382
-572.177459
-888.231550
588.577938
1098.372267
122.313853
30.348550
950.767956
1056.681329
569.265224
758.713748
1055.914952
869.378663
1104.656562
1399.405358
739.554310
394.071323
1272.646516
1717.298755
713.190923
-97.176670
508.874676
1171.331407
771.588891
166.150647
158.640147
401.888373
281.873653
-38.778703
90.585823
316.973744
60.543824
-149.443617
112.350945
225.161716
2.912235
101.621660
335.826631
19.772540
-447.104647
-386.254272
37.092672
540.602705
884.246387
664.755864
78.936885
-131.050557
118.788516
295.668449
405.107159
771.588891
1111.707236
930.535589
444.498964
255.050440
432.543474
581.220714
505.349339
394.377874
415.683169
501.364176
459.213412
176.113555
-200.944187
-452.775841
-546.733725
-589.344316
-610.802886
-554.857327
-517.611379
-740.627239
-1165.200387
-1398.332429
-1318.016065
-1177.768978
-1077.220247
-931.301967
-884.706213
-1124.429103
-1351.736676
-1167.499519
-888.384825
-996.137505
-1126.881511
-788.602472
-418.595403
-573.403663
-901.106692
-812.666726
-307.317387
81.389293
-122.773679
-399.435965
138.867607
818.337920
469.329595
-60.697100
397.443384
879.801397
617.853559
608.810305
936.513334
582.293642
170.135810
451.856188
409.705424
-40.618009
78.477058
135.648822
-397.443384
-320.192529
177.799585
-396.063904
-1218.233711
-585.359152
218.877421
-522.056369
-1093.314175
-95.490639
539.069950
-255.816817
-689.279945
-132.123485
125.532638
137.334852
585.972254
632.721283
106.373200
271.910745
885.779142
790.135227
464.578055
665.368966
964.716027
899.267386
684.221853
699.089577
949.848303
915.361314
433.922954
190.521452
455.994627
606.511172
332.607845
159.253249
282.180204
211.980023
-145.611729
-272.830398
-190.368177
-321.112182
-290.916908
399.589241
1088.715910
932.987997
163.851515
-426.872281
-301.799469
403.880955
949.695027
967.015159
916.587518
1016.216596
820.177226
305.018254
108.978884
430.397617
714.876954
588.424663
352.533661
376.138089
522.516196
410.011975
-22.684775
-470.555799
-652.187273
-572.177459
-444.805515
-453.082392
-611.109437
-858.802653
-1192.330151
-1556.819301
-1718.831510
-1536.433659
-1246.129853
-1188.038437
-1361.086482
-1523.405241
-1554.826720
-1483.553610
-1338.095156
-1144.661469
-941.264874
-720.088321
-539.376501
-563.440755
-733.576566
-651.574171
-197.725401
101.468384
-61.310202
-148.523964
176.113555
336.439733
75.718099
10.422734
272.983674
290.610357
169.522708
389.166506
512.706563
157.720494
61.770028
381.656007
181.478198
-246.773563
174.274249
692.805281
281.260551
-139.020883
40.004907
16.400479
-87.367038
305.171530
370.313619
-74.645171
68.207600
561.294898
434.689331
65.295365
158.640147
525.734981
769.136483
635.480243
215.965186
273.136949
978.357547
1094.387104
111.737843
-195.579544
1018.362453
1519.113527
319.426152
-209.834166
748.904116
1093.774002
299.347061
-42.304039
380.276527
561.754725
288.464500
73.418967
151.742750
250.912001
66.215018
-181.784749
-232.059114
-205.082625
-198.338503
-306.857560
-613.255294
-717.176087
-81.236017
1033.383453
1555.439822
694.951138
-812.820001
-1195.855488
-10.576010
1210.110110
1326.752769
993.838373
1064.651656
1132.092878
565.280061
-46.749029
242.481848
1053.155993
1236.626772
663.989486
232.365665
430.704168
753.808932
494.466778
-272.523847
-820.330501
-743.846024
-381.962558
-279.267970
-523.129298
-832.899093
-1162.288152
-1652.003390
-2047.454192
-1908.739860
-1377.793512
-1070.782676
-1293.491984
-1772.631212
-2042.549376
-1895.711442
-1507.464589
-1224.211456
-1151.865418
-1063.272176
-865.240224
-744.459126
-648.355385
-345.482988
-91.352201
-220.103625
-343.337131
10.729285
539.836328
731.430708
609.576682
402.041649
153.428780
11.955489
271.910745
772.048717
879.188295
512.093461
246.313736
133.962791
-34.180438
111.278016
463.658402
287.544847
-39.698356
148.523964
223.628961
-171.362014
-244.167879
101.315109
93.804609
-259.801980
-315.594264
166.763749
537.997022
96.257017
-488.029207
-93.498058
623.831304
529.720144
151.589474
307.777213
700.009230
864.473847
513.319665
-111.737843
284.479337
1490.910834
1303.914719
29.582172
86.753936
1001.348872
940.038670
319.579427
204.776074
561.448174
854.204388
511.327084
-54.259529
70.046906
449.557055
351.000906
106.373200
-4.598265
-36.326295
22.378224
-177.493034
-550.565613
-88.133415
1347.751513
2277.060898
1457.650050
-441.740005
-1244.750374
61.770028
1725.728908
1877.165106
1185.126202
1080.745584
1308.666259
877.962091
88.286691
121.700751
1001.961974
1406.762582
749.823769
23.297877
158.333596
694.338036
536.464266
-447.257923
-1250.728118
-1145.274571
-579.534683
-416.909373
-790.135227
-1211.949416
-1539.805720
-2027.834927
-2494.252288
-2400.600955
-1806.045272
-1419.637725
-1677.293848
-2261.733347
-2573.035898
-2380.828415
-1954.722512
-1690.935368
-1646.945298
-1537.046761
-1256.092761
-1027.252433
-931.455242
-783.391105
-488.182482
-175.807004
50.887468
255.510266
479.752330
609.270131
584.132948
568.039020
687.134088
836.271154
962.570170
1115.079297
1117.225154
827.687725
536.617542
520.983441
633.947487
686.214435
647.129181
484.197319
341.804375
463.045300
535.851164
61.463477
-405.413710
3.065510
597.314642
222.862584
-357.591752
-74.951722
337.052835
242.328573
-38.165601
-213.206227
79.856538
704.760771
743.846024
239.876165
62.536406
338.585590
736.948627
833.205644
505.655890
477.606473
900.033764
840.256317
462.585473
545.354246
593.636030
379.969976
484.350595
560.835072
375.678262
424.266597
338.738865
-30.501825
55.025906
319.426152
68.207600
-269.458337
-331.381641
-450.476708
-608.963580
-104.074068
1370.436288
2491.493329
1482.020855
-975.445312
-1909.812789
-115.723006
2078.262568
2299.285846
1259.311547
871.217969
1128.260990
757.487544
-81.082742
38.012325
1169.492101
1689.555888
851.598704
-139.940536
-6.284296
757.027718
645.749701
-544.128042
-1421.783582
-1109.867930
-343.950233
-215.352084
-764.078391
-1339.168085
-1771.711559
-2273.382286
-2588.669999
-2288.709836
-1628.092411
-1372.122318
-1859.231872
-2609.515468
-2933.999711
-2623.616814
-2007.909112
-1625.486727
-1632.230850
-1646.025645
-1434.812000
-1186.505682
-1028.938463
-826.308246
-477.453197
-151.589474
32.341131
283.406408
638.392477
791.361431
717.176087
665.062415
735.109321
909.383569
1148.799908
1366.297849
1369.823186
1045.185667
698.783026
611.415988
664.449313
787.529543
889.917580
773.734748
544.128042
333.220947
137.334852
148.983791
261.334736
36.019744
-218.724145
78.323783
368.474313
67.901049
-153.735331
-64.835538
-123.846608
39.085254
343.950233
136.261924
248.153042
829.986858
453.542218
-296.741377
207.228482
1136.078041
1055.608401
558.076113
614.941325
772.355268
531.099624
428.558311
689.279945
744.765677
397.136833
214.738982
465.191157
559.455592
219.490523
58.704518
185.616636
15.940652
-347.322294
-500.444523
-556.390082
-137.947954
1384.844185
2793.292798
1909.659513
-791.361431
-2053.278661
-282.180204
2169.461494
2565.218847
1471.904672
1051.163411
1409.828092
955.212945
-293.982418
-400.968720
1096.839512
2086.692721
1149.413010
-292.602938
-281.873653
714.110576
630.881977
-850.372500
-1787.958762
-1085.190573
-54.872631
-235.124624
-1198.001345
-1680.206083
-1774.623794
-2320.591141
-2956.377935
-2646.914691
-1605.407636
-1184.206549
-1977.254011
-3072.407492
-3382.177287
-2864.259356
-2187.088177
-1870.114433
-1866.129270
-1771.864834
-1506.391660
-1361.239757
-1352.962880
-1144.508194
-640.078508
-178.872514
64.528987
387.787027
889.611029
1152.631795
974.985485
730.664331
816.498614
1217.467334
1656.754930
1885.748534
1767.419845
1373.195247
1037.675167
973.299455
1038.134993
1093.467451
1156.770234
1089.788838
710.585240
291.836561
247.999767
392.078741
290.303806
27.742866
-92.271854
-47.208855
-7.357224
-168.143229
-445.725168
-535.697889
-460.286341
-339.811794
-25.443734
216.578288
-91.812027
-514.545869
-442.046556
-98.096323
378.590497
789.062298
540.602705
117.868863
467.950116
901.106692
497.225737
150.363270
535.851164
681.462894
193.893513
22.838050
536.617542
959.044833
601.453080
-167.836678
-377.517568
32.800958
32.954234
-500.291247
-58.857794
1969.743511
3477.974477
2107.691465
-1059.900115
-2117.501098
452.162739
3270.592719
3059.225798
1392.507960
1292.725607
2057.570375
1249.808465
-412.004557
-158.027045
1905.367799
2708.071617
1098.065716
-478.985952
-0.613102
1117.991531
522.822747
-1276.938230
-1780.448263
-468.563218
458.447035
-441.893280
-1795.009436
-1992.121735
-1802.673211
-2497.164523
-3193.035314
-2455.933412
-1148.340081
-1277.857883
-2829.465817
-3876.184239
-3487.017732
-2627.448702
-2245.026317
-2195.978156
-2078.415844
-1899.543330
-1835.780720
-1887.281289
-1821.066271
-1378.100063
-705.527148
-288.157949
-178.719238
124.766261
704.454220
944.636936
631.954906
435.149158
886.238968
1605.254361
1936.942553
1794.549609
1486.465845
1219.613191
1087.949532
1138.223898
1288.280617
1398.332429
1358.480798
1068.023717
578.001928
219.490523
255.663542
449.557055
380.889629
94.877537
-73.878793
-127.525220
-292.296387
-515.618798
-586.891908
-524.815328
-448.177576
-389.626333
-434.995882
-591.643448
-560.988347
-228.687053
-11.189112
-87.213762
-45.062998
298.580683
507.648472
288.464500
90.432548
425.646077
939.732119
847.920092
316.513917
268.078858
787.222992
990.926138
556.083531
246.620287
480.978534
683.608751
339.658518
-265.166623
-322.185111
944.330385
3120.229449
3971.368327
1869.348055
-1241.684864
-1519.266803
1496.122201
3939.487022
3298.795412
1734.465611
1767.419845
2179.730952
977.897720
-395.604078
614.328223
2836.669766
2817.357052
444.652239
-830.446685
432.236923
1485.086365
6.284296
-2048.220569
-1705.803092
151.896025
383.495313
-1338.401707
-2438.613280
-2023.696489
-2042.089549
-3260.016710
-3626.345166
-2080.255150
-843.628378
-1972.962297
-4052.757620
-4467.214585
-3234.419700
-2347.414355
-2456.086687
-2514.944481
-2075.350334
-1931.118084
-2447.043433
-2688.912179
-1858.772046
-626.283712
-190.981279
-543.361664
-624.444406
-14.561173
552.098368
533.552032
457.067555
915.208039
1531.222292
1631.464472
1330.278105
1250.268292
1480.947926
1540.878649
1276.631679
1141.289408
1419.944276
1665.338359
1336.409126
668.587752
378.590497
591.183622
736.182249
526.807910
282.333480
194.813166
8.123602
-381.196180
-640.078508
-557.922837
-370.313619
-358.511406
-515.465522
-661.537078
-666.288619
-564.207133
-496.459360
-453.542218
-248.766144
77.404130
160.019627
-72.346038
-144.692076
183.010953
509.794329
528.034114
503.050206
640.538334
643.910395
406.333363
365.408803
669.507405
856.196969
678.090833
455.994627
337.206110
155.574637
422.274015
2042.549376
4107.476975
3854.265841
728.365198
-1620.735187
59.624171
3680.757970
4715.520902
2847.705602
1631.924299
2213.298288
2092.057364
506.882094
239.569614
2398.148547
3732.258540
1818.000761
-711.198342
-402.041649
1402.930695
1022.960718
-1364.611818
-2147.389821
-424.879699
601.759631
-929.309385
-2720.027107
-2577.174336
-2007.909112
-2967.720322
-3984.396745
-2794.212451
-1007.173341
-1633.916880
-4041.568508
-4962.294465
-3518.592486
-2183.103014
-2421.139872
-2822.568419
-2227.706185
-1763.741233
-2417.461260
-3019.833994
-2195.824880
-705.067322
-198.185228
-691.119251
-821.250154
-93.344782
558.689215
451.396361
226.081369
706.600077
1525.244547
1745.194897
1358.327523
1169.185550
1373.808349
1370.896114
1056.068227
1101.744328
1633.916880
1800.067527
1144.201643
389.013231
295.361898
624.444406
772.355268
669.660680
509.334502
230.526359
-219.643798
-567.885745
-548.879582
-300.726540
-193.433687
-374.298782
-635.633518
-721.774352
-663.989486
-675.331874
-723.307107
-545.967348
-179.179065
-3.985163
-133.962791
-235.431175
-109.132159
47.362131
129.057975
319.732703
610.649611
694.951138
480.518707
304.405152
400.355618
548.573031
552.558194
554.397501
604.212040
494.773329
527.574287
1620.735187
3552.619648
4017.657529
1619.815534
-1021.734514
-189.141973
3327.151381
5000.000239
3293.890596
1571.687025
2052.512284
2511.878971
1191.563774
445.112066
2243.340287
3903.620554
2330.094223
-468.716493
-556.083531
1395.266919
1458.109876
-874.130203
-1996.106898
-417.982301
776.646982
-759.786677
-2853.223520
-2809.080175
-1887.894391
-2567.364704
-3702.523092
-2823.028246
-1134.085459
-1663.499053
-4066.552415
-4966.739455
-3364.550604
-1928.972227
-2319.518213
-2924.803181
-2385.426680
-1924.680513
-2575.488306
-3021.979851
-1968.364031
-526.961185
-339.351967
-928.543008
-812.206899
-25.290458
319.272876
156.341015
436.068811
1273.872720
1724.655979
1442.475775
1153.398173
1307.440055
1462.708141
1302.995066
1250.574843
1614.910718
1882.223198
1496.275477
776.033880
455.381524
661.230527
880.261224
811.593797
649.888140
494.466778
130.130903
-398.363037
-600.073601
-284.785888
4.598265
-223.322410
-664.755864
-814.965859
-769.902860
-848.686470
-921.798885
-701.541985
-369.393966
-295.821724
-410.471802
-432.850025
-379.203599
-374.298782
-297.354479
10.729285
397.749935
563.440755
431.010719
159.406525
-11.802214
129.364526
483.277666
702.768189
678.857210
562.061276
375.371711
179.485616
635.786794
2285.337775
3749.272121
2794.978828
92.884956
-804.236573
1606.633840
4228.871175
3838.938291
1897.857299
1586.554749
2464.823391
2051.439355
806.995532
1286.901138
3077.465584
2984.427352
683.302200
-411.698006
1000.122668
1901.076085
190.981279
-1704.117061
-969.007741
753.502381
254.437338
-1850.188617
-2591.122407
-1800.067527
-1889.120596
-3094.019338
-3051.102197
-1544.403985
-1382.698328
-3444.713693
-4878.606039
-3777.168263
-2150.761882
-2307.409448
-3199.932712
-2898.899621
-2129.150036
-2464.057014
-3174.488978
-2550.964225
-1050.090483
-578.461755
-1213.635446
-1240.765211
-232.365665
385.334619
-7.510500
-151.282923
792.740910
1731.553377
1592.839045
1115.998950
1305.754025
1650.623910
1379.019716
1113.086715
1671.316103
2301.125152
1861.837556
857.576449
553.784399
950.001578
1123.662725
915.974416
846.540613
843.015276
403.574404
-290.457081
-528.647216
-200.177809
65.908467
-144.692076
-527.880838
-674.412221
-707.519730
-902.332896
-1082.584890
-885.779142
-460.592892
-338.738865
-547.500103
-611.875815
-460.899443
-456.301178
-545.354246
-280.800725
269.151786
481.744911
199.104881
-48.741610
-6.744122
117.409037
274.976255
517.764655
669.813956
566.659541
326.783376
179.945443
375.678262
1357.254594
2939.057803
3333.435676
1441.709397
-574.323316
217.651217
3076.086104
4291.867407
2766.929411
1429.140806
2005.150153
2548.971643
1597.130759
933.754375
2126.697628
3245.915363
2036.571631
131.816934
348.855049
1727.414938
1245.823302
-858.342826
-1345.452380
381.502731
1073.848186
-774.347850
-2558.934551
-2235.523236
-1470.218641
-2136.967087
-2889.089988
-2101.560445
-1356.488217
-2639.864018
-4491.585390
-4286.502765
-2576.101408
-1997.639653
-2909.322355
-3306.459188
-2648.600721
-2429.723301
-3024.585534
-2959.443445
-1727.568214
-855.890418
-1175.316570
-1411.360847
-662.303456
3.372061
-325.250621
-601.146529
291.376734
1452.745234
1548.542424
1013.151086
972.533077
1279.390638
1233.101435
1167.039693
1706.109643
2255.449052
1874.099596
991.079413
734.189668
1154.624377
1369.363359
1109.561379
927.010252
954.753119
699.242852
106.526476
-225.161716
-36.632846
157.260668
-57.325039
-356.212273
-387.020649
-434.536056
-787.989370
-1083.197992
-864.014020
-395.604078
-273.596776
-481.898187
-594.095856
-557.309735
-552.098368
-493.853676
-228.380502
42.763866
37.399223
-99.629078
-107.752680
-17.473408
110.664914
295.821724
426.872281
378.897048
242.788399
188.835422
355.445895
1001.961974
2270.470051
3055.087360
1905.214524
-137.488128
-199.871258
2301.584979
4294.626366
3407.161194
1558.505332
1510.530099
2473.253544
2203.795207
1243.524170
1705.956367
3031.482932
2697.648883
876.735887
314.214785
1414.273082
1562.183944
-124.459710
-1078.906278
236.657379
1384.077808
33.260785
-2170.534422
-2538.702184
-1556.359475
-1446.154387
-2176.512167
-2122.865740
-1622.267942
-2395.083037
-4036.663692
-4312.253049
-2895.221008
-1954.569236
-2615.186661
-3411.299633
-3098.157777
-2569.970387
-2830.998572
-3156.095917
-2494.252288
-1362.006135
-955.979323
-1237.546425
-1294.411637
-935.287130
-675.944976
-499.678145
152.662403
1122.436521
1438.797163
862.174714
408.785771
794.886767
1473.437427
1739.063876
1775.083620
1911.038993
1803.746139
1261.457404
924.251293
1241.684864
1663.345777
1563.869975
1189.571192
1011.465056
863.400918
455.994627
84.454803
120.321271
341.957651
309.003417
-15.940652
-341.497824
-560.528521
-767.143901
-885.012764
-746.451708
-445.878443
-343.337131
-596.394989
-875.969509
-845.620959
-621.838723
-442.659658
-309.616520
-200.024534
-242.635124
-415.376618
-400.202343
-120.321271
92.731680
148.523964
244.627706
350.541079
301.339642
179.485616
161.245831
315.594264
872.137622
2102.020272
3019.833994
2049.600049
-18.699612
-328.929233
1982.005551
4079.427558
3463.566580
1724.809254
1569.847719
2453.021177
2221.421890
1213.941997
1509.610446
2868.551071
2875.295193
1267.894975
462.738749
1211.796140
1402.470868
25.137183
-836.730980
314.674611
1420.097551
216.271737
-1978.940041
-2541.307868
-1593.145596
-1239.845558
-1857.086015
-2054.198314
-1773.091038
-2351.706069
-3694.399490
-4067.625344
-2985.193730
-2091.444262
-2505.594675
-3208.056314
-3068.269053
-2650.593303
-2830.232194
-3110.266542
-2534.717021
-1474.970182
-1083.811094
-1409.214990
-1528.310057
-1152.478520
-810.674144
-613.868396
-45.522825
806.075879
1079.519380
618.619937
337.665937
740.014137
1275.865301
1476.196386
1641.733931
1928.972227
1836.240546
1265.902393
947.089344
1262.683608
1666.564563
1636.522564
1395.420195
1249.195363
998.436638
538.916675
266.086276
416.909373
646.362803
553.784399
199.258156
-127.525220
-362.036742
-557.922837
-604.825142
-433.003301
-242.022022
-299.193785
-578.768306
-767.910279
-721.621076
-611.415988
-516.231900
-362.036742
-243.708052
-348.855049
-565.280061
-534.471685
-256.429919
-111.584567
-81.542569
97.483221
265.473174
163.544964
-28.969070
-1.992582
214.738982
631.035253
1671.469379
2726.311402
2097.115455
77.710681
-549.492684
1608.319871
3986.082775
3552.313097
1558.965158
1233.101435
2454.247381
2610.435121
1409.521541
1218.693538
2585.911040
3059.685625
1655.682002
589.344316
1119.677562
1483.860161
337.665937
-617.547008
363.262946
1553.753791
512.093461
-1762.821580
-2516.477236
-1456.730397
-788.449196
-1446.001111
-2054.045039
-1959.014226
-2236.136338
-3262.928944
-3775.022405
-3019.067616
-2177.585095
-2457.772718
-3137.396306
-3085.282634
-2687.992526
-2819.196358
-3170.197264
-2755.127197
-1711.934112
-1157.383336
-1352.962880
-1608.932973
-1540.418822
-1287.360964
-826.768072
23.604428
811.287246
784.923860
191.900932
30.501825
570.184878
1163.974183
1405.689654
1586.708025
1813.862323
1672.082481
1182.520519
979.737026
1297.477147
1667.944042
1703.350684
1585.021994
1467.766233
1128.720817
610.189784
386.867374
653.106926
967.168435
863.247643
438.827770
40.464733
-222.402757
-353.759865
-303.332224
-112.810771
-28.355968
-238.803236
-560.221970
-718.555566
-669.200854
-519.297410
-401.121996
-307.930489
-280.954000
-426.259179
-606.970999
-636.246620
-474.847514
-236.963930
-112.964047
-22.684775
94.570986
17.933234
-141.473291
-113.883700
17.320132
157.720494
485.116972
1513.595609
2587.750346
1850.495168
-238.803236
-803.470196
1441.862673
3965.850409
3579.442861
1407.528960
901.719794
2161.337892
2550.351123
1479.874998
1159.835744
2497.777625
3204.224426
1857.239291
548.419756
875.049856
1416.572215
672.572915
-251.984930
482.817840
1613.684514
654.333130
-1628.705513
-2514.331379
-1385.610563
-380.583078
-969.007741
-1942.153920
-2101.253894
-2204.561584
-2962.815506
-3518.439211
-2986.113383
-2102.326823
-2230.005318
-3026.578116
-3130.039082
-2719.720556
-2827.473235
-3267.373934
-2844.946643
-1514.361987
-925.630773
-1646.025645
-2249.318032
-1825.357986
-1088.562634
-718.402291
-260.721634
485.730074
619.079764
-95.643915
-371.539823
444.345688
1293.645260
1357.407870
1239.385731
1554.979995
1682.351940
1131.786327
774.347850
1265.136016
1892.645932
1862.757209
1491.677212
1375.341104
1247.202782
763.925115
465.650983
843.628378
1318.322616
1104.350011
426.719005
38.931978
45.522825
-5.671194
-142.546219
-31.114927
173.814422
-0.459827
-473.314759
-721.774352
-578.155204
-382.882211
-365.715354
-307.623938
-200.177809
-370.007068
-717.176087
-816.805165
-529.107042
-189.908350
-154.808260
-175.500453
-35.406642
-69.280528
-299.193785
-325.710448
-110.205088
125.532638
371.539823
1185.126202
2293.921203
1838.233128
-168.143229
-978.050996
1037.215340
3731.951989
3682.903827
1477.575865
687.287363
1920.695349
2583.458632
1659.820440
1157.536612
2332.853182
3239.937619
2126.391077
686.520986
797.032624
1432.053040
1021.274688
161.705657
560.528521
1545.783465
848.379919
-1235.553843
-2276.907622
-1331.044483
-167.070300
-565.893163
-1752.092294
-2196.897809
-2149.535678
-2595.720672
-3218.632323
-3022.899504
-2202.415727
-2057.110549
-2798.963991
-3229.668160
-3017.075035
-2912.541140
-3069.955084
-2729.990014
-1747.494029
-1300.236106
-1879.464239
-2398.148547
-2022.317009
-1244.443823
-762.392360
-408.019394
39.085254
124.459710
-275.129531
-362.190018
293.675867
1025.259851
1224.211456
1179.608284
1316.636585
1338.248432
1021.274688
924.864395
1376.720583
1853.254127
1809.570609
1490.910834
1357.254594
1244.903649
932.528171
775.727329
1063.272176
1364.151992
1150.179387
601.299805
259.955256
200.484360
140.706913
97.943048
213.359503
286.012092
27.129764
-407.253016
-580.760887
-435.762260
-271.604194
-241.562195
-236.044277
-241.868746
-423.040393
-685.907884
-727.905372
-487.262829
-232.978767
-211.826748
-267.312480
-198.645054
-162.472035
-271.910745
-323.564590
-236.350828
-103.920792
189.601799
1004.567658
2018.025295
1734.005785
-23.451152
-928.083181
739.094484
3297.415933
3605.039871
1670.703001
610.802886
1618.742605
2560.620582
1950.430797
1256.092761
2017.412193
3008.951433
2384.047200
997.670260
767.297177
1365.991298
1260.077924
523.435849
600.073601
1385.917114
1021.581239
-760.706330
-1940.621165
-1280.463566
-118.788516
-302.106020
-1509.610446
-2176.512167
-2100.487517
-2301.891530
-2922.810599
-3018.914341
-2354.465028
-2014.499958
-2637.564885
-3297.569208
-3172.189845
-2839.122174
-2962.815506
-2978.909434
-2198.430564
-1403.083970
-1705.036714
-2512.645349
-2421.293148
-1460.102458
-783.544380
-636.553171
-353.453314
15.787377
-152.968954
-502.130553
-82.922048
873.057275
1293.491984
1101.437777
1104.656562
1356.794768
1226.357313
891.603611
1139.143551
1826.737465
2047.147641
1671.316103
1371.049390
1300.236106
1075.380941
834.585123
1069.556472
1519.420078
1404.003623
716.409709
226.234645
229.913257
296.128275
212.899676
228.073951
315.134438
93.038231
-400.968720
-634.713865
-441.126903
-240.795818
-263.633868
-282.946582
-219.950349
-342.570753
-677.477731
-799.485033
-516.691726
-220.256900
-231.599288
-351.614008
-294.595520
-171.668565
-232.365665
-356.825375
-251.678379
-22.684775
40.771284
137.794679
773.888023
1720.977367
1681.585562
293.369316
-610.189784
662.150180
2932.926783
3435.057336
1787.345660
605.744795
1426.994949
2580.852948
2252.383542
1375.494379
1722.050295
2718.494352
2497.930900
1229.729374
741.700167
1297.936974
1444.468356
759.633401
513.932767
1109.714654
1039.667748
-420.434709
-1691.855021
-1299.009902
-183.317504
-234.971349
-1432.666143
-2205.941064
-2090.984435
-2119.493679
-2708.684719
-2964.654812
-2434.321566
-2068.146385
-2618.865273
-3301.401096
-3187.823947
-2751.601861
-2816.130848
-2976.303750
-2416.541607
-1649.550982
-1783.513773
-2475.092850
-2409.031108
-1484.166712
-834.891674
-811.440522
-657.092089
-193.280411
-107.599404
-377.977395
-125.685914
704.760771
1155.390754
968.088088
941.111599
1331.044483
1413.966531
1030.624494
1019.282106
1643.266686
2052.052457
1748.260407
1334.876371
1296.557494
1268.048250
1036.295687
1049.783932
1410.134643
1444.315081
847.000439
285.398990
289.230877
466.110810
362.036742
209.834166
246.467012
152.355852
-265.166623
-576.162622
-447.411198
-214.892258
-222.556033
-277.888490
-221.636380
-306.397734
-608.963580
-730.970882
-468.103391
-199.564707
-226.847747
-329.235784
-292.296387
-247.693216
-290.303806
-266.239552
-88.899793
63.149508
6.590847
-102.234762
118.175414
856.810071
1688.329684
1550.228455
302.565846
-408.172669
839.336664
2883.112244
3162.073662
1482.787233
517.458104
1606.633840
2773.366982
2172.986830
1089.788838
1528.310057
2693.816995
2466.969248
1140.676306
716.103158
1322.614330
1367.064226
595.935162
446.491545
1135.005112
966.708608
-574.936418
-1680.819185
-1096.073134
-87.060487
-402.808026
-1633.150503
-2196.437982
-1950.430797
-2023.696489
-2656.724323
-2909.322355
-2436.773974
-2148.002923
-2650.746578
-3192.268937
-3027.191218
-2671.285496
-2818.429981
-2993.930433
-2407.958179
-1597.590586
-1694.460705
-2389.105292
-2357.683813
-1467.153131
-845.620959
-841.635796
-668.587752
-166.917025
-84.148252
-392.232017
-155.881188
671.346711
1106.036042
907.850814
879.035020
1245.823302
1319.548820
1023.727096
1110.481032
1670.549726
1906.287452
1552.834138
1255.326384
1314.797279
1295.024739
1067.410615
1079.519380
1358.174247
1301.309035
749.057392
310.229622
362.496569
509.181227
386.254272
230.526359
243.248226
159.406525
-188.222320
-464.731330
-366.328456
-135.802097
-102.234762
-167.989953
-182.857677
-272.064021
-482.358013
-559.608868
-344.256784
-101.161833
-131.203832
-291.683285
-328.775958
-250.912001
-161.705657
-99.782354
-25.903560
64.375712
27.896142
-131.663659
-50.580917
655.559334
1693.234501
1762.055202
391.005813
-633.947487
476.840095
2674.044455
3177.861039
1510.530099
404.340781
1449.219897
2676.496863
2103.553027
927.776630
1304.067994
2622.850437
2576.714510
1197.694794
597.161366
1164.893836
1350.050645
656.172436
403.574404
1071.702329
1062.199248
-397.903210
-1619.662258
-1176.696050
-118.635241
-283.406408
-1511.603027
-2139.112944
-1855.246709
-1872.107015
-2555.409214
-2922.197497
-2458.079269
-2031.513539
-2441.525514
-3051.715299
-3033.168963
-2759.112360
-2799.577093
-2809.386726
-2272.922459
-1670.089899
-1827.963669
-2356.610885
-2229.392216
-1503.019599
-1007.326617
-883.326734
-606.817723
-192.820585
-196.959024
-448.484127
-175.040626
553.937674
952.147435
888.231550
933.907650
1201.066855
1180.527937
905.858233
1042.579983
1599.123341
1846.969832
1546.549843
1225.131109
1205.511845
1181.600866
1024.953300
1086.570053
1347.291686
1268.508077
742.773096
323.411315
358.511406
505.349339
418.901954
315.134438
347.935396
222.556033
-155.574637
-408.479220
-278.041766
-37.859050
-22.838050
-103.001139
-112.197669
-215.198809
-418.595403
-440.360525
-212.439850
-27.742866
-107.446129
-248.306318
-225.314992
-184.083881
-173.048045
-59.624171
90.432548
152.662403
95.797190
-73.572242
-171.055463
159.866351
1164.740560
2043.162478
1318.475892
-429.784515
-639.465406
1474.970182
3337.880666
2500.076757
504.736237
564.973510
2257.441633
2610.741672
1232.335058
675.485149
1982.158827
2895.374284
1833.634863
583.673122
827.994276
1413.813255
940.191946
222.096206
653.566752
1353.882533
499.371594
-1230.955578
-1669.016971
-620.765794
25.290458
-819.257573
-1942.153920
-2022.470285
-1732.473030
-2141.412076
-2816.284124
-2751.295310
-2112.596281
-2036.571631
-2716.501770
-3104.595348
-2879.586907
-2733.362075
-2789.767461
-2471.414238
-1808.191129
-1692.468123
-2286.104153
-2437.080525
-1674.534889
-1001.042321
-990.926138
-977.437894
-484.044044
-111.124741
-317.433570
-381.656007
219.490523
772.355268
767.757003
739.554310
1079.825931
1295.637841
971.000322
751.509800
1242.757792
1800.067527
1695.840184
1266.208944
1117.071878
1191.103947
1095.919859
980.350128
1196.162039
1361.393033
1012.691260
495.539707
355.292620
536.464266
561.294898
363.262946
330.308713
388.859955
173.661147
-160.786004
-236.350828
-51.653845
63.762610
-8.736704
-13.641520
4.751541
-211.213645
-397.290108
-231.905839
56.711937
64.835538
-201.250738
-298.427408
-145.918280
-107.599404
-103.460966
54.412804
159.099974
90.892374
-62.383130
-174.274249
-109.132159
310.382897
1288.587168
1956.408542
969.774118
-689.279945
-520.983441
1728.181316
3284.694066
2136.047434
333.680774
748.137738
2295.147408
2262.193174
916.894069
758.560473
2214.064666
2804.175359
1509.763721
450.476708
835.811327
1285.215107
755.035136
254.897164
843.781653
1283.375801
107.599404
-1464.700723
-1522.179037
-413.537312
-13.488244
-995.984230
-1962.999389
-1926.826370
-1761.288825
-2233.070828
-2763.710625
-2560.773857
-1958.247848
-2014.346683
-2713.436260
-3044.817901
-2837.129592
-2670.365843
-2652.279333
-2340.363681
-1703.503959
-1554.366893
-2129.916413
-2439.073106
-1893.259034
-1086.416777
-699.702679
-624.137855
-447.257923
-339.658518
-503.663308
-421.047811
215.658635
846.387337
945.863140
757.487544
791.667982
954.753119
897.581356
892.983090
1278.470985
1689.249337
1620.581911
1187.578610
928.543008
984.795118
1049.170830
1096.839512
1271.880138
1323.074157
952.453986
408.939047
250.452175
533.858583
711.504893
569.418500
430.857444
382.422384
194.813166
-109.898537
-179.638892
99.629078
307.930489
192.973860
35.100091
-22.991326
-121.854026
-225.314992
-135.802097
120.321271
174.427524
-104.227343
-286.931745
-174.274249
-17.320132
48.588335
55.179182
89.512895
127.371944
-8.430153
-260.108531
-224.242063
526.348083
1720.364265
1846.969832
245.087532
-1081.971788
4.598265
2454.860483
3104.288797
1284.142178
44.603172
1197.848069
2506.974155
1792.710303
465.650983
966.402057
2533.490817
2502.682441
971.153598
343.796957
996.290781
1169.338825
411.238179
251.525103
1128.720817
1167.499519
-451.089810
-1778.149130
-1243.524170
-25.443734
-120.474547
-1377.486961
-2034.732325
-1726.188734
-1700.131898
-2385.733231
-2794.365726
-2304.497213
-1766.346916
-2134.974505
-2861.653673
-2946.108476
-2609.668743
-2585.604489
-2692.284240
-2210.845880
-1446.001111
-1538.886067
-2376.843252
-2533.337542
-1569.541168
-665.368966
-658.471568
-861.868163
-568.039020
-289.230877
-431.317270
-332.761121
358.051579
886.392244
748.904116
587.658285
892.063437
1078.139900
797.645727
768.523381
1365.684747
1802.519935
1483.706886
982.495985
970.693771
1154.930928
1121.976694
1139.450102
1361.239757
1302.075412
762.852187
376.138089
585.359152
877.502264
715.490056
427.178832
455.534800
516.691726
220.716727
-115.263180
-23.144601
276.662286
299.806887
116.336108
51.040743
36.173019
-120.781098
-225.314992
-34.946815
193.127136
84.608079
-205.695727
-276.662286
-146.684658
-104.074068
-115.416455
17.626683
138.714332
0.919653
-226.541196
-306.244458
-252.751307
130.284179
1108.641726
1860.304801
1012.537984
-777.106809
-911.682702
1316.483310
3122.528582
2217.436727
334.140600
423.960046
1963.459215
2182.796463
879.188295
553.784399
1912.878299
2673.737904
1574.752535
376.597915
604.825142
1151.099040
751.049973
283.559684
809.447940
1279.237362
269.764888
-1339.627911
-1582.416311
-462.432198
145.151903
-648.202109
-1693.081225
-1859.844974
-1650.164084
-1997.026551
-2581.925877
-2464.057014
-1803.133037
-1715.612724
-2468.655279
-3039.299983
-2796.051757
-2396.615792
-2436.160872
-2401.827159
-1847.889485
-1498.574610
-1991.661908
-2478.924738
-1925.293615
-929.002834
-692.498730
-1001.195597
-828.760654
-303.485499
-286.471918
-535.084787
-135.342271
668.281201
871.984346
544.894419
566.966092
923.484916
913.368733
709.052485
1050.856860
1676.680746
1660.893369
1077.373523
846.693888
1142.668888
1307.593331
1185.739304
1218.540262
1356.948043
1125.348756
658.011742
557.616286
812.973277
864.627122
640.231783
558.842490
625.057508
440.207250
60.850375
-13.641520
266.699378
416.756097
242.175297
68.360875
65.755192
9.043255
-151.129648
-130.130903
108.825608
170.595637
-101.928211
-330.461988
-257.656123
-143.925699
-207.075207
-207.228482
1.532755
119.095067
-56.405386
-280.034347
-401.888373
-438.061392
10.882561
1226.050762
2048.527120
903.559100
-1184.359825
-1169.645376
1475.736559
3356.886829
2085.926344
-29.428897
274.516429
2048.680396
2148.922576
646.669354
404.340781
1959.474052
2706.692138
1470.065366
248.153042
544.587868
1103.123807
691.885628
299.806887
927.316803
1361.546308
191.900932
-1486.159294
-1589.466984
-288.464500
317.280295
-614.328223
-1708.868602
-1793.629956
-1547.622771
-1962.539562
-2556.482143
-2309.861856
-1564.329801
-1569.541168
-2445.817229
-3009.257984
-2718.647627
-2346.494702
-2386.499608
-2248.091828
-1639.588074
-1414.426357
-2071.058620
-2596.333774
-2013.273754
-981.729608
-641.304712
-843.321827
-770.669238
-496.306084
-556.236807
-645.902977
-122.467128
657.551915
857.269898
566.659541
511.786910
734.036392
753.042555
725.146413
1161.061948
1734.925438
1655.222175
1056.681329
817.724818
1131.019949
1365.378196
1302.228688
1339.168085
1480.334824
1258.085343
737.101902
558.689215
856.656796
1052.849442
867.999183
666.135343
631.954906
479.292503
156.647566
60.697100
310.842724
485.116972
312.988581
57.631590
-31.728029
-65.755192
-132.583312
-76.177926
113.270598
141.473291
-116.795935
-370.160344
-369.240691
-250.912001
-205.082625
-152.815678
-27.283040
-27.896142
-205.235901
-278.501592
-188.682146
-301.492918
-477.913024
140.706913
1518.653701
1868.581678
119.861445
-1623.953972
-610.189784
2216.976900
3169.584162
1274.945648
-312.222203
639.158855
2115.508516
1630.544819
352.840212
777.106809
2312.314264
2395.696139
886.238968
65.295365
675.178598
1094.846930
588.118112
400.202343
1067.257339
1115.385848
-331.381641
-1688.023133
-1253.793629
111.584567
313.601683
-887.465172
-1833.941414
-1711.167735
-1512.062854
-1998.252755
-2399.528026
-1935.869624
-1347.751513
-1723.583050
-2656.417772
-2920.664742
-2455.013759
-2197.510911
-2298.366193
-2036.418356
-1466.999856
-1557.892230
-2350.479865
-2578.093989
-1672.389032
-704.760771
-640.844885
-968.088088
-869.225387
-565.433337
-548.879582
-488.795585
74.032069
713.037648
805.156226
563.747306
543.514940
697.710097
759.939952
960.577588
1496.582028
1842.984669
1501.027018
945.709864
934.980579
1335.949299
1513.748884
1436.498030
1469.145713
1478.955345
1113.853093
675.178598
720.548148
1073.235084
1112.320338
814.812583
639.005579
599.153948
363.109671
68.360875
152.049301
482.971115
494.466778
114.803353
-177.799585
-173.507871
-126.912118
-149.290342
-72.652589
62.076579
-23.604428
-332.761121
-514.852420
-410.165251
-270.377990
-280.647449
-267.159205
-111.737843
-48.128508
-238.803236
-390.086159
-269.305062
-215.198809
-392.538568
-101.161833
1068.176992
1810.183711
604.518591
-1340.700840
-1109.561379
1516.507844
3213.574232
1882.836300
-186.229738
64.375712
1765.120712
1988.902949
713.497474
511.173808
1911.038993
2542.074246
1285.061831
63.302783
426.105903
1174.856744
901.719794
394.071323
789.062298
1169.798652
136.261924
-1425.308918
-1474.663631
-92.271854
554.090950
-516.385175
-1806.198547
-1875.325800
-1409.981368
-1663.805604
-2261.733347
-2073.970854
-1392.507960
-1512.829231
-2485.668860
-2987.952689
-2528.126175
-2064.007946
-2138.040015
-2086.999272
-1614.144340
-1551.454659
-2225.866879
-2549.738021
-1775.696722
-799.944859
-655.865885
-947.702446
-866.772979
-613.715121
-662.763282
-597.774468
58.091416
738.634657
737.255178
412.004557
463.045300
747.218085
803.623471
881.180877
1365.224920
1784.126875
1531.988670
989.853209
941.724701
1323.380708
1510.836650
1445.388009
1483.860161
1499.494263
1143.435265
704.914046
742.619820
1111.247409
1183.286896
883.020183
660.157599
595.628611
402.348200
155.268086
221.023278
511.786910
533.398756
191.900932
-105.606823
-153.735331
-132.736587
-125.379363
-26.823213
81.542569
-30.348550
-305.631356
-441.126903
-376.444640
-340.731447
-374.605334
-284.785888
-83.535150
-64.375712
-297.047928
-420.281434
-249.532522
-181.171647
-461.205994
-394.684425
668.894303
1736.611468
1034.762932
-974.678934
-1486.619120
664.909139
2865.332285
2324.882855
208.454686
-245.853910
1259.924649
2008.215663
988.320454
338.892141
1424.695816
2461.604606
1672.542307
277.735215
229.913257
996.903883
957.358802
392.845119
636.553171
1242.757792
573.556939
-1098.985369
-1648.784604
-457.833933
541.369083
-161.552382
-1513.135782
-1833.328312
-1396.339848
-1527.390404
-2176.512167
-2184.482493
-1491.217385
-1342.846697
-2169.768045
-2857.055408
-2611.967876
-2113.515934
-2096.042527
-2122.865740
-1692.468123
-1430.673561
-1961.160083
-2500.536584
-1996.566724
-928.849559
-547.653378
-881.947254
-963.643098
-610.956162
-473.161483
-544.281317
-164.924443
573.250388
850.372500
563.594031
451.702912
737.255178
899.727213
869.378663
1171.944509
1718.831510
1746.574376
1180.374662
882.253805
1238.159527
1603.108504
1514.821813
1355.262013
1411.054296
1322.461055
925.630773
713.037648
953.526915
1166.733142
957.052251
630.881977
527.574287
458.600310
249.839073
160.172902
340.884722
454.768422
234.051696
-77.557405
-185.156810
-163.085137
-158.333596
-111.278016
-3.831888
-22.224948
-235.124624
-422.887117
-422.580566
-351.614008
-331.534917
-307.777213
-239.109787
-207.381758
-264.553521
-327.396478
-287.851398
-173.048045
-218.111043
-474.387687
-365.255528
647.129181
1650.623910
944.483660
-1005.027484
-1351.430125
962.416894
2986.573209
1957.481471
-287.851398
-186.383014
1814.475425
2250.237685
591.030346
-28.509244
1593.758698
2663.468445
1371.509216
-80.929466
421.814189
1363.232339
804.083298
-48.588335
579.534683
1427.454775
408.632496
-1431.593214
-1519.420078
-36.632846
480.671983
-722.540729
-1762.208478
-1499.647538
-1133.778908
-1720.670816
-2357.377262
-1987.983296
-1323.993810
-1567.242036
-2383.740649
-2618.711998
-2237.669093
-2098.801486
-2279.053480
-2075.503609
-1495.662375
-1411.360847
-1995.953622
-2259.587490
-1629.471891
-854.204388
-734.496219
-913.215457
-719.935046
-344.410059
-276.202459
-295.055347
52.573498
527.727563
674.412221
679.623588
913.215457
1122.283245
950.154854
802.550543
1216.241130
1795.622538
1784.280150
1330.584656
1167.192968
1373.348522
1442.475775
1332.117411
1411.207572
1565.096179
1339.321360
869.685214
730.511055
937.432987
969.927394
703.534567
536.617542
560.681796
429.018138
91.658752
-56.405386
109.438710
215.045533
41.690937
-173.048045
-243.094950
-293.369316
-370.773446
-320.039254
-158.180321
-140.093811
-313.754958
-432.083648
-397.749935
-375.831538
-427.025556
-417.675750
-314.827887
-284.632612
-367.707936
-343.643682
-192.973860
-167.989953
-246.620287
-225.774818
-285.858816
-539.223226
-231.446012
1172.864162
2052.052457
566.352990
-1645.872370
-1167.039693
1838.846230
3353.668043
1477.269314
-570.184878
289.384153
2158.425657
1857.086015
261.947838
415.836444
2096.042527
2335.305590
795.959696
91.965303
871.371244
1137.610796
286.471918
71.273110
1095.919859
1335.949299
-256.123368
-1667.484216
-1128.874092
191.441105
210.140717
-976.518240
-1629.625166
-1367.370778
-1362.006135
-1933.570492
-2187.701279
-1731.093550
-1356.948043
-1751.785743
-2350.786416
-2411.790067
-2203.641931
-2199.503493
-2201.496074
-1786.579283
-1263.449985
-1419.331174
-2046.074712
-2101.407170
-1392.814511
-736.795351
-634.867141
-666.288619
-424.266597
-269.918164
-377.364293
-234.818073
321.112182
784.004207
824.928766
750.743422
907.390988
1030.931045
907.544263
970.233945
1431.133387
1804.052690
1651.543563
1239.845558
1124.275827
1270.194108
1324.147085
1358.787349
1484.626539
1432.206316
1053.769095
676.098251
676.404802
865.546775
808.221736
591.949999
495.386431
413.230761
179.638892
-71.426385
-87.060487
78.477058
88.133415
-86.447385
-205.542452
-276.202459
-384.721517
-435.302433
-311.455826
-108.519057
-117.715588
-332.301294
-408.479220
-334.906978
-330.768539
-364.182599
-319.732703
-207.535033
-232.212390
-409.245598
-335.826631
-56.558661
-58.551243
-246.160461
-225.161716
-125.532638
-322.491662
-429.784515
596.701540
1945.832532
1269.734281
-1005.334035
-1554.060342
878.881744
3172.956223
2174.366310
-227.154298
-185.769912
1711.474286
2100.334241
630.268875
131.357108
1563.256873
2337.451447
1128.260990
128.138322
633.027834
1069.709747
380.583078
-99.782354
786.150064
1437.111132
166.917025
-1513.902160
-1422.856510
-110.664914
295.975000
-707.979556
-1541.951577
-1399.252082
-1307.593331
-1803.899415
-2131.449168
-1798.841323
-1388.369522
-1633.610329
-2185.708697
-2293.921203
-2124.398495
-2130.836066
-2163.790300
-1850.188617
-1326.906044
-1248.122435
-1691.855021
-1910.885717
-1526.624027
-933.141273
-572.484010
-427.332107
-287.238296
-231.292737
-309.309969
-187.762493
284.939163
752.582728
895.282223
858.036275
935.287130
1054.688748
1020.968137
1024.340198
1305.754025
1650.010808
1667.330940
1389.595726
1204.592192
1229.729374
1258.698445
1252.414149
1327.978973
1379.019716
1141.289408
712.577821
528.493940
661.383803
723.153831
543.208389
359.737610
314.061509
191.900932
-106.833027
-271.297643
-143.006046
-11.802214
-91.812027
-253.977511
-332.914396
-370.160344
-444.498964
-417.982301
-249.532522
-168.603055
-244.780981
-339.505243
-358.204855
-283.253133
-214.279156
-194.046789
-182.857677
-235.431175
-289.077602
-275.282806
-254.130787
-123.386781
24.064254
-32.647683
-87.520313
-34.640264
-133.809516
-447.564474
-433.309852
737.715004
2042.549376
1218.846813
-1045.645493
-1535.820557
774.041299
2952.392772
2057.570375
-133.502965
-81.849120
1509.303895
1748.260407
540.296154
239.722889
1526.317476
2065.540701
920.879232
246.313736
761.932534
863.094367
95.797190
-133.809516
922.258712
1419.944276
-25.597009
-1469.145713
-1151.865418
-123.233506
-7.663775
-795.959696
-1191.870325
-1033.690004
-1377.640236
-1968.823858
-1911.652095
-1460.102458
-1318.169340
-1678.366777
-1961.006807
-1838.233128
-1925.446890
-2217.130176
-2034.272498
-1445.081458
-1032.003973
-1222.218875
-1671.316103
-1619.968809
-1186.352406
-833.205644
-540.755981
-291.530010
-166.303923
-228.073951
-291.376734
43.990070
522.362920
642.071089
642.990742
857.116622
1106.649144
1042.426708
762.698911
860.335408
1330.431381
1537.506588
1382.238501
1200.300477
1111.247409
1003.494729
874.743305
997.976811
1280.003740
1196.315314
747.218085
421.507638
422.887117
508.261574
410.931628
295.668449
326.783376
240.949093
-48.128508
-267.312480
-261.488011
-147.144485
-126.145740
-179.025789
-188.528871
-260.261807
-429.631240
-467.183738
-273.290225
-53.033325
-42.457315
-211.060370
-282.793306
-184.083881
-130.897281
-102.081486
32.954234
99.782354
3.218786
-141.166740
-185.156810
-43.376968
-1.992582
-85.527732
81.542569
225.161716
87.673589
-33.107509
-73.572242
-144.998627
-355.752446
-81.542569
1372.735420
2044.541957
220.870002
-1728.028040
-867.845908
1967.291103
2970.939108
883.633285
-599.000672
569.418500
1722.663397
1068.483543
131.203832
798.565380
1974.801603
1359.707002
171.362014
508.414849
1039.514473
354.986069
-388.400129
311.609101
1515.281640
780.172319
-1155.390754
-1491.830487
-400.968720
97.636496
-516.385175
-1107.108971
-954.446568
-1081.052135
-1846.969832
-1977.254011
-1387.449869
-1197.541518
-1630.084993
-1932.650839
-1665.185083
-1589.620259
-2123.325567
-2233.990481
-1551.148108
-989.393383
-1100.058297
-1481.101202
-1487.538773
-1228.043344
-1076.913696
-772.048717
-211.826748
59.470896
-200.331085
-475.613891
-194.200064
386.867374
622.451825
602.526009
774.654401
1006.100413
911.835978
654.179854
759.326850
1194.476008
1405.076552
1285.215107
1151.252316
1083.964369
939.425568
792.281084
904.478753
1159.835744
1143.895092
817.111716
516.998277
433.156576
455.381524
432.696750
406.486638
406.026812
285.092439
39.085254
-134.269342
-144.385525
-71.886212
-45.062998
-70.353457
-105.300272
-212.746401
-361.423640
-388.400129
-255.816817
-96.410292
-41.077835
-88.593242
-168.756331
-251.678379
-268.691960
-137.028301
53.339876
103.614241
-8.430153
-91.045650
-69.740355
-66.061743
-119.554894
-130.437455
-41.384386
12.262040
-41.384386
-37.092672
0.306551
-72.039487
-110.971465
-51.960396
-92.425129
-188.528871
129.211250
993.071995
1225.284385
41.231111
-988.933556
-162.778586
1603.261779
2011.434448
745.838606
-49.507988
619.846141
1212.869069
860.641959
592.716377
1083.504543
1410.287919
812.513450
300.266714
704.607495
921.339059
268.998511
-109.132159
507.495196
1011.005229
235.431175
-881.640703
-830.753236
-154.195158
-140.093811
-627.203365
-817.724818
-791.361431
-1153.551448
-1613.991065
-1412.280500
-976.978067
-1167.959346
-1654.915624
-1664.265430
-1346.525309
-1427.608051
-1839.765883
-1762.821580
-1229.269548
-1038.901371
-1272.033414
-1383.924532
-1202.293059
-1051.929789
-1026.792606
-764.691493
-321.112182
-232.059114
-488.335758
-544.434593
-171.668565
284.019510
395.297527
302.872397
362.343293
532.632379
651.727446
701.541985
751.049973
852.518357
919.806304
938.352640
978.357547
958.738282
862.327989
821.556705
896.968254
995.217852
950.001578
769.136483
643.910395
615.707702
618.773213
625.823886
587.505010
488.795585
343.490406
220.870002
199.411432
206.155554
143.159321
52.266947
4.291714
-4.291714
-54.719355
-166.763749
-223.782237
-181.324922
-128.751424
-128.751424
-171.055463
-205.082625
-206.768656
-195.886095
-150.516546
-77.404130
-46.442478
-85.987558
-152.815678
-148.677240
-52.113672
22.991326
7.510500
-46.135927
-71.732936
-65.142090
-66.368294
-89.512895
-104.533894
-87.673589
-29.428897
28.662519
9.656357
-37.092672
-32.647683
-82.155671
-230.373084
-140.247087
454.768422
1000.275944
617.393733
-371.846374
-558.535939
455.228249
1378.100063
1155.390754
440.053974
337.665937
678.703935
712.117995
602.526009
850.372500
1127.494613
888.538101
501.210900
599.460499
826.154970
518.071206
88.133415
307.164111
798.258829
624.291131
-122.313853
-504.276410
-307.470662
-186.842840
-358.971232
-442.046556
-442.659658
-753.962208
-1258.238618
-1369.210084
-1054.382197
-938.199364
-1229.269548
-1461.022111
-1408.448613
-1395.880021
-1581.190107
-1652.616492
-1435.578377
-1236.166945
-1264.676189
-1312.957973
-1241.378313
-1192.483427
-1196.621865
-1031.544147
-662.763282
-425.492801
-499.065043
-593.482754
-433.003301
-151.896025
24.983907
130.437455
283.866235
414.916791
421.507638
421.047811
546.887001
712.424546
797.339175
842.862000
914.135110
930.688865
825.695144
746.911534
835.658052
973.912557
975.905138
859.722306
758.407197
689.126669
605.898070
565.126786
620.459243
648.508660
526.348083
345.023161
259.495429
258.882327
230.832910
184.237157
196.039371
210.753819
122.007302
-16.093928
-56.405386
23.604428
97.636496
92.578405
60.850375
46.595753
24.217530
-4.751541
13.794795
94.570986
159.713076
129.364526
42.763866
-0.459827
27.742866
60.237273
44.449896
15.787377
17.320132
10.116183
-52.266947
-131.816934
-166.303923
-147.144485
-114.803353
-104.227343
-111.737843
-113.883700
-103.154415
-150.823097
-295.821724
-334.140600
1.992582
499.065043
537.537195
-23.451152
-458.140484
-111.584567
636.246620
913.368733
601.453080
315.134438
355.752446
467.643565
513.472941
655.712609
819.870675
733.423290
498.298666
480.978534
619.386315
512.400012
206.921931
167.070300
427.485383
473.314759
104.074068
-274.822980
-365.408803
-345.329712
-387.633751
-413.230761
-454.615147
-714.723678
-1099.905022
-1226.817140
-1050.243758
-981.423057
-1200.760304
-1389.135899
-1342.233595
-1296.557494
-1435.884928
-1539.039343
-1409.521541
-1242.604517
-1229.422823
-1228.503170
-1096.992787
-995.217852
-1045.492218
-1014.070739
-700.469057
-341.957651
-260.568358
-360.963814
-322.185111
-91.658752
133.349689
275.436082
421.354362
555.010603
566.966092
519.603961
598.694121
804.236573
930.688865
907.697539
868.765561
881.793979
877.502264
838.417011
839.336664
875.203132
861.101785
790.441778
727.752096
672.572915
583.366571
508.261574
518.837583
559.149041
501.977278
356.518824
257.502848
246.160461
243.094950
213.512778
206.155554
214.738982
165.077719
70.660008
30.501825
66.061743
99.169252
91.045650
86.753936
98.249599
77.097579
18.699612
-10.729285
28.202693
84.608079
96.870119
64.069161
22.531499
-9.503081
-26.823213
-24.983907
-10.882561
-0.613102
-14.101346
-55.792284
-98.862701
-107.446129
-98.096323
-124.612985
-173.661147
-161.245831
-93.191507
-95.490639
-178.259412
-187.149391
-95.184088
-93.804609
-213.972605
-193.740238
78.477058
250.298899
75.104997
-126.452291
-21.611846
226.694471
300.573265
269.918164
341.344549
403.267853
299.806887
223.169135
368.934140
530.333246
458.906861
303.178948
330.155437
435.915535
347.628845
148.217413
108.672333
191.287830
168.603055
8.889979
-117.409037
-178.872514
-286.165367
-408.019394
-441.433454
-442.812933
-550.259062
-733.729841
-843.781653
-845.620959
-858.649377
-937.279711
-995.524403
-996.290781
-1003.954556
-1049.017554
-1067.870441
-1006.560239
-938.812466
-923.791467
-894.209294
-789.368849
-674.412221
-648.661936
-648.508660
-529.720144
-320.805631
-183.930606
-161.858933
-133.196414
-28.049417
84.914630
165.384270
277.428664
412.157832
454.921698
408.019394
407.099741
519.450685
635.480243
654.639681
631.648355
633.794212
627.356641
591.796724
583.673122
631.341804
657.551915
603.598938
533.552032
514.086043
501.364176
450.323433
412.157832
433.156576
455.228249
397.903210
305.937907
274.209878
291.989836
285.552265
253.364409
255.356991
277.122113
243.708052
164.004790
133.962791
178.259412
212.439850
188.988697
162.472035
163.085137
138.867607
85.221181
75.564824
119.554894
136.415199
89.819446
40.618009
34.640264
32.341131
-2.758959
-30.348550
-15.174275
-0.766378
-35.713193
-89.359619
-109.132159
-113.270598
-141.013464
-159.253249
-120.321271
-94.264435
-168.603055
-277.122113
-276.968837
-181.631473
-142.546219
-193.893513
-216.425013
-184.083881
-218.724145
-309.616520
-245.240808
0.306551
97.483221
-118.788516
-313.601683
-163.544964
136.568475
194.659891
45.062998
-6.131020
80.776191
129.364526
136.568475
210.600543
264.860072
169.062882
60.850375
148.677240
304.711703
251.984930
52.113672
-1.379480
114.956629
147.144485
18.393061
-75.564824
-68.667426
-102.388037
-212.899676
-257.809399
-214.432431
-254.437338
-406.793189
-488.948860
-434.842607
-421.507638
-540.296154
-627.663192
-572.637286
-510.713982
-573.710214
-656.325711
-620.612519
-545.354246
-554.397501
-580.760887
-495.539707
-367.707936
-369.853793
-461.205994
-434.076229
-254.743889
-116.489384
-119.554894
-141.933117
-76.024650
11.342387
39.851631
66.981396
159.866351
258.422501
273.443500
247.999767
280.187623
344.410059
360.810538
360.657263
421.354362
499.831421
480.212156
387.327200
365.102252
446.491545
514.545869
497.685564
448.943953
429.171413
418.442128
395.604078
397.903210
429.937791
430.704168
379.969976
339.658518
341.344549
331.534917
285.705541
269.305062
305.324805
312.988581
242.941675
163.238413
150.209995
178.872514
179.945443
145.765005
109.898537
72.959140
33.260785
11.802214
10.882561
-7.510500
-57.478314
-90.892374
-83.535150
-82.308946
-131.510383
-193.586962
-207.841584
-178.259412
-160.326178
-181.018371
-214.585707
-236.963930
-247.386665
-243.094950
-215.811911
-186.689565
-192.514034
-229.606706
-241.562195
-203.090044
-163.238413
-171.055463
-192.514034
-169.062882
-119.248343
-105.913374
-124.306434
-113.270598
-74.798446
-66.061743
-78.477058
-28.049417
68.820702
75.718099
-20.079091
-53.952978
64.988814
186.536289
150.516546
60.083998
93.651333
191.900932
178.259412
94.570986
122.620404
231.752563
214.432431
88.286691
88.593242
213.972605
201.863840
18.239785
-51.960396
95.490639
184.083881
35.100091
-133.809516
-117.255761
-57.325039
-120.167996
-183.470779
-131.203832
-126.605567
-288.924326
-408.019394
-310.842724
-188.682146
-271.604194
-428.098485
-410.625077
-298.580683
-305.631356
-379.510150
-369.853793
-324.330968
-336.746284
-321.725284
-195.119717
-127.831771
-257.656123
-367.554660
-227.307573
6.131020
50.427641
-72.192763
-131.663659
-59.470896
24.064254
76.331201
137.181577
170.442361
121.240924
68.054324
133.196414
252.291481
262.101113
186.383014
183.164228
259.801980
291.683285
239.263063
199.411432
224.548614
258.422501
261.181460
258.729052
251.831654
207.535033
162.625310
179.332341
233.591869
233.132043
167.836678
126.912118
143.619148
151.896025
116.489384
91.045650
101.315109
107.292853
82.002395
52.420223
40.924560
30.348550
13.488244
12.568591
32.187856
26.210111
-22.991326
-56.252110
-35.253366
-2.452408
-11.955489
-43.836794
-50.734192
-38.318876
-39.391805
-48.435059
-43.070417
-27.436315
-23.910979
-32.647683
-33.260785
-19.772540
-8.736704
-7.663775
-4.904816
2.912235
6.437571
0.919653
4.904816
22.991326
31.728029
17.933234
0.919653
4.751541
23.910979
30.655101
15.174275
-3.985163
-11.342387
-9.503081
-6.590847
-5.364643
-14.254622
-38.165601
-55.025906
-46.289202
-30.808376
-34.793540
-55.179182
-73.878793
-76.944303
-63.915885
-45.982651
-48.435059
-72.039487
-88.899793
-79.243436
-49.201437
-30.808376
-44.143345
-71.273110
-76.177926
-47.668682
-14.714448
-8.736704
-26.669938
-45.522825
-43.070417
-15.634101
17.166857
20.385642
-10.882561
-33.720611
-11.955489
26.669938
32.647683
9.043255
-13.181693
-13.948071
1.226204
14.254622
12.875142
-6.897398
-30.348550
-34.333713
-15.940652
-5.517918
-25.597009
-58.244692
-66.674845
-48.128508
-37.552499
-52.726774
-74.798446
-80.009813
-72.959140
-69.893630
-68.514151
-66.521569
-74.491895
-84.761354
-77.557405
-56.558661
-47.055580
-56.098835
-63.762610
-50.734192
-26.056836
-15.940652
-17.779959
-14.867724
-2.145857
10.576010
20.538918
33.260785
42.610590
44.449896
46.289202
58.091416
76.331201
84.761354
80.469640
78.477058
88.286691
98.096323
97.483221
92.884956
91.352201
94.724262
94.877537
89.512895
85.067905
83.381875
78.630334
72.652589
71.119834
67.901049
59.164345
49.507988
44.603172
48.281784
49.201437
35.559917
20.845469
18.852887
25.443734
26.056836
16.247203
6.284296
5.977745
10.422734
12.415316
12.568591
10.269459
5.824469
3.831888
8.430153
16.860306
15.940652
7.510500
2.299133
8.889979
17.626683
16.860306
9.656357
5.364643
8.276877
11.955489
9.962908
3.065510
-1.072929
-3.525337
-4.444990
-3.372061
-5.977745
-16.247203
-24.983907
-24.064254
-17.013581
-17.779959
-31.728029
-44.756447
-45.829376
-36.786121
-32.647683
-39.698356
-51.807121
-57.478314
-49.967815
-40.311458
-41.077835
-49.507988
-55.485733
-55.332457
-45.369549
-35.559917
-38.165601
-47.515406
-50.121090
-39.545080
-26.516662
-23.297877
-30.501825
-37.092672
-32.034580
-19.772540
-10.882561
-13.488244
-21.918397
-26.976489
-20.079091
-6.897398
-2.758959
-13.181693
-23.910979
-19.772540
-7.357224
-1.686031
-8.736704
-18.852887
-18.852887
-9.656357
-2.299133
-1.992582
-9.503081
-15.634101
-10.882561
0.613102
8.123602
4.138439
-6.590847
-4.904816
9.043255
19.006163
16.707030
9.503081
8.889979
13.641520
22.378224
28.969070
26.976489
20.232367
19.465989
26.976489
34.640264
34.486989
26.976489
23.144601
28.662519
35.100091
32.800958
26.210111
22.071673
22.684775
25.443734
26.363387
23.604428
16.860306
12.415316
14.407897
18.086510
16.093928
10.882561
6.437571
4.138439
8.583428
12.108765
5.977745
-0.459827
0.613102
5.058092
5.824469
4.291714
1.839306
0.766378
3.525337
7.970326
7.050673
4.751541
6.284296
7.663775
9.503081
11.342387
11.495663
10.269459
9.656357
13.641520
15.940652
14.101346
13.028418
14.867724
15.327550
14.407897
14.561173
13.794795
13.181693
12.262040
10.882561
9.349806
9.809632
10.576010
9.656357
7.357224
4.138439
0.613102
0.613102
-0.459827
-2.299133
-3.678612
-6.437571
-10.576010
-12.262040
-12.108765
-14.407897
-17.933234
-23.144601
-24.830632
-23.297877
-24.370805
-28.202693
-31.574754
-31.574754
-31.881305
-33.260785
-33.260785
-33.107509
-35.559917
-35.713193
-33.414060
-32.800958
-32.341131
-31.421478
-32.954234
-32.034580
-25.443734
-22.531499
-25.137183
-26.210111
-22.991326
-18.546336
-13.334969
-9.962908
-11.342387
-10.882561
-3.372061
4.751541
5.058092
4.751541
8.123602
11.955489
16.400479
19.925816
18.546336
17.320132
20.079091
23.757703
24.830632
26.210111
26.823213
25.750285
23.757703
24.370805
26.516662
24.370805
21.918397
20.538918
19.465989
20.232367
20.079091
14.254622
9.809632
13.181693
15.940652
12.721867
6.897398
2.758959
1.379480
2.605684
4.138439
0.306551
-4.904816
-6.590847
-5.058092
-2.299133
-1.379480
-5.824469
-11.342387
-10.116183
-4.444990
-2.758959
-6.590847
-8.889979
-8.123602
-4.138439
-0.306551
0.459827
-1.839306
-4.598265
-2.452408
2.605684
5.058092
6.131020
2.605684
0.000000
5.977745
12.415316
9.503081
6.131020
7.357224
9.503081
10.729285
11.495663
10.269459
7.203949
7.050673
9.349806
9.043255
8.123602
6.284296
1.379480
0.613102
4.444990
5.364643
-0.153276
-4.138439
-2.299133
-2.605684
-5.517918
-7.203949
-7.357224
-8.889979
-9.196530
-9.809632
-11.342387
-13.028418
-14.867724
-14.561173
-12.415316
-10.882561
-12.721867
-16.553755
-18.393061
-14.101346
-9.503081
-10.882561
-12.568591
-10.729285
-8.889979
-8.736704
-7.357224
-5.058092
-5.517918
-8.583428
-8.276877
-3.985163
-0.306551
0.306551
-2.605684
-4.904816
-0.766378
5.517918
6.284296
3.218786
1.226204
3.525337
6.897398
8.583428
10.422734
10.882561
7.817051
4.138439
9.043255
16.707030
15.787377
9.349806
6.284296
7.663775
11.648938
16.247203
14.561173
7.510500
3.065510
5.977745
11.189112
12.262040
9.962908
3.678612
-1.379480
-0.153276
6.437571
7.357224
1.226204
-3.218786
-3.985163
-1.686031
0.766378
-0.306551
-4.444990
-7.663775
-7.203949
-4.904816
-3.372061
-4.291714
-7.510500
-10.576010
-10.116183
-7.050673
-6.437571
-5.671194
-5.824469
-9.196530
-9.962908
-6.437571
-3.525337
-3.831888
-4.904816
-4.904816
-3.985163
-1.532755
1.686031
1.379480
-1.072929
0.000000
2.605684
3.372061
3.372061
5.671194
4.598265
0.613102
1.839306
6.284296
6.437571
4.751541
3.525337
2.299133
3.065510
7.050673
8.430153
3.831888
-0.613102
0.766378
3.218786
3.525337
2.758959
0.919653
-1.532755
0.459827
1.992582
-0.306551
-1.379480
0.000000
0.306551
-1.839306
-1.379480
-0.919653
-2.452408
-3.218786
-2.758959
-3.525337
-4.904816
-4.598265
-3.218786
-3.372061
-3.831888
-4.598265
-4.751541
-3.065510
-0.919653
-1.532755
-3.218786
-1.992582
-1.532755
-2.299133
-0.919653
-0.306551
-1.532755
-2.145857
-0.459827
0.000000
-1.072929
-0.459827
0.153276
0.459827
0.000000
0.153276
1.072929
3.218786
4.904816
3.985163
2.758959
3.372061
2.912235
2.912235
4.138439
4.138439
3.525337
5.211367
5.058092
3.218786
3.678612
5.517918
5.517918
4.598265
4.904816
2.758959
-0.306551
1.686031
3.985163
3.065510
0.919653
-0.459827
-0.613102
-0.919653
0.613102
0.766378
-1.532755
-2.605684
-1.379480
-1.686031
-1.839306
-1.379480
-2.145857
-4.751541
-3.372061
-0.153276
-1.992582
-4.598265
-3.985163
-1.226204
0.153276
0.153276
-1.226204
-4.444990
-3.678612
0.919653
2.145857
0.306551
-0.306551
-1.839306
-3.065510
-0.306551
1.532755
-0.306551
-1.839306
-1.379480
-0.459827
0.153276
0.459827
0.153276
-1.226204
-1.992582
0.766378
1.379480
-0.919653
-1.686031
-1.532755
-1.686031
-1.226204
0.766378
0.153276
-2.758959
-2.452408
-1.226204
0.000000
1.379480
1.226204
-0.613102
-0.766378
0.919653
0.919653
0.153276
1.226204
1.072929
0.000000
0.919653
2.912235
2.145857
1.532755
1.686031
0.000000
0.613102
2.299133
2.758959
-1.072929
-1.532755
0.613102
0.919653
0.000000
0.613102
-0.306551
-2.912235
-1.379480
1.226204
-0.613102
-2.758959
-1.532755
-1.839306
-2.452408
-0.306551
0.919653
-1.686031
-2.758959
-0.766378
-0.459827
-2.605684
-1.379480
1.072929
0.306551
-0.153276
0.459827
0.919653
0.459827
1.839306
1.992582
1.072929
1.992582
3.985163
4.444990
2.758959
2.758959
3.065510
3.218786
3.678612
3.678612
2.758959
1.379480
1.992582
3.372061
3.218786
1.992582
2.452408
2.299133
0.459827
0.766378
3.065510
1.992582
-0.613102
0.000000
1.839306
0.766378
0.153276
0.459827
0.000000
-2.452408
-1.686031
0.306551
-1.072929
-2.605684
-2.758959
-2.452408
-2.605684
-0.613102
-0.766378
-2.912235
-3.065510
-1.532755
-1.992582
-3.525337
-2.758959
-0.459827
-1.072929
-3.065510
-2.452408
-1.226204
-2.452408
-3.065510
-1.686031
-1.686031
-1.839306
-1.379480
-1.686031
-2.145857
-1.686031
-0.919653
-1.686031
-2.758959
-1.992582
-1.532755
-0.306551
0.000000
0.613102
-0.613102
-1.532755
-0.919653
0.306551
1.072929
-0.306551
-1.379480
-0.613102
0.919653
1.839306
0.459827
-0.766378
0.000000
1.532755
1.379480
0.766378
0.919653
1.226204
2.299133
2.299133
3.525337
3.218786
1.532755
1.686031
2.452408
2.758959
1.686031
2.452408
3.218786
1.686031
0.153276
1.072929
1.992582
1.532755
0.919653
-0.459827
-0.613102
0.919653
0.766378
-0.459827
-0.766378
-0.153276
0.000000
0.306551
-0.766378
-0.766378
-1.226204
-1.686031
-1.379480
-0.613102
0.919653
0.459827
-1.532755
-1.226204
0.306551
1.226204
1.072929
0.766378
0.459827
0.919653
1.839306
1.686031
0.153276
-0.153276
1.072929
1.532755
1.686031
1.379480
0.613102
0.613102
1.839306
2.299133
1.072929
0.919653
0.766378
-0.459827
0.766378
1.379480
0.613102
-0.459827
0.613102
1.226204
-0.306551
-0.766378
0.000000
-0.459827
-0.766378
0.000000
-0.459827
-0.919653
-0.766378
-0.613102
-1.532755
-1.686031
-0.919653
-0.766378
-0.919653
-1.839306
-1.532755
-1.992582
-2.452408
-1.839306
-1.992582
-3.218786
-3.678612
-2.912235
-2.912235
-2.452408
-2.758959
-2.758959
-2.452408
-2.452408
-2.605684
-2.299133
-1.532755
-1.072929
-0.766378
-1.532755
-1.379480
-0.153276
-0.459827
-1.226204
-0.306551
0.459827
0.306551
0.153276
1.226204
1.839306
1.379480
1.839306
2.605684
2.299133
2.605684
2.452408
2.605684
3.678612
4.291714
3.065510
2.452408
3.678612
3.831888
2.452408
2.145857
2.912235
2.299133
1.532755
1.839306
1.532755
0.306551
-0.919653
0.000000
1.226204
0.613102
-1.226204
-2.452408
-1.839306
-0.919653
-0.306551
-1.226204
-3.065510
-2.452408
-1.072929
-1.379480
-1.226204
-0.613102
-1.532755
-1.532755
-1.379480
-0.613102
-0.306551
-1.072929
-1.839306
-1.839306
-0.613102
0.306551
0.459827
0.459827
0.459827
0.613102
0.459827
1.532755
2.605684
2.299133
1.686031
1.379480
1.379480
1.532755
2.452408
3.525337
3.218786
1.992582
2.452408
2.605684
2.452408
1.686031
1.072929
0.766378
0.919653
1.072929
0.613102
0.153276
-0.306551
0.000000
0.459827
-0.613102
-1.686031
-1.686031
-2.605684
-1.839306
-0.919653
-0.766378
-1.226204
-1.839306
-2.299133
-2.145857
-1.532755
-2.145857
-2.299133
-2.145857
-2.912235
-3.065510
-2.299133
-1.532755
-1.532755
-0.766378
-1.226204
-1.379480
-1.532755
-2.145857
-1.839306
-1.226204
-0.613102
-1.072929
-2.452408
-2.145857
-1.072929
-1.532755
-0.919653
-1.072929
-0.919653
-0.919653
-1.379480
-1.072929
-0.153276
0.459827
0.153276
-0.153276
0.000000
0.766378
1.226204
1.072929
1.839306
2.145857
2.912235
2.452408
1.686031
2.145857
3.065510
3.525337
4.138439
3.372061
2.758959
3.065510
2.145857
3.065510
3.525337
1.992582
1.532755
1.532755
0.766378
1.379480
1.379480
0.919653
0.919653
0.919653
0.766378
0.153276
-0.306551
-0.153276
-0.766378
-1.072929
-0.766378
-1.072929
-1.379480
-1.686031
-1.686031
-1.686031
-1.226204
-1.532755
-1.532755
-1.072929
-1.379480
-1.839306
-1.839306
-1.532755
-0.613102
-0.766378
-0.919653
-1.226204
-1.379480
0.153276
0.000000
0.459827
0.919653
1.379480
0.459827
0.153276
0.613102
1.532755
1.532755
0.919653
0.919653
0.766378
0.306551
0.766378
1.072929
1.072929
1.686031
1.072929
0.919653
0.919653
1.072929
0.919653
0.613102
0.613102
0.153276
-0.306551
-0.153276
-0.306551
-1.226204
-0.459827
-0.459827
-1.072929
-1.226204
-1.226204
-1.379480
-1.839306
-1.226204
-0.919653
-1.379480
-1.686031
-1.379480
-1.379480
-1.992582
-1.992582
-1.532755
-0.766378
-0.919653
-0.919653
-0.919653
-1.072929
-0.766378
-0.766378
-0.306551
-0.459827
-1.226204
-1.532755
-1.379480
-0.919653
0.000000
-0.613102
-0.919653
-0.766378
-0.153276
0.306551
0.306551
0.306551
0.459827
0.919653
1.072929
0.459827
0.919653
1.072929
1.686031
1.839306
1.839306
2.299133
1.839306
1.686031
1.992582
2.145857
1.686031
1.992582
2.145857
2.299133
2.299133
1.992582
2.299133
2.299133
1.992582
1.839306
1.379480
0.766378
0.766378
0.153276
0.000000
0.459827
0.153276
-0.153276
-0.766378
-1.992582
-1.379480
-1.379480
-1.379480
-1.686031
-1.532755
-1.379480
-2.145857
-2.299133
-1.992582
-1.532755
-1.532755
-1.992582
-1.226204
-0.613102
-1.226204
-1.532755
-1.686031
-0.766378
0.000000
0.613102
0.306551
0.613102
0.766378
0.613102
0.766378
0.919653
1.532755
1.226204
1.379480
1.379480
1.532755
1.686031
1.992582
1.686031
1.379480
1.226204
1.379480
0.919653
0.000000
0.153276
0.000000
-0.153276
0.613102
0.153276
-0.153276
-0.919653
-1.226204
-0.459827
-0.766378
-1.072929
-1.379480
-0.919653
-0.613102
-1.072929
-1.072929
-1.379480
-1.532755
-0.919653
-1.226204
-1.532755
-1.532755
-1.379480
-1.532755
-0.919653
-0.919653
-1.226204
-1.686031
-1.532755
-0.919653
-0.153276
0.153276
-0.306551
-0.306551
0.000000
0.459827
-0.459827
-0.459827
0.153276
0.459827
0.613102
0.459827
0.306551
0.459827
0.919653
0.919653
0.459827
0.919653
0.459827
0.459827
0.919653
0.766378
0.919653
0.919653
0.459827
1.072929
1.379480
0.306551
0.000000
0.459827
0.766378
1.226204
1.226204
0.919653
1.072929
0.919653
1.226204
1.686031
0.766378
0.153276
0.459827
0.766378
1.226204
1.226204
1.532755
1.379480
0.459827
0.306551
0.459827
0.153276
0.306551
-0.153276
-0.766378
0.153276
-0.306551
-0.766378
-0.766378
-0.766378
-1.226204
-0.766378
-0.919653
-1.992582
-1.686031
-1.226204
-0.766378
-1.226204
-1.072929
-1.072929
-1.686031
-1.226204
-0.766378
-0.919653
-1.226204
0.000000
0.000000
0.000000
0.459827
0.613102
0.613102
0.153276
0.459827
0.613102
0.459827
0.766378
0.459827
0.613102
0.766378
0.613102
1.072929
1.072929
0.919653
0.919653
1.686031
1.686031
0.766378
0.766378
0.306551
0.459827
0.613102
-0.153276
0.000000
0.000000
-0.306551
-0.153276
-0.306551
-0.919653
-0.766378
-0.459827
-0.613102
-1.072929
-1.072929
-0.919653
-1.532755
-1.379480
-1.226204
-1.379480
-1.226204
-1.072929
-1.226204
-0.919653
-0.306551
-0.613102
-0.306551
-0.766378
-0.766378
-0.613102
-1.226204
-1.379480
-1.226204
-0.613102
-1.072929
-0.919653
-0.919653
-0.766378
-0.766378
-0.919653
-0.613102
-0.306551
-0.153276
0.153276
0.153276
0.000000
0.000000
0.000000
0.459827
0.153276
0.766378
0.919653
0.919653
1.379480
1.532755
1.992582
1.686031
1.686031
2.299133
1.686031
1.686031
1.686031
1.379480
1.532755
1.532755
1.532755
1.379480
1.379480
1.226204
1.379480
0.919653
1.226204
1.226204
1.072929
1.072929
1.072929
1.532755
1.072929
0.919653
1.072929
0.766378
0.306551
0.306551
0.000000
-0.153276
-0.306551
-1.226204
-0.613102
-0.613102
-0.613102
-1.072929
-1.226204
-1.226204
-1.532755
-1.839306
-1.992582
-2.299133
-1.686031
-1.686031
-1.072929
-1.532755
-1.839306
-1.226204
-1.379480
-1.226204
-0.919653
-0.306551
-0.459827
-0.613102
-0.613102
-0.613102
-0.306551
0.153276
0.153276
0.306551
0.306551
0.153276
0.459827
1.226204
0.613102
-0.153276
0.459827
0.766378
0.153276
0.459827
0.306551
0.153276
-0.153276
-0.153276
-0.153276
-0.766378
-0.459827
-0.306551
0.153276
-0.306551
-0.306551
-0.306551
-0.613102
-0.306551
-0.306551
-0.919653
-0.613102
-0.153276
-0.766378
-0.613102
-0.306551
-0.613102
-0.613102
-0.919653
-0.153276
0.000000
0.153276
0.766378
0.000000
-0.459827
0.000000
0.459827
0.306551
0.459827
0.153276
-0.153276
-0.153276
0.459827
0.459827
-0.459827
0.306551
0.766378
0.306551
0.459827
0.613102
0.306551
0.306551
0.613102
0.919653
0.919653
1.226204
1.686031
1.839306
1.532755
0.766378
0.919653
0.613102
0.613102
0.766378
1.226204
1.226204
0.919653
1.226204
1.532755
1.686031
1.226204
0.919653
0.766378
0.919653
0.766378
0.613102
0.613102
-0.153276
-0.459827
-0.766378
-0.613102
-0.306551
-1.072929
-1.686031
-1.992582
-1.992582
-1.532755
-1.686031
-1.532755
-1.379480
-1.992582
-1.072929
-0.919653
-1.072929
-1.532755
-2.145857
-1.686031
-1.839306
-1.379480
-0.766378
-0.766378
-1.072929
-0.459827
-0.306551
-0.153276
-0.306551
-0.459827
-0.306551
0.459827
0.459827
0.613102
0.766378
0.459827
1.072929
1.072929
0.919653
0.766378
1.072929
1.379480
1.532755
0.919653
0.459827
0.613102
0.919653
1.226204
1.379480
1.072929
0.766378
0.766378
0.306551
0.153276
0.153276
-0.153276
-0.153276
-0.153276
-0.613102
-0.919653
-1.072929
-0.766378
-0.613102
-0.459827
-0.306551
-0.306551
-0.306551
-0.459827
-0.306551
-0.153276
-0.766378
-0.766378
-0.306551
-0.459827
-0.153276
-0.459827
-0.306551
0.306551
0.459827
0.459827
0.459827
0.306551
-0.613102
-0.459827
0.459827
0.459827
0.153276
0.613102
0.459827
0.613102
0.306551
0.613102
0.153276
0.306551
0.306551
0.306551
0.153276
0.153276
0.153276
0.306551
0.153276
0.306551
0.306551
0.000000
0.153276
0.613102
0.766378
0.766378
1.072929
0.766378
0.919653
1.072929
1.072929
0.613102
0.306551
-0.306551
0.306551
0.306551
0.153276
-0.153276
-0.306551
-0.153276
-0.613102
-0.766378
-1.379480
-1.226204
-1.532755
-1.839306
-1.226204
-1.379480
-1.686031
-2.145857
-1.379480
-1.226204
-0.766378
-1.072929
-1.072929
-1.226204
-0.613102
-0.153276
-0.613102
0.153276
0.153276
0.000000
-0.306551
0.153276
0.000000
0.306551
0.000000
0.306551
0.613102
0.459827
0.766378
0.919653
1.379480
1.226204
1.226204
0.919653
1.226204
1.226204
0.919653
0.613102
0.919653
0.766378
0.766378
0.613102
0.153276
0.766378
0.613102
0.306551
0.306551
0.153276
-0.153276
-0.459827
-0.153276
-0.153276
-0.306551
-0.153276
0.153276
-0.306551
-0.306551
0.613102
0.153276
-0.306551
-0.613102
-0.153276
0.000000
-0.153276
-0.153276
0.000000
-0.153276
-0.306551
0.000000
-0.306551
-0.153276
-0.306551
0.000000
0.153276
0.000000
0.306551
0.766378
0.459827
0.153276
-0.153276
-0.766378
-0.306551
-0.306551
-0.766378
-0.306551
-0.306551
-0.306551
0.153276
0.000000
0.459827
0.000000
0.153276
0.000000
0.306551
0.153276
0.306551
-0.153276
0.000000
0.613102
-0.153276
0.459827
0.306551
-0.459827
-0.613102
0.306551
-0.306551
-0.306551
0.000000
-0.919653
-0.919653
-0.919653
-0.459827
-0.153276
-0.153276
0.000000
-0.306551
-0.459827
-0.613102
0.000000
-0.613102
-0.459827
-0.306551
-1.226204
-0.613102
-0.613102
-0.766378
-0.613102
-0.766378
-0.613102
0.000000
0.153276
-0.153276
-0.306551
-0.306551
-0.153276
0.459827
0.000000
0.613102
0.459827
0.000000
0.459827
0.766378
0.766378
0.613102
1.226204
0.459827
0.000000
0.306551
0.306551
0.306551
0.766378
0.766378
0.000000
0.153276
0.766378
0.766378
1.072929
0.613102
0.459827
0.766378
0.306551
0.306551
0.613102
0.613102
1.379480
0.919653
0.919653
0.766378
0.153276
-0.153276
0.613102
0.766378
0.000000
0.000000
0.459827
0.306551
0.000000
0.613102
-0.306551
-0.766378
-0.306551
-0.459827
-0.613102
-0.919653
-0.306551
-0.306551
0.153276
0.153276
-0.153276
0.153276
-0.153276
-0.306551
-0.613102
-0.459827
-0.766378
-0.766378
-0.766378
-0.306551
-0.306551
0.306551
0.153276
-0.306551
-0.153276
0.000000
0.306551
0.459827
0.613102
-0.153276
-0.153276
-0.459827
-0.459827
0.306551
0.153276
-0.153276
-0.459827
-0.306551
0.153276
0.000000
-0.306551
-0.306551
-0.613102
0.000000
-0.153276
-0.459827
-0.306551
-0.459827
-0.459827
-0.613102
-0.766378
-1.379480
-0.459827
-0.766378
-1.226204
-0.766378
-0.766378
-0.766378
-0.306551
-0.459827
-0.613102
-0.919653
-0.613102
-0.459827
-0.306551
-0.459827
-0.613102
-0.153276
0.000000
0.153276
0.306551
0.306551
0.459827
0.153276
0.000000
1.072929
1.226204
0.919653
0.613102
0.613102
0.459827
0.306551
0.919653
1.072929
0.459827
0.613102
0.766378
0.613102
0.613102
0.766378
0.613102
0.613102
0.000000
0.306551
0.153276
0.306551
-0.153276
0.000000
0.153276
0.000000
0.000000
0.306551
0.613102
0.766378
0.766378
0.459827
0.613102
0.459827
0.306551
0.459827
0.919653
1.072929
1.072929
0.613102
0.459827
0.459827
0.306551
0.459827
0.153276
0.459827
0.459827
0.306551
0.000000
-0.153276
-0.153276
0.000000
-0.153276
-0.459827
0.000000
-0.153276
-0.306551
-0.153276
-0.306551
-0.613102
-0.919653
-1.072929
-0.919653
-0.766378
-0.153276
-1.226204
-1.072929
-1.072929
-1.226204
-0.766378
-0.613102
-0.306551
-0.766378
-0.459827
-1.072929
-0.613102
0.000000
0.000000
-1.226204
-0.919653
-1.072929
-0.919653
-0.306551
-0.613102
-0.766378
-0.613102
-0.766378
-0.459827
-0.613102
-0.613102
-0.306551
-0.306551
-0.306551
0.306551
-0.306551
-0.613102
-0.153276
-0.459827
0.459827
0.153276
0.153276
0.153276
-0.153276
0.306551
0.459827
0.306551
0.306551
0.459827
0.613102
0.766378
0.613102
0.613102
0.919653
1.226204
1.072929
0.919653
0.919653
0.919653
0.919653
0.613102
1.379480
1.072929
0.613102
0.919653
0.459827
0.306551
0.306551
0.306551
0.153276
0.153276
0.000000
-0.153276
-0.613102
-0.766378
-0.766378
-1.226204
-0.766378
-0.153276
0.153276
0.000000
-0.153276
0.613102
0.306551
0.459827
0.613102
0.613102
0.306551
0.000000
0.459827
0.459827
0.766378
0.459827
0.459827
0.613102
0.919653
0.459827
0.613102
0.153276
0.306551
0.613102
0.306551
0.306551
0.306551
0.153276
0.306551
0.000000
-0.153276
-0.153276
0.000000
-0.153276
-0.306551
0.000000
-0.919653
-1.226204
-0.613102
-0.766378
-0.919653
-0.613102
0.153276
0.153276
-0.459827
-1.226204
-1.226204
-0.919653
-1.226204
-1.532755
-1.686031
-1.686031
-1.226204
-1.686031
-1.839306
-1.532755
-1.532755
-1.839306
-1.686031
-1.379480
-1.226204
-1.072929
-0.459827
-0.459827
-0.766378
-0.613102
-0.306551
0.000000
-0.153276
-0.153276
-0.153276
-0.919653
0.000000
0.459827
0.306551
0.153276
0.919653
0.919653
1.226204
1.686031
1.532755
1.379480
1.226204
1.532755
1.686031
1.839306
1.686031
2.145857
2.299133
1.839306
1.686031
1.379480
1.532755
0.613102
1.072929
0.613102
0.766378
1.072929
0.459827
0.613102
0.153276
0.306551
0.306551
0.000000
-0.153276
-0.613102
-1.072929
-0.919653
-0.613102
-0.766378
-0.459827
-0.153276
-0.153276
-0.613102
-0.766378
-0.766378
-0.613102
-0.613102
-0.306551
-0.306551
0.000000
0.459827
0.000000
0.613102
0.153276
-0.306551
0.153276
-0.153276
-0.153276
0.153276
0.613102
0.613102
0.000000
0.613102
1.072929
0.766378
0.613102
0.919653
0.613102
-0.153276
-0.459827
0.153276
0.000000
0.153276
0.153276
-0.306551
-0.459827
-0.766378
-0.306551
-0.153276
-0.766378
-0.919653
-1.226204
-1.226204
-1.226204
-0.919653
-0.613102
-0.306551
-0.766378
-0.919653
-0.613102
-0.766378
-1.226204
-1.072929
-1.226204
-1.839306
-1.686031
-1.992582
-1.839306
-1.226204
-1.379480
-0.919653
-0.306551
-1.532755
-0.613102
-0.766378
-1.226204
-0.459827
-0.766378
-0.306551
0.000000
0.306551
0.613102
0.153276
0.153276
0.000000
-0.459827
0.153276
0.000000
0.459827
0.613102
1.072929
