-0.152593
-0.305185
-1.220740
-1.220740
-0.762963
-0.305185
-0.305185
-0.457778
-0.610370
0.000000
0.305185
-0.152593
-0.152593
0.000000
-0.152593
-0.915555
0.152593
0.915555
0.457778
-0.305185
0.152593
0.610370
1.068148
0.915555
0.457778
0.610370
0.305185
0.762963
0.762963
0.610370
0.762963
0.762963
0.610370
0.457778
0.305185
-0.457778
-0.457778
-0.152593
-0.152593
-0.762963
-0.610370
-0.305185
0.305185
-0.152593
-0.610370
-0.915555
-1.068148
-1.373333
-0.915555
-0.305185
0.305185
-0.457778
-0.305185
-0.305185
-0.305185
-0.305185
-0.457778
-0.762963
-0.305185
0.000000
-0.305185
0.000000
-0.152593
0.152593
0.152593
0.152593
-0.152593
0.457778
0.305185
0.457778
0.457778
0.762963
-0.152593
0.152593
0.305185
0.000000
0.305185
0.152593
0.000000
0.610370
0.305185
0.152593
0.000000
-0.610370
-0.305185
-0.457778
-0.762963
-0.762963
-0.610370
-0.762963
0.000000
0.152593
-0.610370
-0.152593
0.457778
0.762963
0.762963
0.457778
0.610370
0.000000
0.305185
0.457778
0.610370
0.152593
1.068148
1.068148
0.915555
0.610370
0.000000
0.000000
-0.610370
-0.610370
0.000000
0.152593
0.610370
0.762963
0.152593
0.762963
2.136296
0.915555
0.762963
0.305185
-0.152593
0.152593
0.152593
0.915555
0.457778
0.457778
0.305185
0.305185
-0.305185
-0.610370
-0.457778
-1.831111
-1.831111
-0.915555
-0.457778
-0.457778
-0.610370
-0.305185
-0.610370
-1.373333
-1.220740
-0.915555
-0.305185
-0.152593
-0.305185
-0.610370
-0.915555
-0.305185
-0.457778
-0.915555
-1.068148
-0.915555
-0.915555
-0.610370
-0.305185
0.000000
-0.152593
-0.152593
1.220740
0.305185
-0.915555
0.610370
1.525926
0.610370
0.915555
0.610370
0.457778
-0.305185
-0.152593
-0.457778
0.000000
0.305185
0.000000
0.915555
0.152593
0.305185
-0.305185
0.457778
0.457778
0.915555
0.152593
0.152593
0.152593
-0.457778
0.305185
0.762963
1.068148
0.915555
-0.152593
0.152593
-0.457778
-0.610370
0.762963
0.000000
-0.457778
-0.762963
0.305185
-1.373333
-1.220740
-0.305185
-0.305185
-0.762963
-0.915555
-0.457778
-0.152593
0.915555
0.762963
0.000000
0.610370
1.525926
1.220740
1.220740
1.831111
0.762963
0.610370
0.000000
0.152593
0.915555
0.000000
-0.457778
-1.068148
-1.068148
-0.457778
-0.152593
-0.457778
-0.457778
-0.305185
0.000000
0.305185
-0.305185
-0.457778
-0.305185
0.152593
0.000000
-0.610370
-0.457778
0.457778
1.068148
0.457778
0.457778
0.762963
0.762963
-0.152593
0.457778
0.915555
-0.152593
-0.457778
-0.152593
-0.762963
-1.220740
-0.762963
-0.152593
-0.762963
0.305185
0.762963
0.152593
-0.305185
0.000000
-0.610370
-1.068148
-0.152593
-0.762963
-1.068148
-0.915555
-1.068148
0.305185
0.000000
-1.068148
-1.525926
-0.915555
-0.762963
0.152593
-0.305185
-0.457778
0.305185
-0.152593
0.000000
0.762963
1.678518
0.762963
-0.457778
-1.220740
0.152593
1.220740
1.373333
1.525926
0.457778
-0.152593
0.152593
1.068148
0.762963
0.000000
0.152593
-0.915555
-0.762963
0.152593
-0.915555
-0.762963
-0.610370
-0.457778
0.000000
0.457778
-0.762963
-0.610370
0.457778
0.610370
0.305185
0.000000
1.220740
0.152593
-0.610370
1.831111
1.678518
1.068148
1.983703
0.457778
0.152593
2.288888
1.220740
0.610370
-0.305185
-0.762963
-0.457778
0.305185
0.762963
-0.915555
-0.305185
-2.899259
-3.051851
-1.983703
-1.373333
-2.136296
-2.899259
0.762963
-0.305185
1.525926
3.051851
3.051851
3.662221
2.136296
3.357036
0.762963
-0.610370
-1.068148
-1.678518
-1.220740
-2.594073
0.915555
-0.305185
-2.746666
0.457778
1.983703
2.288888
-0.152593
-1.068148
-1.373333
-4.119999
-4.425184
-2.594073
-1.983703
-2.136296
-0.305185
-0.152593
0.915555
3.967406
3.204444
-0.762963
-0.915555
-2.746666
-4.272592
0.305185
0.000000
-0.152593
2.288888
1.678518
1.373333
1.525926
0.305185
-2.136296
-1.373333
-0.305185
-3.051851
0.762963
2.899259
3.967406
2.899259
3.967406
4.577777
0.000000
4.119999
3.051851
-1.983703
-3.204444
0.000000
0.762963
1.525926
3.662221
-1.831111
0.000000
1.068148
-2.288888
-1.831111
-0.610370
-4.272592
-4.577777
0.915555
-0.762963
-0.915555
4.272592
2.899259
-1.983703
-1.831111
-0.152593
-0.915555
-4.272592
-1.678518
1.678518
-2.746666
-5.645925
-0.457778
1.068148
-0.610370
3.357036
1.983703
-7.171850
-5.798517
5.645925
4.577777
-0.152593
5.188147
5.951110
2.746666
3.814814
3.967406
0.915555
-5.951110
-3.509629
-2.899259
-3.357036
-1.220740
-0.152593
3.051851
0.610370
0.152593
3.051851
1.831111
-2.136296
-1.678518
-1.525926
-1.525926
-4.425184
-7.934813
-4.119999
0.305185
3.051851
1.678518
5.645925
8.239998
-5.645925
3.814814
4.577777
-8.697776
-9.308146
1.068148
-0.915555
0.305185
5.493332
1.525926
1.678518
4.119999
4.577777
-2.594073
0.305185
1.373333
2.288888
8.545183
-4.730369
2.899259
-0.457778
-1.373333
-1.678518
-6.714072
-8.392591
1.983703
5.645925
-8.697776
-9.765924
1.525926
7.171850
-8.087405
-4.119999
6.256295
0.305185
-7.324443
-9.155553
-0.915555
0.915555
11.902219
9.918516
3.357036
7.782220
9.460738
3.662221
4.577777
8.545183
-2.899259
-2.288888
11.444442
12.665182
7.477035
1.373333
-3.814814
-12.665182
-15.411848
-3.357036
2.746666
-1.831111
-7.019258
8.392591
4.272592
-14.038515
-2.136296
3.509629
-12.665182
-8.392591
12.359997
-1.678518
-12.970367
-0.762963
6.103702
-3.357036
-4.272592
-1.678518
-24.414809
-0.457778
15.259255
-0.305185
-5.951110
1.831111
24.872586
8.239998
8.545183
7.782220
-23.957031
-16.785181
-5.798517
-17.853329
-11.444442
-4.119999
-5.493332
18.005921
31.281474
15.564441
-5.493332
-28.992585
-16.022218
11.749627
-2.136296
-5.035554
4.730369
-10.376294
-8.392591
13.428145
9.002961
-0.305185
8.087405
13.275552
10.223701
29.450363
27.924438
-17.395551
-19.684440
-1.373333
-10.681479
2.899259
26.856290
24.414809
5.035554
11.291849
-16.479996
-28.687400
13.885922
20.447402
9.308146
2.441481
29.450363
-5.188147
-23.651846
-5.493332
-30.976289
-29.450363
-39.521472
-13.275552
-11.749627
-1.373333
14.801478
-17.700736
-1.678518
25.177772
10.376294
12.512589
27.008882
25.482957
-5.035554
-3.051851
-10.071109
-30.213326
-24.567401
-7.324443
-12.970367
-0.457778
44.099248
30.976289
8.545183
30.060733
20.294810
-1.983703
14.954070
-9.613331
-42.878508
-14.038515
1.220740
-14.954070
-41.047397
-25.635549
-6.103702
-15.106663
-2.594073
-10.681479
26.703697
49.287395
14.648885
16.174811
-11.444442
-2.899259
31.739251
5.798517
0.762963
-0.305185
-4.882962
-10.681479
12.054812
-2.441481
-38.911101
-0.915555
-16.785181
-5.493332
19.837032
4.730369
16.632588
-32.197029
-32.349622
-3.509629
-5.340739
11.902219
22.431106
-15.869626
-15.411848
11.749627
20.752587
44.862211
27.771845
2.746666
0.915555
9.308146
-4.730369
-14.038515
-17.700736
-28.382215
10.528886
34.333325
-9.308146
-47.151099
9.460738
1.220740
-15.564441
39.826657
-33.875547
-57.222208
55.238505
69.582205
9.765924
-13.885922
1.373333
-10.223701
37.079991
-5.798517
-58.595541
-4.577777
-19.837032
-5.493332
2.594073
-23.651846
-20.599995
30.823696
32.197029
77.669610
50.050358
-16.785181
-22.583698
11.444442
-17.395551
-39.063694
-48.677025
-10.834071
36.927398
13.885922
-14.954070
26.856290
22.278513
-35.248880
6.408887
-0.305185
-38.758509
-6.561480
23.346661
13.428145
-24.719994
-59.205911
-48.066655
-41.352582
-39.521472
8.850368
20.447402
31.891844
25.482957
56.001468
61.037022
17.548144
25.788142
-12.665182
-34.333325
-31.586659
16.785181
13.275552
-20.752587
-1.678518
-90.792570
-131.382190
-22.431106
-9.613331
-21.515550
50.508136
74.770352
32.502214
33.265177
66.072576
28.687400
-26.398512
-50.965913
-62.257762
-30.060733
27.466660
33.875547
8.850368
45.625174
-12.512589
-41.199990
-22.888883
-1.068148
9.002961
37.842954
39.368879
5.951110
-34.638510
25.330364
-35.554065
221.259204
511.490243
78.737758
-18.616292
145.725890
-14.648885
-171.971809
-29.755548
-120.242933
-259.559936
-155.949591
-76.601462
-86.519979
-81.179239
-62.868133
-107.730344
-123.142192
-74.922944
-71.718501
-1.373333
94.149606
108.188121
16.785181
79.042943
95.980717
19.989625
24.567401
47.303692
16.022218
-46.693322
57.374801
70.192575
-15.106663
38.300731
62.715540
-59.968874
-20.752587
79.500721
-6.866665
-83.162942
24.872586
26.856290
-0.915555
122.379229
46.998507
-74.007389
-39.674064
-96.591087
-224.463648
-102.542197
57.222208
38.911101
143.589594
167.546625
18.768884
61.952577
64.394058
10.681479
48.524432
111.545157
67.445909
22.736291
124.057747
29.145178
-82.094794
-112.460713
-97.964420
-76.143685
-69.887390
-57.374801
-43.946656
-52.491839
-26.551105
-10.681479
-76.143685
-47.303692
4.425184
-24.109624
-25.788142
22.583698
-10.223701
-38.453324
6.256295
65.614799
30.976289
3.509629
18.311107
-0.915555
57.832578
80.874054
-6.866665
-63.020725
-73.702204
-74.770352
-75.685907
-1.373333
38.300731
-40.437027
-1.983703
73.854796
97.964420
86.825164
58.442948
21.362958
-24.872586
-23.651846
-38.605916
-9.613331
15.717033
-20.447402
-32.502214
-9.155553
25.025179
40.437027
31.586659
-39.216287
-52.186654
-81.026647
-75.380722
-3.204444
-32.044436
15.411848
1.068148
-15.106663
15.717033
-18.768884
-27.008882
-42.878508
-34.485917
-12.817775
-95.065162
-61.799985
-17.395551
2.594073
-21.362958
-38.605916
-41.199990
-90.639977
-27.008882
37.690361
83.468127
79.805906
7.934813
-37.690361
-10.071109
4.425184
-59.205911
-74.159982
5.188147
39.826657
81.942202
95.828124
86.214793
96.133309
47.914062
-1.831111
45.167396
43.336286
18.311107
12.665182
-27.924438
-10.834071
74.007389
61.952577
62.562947
76.448870
76.296277
125.736265
66.988132
12.359997
87.740719
113.376268
68.361465
57.374801
30.213326
-9.002961
-28.229623
-60.731837
-60.579244
-85.604423
-128.177746
-88.808867
-46.845914
-15.106663
60.884429
89.571830
42.268138
17.395551
47.608877
0.915555
-71.718501
-55.391097
-75.228129
-94.149606
-77.059240
-110.324417
-14.648885
-3.662221
-72.939241
-53.407394
-37.690361
-9.155553
-10.071109
-12.512589
-18.463699
-17.548144
5.188147
11.444442
5.798517
25.330364
-11.139256
-45.319989
0.305185
-26.093327
-37.232583
14.648885
5.493332
26.703697
32.349622
16.174811
-22.736291
-41.505175
-85.909608
-104.831085
-40.589620
10.834071
-14.496293
-64.241466
-47.303692
-40.742212
-36.469621
-30.518511
45.167396
93.539236
63.478503
47.914062
19.837032
-7.477035
28.992585
30.976289
22.431106
25.482957
28.534808
33.570362
37.079991
13.885922
23.804439
43.336286
-14.496293
68.208872
113.223676
39.674064
63.783688
61.494800
6.103702
44.557026
40.742212
24.262216
37.690361
6.408887
-15.717033
-11.902219
-27.008882
-80.263684
-102.694789
-130.466634
-160.069590
-77.974795
15.411848
21.057773
47.914062
96.133309
111.850343
57.069615
26.551105
25.025179
-5.645925
-31.281474
-33.722955
-54.322949
-52.186654
1.068148
-4.882962
-17.090366
1.220740
-8.087405
9.765924
-0.610370
-19.074069
43.336286
29.755548
-11.291849
-23.194068
10.223701
0.915555
-0.305185
101.779234
140.690335
95.217754
44.251841
-5.798517
-36.011843
-35.859250
-58.290356
-61.342207
-24.872586
0.305185
16.174811
40.742212
15.411848
0.152593
13.428145
2.136296
-39.063694
-81.484424
-61.952577
-36.469621
-63.478503
-95.675532
-87.282941
-90.182200
-99.795531
-54.017764
-29.602956
-38.758509
-28.077030
6.256295
1.068148
-30.213326
-5.798517
19.379254
-26.551105
-34.638510
47.303692
90.334792
56.154060
69.582205
86.672571
22.278513
-14.496293
-45.625174
-90.639977
-61.189614
-34.333325
-63.173318
-54.780727
23.651846
75.380722
66.072576
52.491839
56.611838
79.195536
87.740719
61.189614
78.737758
157.933294
145.420705
50.660728
9.460738
-8.545183
8.087405
80.263684
100.100716
57.374801
24.719994
11.139256
-23.041476
-69.429612
-100.711086
-108.645899
-56.917023
-15.564441
-7.934813
24.567401
52.491839
54.322949
77.059240
53.559987
-26.398512
-32.349622
17.853329
1.220740
-56.764430
-50.508136
-18.616292
-25.177772
-66.377761
-74.159982
-67.751094
-81.026647
-36.011843
46.235544
48.524432
43.183693
107.730344
126.957006
63.783688
31.891844
56.611838
54.017764
-21.820735
-63.783688
-22.125920
-45.930359
-78.585166
-40.437027
-59.511096
-134.128856
-124.057747
-32.807399
-12.665182
-46.845914
13.275552
97.354050
49.287395
-66.530354
-89.114052
-22.736291
-7.782220
-37.537768
-44.099248
-75.533315
-90.639977
-73.702204
-124.210340
-187.688842
-191.656249
-167.699218
-136.570336
-121.311081
-47.608877
99.185161
170.293291
127.414783
80.568869
92.928866
121.463674
86.367386
-4.730369
-83.468127
-124.515525
-129.703671
-131.839967
-143.437001
-124.820710
-78.127388
-35.096288
-5.340739
24.719994
101.474049
166.783662
174.413290
200.506617
215.765872
190.893286
143.131816
71.565908
80.416276
151.982184
155.491813
124.515525
96.438495
65.157021
47.456285
34.638510
26.703697
29.450363
68.208872
112.613305
103.152567
90.334792
107.730344
127.262191
117.648860
77.517018
60.579244
75.533315
72.634056
41.505175
27.924438
33.417769
10.681479
-26.856290
-36.622213
-16.937774
18.463699
22.736291
-20.447402
-49.439988
-91.708125
-152.745147
-169.225143
-186.468102
-215.308095
-199.591062
-147.404408
-101.931827
-77.059240
-34.180732
39.979249
74.312574
22.125920
-71.413316
-137.180707
-124.973302
-84.231090
-136.265151
-221.716982
-187.536250
-99.642938
-98.879975
-113.376268
-22.431106
97.811828
108.340714
43.946656
10.223701
-1.068148
9.765924
49.745173
11.444442
-47.303692
44.099248
147.099223
75.533315
-39.826657
-37.690361
-0.457778
-57.527393
-143.131816
-143.284409
-102.389604
-72.481463
14.954070
124.820710
146.031075
130.008857
129.703671
96.285902
67.598502
110.171824
128.940709
24.872586
-93.691829
-111.850343
-103.305160
-122.074044
-75.228129
38.911101
92.165903
65.462206
57.985171
101.168864
146.794038
190.740693
219.580686
164.189589
70.802945
44.862211
40.589620
-14.954070
-88.961459
-118.411822
-108.188121
-131.687375
-162.358478
-102.542197
-22.278513
-37.995546
-75.228129
-53.254802
-48.219247
-66.225169
-26.093327
25.482957
44.251841
95.217754
148.625148
124.210340
90.487385
116.885897
123.447377
42.268138
-55.085912
-81.331832
-78.585166
-80.263684
-23.346661
37.537768
27.161475
40.894805
115.665156
154.576258
110.782195
24.719994
-21.820735
-17.090366
-22.736291
-45.777766
-85.451831
-162.816256
-170.293291
-53.254802
29.908141
32.349622
56.764430
114.597009
136.570336
86.825164
46.693322
72.328871
84.994053
63.325910
30.823696
-18.005921
-18.463699
20.599995
-4.730369
-46.693322
-34.333325
-47.456285
-112.765898
-126.194043
-85.604423
-68.971835
-79.195536
-63.020725
10.071109
80.568869
129.551079
201.116987
217.139205
143.742187
90.487385
50.355543
-21.668143
-97.201457
-159.001442
-208.899207
-246.436976
-242.316977
-165.257737
-68.666650
-23.194068
0.305185
15.717033
-0.305185
-3.967406
19.837032
56.154060
92.471088
79.195536
58.442948
55.543690
-1.525926
-98.879975
-138.859225
-134.586633
-165.257737
-225.684388
-215.002910
-87.893312
22.278513
43.946656
74.312574
143.742187
175.634030
144.199964
99.185161
77.517018
60.426652
17.700736
-77.669610
-162.511071
-171.056254
-145.115520
-122.074044
-112.460713
-88.656274
-51.576283
-50.508136
-52.949616
-31.281474
-3.357036
32.807399
86.672571
104.983678
67.445909
78.585166
163.274034
185.705139
104.220715
58.442948
27.924438
-44.557026
-65.157021
-54.780727
-49.287395
-59.816281
-46.388137
38.605916
43.641471
46.540729
123.294784
95.675532
15.259255
1.678518
73.397019
116.122934
46.540729
30.060733
129.398486
188.299212
180.364400
149.540704
74.922944
43.336286
22.888883
-4.272592
-0.152593
-45.167396
-3.204444
45.167396
-23.194068
-35.859250
27.924438
128.025153
177.312549
208.899207
320.596957
453.962850
538.651718
616.321328
683.462052
654.774652
629.902066
561.235416
418.103600
298.013259
202.490320
134.434041
-2.746666
-152.439962
-250.099197
-361.949540
-480.513955
-548.265049
-565.202823
-592.822075
-603.808739
-585.955410
-512.405799
-404.370270
-307.931775
-228.736239
-205.847356
-191.808841
-201.269580
-273.751043
-350.962876
-396.893235
-419.629525
-459.761367
-507.675429
-534.989497
-513.016169
-473.494697
-457.625072
-430.005819
-383.617682
-306.711035
-266.274008
-253.761418
-218.512538
-168.462180
-106.204418
-91.402940
-86.672571
-58.900726
-29.145178
-10.223701
-25.940734
-36.469621
-23.651846
-5.645925
33.875547
84.841460
158.391072
243.995495
284.432522
274.056228
258.339195
262.154009
259.559936
269.173266
286.874003
296.945111
274.666598
241.706607
214.850317
146.488853
91.097755
30.823696
-69.734797
-68.361465
19.684440
77.517018
32.197029
-80.416276
-155.796998
-265.358453
-351.725839
-436.109521
-646.076877
-959.959762
-1411.328538
-1767.632154
-1491.439630
238.654756
2901.700020
4690.389946
4769.127704
4508.652213
4878.994344
4530.778134
2967.620004
1127.048609
-184.331806
-1340.067815
-2735.526728
-3636.433171
-3665.730941
-2969.908892
-2036.195050
-1548.509245
-1458.937415
-1188.543408
-600.299110
-312.967330
-451.368777
-414.441379
-118.869600
-87.588126
-327.005845
-172.429587
457.319886
1113.925649
1431.012978
1301.919677
955.992355
567.339118
162.358478
-467.085810
-1237.373026
-1717.734388
-1990.875061
-2306.131279
-2438.734209
-1916.409894
-1046.479740
-488.601360
-224.463648
65.614799
391.705088
482.955436
428.327301
391.399903
372.936204
394.909532
361.491762
288.094743
360.423614
580.462078
626.545030
290.994002
-120.700711
-314.951033
-422.681376
-558.793935
-603.656146
-450.453221
-198.980691
-11.444442
99.032568
219.122909
402.996937
526.291721
393.688791
94.607384
-91.708125
-133.976263
-200.048839
-274.819191
-234.839942
-95.522939
0.762963
41.047397
137.485892
302.896221
495.468025
613.422070
592.516890
540.330236
573.595413
603.350961
508.896170
352.641394
248.878457
138.859225
-103.152567
-361.796947
-497.756913
-519.577649
-491.042841
-500.503579
-448.774703
-303.964369
-157.628109
-97.659235
-159.916997
-168.156995
-206.610319
-364.391021
-693.227976
-1003.601232
-1329.538929
-1293.832271
394.604346
3133.182925
4859.767682
4439.832971
3510.544313
3842.890897
3707.846486
1947.996553
-219.885871
-1387.676692
-1844.843986
-2805.566711
-3586.993183
-3347.575465
-2247.840923
-1074.251585
-741.447223
-837.580533
-608.081330
-117.648860
-105.441455
-583.819114
-605.945035
-132.145152
73.854796
-110.019232
175.786623
1170.690080
2080.904668
2355.723859
1938.688407
1238.288581
490.737656
-337.229546
-1250.801171
-2144.535764
-2565.996400
-2627.643792
-2698.141552
-2609.485278
-1984.160989
-935.544953
-209.814763
29.450363
174.565883
366.832501
438.703595
301.828073
253.151048
419.629525
684.225015
876.644227
922.879771
1031.525670
1226.538955
1286.507829
956.602725
355.998430
-186.468102
-631.427991
-1068.147883
-1216.467846
-698.263530
-42.573323
224.311055
165.868107
140.385150
242.622162
119.937748
-93.844421
-327.463622
-475.020623
-356.303615
-185.399954
-31.739251
206.152541
584.429484
767.693143
544.145050
304.879924
274.514006
284.737707
197.759951
157.475516
204.626616
246.589568
220.954019
85.146646
-27.466660
-79.500721
-136.570336
-358.592504
-646.839839
-696.737605
-583.666522
-486.312472
-407.574714
-228.431054
10.528886
121.311081
165.410329
240.791051
305.337702
309.915479
179.143659
0.915555
-193.945137
-327.311030
-443.281371
-611.743552
-784.173139
-870.998302
-981.322719
-441.450261
1827.753620
4315.317447
4964.293582
3548.082082
2660.298598
3173.009582
2386.242370
181.127362
-1637.623297
-1870.632128
-1691.488469
-2497.482343
-2944.273343
-2233.955001
-780.510917
25.788142
-520.950982
-890.835334
-541.093199
-287.484373
-910.672366
-1429.487052
-599.993925
518.356908
812.860539
722.830932
1413.617427
2577.898619
2930.692605
2252.266107
1105.380466
130.314042
-820.947944
-1899.624713
-2738.578579
-3001.342958
-2645.802306
-2353.740156
-2187.566864
-1688.589210
-806.909429
2.594073
200.354024
113.986638
119.632563
225.074018
305.337702
295.571778
554.826529
1063.570106
1517.685549
1631.977372
1421.704832
1238.441174
943.937543
368.968797
-439.466558
-1167.485636
-1579.638126
-1828.058805
-1916.409894
-1760.460303
-1201.513776
-456.251739
62.257762
324.564364
748.008703
1627.552188
2121.189103
1975.920991
1624.652930
1341.135963
942.869395
110.171824
-471.358401
-766.777587
-968.352352
-1073.946400
-1211.737477
-1130.405645
-793.633877
-244.300680
122.684414
264.900675
642.414655
1033.356780
1095.461950
919.827920
909.909404
883.510892
512.405799
-33.265177
-548.722827
-874.355338
-1091.036766
-1198.156739
-1197.241184
-1018.707895
-602.893184
-240.333274
9.308146
294.503631
641.041322
811.487206
639.973174
410.321380
285.348077
147.557000
-102.084419
-412.610268
-603.350961
-686.819089
-736.106484
-841.090161
-915.707921
-891.140519
-496.078395
1379.284102
3645.741317
4420.606309
3251.289563
2121.494288
2825.251150
2775.048200
931.272361
-993.835309
-1285.287088
-540.940606
-1160.008601
-2235.633519
-2138.279469
-906.552367
-112.765898
-1124.912313
-2017.273573
-1581.774422
-833.918311
-1142.460457
-1805.627700
-748.161296
1137.119718
1834.620285
1322.367079
1405.682614
2629.169717
3080.843679
1972.106177
419.476933
-325.479919
-694.143531
-1685.842544
-2625.354903
-2619.098609
-1818.140289
-1483.199632
-1848.201022
-1785.638075
-1058.076774
-379.955461
-471.816179
-762.657588
-469.832476
92.623681
465.559884
578.173190
1004.516788
1757.866230
2145.146134
1902.981750
1299.325603
856.959787
383.312497
-334.788065
-1060.213070
-1531.571471
-1617.023302
-1578.264793
-1491.897407
-1293.527086
-816.217575
-120.853303
268.257711
263.832527
255.745122
604.113924
1523.331473
2259.590550
2312.845351
2036.500235
1569.414425
973.082721
-62.715540
-962.706428
-1372.570029
-1758.781785
-1953.489885
-1807.458810
-1229.133028
-460.676923
235.145127
785.546472
996.581975
1179.082670
1298.410048
1043.733074
675.527240
584.582077
605.945035
261.696231
-229.804387
-584.276892
-888.241261
-1175.878226
-1298.257455
-1203.497479
-1015.198266
-714.743526
-400.250271
-94.302199
334.788065
766.777587
921.659030
736.564261
552.232455
384.838423
39.521472
-332.193992
-603.503554
-805.383504
-980.407164
-1084.170101
-1029.084189
-798.059061
841.700532
3434.400628
4724.112901
3852.046451
2273.934250
2460.860129
2624.744533
914.181995
-1186.101928
-1761.375859
-671.102056
-618.915402
-1780.755113
-1980.193582
-705.282788
475.936178
-615.863551
-2197.332788
-1999.572837
-1048.463443
-1241.798210
-2246.925368
-1361.735958
1109.958243
2382.885334
1768.089931
1304.055972
2456.740130
3270.516225
2060.152081
75.991092
-761.131663
-674.001314
-1442.152234
-2621.387497
-2579.729730
-1316.568562
-676.442795
-1437.879643
-1937.162482
-1322.061894
-593.890223
-857.875342
-1434.980384
-1004.669380
48.829618
690.633903
752.433887
1175.420449
2196.569825
2662.434894
2094.180221
1152.989343
637.531693
186.315509
-682.393905
-1480.758151
-1706.900317
-1411.175946
-1164.281192
-1162.297489
-1050.141961
-639.057619
-58.595541
126.957006
-30.823696
-49.592580
861.232379
2301.248317
2422.406806
1964.018771
1649.678109
1377.147806
369.579167
-1056.703441
-1328.165596
-1520.127030
-1752.983268
-1606.952193
-1200.750813
-526.596906
63.173318
720.694636
764.793884
657.521318
1118.350833
1125.064906
632.953917
421.460636
795.922765
704.977603
52.644431
-335.551028
-744.804259
-1196.020444
-1429.487052
-1354.869293
-1241.798210
-890.835334
-277.260672
-63.936280
126.194043
614.642810
946.684209
710.013157
286.111040
184.942176
-144.199964
-524.613203
-679.036868
-751.365739
-723.441302
-595.110963
-473.799882
648.213172
3249.763637
5000.000239
4171.422668
1922.361004
1741.996604
2393.109035
773.644252
-1631.824780
-2245.552035
-733.054633
-118.106637
-1283.761163
-1742.912160
-726.187968
551.774678
-355.082875
-2315.134240
-2305.368316
-1066.469365
-942.716803
-2137.821691
-1514.786290
1373.027807
3028.657025
2233.955001
1286.813014
2102.572811
2881.710395
1571.855906
-458.845812
-1143.223420
-709.555379
-1174.352301
-2375.560891
-2343.516455
-921.811623
-178.380696
-1170.995265
-2024.598016
-1550.340356
-855.128676
-1134.830829
-1684.164026
-1037.629372
336.771768
1141.392309
1160.008601
1403.546318
2291.024616
2555.772698
1676.686991
575.121339
133.060708
-112.765898
-872.829413
-1492.812963
-1384.777434
-841.700532
-584.734670
-768.456105
-909.909404
-808.130170
-566.881341
-523.850240
-631.885769
-420.392488
189.062175
1002.990862
2153.080947
2950.987415
2969.908892
2297.586096
1250.801171
268.105119
-901.669406
-1565.141833
-1837.214358
-1997.894319
-1633.503298
-979.949386
-271.004377
92.165903
407.574714
664.235391
486.312472
444.807297
501.876912
488.753953
506.149504
727.103523
896.176074
598.773185
243.079940
-187.994027
-840.479791
-1368.907808
-1451.002603
-1274.605609
-1102.938985
-715.659081
-263.985120
119.632563
519.119871
791.344989
771.202771
467.848773
212.561429
-80.721461
-484.328769
-621.051698
-625.629474
-655.079837
-716.727229
-633.259102
-441.908038
1084.322694
3679.769456
4788.506959
3544.114675
1621.601079
1835.078063
2105.014292
368.053242
-1479.995188
-1587.878124
-73.244426
63.936280
-1201.818961
-1519.364067
-584.734670
128.482931
-1391.796691
-2910.550388
-2240.669073
-1010.620490
-1178.472300
-2037.873568
-622.119845
2165.898721
3063.753313
1937.162482
1206.091552
2043.672085
2244.941665
736.869447
-681.325757
-649.128728
-184.484399
-1000.244196
-1998.352096
-1563.921093
-373.546574
-453.810258
-1831.873619
-2432.935692
-1851.252873
-1324.350782
-1603.747750
-1586.199606
-389.873977
944.395321
1416.058908
1275.978942
1625.568485
2221.137226
1897.641010
892.666445
199.438469
169.682921
-33.875547
-655.232430
-902.127183
-644.093173
-335.245843
-494.857655
-926.236807
-1185.796742
-1205.633775
-1029.389374
-889.614594
-618.762809
-59.663689
639.667989
1182.439706
1938.993592
2865.382992
3033.692580
2267.220178
1028.626411
153.660703
-675.985017
-1435.743347
-1659.444032
-1623.432189
-1266.823389
-862.453119
-489.974693
-227.210314
-100.558494
114.749601
52.949616
73.549611
432.752485
781.884250
932.493102
984.221978
1133.152311
951.109393
431.531745
-190.740693
-854.518306
-1364.482624
-1544.389246
-1377.300399
-1130.405645
-746.330185
-276.802894
4.882962
243.537717
491.195434
607.165775
425.885820
137.333299
-52.797024
-413.373231
-637.073916
-636.158360
-561.235416
-540.025051
-493.789507
-277.413264
1124.759721
3581.805036
4736.930675
3598.285032
1613.208488
1590.777383
1914.121006
332.346584
-1409.497428
-1427.808534
60.884429
225.684388
-995.819012
-1294.900419
-533.463571
-98.422198
-1599.932936
-3016.449621
-2294.686837
-1007.110861
-1075.014548
-1834.162507
-515.762835
2141.941690
2990.966664
1856.746205
1117.130093
1796.624739
1873.683979
474.257660
-629.444288
-272.377710
300.302148
-515.610242
-1591.235160
-1332.438188
-379.955461
-680.257609
-2123.630584
-2718.283769
-2132.786137
-1570.177388
-1675.466250
-1410.870761
-117.954045
1096.072320
1384.167064
1114.078242
1345.561147
1800.286960
1419.721129
578.325782
209.967355
492.873952
507.217652
1.831111
-263.069564
-174.260697
-142.674039
-576.494672
-1166.112303
-1529.892953
-1507.004070
-1073.183437
-711.233897
-293.282890
490.737656
1423.993720
1778.466225
1475.417411
1232.032287
1081.118250
555.131714
-124.668117
-428.174708
-442.518409
-445.875445
-421.765821
-335.093250
-301.065110
-296.029556
-273.445858
-348.216210
-364.543613
-59.663689
306.405850
482.345065
621.509475
838.801273
851.619048
548.570234
208.899207
-122.074044
-486.465064
-741.142038
-833.918311
-821.710907
-717.185007
-505.386541
-328.379178
-251.472530
-127.262191
-22.583698
-1.983703
57.069615
153.508110
152.439962
10.834071
-133.060708
-290.078446
-498.977654
-513.473947
-482.802843
-489.059138
-378.887313
1475.417411
4074.831580
4728.995862
3131.657000
1300.241159
1748.558084
1781.670669
-6.561480
-1531.113694
-1126.438239
563.829490
244.605865
-1205.023404
-1341.898926
-378.734721
-317.697699
-2388.989036
-3360.545832
-2001.251355
-698.721308
-1173.284153
-1771.904745
122.989599
2533.799371
2624.134163
1146.122678
797.296098
1751.152158
1509.140366
73.244426
-451.673962
571.916895
999.481233
-299.386592
-1365.398179
-965.300501
-326.548067
-1299.173011
-2769.402275
-2875.606693
-2056.184674
-1606.799601
-1763.969932
-1141.697494
292.367335
1124.759721
897.701999
542.161347
1034.882706
1448.561122
991.851605
444.654704
634.632435
1199.224887
1070.894549
526.596906
249.336234
155.644406
-200.506617
-904.110887
-1424.604091
-1601.916639
-1486.404075
-1285.897458
-997.650123
-441.602853
231.330313
693.685754
1228.827843
1888.332864
1986.449877
1490.218889
788.750915
384.991015
-4.882962
-366.679909
-377.056203
-432.599893
-433.820633
-388.195459
-468.916921
-646.229469
-694.906494
-481.887288
-442.518409
-248.268086
345.774729
738.090187
751.518332
770.134624
862.453119
576.799857
147.404408
-102.084419
-417.951007
-764.183514
-848.719789
-759.910922
-745.567222
-603.045776
-434.125818
-491.195434
-405.438418
-82.857757
128.940709
57.527393
50.202950
86.062201
-173.192550
-371.562871
-286.111040
-185.399954
-189.977731
-147.862185
231.482905
2213.812783
4403.821128
4508.041843
2392.803850
743.888704
1458.327045
1258.888576
-389.721385
-1232.795249
-183.263658
1126.743424
254.829566
-1027.558263
-1191.442667
-708.182046
-1222.876733
-3068.178497
-3296.151774
-1570.635165
-298.928815
-910.824959
-1210.516736
733.970188
2380.443853
1703.848466
298.471037
489.516915
1378.521139
988.952347
96.896272
359.508059
1546.678134
1447.492974
-140.995521
-1205.633775
-901.211628
-643.940581
-1803.186219
-2833.338555
-2499.008268
-1630.451447
-1441.999642
-1667.684030
-978.576053
84.231090
377.971758
-108.340714
-242.011792
527.817647
1031.525670
867.030896
787.835360
1317.941895
1772.209930
1374.858918
755.333146
434.888781
225.379203
-249.031049
-809.350910
-1070.894549
-1091.036766
-969.115315
-930.356806
-849.940530
-572.222080
-219.275501
16.022218
604.419109
1319.010043
1401.715207
951.719764
473.647290
360.728799
92.013310
-95.980717
-16.937774
-42.268138
-18.463699
-64.851836
-211.645873
-435.041373
-442.976186
-337.687324
-469.832476
-211.645873
372.631019
591.906520
418.713970
412.152490
512.100614
220.801427
-74.007389
-188.451805
-394.604346
-599.841332
-597.705037
-590.990964
-646.992432
-477.462104
-386.059163
-526.596906
-446.638408
-18.768884
182.653288
-6.103702
-36.469621
0.915555
-129.856264
-243.995495
-139.011817
-21.820735
23.957031
181.737733
1744.285493
3966.185681
4493.698143
2695.242293
554.826529
893.276815
1360.515218
229.041425
-769.676846
-55.085912
1473.586301
848.872382
-846.430901
-1432.538903
-1008.789379
-1200.903405
-2893.917800
-3379.467309
-1643.574407
59.511096
-368.663612
-1320.993746
-178.228104
1371.959659
948.820505
-419.629525
-169.072551
1168.706376
1324.350782
598.467999
708.182046
1870.326943
1922.208411
305.032517
-1089.816026
-998.107900
-439.008780
-1120.181944
-2023.529868
-1818.445474
-1119.266389
-1238.746359
-1956.999514
-1739.555123
-872.371635
-541.703569
-894.497556
-836.359792
136.417744
865.352378
817.896093
662.251687
1069.368623
1493.881110
1236.152286
826.746461
754.722775
864.742007
635.242805
281.838449
138.401447
77.822203
-153.355517
-686.513904
-994.750864
-865.199785
-489.974693
-280.465116
-288.552521
-188.451805
-83.468127
-166.173292
-307.931775
-187.688842
134.586633
273.903636
244.148088
309.610293
488.753953
480.056177
293.893260
189.062175
237.891793
298.165852
274.208821
240.028089
194.097730
130.466634
-17.853329
-238.959941
-342.417693
-287.026595
-253.456233
-364.391021
-424.054709
-381.481387
-424.665080
-562.913934
-557.573195
-425.733228
-341.654730
-277.871042
-148.777741
-27.161475
-46.082952
-137.485892
-191.808841
-221.869575
-43.488878
149.845889
302.133258
334.025102
1182.439706
3371.837681
4375.896691
3169.805139
846.888679
411.847305
1329.691522
853.755343
-55.848875
42.573323
1396.984838
1420.331499
-400.860641
-1564.684056
-1406.445577
-1033.509373
-2205.420193
-3208.868833
-2051.149120
-164.342181
-19.226662
-1331.675225
-1204.413034
128.025153
376.293240
-625.934659
-648.365765
843.379050
1645.405517
1123.691573
641.651692
1343.272259
1811.121032
751.976110
-583.971707
-772.270919
9.308146
-41.199990
-842.768680
-1083.712323
-797.448691
-962.248650
-1899.929898
-2205.877971
-1558.275168
-972.624944
-1039.613075
-1157.109342
-554.979121
63.325910
124.210340
-74.159982
155.491813
689.718347
919.827920
998.107900
1144.596753
1375.316695
1322.824857
950.499023
569.170229
276.802894
303.811776
324.564364
204.168838
111.545157
-32.044436
-254.371789
-684.377608
-897.091629
-841.853124
-847.956826
-770.744994
-504.318393
-194.250322
-122.837007
-152.134777
-90.334792
-12.512589
79.042943
280.770301
562.913934
778.984992
869.624969
742.362779
518.204316
376.903610
246.284383
50.813321
-128.940709
-107.577751
-82.552572
-257.576232
-437.788039
-481.887288
-500.808764
-631.580584
-713.827971
-592.516890
-379.497684
-297.555482
-352.336209
-365.153983
-282.601411
-258.644380
-386.059163
-370.036945
-205.236986
31.586659
159.764405
298.928815
475.630993
1069.826401
2945.036305
4100.772315
3224.585866
1068.605660
365.611761
1434.522607
1430.097423
725.577598
601.214665
1508.835181
1521.958140
-194.402915
-1461.073711
-1443.830752
-931.119769
-1692.251431
-2713.400807
-1971.800992
-376.293240
-238.502163
-1632.282558
-1899.166936
-904.721257
-502.487283
-1030.610114
-707.876861
826.593869
1573.229239
1032.593818
360.423614
761.894626
1255.531540
715.201304
-34.028140
33.112584
861.995341
862.605712
38.148139
-431.989522
-463.423589
-833.460534
-1758.934378
-1978.362472
-1322.367079
-748.008703
-886.562743
-1179.082670
-997.650123
-823.236833
-927.915325
-1054.261960
-669.270945
-31.281474
383.007312
628.528733
819.116834
1064.180476
1075.167140
906.552367
738.700557
708.792417
898.159777
931.882731
854.518306
625.934659
877.559782
1179.845633
424.359895
-524.765796
-954.924207
-750.450184
-858.790898
-802.942023
-233.619201
-285.805855
-727.256116
-900.601258
-719.168710
-663.777613
-361.644355
210.577725
320.291772
377.971758
812.860539
915.860513
372.631019
277.871042
469.374698
229.346610
99.948123
424.359895
432.142115
-205.084394
-382.396942
-351.725839
-601.519851
-489.822101
-98.269605
-121.921451
-496.536173
-462.813218
-435.346559
-660.267984
-571.916895
-299.691777
-400.708049
-545.976161
-282.143634
-186.773287
-276.650302
-32.654807
316.782144
596.179111
2073.122448
3680.990197
3288.369554
1262.093020
310.831034
1442.152234
1968.901733
1429.487052
1170.537487
1765.495858
1926.328410
439.008780
-1028.931596
-1073.183437
-397.961383
-931.119769
-2170.629090
-1859.492871
-463.576181
-382.091757
-1828.058805
-2384.563852
-1669.820326
-1241.798210
-1543.931468
-1189.916741
199.591062
974.608647
452.284332
-391.247310
-108.798491
723.593894
731.833892
322.428068
534.989497
1305.429305
1256.599688
476.241363
111.697750
176.091808
-111.850343
-776.848696
-895.107926
-433.210263
-164.952552
-554.216159
-1113.467872
-1338.694482
-1376.232251
-1415.601130
-1368.602623
-945.158284
-516.830983
-372.325833
-385.906571
-296.945111
-86.825164
18.158514
201.727357
472.426549
811.639798
1098.666394
1234.473767
1226.081177
1031.373077
983.916793
1403.241133
1512.649995
1044.648629
417.645822
48.829618
-171.056254
-410.626565
-281.838449
-271.462155
-632.953917
-867.336081
-840.174606
-898.159777
-917.081254
-588.702076
-343.943618
-387.737681
-175.634030
314.340663
414.288786
313.730292
352.336209
208.899207
49.287395
219.580686
436.262114
213.019206
18.768884
108.035529
-76.754055
-256.965862
3.967406
209.356985
-58.290356
-239.112533
-144.810334
-242.774755
-352.641394
-227.820684
-228.431054
-486.922842
-524.460610
-421.460636
-565.660600
-552.537641
-279.396968
-94.759976
-86.519979
1114.841205
2782.677827
2704.092662
1078.829362
-92.623681
859.706453
1956.083959
1922.055819
1615.802562
1928.006928
2212.439450
998.107900
-484.939139
-542.771717
376.445832
205.084394
-1055.177516
-1299.630788
-265.663638
-23.651846
-1494.491481
-2461.317907
-1986.602469
-1342.967074
-1592.455901
-1609.241082
-505.844319
139.774780
-493.636914
-1419.721129
-1112.247131
-60.579244
343.333248
221.564389
362.865095
905.484220
913.876810
325.937697
30.365918
396.588050
639.210212
302.438443
107.425159
389.873977
574.053191
5.493332
-647.145024
-814.233872
-744.041297
-740.073890
-762.504996
-552.079863
-511.490243
-734.733151
-1030.304929
-1127.201201
-921.201253
-600.146518
-278.023635
-87.893312
84.994053
234.839942
301.980666
285.805855
400.708049
773.644252
1658.681069
1858.882501
1142.155272
643.940581
560.625046
538.041348
237.739200
516.830983
737.479817
194.555507
-275.124376
-336.008805
-512.558391
-778.222029
-568.407266
-402.081382
-493.942100
-261.391046
149.235518
-116.733304
-468.306550
-215.765872
-251.777715
-433.210263
-92.776273
336.161398
11.444442
-347.605840
-140.537743
-206.610319
-314.798440
139.927373
442.823594
62.105170
-67.140724
196.996988
81.942202
-110.782195
162.205886
314.188070
-101.626641
-196.691803
-52.644431
-277.871042
-373.241389
-125.125895
-35.096288
-323.953994
443.739149
2039.246901
2183.904643
823.389425
-405.591010
102.999974
1288.186347
1719.107721
1577.044053
1617.175895
1796.472146
996.581975
-302.133258
-478.072474
626.392437
967.741982
-40.742212
-672.017611
-101.474049
199.285876
-950.193838
-1865.138796
-1533.097397
-933.103472
-1131.321200
-1391.338914
-752.433887
-311.136219
-904.873849
-1747.947714
-1529.587768
-563.524304
-14.191108
-58.442948
-86.214793
122.379229
36.011843
-323.496216
-373.546574
251.777715
786.614619
596.331704
255.439937
315.561403
476.088771
117.648860
-246.589568
-139.011817
65.462206
13.428145
-99.032568
-83.162942
-241.401422
-563.066527
-802.026467
-777.306474
-601.367258
-293.435483
-96.591087
-48.524432
-106.814788
-357.371763
-386.516941
-179.754029
382.244349
692.465013
519.119871
433.668040
424.207302
385.753978
240.180681
298.471037
510.269503
559.251713
415.814712
295.724371
210.272540
80.416276
-43.641471
-162.358478
-38.605916
155.796998
235.297719
92.471088
-112.460713
-146.031075
-231.177720
-300.759925
-230.414758
-76.296277
-102.389604
-316.171773
-454.725813
-414.593971
-319.986587
-294.808816
-244.148088
-186.315509
-87.588126
-92.013310
-119.479970
-10.986664
85.299238
70.955538
-41.047397
-59.816281
-20.294810
-33.722955
-0.305185
56.154060
137.943669
170.293291
770.897586
1864.833611
2048.555047
907.773108
-288.705113
181.432548
1456.190749
1795.098813
1401.867800
1420.941869
1590.167012
775.780548
-353.862134
-294.808816
790.582026
1025.879745
66.377761
-572.985043
-215.002910
-49.439988
-969.878278
-1628.162559
-1185.644150
-605.945035
-913.419032
-1336.100409
-940.122729
-623.035401
-1184.881187
-1827.448435
-1419.873721
-461.897663
-80.568869
-338.602879
-474.257660
-302.285851
-378.429536
-608.539108
-420.087303
324.259179
777.916844
515.152465
178.533289
219.275501
338.755471
150.151074
52.797024
285.653262
499.282839
362.712502
67.751094
-80.263684
-176.702178
-328.989548
-434.125818
-260.017713
13.122960
48.829618
-199.591062
-383.617682
-329.294733
-325.479919
-386.211756
-261.543639
61.952577
182.653288
-11.291849
-182.348103
-148.014778
-22.278513
58.290356
159.764405
308.999923
424.359895
350.047320
153.355517
104.831085
265.968823
396.893235
355.693245
348.521395
397.198420
298.165852
51.881469
-60.884429
24.414809
97.354050
47.761470
-78.737758
-142.979224
-180.822177
-261.238454
-374.004352
-368.968797
-239.570311
-217.596983
-309.457701
-323.648808
-214.392539
-173.039957
-258.644380
-238.654756
-135.197003
-126.346635
-152.439962
-146.183667
-54.322949
-19.531847
33.722955
149.388111
604.571702
1428.418904
1812.646957
1230.353768
283.974744
317.697699
1181.524151
1735.740310
1655.934403
1535.844063
1460.463341
907.162738
182.958473
78.737758
692.922791
1058.992330
603.808739
-68.971835
-237.891793
-162.663663
-593.279853
-1134.067866
-1060.823440
-654.164282
-745.567222
-1163.518229
-1180.150818
-1020.691598
-1246.223394
-1641.438111
-1499.679627
-929.441251
-556.810232
-621.509475
-803.552393
-809.808688
-775.933141
-752.433887
-571.611710
-58.595541
383.617682
329.142140
27.924438
-16.632588
182.042918
261.696231
326.548067
544.297643
711.386490
582.445781
309.610293
183.721436
155.491813
189.825138
243.079940
296.334741
292.519927
189.214768
-35.248880
-304.116961
-353.404357
-234.687349
-182.805881
-257.118455
-251.930308
-244.148088
-405.591010
-552.232455
-441.908038
-215.308095
-126.041450
-95.980717
-41.199990
-5.645925
-18.768884
17.090366
134.281448
287.636966
418.561378
409.253232
313.425107
292.825112
352.488801
341.196952
307.168813
372.631019
394.604346
234.534757
18.921477
-57.679986
-79.348128
-115.207379
-131.839967
-119.785155
-112.765898
-171.208846
-280.770301
-380.108054
-361.796947
-253.151048
-251.319938
-318.765847
-333.719917
-323.038438
-345.011766
-345.316951
-236.976237
-107.272566
-32.807399
120.242933
709.250194
1309.396712
1327.860411
679.647239
236.518460
730.918337
1471.907783
1770.989190
1647.846998
1564.073686
1358.989292
758.995367
329.599918
617.847254
1219.977475
1207.770070
583.666522
54.628135
-38.605916
-209.967355
-592.516890
-689.260570
-460.676923
-398.266568
-847.346456
-1202.429331
-1174.962671
-1164.433785
-1406.292984
-1550.187763
-1254.921170
-897.549407
-866.725711
-1084.933064
-1179.845633
-1122.318240
-1048.158258
-930.814584
-613.727255
-184.026621
-53.712579
-232.551053
-377.819165
-222.785130
56.154060
249.641419
430.158412
572.374673
576.952449
426.801375
303.659184
320.902143
487.075435
690.023532
741.752408
642.414655
489.211730
345.164359
121.158488
-23.651846
69.124427
182.653288
73.702204
-129.551079
-220.343649
-341.349545
-525.528758
-557.573195
-388.653237
-271.462155
-280.007338
-298.471037
-320.749550
-339.213249
-293.893260
-181.127362
-46.388137
135.502189
256.355492
199.438469
106.814788
168.004403
275.582154
274.208821
321.054735
435.651744
430.463597
289.773261
197.302173
180.516992
141.758483
121.311081
99.032568
33.417769
-50.050358
-93.234051
-142.979224
-190.893286
-137.638484
-102.694789
-170.445884
-292.672520
-365.611761
-415.509526
-444.807297
-394.146569
-330.362881
-305.795480
-222.174760
-98.117013
175.481438
706.656121
1103.549356
904.110887
261.238454
220.496242
944.853099
1556.138873
1595.660344
1448.408529
1410.718168
1116.672315
584.429484
481.734695
1025.421968
1471.602597
1173.131560
473.189512
126.957006
155.949591
-19.989625
-350.505098
-353.556949
-120.242933
-293.893260
-877.559782
-1135.441199
-977.355313
-1005.432343
-1343.577444
-1437.879643
-1137.424903
-937.681249
-1117.587871
-1340.525593
-1311.533008
-1176.183412
-1108.127132
-1015.656044
-696.890197
-376.903610
-402.996937
-640.583545
-665.913909
-347.605840
-39.368879
127.414783
292.519927
432.905078
374.309537
202.032542
193.029582
394.299161
581.988004
698.110938
838.038310
833.002756
612.201329
352.946579
306.253257
394.451754
430.768782
419.324340
297.250297
44.404433
-186.620694
-261.391046
-253.151048
-226.142166
-169.530328
-197.149581
-368.205834
-485.244324
-406.201381
-318.765847
-277.260672
-173.039957
-67.293317
-81.637017
-118.869600
-46.082952
22.583698
62.562947
157.933294
243.995495
228.431054
210.882911
220.343649
159.764405
117.191082
199.743654
301.370296
273.751043
230.262165
200.048839
72.328871
-65.767391
-51.728876
22.736291
24.262216
18.311107
-12.817775
-147.404408
-318.002884
-361.186577
-322.733253
-327.768807
-332.651769
-284.127337
-300.302148
-333.262139
-294.198445
58.900726
716.574637
1056.093071
688.039829
13.428145
100.558494
888.241261
1379.131509
1328.165596
1317.331525
1428.571497
1049.226406
392.315458
398.724345
1149.021937
1551.408504
1098.513801
469.679883
318.002884
371.562871
72.634056
-219.885871
-55.391097
203.558468
-115.512564
-780.816102
-942.106433
-716.879822
-809.808688
-1224.860436
-1278.725608
-951.567171
-889.919779
-1223.181918
-1434.064829
-1315.653007
-1232.642657
-1276.131535
-1184.118224
-816.370168
-538.499125
-630.817621
-843.836827
-812.250169
-529.496165
-301.675481
-149.845889
62.868133
253.456233
214.697724
47.914062
74.312574
291.909557
514.999872
655.232430
711.233897
651.112431
488.143582
437.330262
530.564313
643.635396
688.039829
601.977628
403.149529
200.964395
129.551079
113.223676
51.271098
17.242959
23.957031
-98.269605
-296.792519
-328.836955
-244.758458
-238.349570
-282.296226
-211.493281
-126.499228
-154.728850
-183.721436
-137.028114
-61.799985
21.057773
91.555533
97.811828
83.620720
101.931827
76.448870
-4.882962
42.725915
219.733279
277.871042
180.211807
127.872561
145.878482
122.074044
100.863679
131.229597
153.202925
96.438495
32.349622
-30.213326
-74.465167
-71.260723
-84.841460
-147.404408
-220.648834
-224.921426
-246.436976
-315.561403
-312.662145
-271.462155
-291.299187
-359.660651
-182.958473
478.072474
1048.921221
910.214589
160.374775
-200.659209
316.629551
997.650123
1239.356729
1295.510789
1439.100383
1228.980435
487.990990
45.472581
600.451703
1415.601130
1431.775941
797.753876
365.764354
332.651769
129.398486
-181.737733
-51.271098
362.865095
317.697699
-365.611761
-861.537564
-763.267959
-622.577623
-867.793859
-1097.445653
-940.580507
-778.069436
-1030.152337
-1393.322617
-1372.875215
-1154.210084
-1121.707870
-1215.399698
-1072.725659
-739.616113
-667.897612
-890.530149
-1002.685677
-776.696103
-489.822101
-357.066578
-212.256244
5.951110
88.045904
-54.780727
-164.952552
-5.035554
294.503631
482.650250
500.961357
475.020623
455.793961
437.940632
399.487308
457.625072
608.386516
802.636838
1071.352326
916.623476
364.848798
-66.225169
-5.645925
283.364374
414.288786
537.125793
458.388034
-92.928866
-608.691701
-515.915427
-167.394032
52.644431
168.156995
155.644406
-166.325885
-481.124325
-306.863627
-1.220740
121.463674
210.882911
177.312549
-82.552572
-256.202899
-120.548118
18.616292
-7.629628
60.274059
130.924412
-33.265177
-104.831085
78.279981
124.515525
-10.681479
-19.989625
86.825164
54.017764
15.411848
97.048865
55.238505
-79.042943
-80.416276
-32.044436
-79.042943
-97.354050
-51.423691
-155.339221
-306.863627
-254.066604
-121.005896
-170.598476
-197.149581
-210.577725
-50.813321
513.168761
1006.042713
814.996835
-5.645925
-124.668117
577.562819
989.104939
941.496062
1132.847126
1444.898900
1002.075307
122.531821
-31.434066
719.016118
1308.023379
1196.020444
737.632409
396.740642
253.151048
-65.462206
-274.208821
25.482957
542.008754
425.733228
-390.026570
-829.340535
-646.382062
-602.282813
-888.546446
-884.273854
-594.805778
-640.278359
-1078.829362
-1316.568562
-1175.420449
-1059.297515
-1076.235288
-1137.119718
-1043.122704
-842.158309
-781.273880
-896.939036
-963.927168
-754.264998
-525.070981
-496.383580
-442.823594
-198.980691
-52.186654
-165.257737
-236.823645
-100.863679
135.807374
285.500670
399.334716
438.093225
410.016194
374.309537
370.342130
401.318419
737.937594
1233.100434
1055.940478
422.376191
81.484424
285.500670
382.091757
390.484347
736.411669
793.176099
107.882936
-438.093225
-224.463648
88.961459
131.839967
204.016246
299.386592
-1.525926
-332.041399
-200.048839
20.294810
129.703671
184.789584
73.397019
-210.882911
-263.374749
-51.423691
-40.589620
-155.949591
-29.908141
49.134803
-209.356985
-255.745122
32.959992
106.509603
-99.337753
-124.057747
58.900726
69.887390
51.271098
144.962927
126.804413
-8.087405
-23.194068
6.866665
-30.365918
30.976289
123.294784
-0.762963
-200.048839
-136.265151
-4.272592
-81.942202
-103.610345
19.837032
-25.025179
-228.888832
-294.045853
187.383657
776.848696
955.381985
519.119871
-132.908115
-101.931827
411.542120
726.493153
775.170178
1051.667887
1238.746359
667.134649
-172.429587
-135.044411
644.245766
1025.269375
851.466455
620.288735
500.045802
186.925879
-238.654756
-255.287344
135.197003
487.075435
296.182149
-262.001416
-575.579116
-510.269503
-523.697648
-724.509450
-701.467974
-475.630993
-556.352454
-1006.805676
-1193.426370
-1009.857527
-895.565703
-989.562717
-1042.359741
-913.113847
-825.830906
-852.229418
-881.679781
-819.422019
-696.127234
-631.733176
-648.213172
-580.156893
-341.654730
-157.475516
-155.949591
-186.315509
-73.397019
60.121467
89.266644
196.996988
408.490269
552.079863
492.263581
413.831008
465.102107
542.313939
562.608749
548.875419
581.225041
569.475414
477.919881
384.075460
384.533238
409.100639
368.968797
293.740668
258.796973
263.832527
213.629577
157.628109
152.287370
171.514031
134.586633
40.742212
-5.645925
11.749627
4.882962
-61.189614
-107.272566
-97.659235
-83.468127
-113.528861
-117.038489
-64.546651
-33.417769
-62.105170
-104.678493
-74.617759
-5.798517
52.339246
90.945163
137.638484
163.579219
124.057747
61.952577
65.614799
120.548118
130.619227
98.727383
86.977756
82.247387
59.663689
28.687400
24.567401
32.807399
10.223701
-19.989625
-34.638510
-36.927398
-61.189614
-109.561454
-190.893286
-226.752536
-273.903636
-59.968874
390.484347
662.556872
419.782118
-121.921451
-214.239947
29.297771
219.733279
335.093250
677.205758
989.410125
726.340560
100.711086
-159.001442
189.519953
551.164308
639.667989
603.656146
632.038362
514.999872
72.023686
-230.872535
-96.133309
266.884378
303.811776
3.509629
-188.146620
-218.665131
-359.508059
-628.223548
-672.627981
-510.116910
-475.173215
-706.961306
-881.527188
-816.980538
-738.395372
-795.464988
-942.411618
-960.112354
-878.780522
-832.239793
-837.427940
-769.524253
-608.539108
-544.145050
-628.681325
-686.361311
-549.333197
-344.401396
-202.490320
-102.542197
-8.545183
54.170357
51.118506
59.663689
154.423665
343.180655
520.493204
589.007261
560.014676
524.918388
508.438392
454.573220
447.553963
522.934685
599.993925
578.020597
498.519876
448.469518
405.438418
336.466583
293.893260
288.399928
266.121415
221.869575
167.699218
118.869600
60.121467
7.324443
-5.951110
2.594073
5.340739
-7.171850
-33.875547
-55.696282
-55.696282
-52.186654
-38.758509
1.525926
45.930359
57.374801
24.109624
33.417769
86.062201
108.951084
110.477010
135.959966
168.614773
149.082926
109.561454
98.422198
117.801452
104.373307
70.650353
48.066655
29.297771
16.632588
1.525926
-24.109624
-41.657767
-53.865172
-64.699243
-79.653314
-117.801452
-139.927373
-155.644406
-164.342181
-188.909583
-204.321431
-228.125869
-257.118455
-316.324366
-299.691777
-21.668143
277.413264
338.602879
71.871093
-92.623681
20.142217
107.119973
121.005896
273.598451
641.499100
758.995367
464.186551
151.829592
183.568843
371.715463
411.084342
394.756939
451.521369
536.515422
380.871017
92.013310
-19.226662
90.792570
177.770326
16.785181
-148.930333
-155.339221
-157.780702
-309.457701
-454.725813
-438.398410
-422.223599
-566.576156
-757.469441
-763.115366
-666.676871
-621.204290
-680.410201
-751.823517
-760.673885
-777.611659
-786.004249
-728.476856
-558.641343
-410.168787
-392.773236
-424.512487
-409.405824
-345.164359
-286.568818
-173.039957
-23.804439
92.471088
141.300706
162.816256
198.217729
239.875496
310.068071
364.238428
386.211756
393.993976
426.191005
426.648783
385.906571
373.393981
373.851759
345.622136
288.094743
279.244375
296.945111
278.176227
246.742161
238.044385
207.525874
152.287370
132.908115
151.066629
174.565883
160.069590
137.943669
117.343675
101.474049
101.931827
106.814788
114.139231
128.788116
139.774780
118.106637
96.133309
100.253308
117.343675
121.768859
111.850343
114.597009
120.853303
114.749601
94.149606
74.312574
60.426652
49.439988
38.911101
21.973328
16.632588
6.714072
-23.499253
-67.903687
-102.542197
-102.999974
-86.519979
-83.315535
-93.844421
-103.610345
-109.408862
-115.207379
-136.417744
-140.385150
-128.940709
-121.463674
-134.586633
-152.592555
-153.050332
-140.232558
-159.459220
-195.013285
-192.114026
-152.134777
-3.051851
166.478477
242.469569
143.742187
-6.561480
9.918516
77.974795
102.237012
150.456259
311.899182
433.820633
354.167319
210.425133
197.302173
296.945111
352.793986
334.330287
264.290305
200.811802
165.257737
116.580712
62.562947
33.417769
47.914062
-14.648885
-184.636991
-299.234000
-283.059189
-234.229571
-279.091783
-337.534731
-365.764354
-439.008780
-560.014676
-614.642810
-532.242831
-438.703595
-429.700634
-477.614696
-504.776171
-500.503579
-486.159879
-449.537666
-376.140647
-295.114001
-256.508084
-262.459194
-263.832527
-207.983652
-128.635524
-59.816281
-22.583698
12.512589
50.813321
74.617759
109.408862
162.816256
217.902168
224.158463
208.288837
210.119948
242.774755
265.205860
267.952526
269.936229
262.459194
265.816230
260.628083
278.023635
302.896221
305.490294
288.094743
256.202899
247.199939
242.622162
231.177720
231.788091
241.706607
229.194017
195.623655
171.819217
174.260697
181.279955
159.611812
128.635524
114.749601
97.964420
80.568869
69.124427
71.871093
84.536275
59.053319
20.447402
-1.525926
8.545183
24.109624
10.681479
-0.762963
1.373333
6.408887
-16.022218
-42.420730
-41.352582
-26.551105
-32.502214
-57.374801
-63.631095
-63.325910
-77.059240
-90.487385
-81.637017
-73.549611
-83.162942
-86.977756
-77.059240
-79.500721
-96.438495
-121.005896
-138.248855
-135.959966
-122.531821
-121.921451
-139.622188
-148.625148
-154.576258
-172.582179
-180.669585
-146.031075
-105.288863
-114.291823
-144.962927
-124.210340
-30.213326
79.958499
128.788116
109.103677
75.685907
64.546651
72.328871
82.094794
125.736265
212.561429
272.072525
253.151048
193.334767
169.835513
169.988106
153.050332
140.079965
159.306627
174.718475
151.524407
111.392565
90.334792
76.296277
36.774806
-18.921477
-73.854796
-97.659235
-108.798491
-126.041450
-149.540704
-176.396993
-206.457726
-257.118455
-301.065110
-324.716956
-321.359920
-325.632512
-344.401396
-356.151023
-350.352506
-330.668066
-323.038438
-297.097704
-254.829566
-222.174760
-209.662170
-191.656249
-149.845889
-109.561454
-72.634056
-36.469621
-6.714072
9.308146
28.992585
61.189614
89.724422
108.493306
121.921451
135.197003
145.268112
152.439962
171.666624
198.217729
215.002910
211.951058
197.912543
194.555507
192.571804
192.876989
194.555507
198.828099
197.149581
180.516992
161.137738
144.352557
145.725890
152.745147
149.540704
137.028114
129.093301
118.259230
101.321456
101.931827
117.648860
127.719968
111.392565
89.114052
76.906648
70.802945
68.514057
64.394058
63.936280
63.783688
57.527393
44.251841
28.534808
14.496293
1.831111
-6.408887
-14.343700
-21.973328
-24.872586
-25.025179
-40.131842
-68.666650
-83.468127
-86.367386
-90.182200
-94.759976
-86.672571
-74.312574
-77.364425
-86.672571
-96.591087
-105.136270
-106.509603
-95.370347
-83.010350
-80.416276
-79.195536
-85.299238
-105.441455
-124.210340
-111.392565
-80.568869
-66.988132
-67.293317
-70.345168
-74.007389
-80.568869
-80.721461
-74.465167
-64.088873
-35.554065
5.798517
42.573323
57.985171
69.429612
81.179239
79.500721
65.462206
62.410355
96.743680
132.908115
132.450337
109.256269
95.828124
86.062201
65.614799
59.205911
77.822203
88.961459
66.072576
31.891844
6.866665
-8.850368
-12.665182
-10.986664
-15.869626
-37.079991
-62.562947
-89.114052
-117.191082
-130.008857
-119.785155
-106.051826
-110.477010
-123.599969
-133.823670
-149.082926
-168.767365
-170.293291
-143.589594
-109.408862
-91.708125
-89.114052
-84.841460
-74.007389
-64.241466
-56.459245
-39.826657
-11.749627
11.597034
13.885922
2.899259
0.000000
5.493332
3.357036
-2.136296
7.324443
23.804439
23.957031
17.548144
34.791102
67.903687
76.601462
57.374801
51.881469
72.023686
84.078498
77.669610
82.705165
101.321456
103.915530
85.909608
72.786649
74.007389
78.127388
72.328871
58.290356
50.660728
59.358504
72.176278
68.361465
63.173318
71.718501
79.348128
73.549611
68.819242
74.465167
74.312574
70.192575
72.481463
69.582205
58.748134
60.579244
76.754055
75.991092
55.696282
43.488878
40.284434
26.245919
3.662221
-5.340739
2.136296
8.545183
-3.357036
-26.703697
-43.031100
-47.914062
-61.342207
-84.688868
-89.266644
-71.871093
-69.124427
-88.808867
-93.386643
-74.770352
-63.936280
-64.241466
-52.797024
-34.333325
-30.213326
-37.079991
-37.232583
-30.060733
-19.379254
-8.087405
-1.525926
5.188147
18.768884
25.330364
10.986664
-9.613331
-18.616292
-19.074069
-22.736291
-25.482957
-24.109624
-27.771845
-38.148139
-51.423691
-61.799985
-64.851836
-57.985171
-44.557026
-30.976289
-21.515550
-20.599995
-24.109624
-22.278513
-16.174811
-12.207404
-7.477035
9.155553
27.466660
28.077030
18.005921
16.479996
23.346661
37.842954
61.342207
86.825164
101.168864
101.474049
90.945163
73.091834
65.462206
70.650353
72.786649
66.988132
57.527393
36.317028
1.220740
-21.973328
-22.583698
-21.668143
-28.839993
-35.096288
-43.336286
-61.037022
-79.500721
-90.182200
-97.964420
-103.457752
-102.694789
-102.084419
-104.373307
-104.983678
-101.931827
-100.711086
-103.305160
-110.782195
-117.954045
-111.850343
-90.792570
-67.751094
-48.524432
-30.823696
-27.619252
-39.368879
-40.742212
-18.311107
9.918516
26.398512
37.232583
48.524432
58.290356
67.751094
76.296277
83.925905
93.844421
103.152567
104.525900
100.405901
107.272566
119.327378
114.902194
93.691829
76.906648
70.650353
70.345168
74.312574
72.481463
60.426652
50.965913
40.742212
22.736291
12.207404
17.242959
19.531847
18.158514
26.703697
31.739251
14.343700
6.561480
29.755548
42.115545
22.583698
15.259255
32.197029
36.774806
23.194068
28.382215
46.235544
39.521472
21.668143
23.194068
22.736291
16.174811
16.022218
11.444442
2.288888
-7.171850
-24.872586
-25.940734
-6.256295
5.340739
0.152593
-22.888883
-46.693322
-46.998507
-54.933320
-74.007389
-64.394058
-40.131842
-29.450363
-34.333325
-51.271098
-66.988132
-69.277020
-61.189614
-56.001468
-57.527393
-50.355543
-39.674064
-41.352582
-37.995546
-25.940734
-17.548144
-8.850368
-12.359997
-14.496293
-1.220740
-7.629628
-26.093327
-25.177772
-22.431106
-15.564441
-2.136296
0.610370
8.697776
15.411848
-4.882962
-23.957031
-19.074069
-16.937774
-24.109624
-31.586659
-23.346661
5.951110
23.346661
15.869626
0.152593
-14.191108
-27.314067
-32.197029
-26.093327
-12.359997
-9.002961
-21.210365
-20.447402
-8.850368
-9.460738
-8.392591
-5.035554
-15.411848
-23.957031
-18.921477
-9.918516
1.678518
16.022218
21.515550
27.008882
34.333325
29.450363
21.973328
36.317028
43.946656
42.725915
41.657767
39.674064
36.469621
35.706658
33.570362
24.262216
22.736291
5.493332
-11.139256
4.730369
14.648885
2.746666
1.831111
2.899259
-7.019258
-11.291849
-16.022218
-21.820735
1.831111
13.275552
-7.324443
-1.068148
5.493332
-1.983703
-3.814814
4.730369
7.782220
15.564441
15.106663
1.831111
19.074069
44.099248
36.774806
28.687400
20.447402
35.096288
39.368879
35.859250
32.044436
40.131842
41.962953
32.959992
45.167396
45.472581
22.583698
13.580737
34.028140
46.998507
35.554065
28.534808
38.148139
28.077030
10.986664
-0.915555
-4.882962
-10.376294
-18.921477
-17.395551
-24.109624
-24.414809
-23.499253
-26.703697
-25.788142
-20.752587
-8.392591
-16.785181
-35.096288
-39.674064
-27.771845
-23.499253
-40.131842
-33.417769
-31.891844
-28.839993
-29.908141
-35.554065
-38.453324
-50.813321
-60.426652
-54.017764
-45.930359
-50.660728
-41.352582
-37.995546
-53.712579
-30.365918
3.967406
-8.087405
-18.921477
-21.362958
-37.995546
-41.810360
-26.703697
-18.921477
-18.158514
-21.210365
-30.060733
1.068148
18.158514
-25.940734
-25.482957
2.288888
16.937774
6.408887
10.071109
16.479996
18.463699
30.213326
18.005921
37.690361
40.742212
52.949616
63.173318
57.527393
45.319989
34.943695
51.881469
41.962953
37.537768
55.391097
60.121467
51.118506
41.962953
42.115545
10.223701
2.136296
1.678518
-19.379254
-22.125920
-17.090366
-18.311107
-36.622213
-22.431106
-27.619252
-50.508136
-58.442948
-57.222208
-37.079991
-21.820735
-8.239998
-8.392591
-9.765924
-26.551105
-41.810360
-15.869626
-5.340739
-2.441481
16.632588
19.989625
3.051851
-14.801478
14.801478
13.885922
15.564441
28.229623
30.365918
34.943695
44.709619
55.543690
26.551105
30.518511
38.911101
34.028140
29.602956
25.940734
28.382215
38.453324
48.371840
36.011843
4.730369
-10.376294
12.512589
42.268138
29.297771
7.477035
-1.220740
-1.525926
3.051851
3.357036
7.629628
4.730369
9.308146
-5.798517
-23.651846
-20.142217
-12.970367
-19.226662
-23.957031
-17.548144
-22.125920
-27.314067
-15.259255
-1.525926
-17.853329
-47.608877
-45.777766
-27.008882
-29.145178
-24.262216
-7.782220
-25.788142
-39.521472
-35.706658
-43.183693
-43.488878
-29.755548
-22.125920
-40.589620
-40.131842
-28.839993
-41.657767
-63.936280
-46.082952
-19.684440
-37.079991
-51.118506
-44.557026
-37.079991
-19.684440
-34.791102
-27.771845
-5.188147
-13.275552
-18.463699
8.392591
14.191108
17.395551
50.202950
48.066655
58.442948
85.146646
95.217754
75.685907
74.770352
78.127388
68.056279
68.819242
78.890351
87.130349
70.497760
83.162942
73.244426
45.319989
40.437027
20.905180
10.071109
-7.019258
-26.551105
-11.597034
1.220740
-10.376294
-10.528886
-3.204444
-50.202950
-72.939241
-39.674064
-60.426652
-71.260723
-55.543690
-17.548144
-19.989625
-2.136296
-23.499253
-63.936280
-60.426652
-32.502214
-36.774806
-37.690361
6.714072
10.681479
15.411848
23.651846
6.256295
-24.719994
-0.610370
9.002961
15.106663
27.466660
20.447402
14.648885
20.752587
23.651846
1.068148
9.613331
1.678518
15.564441
24.719994
23.194068
2.899259
-14.496293
-18.005921
4.119999
0.152593
4.882962
12.817775
3.051851
0.000000
-11.291849
-18.768884
-26.703697
-4.119999
21.973328
30.365918
33.265177
18.311107
28.687400
19.531847
1.983703
26.398512
46.998507
35.706658
24.719994
30.671103
30.518511
-0.610370
-12.817775
1.983703
-15.564441
-21.973328
-28.839993
-6.561480
-35.706658
-28.992585
-26.245919
-77.822203
-46.388137
-10.528886
-68.514057
-60.884429
-39.979249
-72.634056
-68.208872
-30.365918
-70.345168
-84.688868
-32.654807
-42.725915
-45.014804
-29.908141
-16.632588
-14.801478
-5.645925
-5.035554
17.548144
11.291849
31.434066
37.537768
29.145178
11.139256
23.346661
39.216287
10.528886
32.349622
56.306653
62.410355
46.388137
82.247387
75.533315
34.333325
25.635549
59.205911
46.540729
50.202950
96.591087
95.065162
74.312574
37.385176
8.392591
27.771845
34.028140
5.188147
11.444442
21.210365
-13.580737
4.577777
-7.934813
-19.837032
10.528886
-9.613331
-35.706658
-33.875547
-55.543690
-54.170357
-40.131842
-15.106663
3.051851
-15.564441
7.324443
-30.365918
-35.401473
-7.629628
-37.232583
-40.589620
1.983703
4.882962
15.106663
13.122960
-18.311107
-37.385176
-54.017764
-47.761470
-15.564441
14.496293
-3.204444
-31.128881
-44.709619
-36.011843
-18.921477
-12.970367
-40.742212
-10.376294
1.831111
-23.194068
-18.768884
-20.294810
-17.242959
-28.534808
-26.856290
-10.376294
-19.531847
-19.226662
5.951110
-9.155553
-5.798517
15.869626
10.528886
-24.719994
21.515550
40.589620
16.022218
47.456285
53.712579
64.088873
60.426652
24.719994
34.333325
41.657767
24.414809
43.336286
51.576283
39.216287
13.580737
8.392591
53.407394
24.414809
-12.665182
6.103702
-26.245919
-69.429612
-10.834071
0.915555
-25.635549
-16.174811
-21.820735
-68.208872
-37.232583
-36.164435
-66.835539
-58.442948
-10.834071
-5.340739
-40.589620
-27.466660
-13.885922
-0.762963
-11.902219
-6.103702
7.477035
38.605916
13.733330
-12.512589
-26.856290
-22.736291
22.583698
37.079991
19.226662
41.962953
32.044436
-0.305185
45.472581
39.521472
19.989625
40.284434
38.300731
34.485917
65.767391
84.688868
59.511096
43.641471
22.583698
9.613331
16.174811
7.324443
-20.447402
-11.597034
-4.882962
-23.957031
36.622213
12.665182
-6.866665
-9.765924
-3.814814
-28.229623
-34.180732
-19.837032
-24.262216
-11.902219
-21.057773
-0.152593
-25.635549
-41.505175
-21.210365
14.954070
11.139256
-0.610370
-13.275552
-58.595541
-16.327403
-19.531847
-48.066655
15.717033
4.119999
-48.524432
-51.728876
-8.392591
-7.934813
-34.638510
-32.959992
-41.657767
-47.151099
-59.358504
3.967406
54.475542
3.051851
-40.589620
-20.599995
-9.613331
10.223701
13.428145
28.687400
-7.477035
-22.278513
5.645925
6.866665
29.908141
29.602956
-1.220740
-4.730369
10.681479
30.823696
-4.577777
13.733330
39.063694
-7.171850
4.119999
8.087405
46.540729
43.488878
7.171850
78.279981
43.641471
-21.973328
13.580737
22.431106
22.431106
33.875547
12.970367
12.512589
18.311107
-14.496293
-10.223701
-8.545183
33.112584
-9.765924
-36.317028
3.051851
-14.038515
1.983703
-23.194068
-28.992585
-32.349622
-72.634056
-59.968874
-32.654807
-27.161475
-31.281474
-27.008882
16.632588
-2.746666
-34.638510
-19.684440
-45.319989
-32.044436
-3.967406
15.411848
25.940734
37.995546
32.502214
21.057773
41.505175
24.262216
-6.103702
24.262216
18.311107
5.798517
72.481463
42.268138
6.714072
8.392591
9.002961
12.970367
3.967406
22.888883
-4.730369
13.428145
49.897765
16.937774
8.239998
30.365918
42.878508
16.785181
2.746666
21.057773
-9.002961
9.918516
36.622213
-15.869626
-24.872586
-34.028140
-35.096288
-28.229623
-29.450363
-13.122960
7.934813
-27.008882
-35.401473
-3.662221
-9.308146
10.071109
42.725915
1.525926
-40.284434
-17.090366
-14.801478
14.343700
23.346661
4.730369
-6.714072
-52.949616
-38.300731
-33.417769
-33.417769
-10.986664
7.629628
-8.850368
-4.272592
31.434066
25.635549
-6.714072
-41.657767
-48.982210
-28.839993
-19.074069
-5.188147
19.989625
14.496293
23.041476
13.275552
-15.717033
-22.431106
-47.761470
-70.192575
-46.845914
16.937774
76.906648
63.631095
60.731837
38.758509
9.460738
-37.995546
-52.034061
-41.199990
-29.450363
9.460738
43.031100
54.780727
45.167396
3.204444
-19.684440
4.119999
-40.894805
-54.780727
3.967406
33.875547
19.379254
29.145178
39.368879
-27.924438
-62.868133
-66.835539
-64.394058
-25.635549
10.376294
-5.798517
1.678518
33.112584
29.145178
-2.594073
-6.561480
0.457778
10.376294
62.562947
55.848875
6.103702
-17.700736
3.662221
6.561480
35.706658
62.410355
41.962953
25.177772
34.180732
9.918516
-18.616292
-22.583698
30.060733
36.622213
42.115545
85.146646
78.737758
16.174811
-27.161475
-7.934813
-34.333325
-38.758509
0.762963
8.239998
-17.242959
-6.256295
-13.885922
-33.417769
-25.330364
-32.654807
-33.112584
-25.482957
-7.477035
-28.382215
-28.839993
-12.512589
6.866665
25.330364
5.798517
10.223701
16.327403
25.482957
6.714072
-17.242959
-30.518511
-21.820735
2.746666
14.191108
25.940734
-19.837032
-13.428145
3.509629
-25.788142
-23.041476
-29.145178
-40.742212
-26.856290
3.051851
35.554065
13.885922
10.223701
13.428145
3.662221
18.158514
23.041476
-5.493332
-6.103702
-25.025179
-18.158514
-9.002961
-24.414809
-15.717033
13.885922
13.122960
-3.814814
382.854720
224.768833
-134.586633
-35.401473
-23.957031
-127.872561
-62.410355
87.282941
-15.717033
-31.434066
41.352582
-8.239998
-95.980717
-86.062201
-142.521446
-212.408836
-97.506642
39.063694
-16.327403
-29.755548
57.374801
5.188147
-58.290356
-18.921477
-14.954070
-53.865172
-25.635549
26.703697
2.441481
-16.022218
52.186654
42.268138
-16.022218
43.183693
63.936280
21.973328
50.508136
68.666650
50.355543
32.502214
89.114052
108.645899
40.437027
24.262216
29.755548
-15.717033
-29.145178
11.444442
18.921477
1.525926
23.499253
47.456285
-10.681479
-46.082952
-30.671103
-19.531847
-33.417769
-8.697776
15.259255
25.482957
37.232583
37.690361
1.068148
-31.891844
-38.453324
-14.954070
3.051851
24.109624
31.586659
31.128881
11.444442
-43.946656
-38.148139
-11.749627
18.158514
-27.771845
-18.768884
55.848875
67.445909
26.398512
-3.204444
0.305185
-45.930359
-66.988132
-50.202950
-10.376294
32.807399
37.995546
-2.746666
-29.908141
-0.610370
7.934813
-71.871093
-78.890351
-39.826657
-52.491839
-25.330364
17.548144
-5.035554
-26.245919
22.583698
34.485917
34.638510
18.921477
-35.401473
-56.306653
-18.921477
25.177772
33.722955
42.725915
41.047397
52.644431
51.118506
36.469621
-17.395551
-29.755548
-31.739251
-34.943695
6.408887
12.817775
-27.771845
5.798517
46.082952
-17.090366
-60.121467
-32.044436
10.223701
-100.253308
-122.226636
-38.605916
-0.915555
-41.199990
-20.905180
5.188147
-42.725915
19.531847
49.897765
15.259255
-19.379254
-41.047397
-31.586659
23.041476
29.145178
30.518511
17.853329
56.154060
68.971835
14.343700
12.665182
-2.441481
-4.119999
-16.785181
37.385176
101.779234
61.189614
23.804439
93.997014
87.435534
-31.434066
-51.423691
-15.259255
-67.293317
-23.346661
43.794063
11.597034
36.164435
-12.970367
-42.725915
13.733330
-66.988132
-112.155528
-42.725915
-66.530354
-73.244426
17.090366
84.231090
18.463699
69.124427
105.594048
-0.610370
-25.330364
-70.802945
-113.986638
-27.314067
94.607384
75.228129
99.642938
114.749601
29.297771
-39.368879
-36.774806
5.951110
-20.294810
14.191108
90.487385
55.848875
6.561480
-19.074069
-37.842954
-9.765924
50.202950
71.413316
1.983703
-46.998507
-43.641471
-66.072576
-76.601462
-32.349622
-11.902219
-0.305185
-48.219247
-37.232583
13.733330
-12.665182
-22.278513
-37.842954
-91.250348
-124.210340
-45.014804
-13.733330
4.730369
35.248880
71.260723
39.368879
8.239998
16.479996
-28.687400
-95.675532
-28.992585
37.385176
-13.580737
31.281474
60.274059
42.268138
82.094794
6.561480
-74.312574
-12.054812
-1.678518
-39.063694
7.324443
43.336286
29.755548
65.614799
62.410355
26.856290
-39.826657
-40.284434
7.477035
12.512589
3.051851
-4.882962
-3.967406
-28.839993
3.814814
15.717033
11.444442
-31.434066
-45.472581
-38.758509
-45.167396
-20.294810
-21.515550
-61.494800
-3.051851
61.494800
60.884429
17.853329
-5.188147
25.635549
3.662221
53.559987
97.048865
51.576283
64.699243
93.386643
-40.894805
-1.678518
67.598502
-68.819242
-60.884429
44.862211
0.610370
-39.521472
-6.103702
-18.158514
-78.890351
-49.897765
-21.210365
-65.767391
-55.238505
-57.679986
-109.408862
-89.724422
-16.327403
-7.477035
-7.171850
-1.068148
-31.891844
-69.429612
-80.416276
11.444442
42.878508
54.322949
62.257762
25.025179
51.881469
81.789609
38.148139
15.869626
39.979249
32.502214
57.679986
167.088847
136.875522
65.614799
102.999974
46.998507
-49.287395
-57.527393
-46.998507
-22.736291
75.991092
55.848875
15.411848
23.957031
-23.804439
-113.528861
-110.171824
-87.130349
-110.477010
-13.580737
54.017764
-5.493332
-0.762963
43.794063
39.979249
-15.564441
-37.690361
-85.604423
-101.016271
-30.671103
34.485917
25.788142
9.765924
-45.472581
-58.748134
19.074069
28.229623
-40.589620
-117.191082
-100.558494
-121.158488
-52.797024
40.894805
-10.681479
0.762963
49.897765
-11.291849
-31.891844
-2.594073
-20.142217
12.207404
110.171824
103.457752
68.819242
70.802945
68.819242
13.275552
-13.885922
7.171850
77.669610
112.460713
64.088873
25.482957
-4.577777
-30.365918
-30.671103
-2.899259
49.134803
73.854796
79.500721
80.263684
23.499253
-31.281474
1.831111
27.161475
5.951110
41.199990
62.105170
20.447402
9.155553
40.894805
49.287395
13.885922
1.678518
32.349622
20.599995
-10.071109
-41.199990
-70.802945
-67.903687
-61.647392
-85.451831
-33.417769
0.000000
-73.549611
-173.802920
-201.422172
-137.791077
-92.165903
-7.019258
26.093327
-21.973328
-28.687400
-56.611838
-68.666650
-46.235544
-42.573323
-48.219247
-28.382215
47.914062
49.745173
-2.288888
-24.872586
-23.651846
13.885922
21.362958
80.111091
92.471088
31.128881
24.719994
43.794063
43.488878
43.946656
58.137763
78.890351
46.235544
-1.678518
13.733330
-26.398512
-78.127388
-88.045904
-44.404433
-22.125920
33.722955
45.930359
10.834071
27.466660
9.918516
-26.856290
-43.488878
-20.142217
-10.223701
7.019258
62.868133
88.961459
58.595541
26.856290
14.343700
13.122960
0.152593
-18.005921
9.155553
55.696282
58.137763
43.031100
39.979249
10.223701
-4.730369
9.460738
-26.093327
-25.635549
10.681479
37.232583
2.288888
-12.054812
47.456285
21.668143
-23.651846
5.798517
33.570362
55.543690
94.302199
71.108130
2.746666
-30.976289
-24.719994
-6.866665
2.746666
50.050358
85.757016
14.191108
-23.651846
-54.475542
-73.549611
-69.124427
-106.051826
-95.675532
-35.248880
32.349622
29.297771
33.265177
2.288888
-32.502214
-44.709619
-61.189614
16.937774
37.690361
-9.460738
-32.654807
-14.496293
14.496293
25.177772
14.496293
-56.306653
-63.936280
-19.684440
-39.826657
-24.872586
-32.654807
-34.943695
7.324443
25.788142
19.074069
-7.019258
-36.011843
-16.479996
-38.605916
-52.797024
17.853329
9.613331
0.152593
25.177772
37.385176
-25.330364
-50.355543
23.346661
14.191108
18.921477
80.263684
52.339246
32.349622
51.423691
44.709619
-12.817775
-9.460738
39.979249
55.085912
49.592580
15.411848
-6.714072
-36.011843
-42.420730
-32.807399
-31.891844
2.746666
58.900726
59.511096
37.232583
-1.678518
-81.179239
-107.730344
-115.207379
-79.653314
2.288888
21.362958
83.468127
76.601462
3.357036
-17.548144
-11.291849
-22.431106
-41.962953
28.077030
71.718501
70.955538
74.465167
63.631095
55.848875
51.728876
-6.561480
-38.300731
-28.534808
-28.992585
-1.373333
8.697776
12.359997
27.008882
32.654807
28.534808
-36.622213
-69.277020
-45.777766
-16.174811
-4.882962
-6.408887
-3.814814
-22.736291
-5.798517
18.921477
0.305185
-39.521472
-65.614799
-47.914062
-1.373333
37.232583
77.059240
43.946656
-25.177772
-22.583698
-26.245919
-43.946656
-8.239998
-5.645925
-43.183693
-29.450363
73.091834
74.617759
-7.324443
-6.408887
-29.755548
-38.911101
3.357036
47.303692
70.802945
88.808867
36.774806
-28.382215
3.204444
25.940734
10.071109
11.749627
18.005921
14.343700
36.469621
16.479996
3.967406
-9.155553
-19.531847
9.765924
8.392591
-11.902219
-30.060733
-37.537768
-37.690361
-9.155553
7.629628
-32.197029
-59.816281
-30.823696
-40.131842
-27.771845
14.496293
-0.457778
-0.915555
24.567401
11.749627
1.373333
29.145178
21.973328
-5.951110
-12.817775
-19.226662
-30.060733
-27.619252
-20.599995
10.834071
34.333325
-5.035554
-19.989625
-12.817775
-10.071109
-0.610370
2.441481
20.752587
49.897765
45.472581
71.871093
110.324417
77.059240
24.719994
-11.139256
-36.317028
-8.697776
32.959992
26.856290
21.057773
5.340739
-37.537768
-22.125920
-25.635549
-103.762937
-79.958499
-18.768884
-42.115545
-54.628135
-9.765924
-3.051851
-37.995546
-35.401473
-14.343700
-2.288888
-31.586659
-44.557026
-14.496293
-1.983703
13.122960
7.477035
14.496293
50.050358
29.297771
-6.256295
2.136296
20.447402
2.136296
-23.804439
-26.551105
5.798517
23.346661
26.551105
43.794063
37.385176
30.518511
6.561480
-32.349622
-32.044436
-9.002961
11.139256
45.014804
95.675532
92.318496
38.911101
18.616292
2.594073
-1.678518
-15.259255
-25.330364
21.515550
65.919984
91.860718
66.835539
11.902219
-23.957031
-52.797024
-61.647392
-67.598502
-86.367386
-34.791102
36.622213
15.717033
-1.983703
30.213326
-44.404433
-102.542197
-68.666650
-84.994053
-90.334792
-36.164435
33.112584
33.112584
9.002961
10.986664
-19.379254
-6.866665
29.145178
10.223701
6.408887
4.272592
-6.866665
-24.872586
-13.122960
-2.136296
-27.771845
-5.035554
48.829618
60.274059
22.125920
3.967406
-30.060733
-89.114052
-86.825164
-44.404433
-13.885922
12.665182
44.099248
58.748134
49.134803
60.121467
55.543690
-13.428145
-75.991092
-73.091834
-6.561480
67.293317
78.585166
83.620720
97.811828
50.355543
0.305185
7.629628
10.528886
-30.518511
-8.087405
34.028140
-11.597034
-9.613331
10.986664
-14.954070
6.103702
19.989625
-5.035554
-1.373333
8.087405
-24.719994
-22.888883
7.934813
-11.139256
-17.090366
18.616292
27.008882
30.213326
24.567401
-16.327403
-57.222208
-56.154060
-41.505175
-33.417769
-17.700736
38.758509
78.279981
52.186654
11.902219
-21.973328
-42.115545
-50.965913
-52.186654
-30.213326
1.678518
21.362958
31.739251
28.839993
10.986664
-14.038515
-37.232583
-72.481463
-60.426652
-9.155553
29.145178
28.382215
4.882962
-3.814814
4.882962
-8.087405
-23.957031
-10.834071
-0.610370
0.305185
20.752587
15.564441
-19.074069
-27.924438
-28.382215
-21.668143
-4.272592
-0.762963
-15.411848
-13.275552
12.054812
25.177772
11.444442
-0.305185
10.681479
22.736291
1.068148
-25.177772
-40.894805
-43.336286
-27.161475
-6.408887
15.411848
38.758509
47.303692
38.300731
16.174811
-3.967406
-14.343700
-22.278513
-22.736291
-11.139256
-0.305185
18.158514
39.979249
32.044436
23.957031
34.485917
14.648885
-13.122960
-9.002961
-7.934813
-18.921477
-4.882962
20.752587
22.431106
33.112584
47.608877
34.028140
4.425184
-15.869626
-21.973328
-38.453324
-35.248880
13.733330
51.271098
37.079991
11.444442
23.346661
25.940734
-16.632588
-38.300731
-24.414809
-2.746666
19.226662
37.232583
58.748134
53.254802
-0.610370
-32.349622
-18.463699
-36.164435
-58.290356
-15.564441
29.145178
32.959992
36.774806
28.687400
-2.899259
-27.924438
-47.761470
-38.453324
20.142217
53.102209
37.079991
23.651846
8.545183
-38.605916
-74.312574
-49.287395
-31.586659
-55.085912
-44.099248
8.239998
9.918516
-30.060733
-42.878508
-58.748134
-74.007389
-53.712579
-26.245919
-7.629628
6.256295
5.035554
-4.119999
-23.499253
-43.031100
-41.810360
-42.115545
-38.758509
-6.714072
27.619252
32.502214
26.551105
11.749627
-11.902219
-9.613331
1.678518
-1.068148
6.561480
21.210365
33.265177
50.508136
41.199990
12.970367
15.564441
32.502214
34.638510
34.028140
37.537768
32.959992
26.856290
14.801478
-1.373333
7.629628
27.466660
33.722955
35.401473
42.115545
46.693322
25.482957
-8.087405
-8.087405
1.678518
-15.564441
-16.022218
8.545183
13.580737
9.460738
10.528886
5.188147
-2.441481
-5.951110
-6.256295
-12.817775
-32.044436
-37.690361
-25.177772
-24.719994
-17.548144
12.359997
31.434066
31.586659
11.902219
-19.531847
-23.804439
-11.444442
-21.057773
-25.330364
-9.308146
-0.457778
6.866665
20.294810
18.311107
-3.967406
-19.531847
-16.022218
-12.207404
-16.174811
-18.311107
-7.782220
0.610370
-7.782220
-12.665182
-4.272592
1.678518
4.577777
10.834071
7.934813
1.220740
3.357036
-1.373333
-9.308146
-5.340739
-3.051851
-9.002961
-5.798517
3.662221
11.902219
21.057773
18.616292
8.392591
-2.288888
-20.599995
-24.719994
-1.373333
8.545183
-4.119999
0.457778
17.548144
14.801478
1.220740
-17.853329
-44.099248
-52.034061
-42.573323
-32.807399
-16.022218
1.220740
1.373333
6.103702
21.515550
13.275552
-9.308146
-13.428145
-13.275552
-18.005921
-12.512589
-6.408887
-5.188147
1.220740
14.343700
26.551105
23.957031
3.204444
-15.106663
-15.411848
-16.937774
-28.077030
-22.431106
-0.762963
12.054812
20.294810
37.690361
47.761470
27.771845
-2.746666
-15.411848
-15.411848
-12.970367
0.610370
22.888883
33.570362
37.537768
48.066655
50.355543
33.722955
9.002961
0.915555
11.749627
15.717033
8.850368
10.223701
20.294810
27.161475
26.093327
19.837032
15.411848
4.882962
-14.648885
-21.973328
-10.071109
-3.814814
-6.714072
-11.444442
-20.142217
-19.837032
-7.629628
-2.288888
-8.697776
-11.597034
-5.951110
-6.561480
-12.359997
-17.090366
-25.635549
-29.755548
-21.973328
-11.291849
-3.204444
-0.610370
-5.645925
-3.967406
3.662221
-7.782220
-21.362958
-13.733330
-7.782220
-12.970367
-3.357036
14.343700
11.444442
3.204444
11.597034
23.346661
24.262216
17.242959
7.019258
1.373333
2.288888
-1.678518
-5.493332
0.610370
1.373333
-4.272592
3.204444
10.528886
1.068148
-4.577777
-6.561480
-19.989625
-25.482957
-18.005921
-22.583698
-28.687400
-13.275552
-2.594073
-5.645925
1.068148
5.035554
-7.782220
-12.512589
-5.340739
-9.002961
-14.191108
-10.071109
-9.002961
-9.155553
0.000000
7.934813
11.291849
17.090366
17.242959
9.002961
2.441481
-3.204444
-10.986664
-11.139256
-2.136296
6.103702
13.885922
19.226662
12.817775
2.288888
-0.610370
-1.068148
-1.525926
4.730369
9.002961
3.967406
0.762963
3.051851
-1.373333
-7.324443
-3.509629
2.746666
5.493332
5.951110
3.051851
-0.457778
-1.220740
-4.425184
-8.392591
-6.408887
-5.798517
-5.645925
-1.068148
4.882962
9.765924
16.479996
17.548144
7.477035
-2.899259
-4.425184
2.594073
11.749627
13.275552
10.071109
16.174811
23.499253
16.785181
8.239998
5.798517
3.051851
1.220740
5.340739
3.662221
-6.256295
-10.681479
-6.408887
0.000000
2.746666
1.525926
0.457778
-1.678518
-6.561480
-10.681479
-11.902219
-13.275552
-14.648885
-10.376294
-2.288888
1.525926
-0.305185
-1.068148
-1.525926
-4.730369
-5.188147
-3.662221
-5.798517
-7.782220
-2.746666
1.678518
1.831111
3.204444
5.035554
3.204444
1.220740
1.068148
-0.762963
-3.967406
-4.730369
-3.357036
-3.051851
-2.594073
-1.983703
1.525926
4.425184
1.525926
-4.119999
-5.951110
-4.730369
-3.509629
-3.357036
-4.577777
-5.951110
-6.103702
-5.645925
-5.798517
-4.882962
-2.288888
0.305185
0.610370
-0.457778
-2.746666
-4.730369
-4.272592
-2.136296
0.610370
2.594073
4.425184
5.798517
3.509629
-3.051851
-6.408887
-6.561480
-4.730369
-2.899259
-0.152593
2.288888
2.594073
2.136296
3.357036
5.798517
6.103702
3.204444
0.000000
-1.220740
-2.441481
-3.509629
-1.983703
1.068148
3.357036
6.408887
10.986664
12.817775
8.392591
4.425184
5.188147
5.645925
3.204444
0.762963
2.288888
5.645925
8.392591
9.308146
9.918516
8.697776
5.951110
4.272592
3.509629
2.136296
1.831111
3.662221
5.188147
5.188147
5.188147
5.340739
3.967406
0.457778
-3.357036
-6.866665
-7.629628
-4.730369
-1.525926
-0.457778
0.152593
0.000000
-1.831111
-3.814814
-5.340739
-5.951110
-5.645925
-5.798517
-6.714072
-6.866665
-6.408887
-4.730369
-2.136296
-0.915555
0.000000
0.000000
-0.915555
-3.051851
-5.951110
-7.477035
-7.019258
-6.408887
-5.951110
-4.730369
-2.594073
-0.457778
0.152593
-0.762963
-2.594073
-3.051851
-1.983703
-1.831111
-1.983703
-1.983703
-0.457778
0.305185
-0.152593
-1.373333
-1.220740
0.152593
0.152593
-0.457778
-1.068148
0.000000
2.441481
5.035554
5.798517
4.730369
3.357036
2.746666
0.305185
-2.288888
-2.594073
-0.762963
1.831111
3.509629
4.577777
5.035554
4.882962
3.814814
1.678518
-0.915555
-2.441481
-1.678518
-1.373333
-1.220740
-0.915555
0.000000
1.678518
2.288888
1.983703
1.068148
1.068148
0.915555
-0.152593
-1.831111
-3.509629
-3.967406
-4.119999
-3.967406
-2.746666
-0.305185
1.983703
4.119999
4.577777
3.814814
1.831111
-0.152593
-2.288888
-4.272592
-4.272592
-2.441481
0.000000
1.525926
3.051851
4.272592
4.730369
4.425184
3.967406
3.204444
1.831111
1.220740
1.373333
1.373333
1.068148
0.762963
1.525926
2.746666
3.204444
3.051851
3.204444
2.899259
1.983703
0.305185
-1.678518
-2.594073
-3.051851
-2.594073
-1.678518
-0.762963
0.000000
0.457778
-0.152593
-1.068148
-2.594073
-3.509629
-3.814814
-3.814814
-4.119999
-2.899259
-1.831111
-1.678518
-1.525926
-1.525926
-0.762963
-0.457778
0.000000
0.457778
0.000000
-0.152593
-0.305185
-0.152593
0.152593
0.305185
0.610370
0.915555
0.000000
0.000000
0.610370
0.000000
-0.457778
-0.457778
-0.152593
0.000000
-0.305185
0.000000
0.610370
0.457778
-0.152593
-0.457778
-0.457778
-0.305185
-0.457778
-0.305185
0.000000
0.305185
0.915555
0.762963
0.457778
0.610370
0.457778
0.000000
0.000000
-0.762963
-1.678518
-1.983703
-1.678518
-1.373333
-0.762963
-0.305185
-0.305185
-0.152593
-0.305185
-0.762963
-0.915555
-1.220740
-1.373333
-1.831111
-1.678518
-1.678518
-1.068148
-0.762963
-0.762963
-0.152593
0.610370
1.068148
1.373333
1.678518
1.373333
1.220740
1.220740
1.220740
1.373333
1.525926
1.983703
2.594073
2.746666
2.288888
2.746666
2.594073
2.746666
2.441481
1.678518
1.373333
1.373333
1.373333
0.610370
0.610370
0.152593
0.152593
0.305185
-0.457778
-0.762963
-0.762963
-0.762963
-0.762963
-1.068148
-0.915555
-0.457778
-0.152593
-0.152593
-0.305185
-0.457778
-0.152593
0.152593
0.000000
0.305185
0.000000
0.305185
0.000000
-0.305185
-0.305185
-0.762963
-0.457778
-0.610370
-0.457778
-0.305185
-0.305185
-0.457778
-1.068148
-1.373333
-1.678518
-1.525926
-1.678518
-1.068148
-1.373333
-1.220740
-0.915555
-1.068148
-0.457778
-0.762963
-0.915555
-0.915555
-0.762963
-0.610370
-0.762963
-0.457778
-0.457778
-0.457778
-0.305185
0.152593
0.305185
0.152593
0.305185
0.457778
0.152593
0.305185
0.610370
0.915555
1.220740
1.525926
0.762963
0.762963
0.762963
0.457778
0.915555
0.915555
0.762963
0.610370
0.457778
0.305185
0.305185
0.305185
0.305185
0.000000
0.305185
-0.305185
-0.152593
-0.610370
-0.762963
-1.068148
-0.762963
-0.152593
0.152593
0.457778
0.152593
0.000000
-0.305185
-0.152593
-0.610370
-0.915555
-0.457778
-0.152593
-0.152593
0.152593
0.457778
0.305185
0.457778
0.305185
0.610370
-0.152593
0.152593
0.457778
0.457778
0.152593
0.000000
0.152593
0.305185
0.305185
0.152593
0.305185
0.000000
0.000000
0.000000
0.305185
0.305185
0.305185
-0.152593
0.152593
0.305185
0.305185
0.457778
0.305185
0.457778
0.152593
0.152593
0.152593
0.152593
0.000000
0.457778
0.152593
0.305185
0.305185
0.457778
0.305185
-0.305185
0.000000
0.305185
0.305185
0.152593
0.305185
0.152593
-0.305185
-0.457778
-0.457778
-0.610370
-0.610370
-0.762963
-0.762963
-0.610370
-0.915555
-1.373333
-1.373333
-1.373333
-1.068148
-0.915555
-0.610370
-0.610370
-0.610370
-0.610370
-0.457778
-0.305185
-0.457778
-0.457778
-0.610370
-0.305185
-0.152593
0.000000
0.457778
0.457778
0.305185
0.457778
0.762963
1.068148
0.915555
1.220740
1.068148
0.915555
0.610370
0.762963
1.068148
1.068148
0.915555
0.610370
0.305185
0.000000
0.152593
-0.152593
-0.610370
-0.762963
-0.762963
0.000000
0.305185
0.305185
0.152593
0.457778
0.305185
0.000000
0.457778
0.305185
