-6.932409
-17.331022
-22.530329
-29.462737
-32.928942
-25.129982
-20.797226
-10.398613
0.866551
6.932409
18.197573
27.729635
30.329289
31.195840
25.129982
14.731369
1.733102
-10.398613
-21.663778
-28.596186
-33.795493
-38.994800
-35.528595
-26.863084
-19.064124
-4.332756
8.665511
19.064124
30.329289
34.662044
36.395146
32.062391
26.863084
16.464471
5.199307
-5.199307
-18.197573
-26.863084
-32.062391
-34.662044
-28.596186
-16.464471
-3.466204
6.932409
20.797226
25.996533
32.928942
36.395146
30.329289
20.797226
10.398613
-0.866551
-10.398613
-20.797226
-31.195840
-34.662044
-40.727902
-36.395146
-29.462737
-16.464471
-2.599653
7.798960
18.197573
26.863084
33.795493
34.662044
34.662044
28.596186
18.197573
7.798960
-6.065858
-16.464471
-23.396880
-27.729635
-28.596186
-25.996533
-20.797226
-12.131715
-3.466204
9.532062
21.663778
31.195840
32.928942
26.863084
25.129982
18.197573
6.932409
0.866551
-6.932409
-16.464471
-25.129982
-31.195840
-36.395146
-34.662044
-26.863084
-16.464471
-6.065858
5.199307
11.265164
19.064124
31.195840
31.195840
30.329289
26.863084
16.464471
5.199307
-7.798960
-17.331022
-25.996533
-32.928942
-25.129982
-22.530329
-9.532062
-3.466204
0.000000
12.131715
20.797226
25.996533
34.662044
35.528595
29.462737
22.530329
8.665511
2.599653
-6.932409
-16.464471
-20.797226
-25.996533
-29.462737
-25.129982
-18.197573
-6.932409
0.000000
10.398613
18.197573
25.129982
27.729635
25.129982
20.797226
18.197573
11.265164
4.332756
-0.866551
-10.398613
-16.464471
-26.863084
-28.596186
-28.596186
-19.064124
-5.199307
7.798960
24.263431
32.062391
37.261697
35.528595
34.662044
27.729635
15.597920
2.599653
-12.998267
-23.396880
-34.662044
-38.994800
-38.128248
-32.928942
-24.263431
-14.731369
-3.466204
11.265164
19.930675
32.062391
34.662044
34.662044
29.462737
22.530329
9.532062
-5.199307
-16.464471
-26.863084
-29.462737
-33.795493
-31.195840
-30.329289
-25.129982
-11.265164
-2.599653
11.265164
23.396880
32.928942
37.261697
36.395146
32.062391
20.797226
3.466204
-8.665511
-24.263431
-31.195840
-38.994800
-41.594453
-35.528595
-28.596186
-17.331022
-7.798960
8.665511
18.197573
26.863084
31.195840
28.596186
25.996533
20.797226
12.131715
-1.733102
-9.532062
-18.197573
-25.129982
-32.928942
-33.795493
-32.928942
-27.729635
-20.797226
-13.864818
-2.599653
10.398613
27.729635
35.528595
38.128248
35.528595
26.863084
15.597920
2.599653
-12.131715
-20.797226
-28.596186
-32.928942
-34.662044
-32.928942
-24.263431
-14.731369
-5.199307
8.665511
20.797226
24.263431
28.596186
32.928942
30.329289
22.530329
12.131715
2.599653
-6.932409
-14.731369
-26.863084
-29.462737
-27.729635
-25.129982
-23.396880
-14.731369
-0.866551
10.398613
25.996533
34.662044
41.594453
43.327555
36.395146
32.928942
19.930675
4.332756
-10.398613
-19.930675
-29.462737
-33.795493
-31.195840
-28.596186
-16.464471
-9.532062
0.000000
14.731369
25.996533
34.662044
38.128248
41.594453
32.928942
27.729635
15.597920
4.332756
-11.265164
-24.263431
-30.329289
-38.994800
-34.662044
-32.928942
-25.996533
-13.864818
-2.599653
11.265164
22.530329
29.462737
32.928942
33.795493
29.462737
24.263431
14.731369
3.466204
-8.665511
-19.930675
-27.729635
-30.329289
-27.729635
-25.129982
-22.530329
-16.464471
-9.532062
-1.733102
5.199307
14.731369
19.064124
19.930675
22.530329
22.530329
18.197573
10.398613
2.599653
-6.065858
-12.998267
-15.597920
-17.331022
-15.597920
-13.864818
-7.798960
1.733102
8.665511
17.331022
19.930675
19.064124
23.396880
19.930675
11.265164
0.866551
-6.932409
-12.131715
-19.930675
-26.863084
-25.129982
-22.530329
-19.064124
-12.131715
-3.466204
1.733102
9.532062
11.265164
18.197573
20.797226
16.464471
15.597920
10.398613
1.733102
0.866551
-4.332756
-15.597920
-12.998267
-19.064124
-12.998267
-11.265164
-7.798960
-0.866551
0.866551
5.199307
12.131715
14.731369
19.064124
16.464471
8.665511
9.532062
5.199307
0.000000
-3.466204
-8.665511
-18.197573
-18.197573
-22.530329
-22.530329
-13.864818
-14.731369
-5.199307
0.000000
3.466204
12.998267
14.731369
20.797226
19.064124
16.464471
12.998267
4.332756
-1.733102
-4.332756
-10.398613
-15.597920
-12.131715
-9.532062
-1.733102
6.065858
8.665511
13.864818
12.998267
12.131715
15.597920
10.398613
8.665511
6.065858
-1.733102
-6.065858
-5.199307
-10.398613
-10.398613
-12.131715
-16.464471
-12.998267
-13.864818
-5.199307
-1.733102
-2.599653
0.866551
4.332756
5.199307
9.532062
6.065858
6.065858
6.932409
3.466204
3.466204
-0.866551
0.866551
0.000000
0.866551
3.466204
3.466204
1.733102
0.000000
0.000000
0.866551
-3.466204
-3.466204
-0.866551
-0.866551
1.733102
4.332756
0.866551
0.866551
-3.466204
-6.065858
-6.065858
-7.798960
-1.733102
-0.866551
-1.733102
-0.866551
-2.599653
-3.466204
1.733102
1.733102
-0.866551
0.000000
-1.733102
-3.466204
-6.932409
-1.733102
3.466204
1.733102
0.000000
-0.866551
-4.332756
-3.466204
0.000000
1.733102
6.065858
9.532062
10.398613
11.265164
12.131715
12.131715
7.798960
4.332756
0.000000
-1.733102
-1.733102
-0.866551
3.466204
6.065858
10.398613
10.398613
9.532062
6.932409
3.466204
0.000000
-0.866551
0.000000
0.866551
5.199307
2.599653
0.000000
1.733102
-0.866551
-3.466204
-6.932409
-7.798960
-2.599653
-0.866551
-0.866551
0.000000
0.000000
5.199307
6.065858
6.065858
6.932409
6.065858
6.932409
4.332756
0.866551
-3.466204
-3.466204
-6.932409
-8.665511
-12.131715
-9.532062
-11.265164
-10.398613
0.866551
0.000000
3.466204
6.932409
5.199307
6.065858
6.932409
2.599653
1.733102
-1.733102
-6.065858
-3.466204
-6.065858
-3.466204
-7.798960
-13.864818
-9.532062
-10.398613
-10.398613
-6.932409
-6.065858
-3.466204
-0.866551
-1.733102
-1.733102
0.866551
-3.466204
-0.866551
-2.599653
-6.065858
-1.733102
-7.798960
-4.332756
0.000000
-0.866551
0.866551
0.000000
-2.599653
-0.866551
-2.599653
-4.332756
1.733102
2.599653
0.866551
1.733102
1.733102
3.466204
2.599653
-0.866551
-4.332756
-3.466204
-2.599653
-1.733102
1.733102
5.199307
8.665511
8.665511
12.131715
10.398613
7.798960
5.199307
0.000000
0.000000
-6.065858
-6.065858
-3.466204
-6.065858
-7.798960
-5.199307
-6.932409
-6.932409
-2.599653
-0.866551
6.065858
2.599653
0.866551
6.932409
7.798960
9.532062
11.265164
6.065858
6.932409
3.466204
-2.599653
0.000000
-2.599653
0.000000
4.332756
0.000000
3.466204
6.065858
4.332756
8.665511
6.065858
0.866551
6.065858
4.332756
7.798960
11.265164
3.466204
2.599653
4.332756
-1.733102
-1.733102
-3.466204
-6.932409
-6.932409
-8.665511
-7.798960
-3.466204
-2.599653
0.866551
1.733102
1.733102
2.599653
4.332756
3.466204
4.332756
2.599653
0.000000
2.599653
0.000000
3.466204
3.466204
2.599653
4.332756
3.466204
5.199307
4.332756
7.798960
6.065858
4.332756
6.932409
3.466204
2.599653
0.866551
0.866551
-2.599653
-6.065858
-6.932409
-10.398613
-13.864818
-12.131715
-12.998267
-6.932409
-7.798960
-3.466204
-0.866551
-4.332756
1.733102
0.866551
0.866551
3.466204
4.332756
1.733102
5.199307
2.599653
0.866551
0.866551
-2.599653
-4.332756
-2.599653
-0.866551
-3.466204
-5.199307
-6.932409
-2.599653
-6.932409
-3.466204
0.000000
-3.466204
0.866551
-1.733102
-4.332756
1.733102
-2.599653
-3.466204
0.000000
-4.332756
-0.866551
2.599653
-1.733102
4.332756
3.466204
3.466204
5.199307
0.000000
0.000000
0.000000
0.000000
5.199307
3.466204
3.466204
6.932409
0.866551
1.733102
1.733102
-4.332756
-1.733102
0.000000
-4.332756
0.866551
3.466204
3.466204
5.199307
0.866551
0.866551
-0.866551
-8.665511
-9.532062
-9.532062
-4.332756
-3.466204
-2.599653
0.000000
3.466204
3.466204
2.599653
3.466204
1.733102
2.599653
1.733102
-0.866551
1.733102
-0.866551
0.000000
0.000000
0.866551
-0.866551
0.000000
-0.866551
0.000000
0.866551
-0.866551
0.000000
0.866551
2.599653
4.332756
0.866551
3.466204
-0.866551
-0.866551
1.733102
-6.065858
-6.932409
-5.199307
-7.798960
-4.332756
-5.199307
-0.866551
6.065858
2.599653
6.932409
5.199307
3.466204
9.532062
3.466204
-0.866551
0.866551
-2.599653
-0.866551
5.199307
3.466204
10.398613
8.665511
4.332756
4.332756
-0.866551
-1.733102
-1.733102
0.000000
0.866551
1.733102
0.000000
0.866551
-2.599653
1.733102
4.332756
0.866551
0.000000
3.466204
0.866551
3.466204
5.199307
0.866551
0.866551
-4.332756
-5.199307
-6.065858
-8.665511
-6.065858
-13.864818
-16.464471
-7.798960
-3.466204
0.000000
4.332756
4.332756
6.065858
5.199307
3.466204
1.733102
2.599653
0.000000
0.000000
-0.866551
1.733102
4.332756
0.000000
4.332756
-4.332756
-3.466204
0.866551
0.866551
8.665511
10.398613
10.398613
6.932409
3.466204
-0.866551
-0.866551
-2.599653
-1.733102
2.599653
0.000000
-1.733102
-4.332756
-8.665511
-6.065858
-5.199307
-4.332756
3.466204
0.000000
5.199307
7.798960
3.466204
5.199307
3.466204
6.932409
4.332756
-1.733102
-0.866551
-5.199307
-8.665511
-7.798960
-6.932409
-5.199307
-3.466204
-3.466204
-6.065858
-4.332756
-1.733102
0.000000
0.000000
0.000000
0.866551
0.000000
0.866551
-2.599653
-3.466204
-3.466204
-1.733102
-2.599653
-0.866551
3.466204
-1.733102
0.000000
2.599653
1.733102
6.932409
6.932409
4.332756
7.798960
5.199307
1.733102
-0.866551
-5.199307
-2.599653
-6.065858
-5.199307
-5.199307
-4.332756
-0.866551
-0.866551
0.000000
0.000000
1.733102
0.000000
0.866551
-0.866551
-5.199307
-6.932409
-3.466204
-6.932409
-7.798960
-6.065858
-1.733102
-4.332756
-6.065858
-0.866551
-0.866551
8.665511
5.199307
6.065858
9.532062
6.932409
12.131715
11.265164
9.532062
9.532062
5.199307
2.599653
2.599653
-6.065858
-4.332756
-3.466204
-6.932409
-5.199307
-4.332756
-6.065858
-0.866551
-0.866551
4.332756
8.665511
5.199307
3.466204
0.866551
-1.733102
-1.733102
-6.065858
-5.199307
0.000000
-2.599653
0.000000
4.332756
5.199307
8.665511
10.398613
7.798960
11.265164
13.864818
11.265164
7.798960
5.199307
7.798960
6.932409
2.599653
-4.332756
-7.798960
-13.864818
-15.597920
-12.998267
-11.265164
-6.065858
-2.599653
-0.866551
6.932409
12.131715
14.731369
13.864818
8.665511
6.932409
1.733102
-4.332756
-8.665511
-17.331022
-20.797226
-15.597920
-15.597920
-8.665511
-6.932409
-2.599653
0.866551
0.000000
6.065858
10.398613
12.131715
11.265164
7.798960
2.599653
5.199307
0.866551
-4.332756
-6.932409
-12.998267
-12.998267
-13.864818
-12.131715
-9.532062
-10.398613
-6.932409
0.000000
1.733102
4.332756
6.932409
6.065858
3.466204
0.866551
0.000000
0.000000
-1.733102
-1.733102
0.000000
0.866551
6.932409
6.932409
7.798960
9.532062
10.398613
17.331022
22.530329
22.530329
21.663778
22.530329
12.998267
7.798960
-4.332756
-10.398613
-12.131715
-22.530329
-25.129982
-25.996533
-25.996533
-16.464471
-13.864818
-8.665511
-1.733102
-1.733102
6.065858
12.131715
14.731369
17.331022
12.131715
0.000000
-6.065858
-16.464471
-11.265164
-1.733102
-7.798960
-6.065858
-6.932409
-6.065858
8.665511
15.597920
22.530329
31.195840
27.729635
25.996533
19.064124
8.665511
10.398613
5.199307
5.199307
3.466204
-12.998267
-19.930675
-18.197573
-18.197573
-10.398613
-6.065858
-9.532062
-5.199307
-3.466204
0.866551
5.199307
0.000000
1.733102
3.466204
7.798960
11.265164
1.733102
-7.798960
-9.532062
-21.663778
-27.729635
-26.863084
-16.464471
-2.599653
-0.866551
2.599653
9.532062
20.797226
35.528595
45.927208
45.927208
40.727902
29.462737
12.998267
4.332756
-2.599653
-12.131715
-11.265164
-19.064124
-20.797226
-11.265164
-4.332756
10.398613
20.797226
31.195840
43.327555
45.927208
47.660311
39.861351
25.996533
21.663778
8.665511
-1.733102
-14.731369
-26.863084
-32.928942
-46.793759
-61.525128
-76.256497
-79.722701
-64.124781
-38.994800
-22.530329
-19.930675
-27.729635
-35.528595
-32.928942
-32.062391
-19.930675
-1.733102
6.932409
16.464471
26.863084
33.795493
39.861351
47.660311
51.126515
55.459270
68.457537
84.055457
108.318888
117.850950
114.384745
102.253030
93.587519
87.521661
84.055457
82.322355
77.123048
57.192373
19.064124
-6.932409
-11.265164
12.998267
36.395146
25.129982
-6.065858
-25.996533
-46.793759
-59.792026
-64.124781
-19.064124
77.989599
127.383012
-18.197573
-358.752156
-691.507779
-873.483510
-805.892524
-603.119566
-311.091845
6.065858
226.169837
335.355276
162.045056
-220.103980
-505.199292
-518.197559
-128.249563
349.220094
607.452322
612.651629
354.419400
94.454070
-53.726168
-44.194106
151.646443
380.415933
545.060643
567.590971
344.887338
54.592719
-210.571918
-213.171571
-29.462737
121.317154
280.762557
244.367411
139.514727
-19.930675
-191.507793
-155.112647
-53.726168
112.651643
168.110914
55.459270
-174.176771
-404.679364
-308.492192
-157.712300
-204.506060
-313.691499
-300.693232
-223.570184
-149.913341
-188.041589
-379.549382
-526.863070
-363.951463
38.994800
363.084911
311.958396
71.923741
67.590986
198.440202
529.462723
676.776410
562.391665
417.677631
311.091845
480.935861
547.660296
453.206226
371.750422
324.090112
345.753889
305.892539
145.580585
-21.663778
-98.786826
2.599653
19.930675
-97.920274
-207.105713
-242.634308
-105.719234
-43.327555
-20.797226
-175.909874
-357.885605
-242.634308
-126.516461
-145.580585
-227.036389
-263.431535
-184.575385
-158.578852
-246.967064
-389.081444
-478.336208
-415.077977
-279.029455
-186.308487
-175.909874
-238.301553
-243.500859
-166.377811
-202.772958
-274.696699
-291.161170
-214.038122
-57.192373
-71.923741
-105.719234
-66.724435
-28.596186
-31.195840
-36.395146
-77.123048
-97.920274
-73.656844
-63.258230
-66.724435
-115.251296
-27.729635
18.197573
68.457537
68.457537
-39.861351
-71.057190
-81.455804
-135.181972
-161.178505
-132.582318
-80.589252
-124.783359
-132.582318
-1.733102
42.461004
111.785092
98.786826
85.788559
116.117848
111.785092
209.705366
220.970531
144.714034
176.776425
241.767757
281.629108
324.090112
290.294619
347.486992
490.467923
616.117833
645.580570
575.389931
593.587504
603.119566
598.786811
662.045041
711.438454
768.630827
797.227013
796.360462
718.370863
573.656829
546.793745
551.993051
617.850935
696.707085
727.902925
680.242614
430.675897
122.183705
-142.114381
-161.178505
-210.571918
-471.403799
-642.980917
-705.372596
-663.778144
-820.623893
-1181.109151
-1374.350047
-1467.937565
-1433.275521
-1467.937565
-1624.783315
-1696.707056
-1667.244319
-1441.941032
-1207.105684
-959.272069
-579.722687
-224.436735
40.727902
87.521661
163.778158
427.209693
779.895991
991.334460
977.469642
947.140354
985.268602
1178.509498
1435.875175
1612.651599
1698.440158
1638.648132
1442.807584
1179.376049
916.811065
787.694951
700.173290
538.128234
350.086645
175.043322
69.324088
-110.051990
-427.209693
-720.103965
-1107.452307
-1420.277255
-1746.967020
-2019.930617
-2006.932350
-1974.003409
-1859.618663
-1796.360433
-1766.897695
-1619.584008
-1469.670668
-1257.365648
-1099.653347
-1058.925446
-993.067562
-837.954915
-634.315406
-455.805879
-195.840549
84.922008
302.426334
472.270350
624.783344
836.221813
966.204478
934.142087
851.819732
662.045041
459.272084
419.410733
453.206226
548.526847
595.320607
590.121300
508.665496
383.882138
299.826681
332.755623
345.753889
227.036389
122.183705
158.578852
292.027721
539.861336
720.103965
865.684550
998.266869
1046.793730
1217.504297
1256.499097
1303.292856
1409.878642
1318.890776
1351.819718
1355.285922
1536.395102
1779.895962
1909.878627
2017.330964
2175.043264
2015.597861
1240.034626
518.197559
81.455804
105.719234
-584.055442
-1480.069281
-1658.578808
-1395.147273
-1120.450574
-1795.493882
-2452.339616
-2450.606514
-2478.336149
-2449.739963
-3107.452249
-3569.323986
-3728.769388
-3623.916705
-3305.892451
-3261.698345
-2682.842209
-1592.720924
-725.303272
-328.422867
-304.159437
303.292885
1003.466175
1271.230465
1291.161141
1350.953167
1790.294575
2136.048464
2445.407208
2775.563177
3178.509439
3622.183603
3793.760721
3577.122946
3248.700078
2960.138562
2808.492119
2330.155911
1559.791982
1000.866522
706.239147
640.381264
401.213160
61.525128
-137.781625
-425.476591
-769.497378
-1341.421105
-1883.882094
-2317.157645
-2766.031115
-3174.176684
-3611.784990
-3801.559681
-3673.310118
-3412.478237
-3004.332668
-2685.441863
-2420.277226
-2208.838757
-2035.528537
-1720.103936
-1405.545886
-1205.372582
-1033.795464
-803.292871
-422.876937
19.064124
467.071044
981.802398
1319.757327
1538.994756
1696.707056
1796.360433
1876.949685
1769.497349
1627.382968
1396.880375
1233.102217
1155.112618
1087.521632
1181.109151
1236.568421
1195.840520
1058.925446
837.088364
728.769476
609.185424
519.930661
401.213160
177.642976
23.396880
-32.062391
29.462737
255.632575
434.142102
587.521647
641.247815
703.639494
974.869989
1179.376049
1312.824918
1232.235666
1191.507764
1218.370848
1283.362181
1514.731325
1863.084868
2359.618649
2445.407208
1866.551072
1226.169808
706.239147
679.376063
46.793759
-1040.727873
-1743.500816
-1883.882094
-1732.235651
-2282.495601
-3004.332668
-3103.986045
-2981.802339
-2827.556243
-3226.169750
-3710.571815
-3851.819645
-3978.336106
-4035.528478
-4297.226911
-4077.122931
-3269.497305
-2390.814488
-1763.431491
-1356.152473
-556.325807
551.126500
1305.025958
1752.166327
1949.739978
2335.355218
2603.986059
2629.982592
2804.159364
3100.519840
3552.859515
3928.942693
3967.937492
4007.798843
4047.660194
4148.180121
3972.270248
3324.956575
2633.448797
2012.131657
1473.136872
850.086630
201.039855
-210.571918
-500.866536
-893.414185
-1386.481762
-1799.826637
-2046.793701
-2266.897681
-2626.516388
-3167.244275
-3715.771122
-4149.913224
-4281.628991
-4265.164520
-4124.783242
-3935.008551
-3612.651541
-3025.129894
-2412.478266
-1829.289375
-1374.350047
-1054.592690
-699.306739
-428.076244
-85.788559
210.571918
451.473124
730.502578
836.221813
1006.932380
1231.369115
1653.379501
2099.653318
2222.703575
2308.492134
2323.223502
2257.365619
2096.187114
1757.365633
1628.249519
1448.006890
1197.573622
958.405518
820.623893
896.013839
930.675883
892.547634
847.486977
741.767743
681.975717
667.244348
717.504312
715.771210
740.901192
792.894258
781.629093
812.824933
899.480043
1058.058895
1245.233932
1317.157674
1508.665467
1629.116070
1920.277240
2243.500801
2560.658504
2480.069252
1533.795449
928.942780
427.209693
339.688032
-681.975717
-1791.161126
-1966.204449
-1812.824904
-1986.135124
-2919.410660
-3640.381176
-3130.849129
-3109.185351
-3188.908052
-3844.020685
-4249.566600
-4217.504210
-4662.911476
-4673.310089
-4714.904542
-4072.790176
-3162.911519
-2565.857811
-1917.677587
-1175.043293
-3.466204
1150.779862
1641.247786
2175.909815
2440.207901
2762.564911
2873.483452
2935.875131
3274.696611
3493.067489
3690.641140
3847.486889
3916.810977
4212.304903
4446.273700
4636.048391
4399.479941
3641.247727
3077.989511
2509.531989
1902.946218
1033.795464
77.989599
-450.606573
-1052.859588
-1614.384702
-2087.521603
-2249.566659
-2221.837023
-2546.793686
-2933.275478
-3304.159349
-3441.940974
-3694.973896
-4166.377695
-4367.417550
-4384.748572
-4404.679247
-4448.873354
-4104.852566
-3222.703545
-2513.864745
-2031.195781
-1455.805850
-645.580570
-59.792026
255.632575
696.707085
1155.979169
1254.765995
993.067562
976.603091
1138.648147
1368.284189
1679.376034
1949.739978
2221.837023
2287.694907
2396.013795
2537.261624
2369.150711
2317.157645
2126.516402
1759.965287
1217.504297
907.279003
947.140354
779.895991
487.001719
381.282485
563.258216
652.512979
566.724420
695.840534
834.488710
804.159422
613.518180
584.055442
717.504312
662.045041
616.117833
629.982651
857.019039
1039.861321
1367.417638
1672.443625
2019.064066
2464.471332
2941.074437
2857.018981
2026.863026
1429.809317
1083.188877
649.046775
-765.164622
-2006.932350
-2125.649851
-2038.128190
-2469.670638
-3482.668876
-3823.223459
-3275.563163
-3155.112559
-3142.980844
-3557.192270
-3665.511158
-3909.878569
-4450.606456
-4649.913209
-4837.954798
-4332.755506
-3733.968695
-3228.769403
-2637.781552
-1904.679320
-476.603106
884.748674
1740.901162
2439.341350
2839.687959
3344.020700
3535.528493
3611.784990
3794.627272
3849.219992
3872.616871
3688.041487
3538.994697
3811.958294
4280.762440
4558.058792
4269.497276
3661.178403
3326.689678
2910.745149
2272.096987
1297.226999
399.480058
-268.630841
-1264.298057
-2127.382953
-2693.240823
-2733.102173
-2782.495586
-3273.830060
-3555.459168
-3673.310118
-3714.038020
-3922.876835
-4164.644592
-4020.797110
-4150.779775
-4445.407149
-4451.473007
-3951.473022
-3200.173217
-2788.561444
-2219.237370
-1415.944499
-714.038107
-156.845749
519.064110
1384.748660
1786.828371
1688.041545
1665.511217
1832.755579
1962.738244
1963.604795
1965.337898
2083.188847
2016.464413
2014.731310
2175.043264
2244.367352
2428.942737
2551.992993
2450.606514
1974.869960
1525.996489
1575.389902
1457.538952
895.147288
401.213160
265.164637
262.564984
86.655110
192.374344
572.790278
865.684550
850.953181
818.024240
1036.395117
1224.436706
1220.970502
1170.710538
1105.719205
1046.793730
1090.987836
1172.443640
1480.935832
1814.558006
2256.499068
1855.285908
1479.202730
1282.495630
1279.895976
714.038107
-738.301538
-1329.289389
-1610.051946
-2090.121256
-3201.039768
-4262.564867
-3999.133332
-4006.932292
-4198.440085
-4172.443552
-4062.391562
-3649.913238
-4097.053607
-4077.122931
-3793.760721
-3679.375976
-3350.086557
-3239.168016
-2775.563177
-2367.417608
-1838.821437
-698.440188
209.705366
1190.641213
1849.220050
2467.070985
3246.966976
3621.317052
3996.533679
4140.381162
4254.765907
4285.095195
3834.488623
3699.306651
3744.367308
3873.483422
3718.370775
3194.107359
3096.187085
3076.256409
2649.046716
2019.064066
1360.485229
1016.464442
215.771224
-961.871722
-1703.639465
-2089.254705
-2323.223502
-2999.133361
-3461.871649
-3493.067489
-3482.668876
-3801.559681
-4139.514610
-3851.819645
-3713.171469
-3951.473022
-4268.630725
-3931.542346
-3323.223473
-3166.377724
-2963.604766
-2335.355218
-1469.670668
-926.343127
-406.412466
437.608306
1108.318858
1400.346580
1460.138606
1707.105669
1959.272040
1976.603062
2068.457479
2032.062332
1979.202715
2110.918483
2194.973939
2203.639450
2040.727843
2195.840490
2386.481733
2088.388154
1847.486948
1829.289375
1859.618663
1397.746926
942.807598
1061.525099
1103.986103
750.433254
357.019054
451.473124
644.714019
498.266883
587.521647
830.155955
1032.928913
919.410718
805.025973
1086.655081
1349.220065
1518.197529
1495.667201
1366.551087
1469.670668
1687.174994
2103.986074
1521.663734
1058.925446
774.696684
594.454055
84.922008
-1364.817984
-1482.668934
-1600.519884
-1955.805835
-2963.604766
-4084.921891
-3855.285849
-4014.731252
-4200.173188
-4193.240779
-4324.956546
-3966.204390
-4361.351692
-4094.453953
-3570.190537
-3325.823126
-2760.831808
-2670.710494
-2214.904615
-1791.161126
-1331.889043
-196.707100
422.876937
1135.181943
1612.651599
2159.445344
3071.923654
3417.677543
3968.804044
4279.029338
4418.544065
4461.871620
4004.332639
4087.521544
4231.369027
4165.511144
3849.219992
3144.713946
3028.596099
2856.152430
2341.421075
1876.949685
1283.362181
902.946247
19.064124
-971.403784
-1382.149006
-1784.228717
-2212.304961
-3029.462650
-3489.601285
-3532.928840
-3793.760721
-4142.980815
-4292.894155
-4025.129865
-4032.062274
-4410.745105
-4450.606456
-3782.495557
-3286.828327
-3269.497305
-3071.923654
-2418.544123
-1701.039812
-1324.956634
-625.649895
270.363944
750.433254
918.544167
1190.641213
1726.169794
2010.398555
2074.523336
2194.973939
2153.379487
2090.121256
2248.700108
2410.745164
2392.547590
2197.573593
2425.476532
2512.998194
2167.244304
2060.658519
2146.447078
2184.575326
1653.379501
1292.027692
1437.608277
1320.623878
1043.327526
788.561502
790.294604
758.232214
470.537248
584.055442
649.913326
635.181957
564.991318
539.861336
757.365662
811.958382
1050.259935
1167.244333
1106.585756
1139.514698
1443.674135
1409.012091
794.627360
454.939328
296.360477
172.443669
-1078.856121
-1756.499082
-1675.043279
-1766.031144
-2426.343083
-3649.913238
-3715.771122
-3671.577016
-3991.334372
-4058.058807
-4138.648059
-3797.226925
-3993.067474
-4071.923625
-3518.197471
-3160.311866
-2591.854344
-2280.762498
-1908.145525
-1365.684536
-1067.590957
-162.911607
555.459256
1057.192343
1568.457493
1895.147258
2684.575312
3079.722614
3445.407178
3941.074408
4143.847366
4373.483408
4154.245979
4084.055340
4333.622057
4294.627258
4090.987749
3490.467836
3240.034567
3143.847395
2645.580512
2062.391621
1404.679335
1058.925446
446.273817
-522.530314
-1077.123019
-1511.265121
-1857.019010
-2554.592646
-3202.772870
-3554.592617
-3943.674062
-4163.778041
-4376.083061
-4436.741638
-4587.521530
-4675.909742
-4510.398482
-4237.434885
-3800.693130
-3488.734733
-3179.375990
-2808.492119
-2264.298027
-1564.124738
-1035.528566
-586.655096
-64.124781
503.466190
958.405518
1269.497363
1671.577074
2163.778100
2284.228703
2282.495601
2391.681039
2709.705293
2877.816207
2705.372538
2651.646370
2531.195767
2593.587446
2553.726095
2449.739963
2394.280693
2131.715709
1954.939284
1653.379501
1602.252986
1688.908096
1527.729591
1285.961834
954.939314
873.483510
844.020773
830.155955
848.353528
724.436721
603.119566
404.679364
409.878671
571.057176
778.162889
867.417652
925.476576
1009.532033
1303.292856
939.341394
719.237414
541.594438
450.606573
-25.129982
-1370.017291
-1539.861307
-1594.454026
-1792.027677
-2806.759017
-3754.765922
-3457.538894
-3672.443567
-3927.209591
-3964.471288
-3700.173202
-3397.746868
-3936.741653
-3868.284116
-3314.557962
-2897.746882
-2461.871679
-2293.760765
-1845.753846
-1469.670668
-1126.516432
-104.852683
421.143835
986.135153
1419.410704
1982.668920
2625.649837
2777.296279
3341.421046
3798.960028
3967.937492
3864.817911
3693.240793
3935.875102
4030.329172
3870.883769
3632.582216
3337.088291
3202.772870
2951.473051
2572.790219
2277.296294
1735.701856
1221.837053
487.868270
-259.098779
-714.904658
-1287.694936
-1800.693188
-2475.736496
-2961.005113
-3388.214806
-3966.204390
-4123.050140
-4269.497276
-4399.479941
-4727.036257
-4794.627243
-4369.150652
-4211.438352
-3961.005084
-3672.443567
-3198.440115
-2824.090039
-2399.479999
-1571.923698
-975.736540
-706.239147
-378.682831
220.103980
723.570170
965.337927
1286.828385
1797.226984
1922.010342
1891.681054
2173.310162
2607.452264
2875.216554
2841.421061
2916.811007
2933.275478
2913.344802
2895.147229
2904.679291
2713.171498
2391.681039
2064.124723
1773.830104
1514.731325
1357.019024
1291.161141
973.136887
677.642961
554.592705
643.847468
664.644695
535.528581
515.597905
506.932394
354.419400
223.570184
275.563250
549.393398
629.982651
693.240881
800.693218
1290.294590
1226.169808
902.079696
919.410718
907.279003
1027.729606
-381.282485
-831.022506
-902.079696
-1092.720939
-1774.696655
-3183.708746
-3060.658489
-3207.972177
-3599.653274
-3775.563148
-3811.958294
-3418.544094
-3811.958294
-3911.611671
-3309.358656
-3005.199219
-2685.441863
-2401.213101
-2043.327497
-1604.852639
-1710.571874
-836.221813
-124.783359
216.637775
623.050242
1004.332726
2063.258172
2251.299761
2616.984326
3300.693145
3809.358641
4022.530212
3749.566615
3918.544080
4229.635925
4037.261581
3773.830046
3435.875116
3311.091758
3154.246008
2705.372538
2474.869945
2093.587461
1623.050213
1065.857854
363.951463
6.065858
-590.987851
-1158.578822
-1897.746912
-2525.996460
-3074.523307
-3686.308385
-4166.377695
-4402.946145
-4546.793628
-4928.942664
-4999.999854
-4889.081313
-4467.937478
-4314.557933
-4140.381162
-3612.651541
-3216.637688
-2702.772885
-2193.240837
-1461.005157
-890.814532
-662.911592
-137.781625
388.214893
879.549368
1166.377782
1490.467894
1907.278974
2111.785034
2246.100454
2550.259891
2766.897666
2932.408926
2876.949656
2881.282412
2980.935788
2917.677558
3030.329201
2872.616901
2707.105640
2448.006861
2155.112589
2029.462679
1722.703589
1535.528551
1312.824918
991.334460
833.622159
674.176757
651.646428
623.050242
590.121300
688.908125
642.114366
692.374330
770.363929
847.486977
873.483510
789.428053
863.084897
1057.192343
578.856136
284.228761
118.717501
199.306753
-96.187172
-1123.916778
-1155.979169
-1213.171542
-1354.419371
-2198.440144
-3017.330934
-2784.228688
-3095.320534
-3437.608218
-3772.096944
-3817.157601
-3598.786723
-3947.140266
-3800.693130
-3409.012032
-3090.121227
-2574.523322
-2299.826623
-1787.694922
-1295.493896
-902.946247
-77.123048
250.433268
642.980917
1028.596157
1548.526818
2089.254705
2173.310162
2564.991260
3062.391592
3346.620353
3439.341321
3444.540627
3779.895903
4000.866434
3745.233859
3567.590884
3427.209605
3454.072689
3137.781537
2582.322282
2337.088320
1914.211383
1458.405503
759.965316
247.833615
-31.195840
-650.779877
-1252.166341
-1968.804102
-2345.753831
-2739.168031
-3331.888984
-3731.369042
-4104.852566
-4179.375961
-4417.677514
-4583.188774
-4455.805762
-4318.024137
-4109.185322
-3983.535412
-3631.715665
-3051.992978
-2581.455730
-2151.646384
-1651.646399
-1121.317125
-619.584037
-278.162903
186.308487
655.112633
924.610025
1188.041560
1442.807584
1871.750379
2144.713975
2337.088320
2580.589179
2690.641169
2746.100440
2768.630768
2913.344802
3018.197486
2909.012047
2664.644636
2542.460931
2415.077919
2313.691440
2063.258172
1916.811036
1785.961820
1509.532018
1305.892510
1123.050227
1187.175009
1045.060628
789.428053
576.256482
509.532048
606.585771
568.457522
577.123033
570.190625
644.714019
739.168089
899.480043
1234.835319
1055.459241
775.563236
538.994785
447.140368
216.637775
-735.701885
-1003.466175
-1227.902910
-1566.724391
-2360.485200
-3229.635954
-3085.788471
-3220.103892
-3418.544094
-3618.717399
-3683.708731
-3410.745134
-3561.525026
-3398.613419
-2987.868197
-2798.960057
-2369.150711
-2155.112589
-1746.100469
-1385.615211
-1123.916778
-339.688032
-104.852683
175.043322
516.464456
1082.322325
1733.102202
1803.292842
2174.176713
2680.242556
3066.724347
3204.505972
3278.162816
3633.448767
3869.150667
3634.315318
3411.611685
3301.559696
3300.693145
3070.190552
2522.530256
2177.642917
1803.292842
1430.675868
903.812799
409.012120
160.311954
-357.019054
-935.008638
-1578.856106
-1915.944485
-2400.346550
-2965.337868
-3535.528493
-3861.351707
-4119.583935
-4497.400215
-4588.388081
-4590.121183
-4398.613390
-4379.549266
-4163.778041
-3699.306651
-3268.630754
-2700.173231
-2180.242571
-1668.110870
-1231.369115
-865.684550
-235.701900
220.970531
551.993051
827.556302
1026.863055
1372.616944
1588.388169
1880.415890
2206.239104
2365.684506
2603.119508
2675.909801
2846.620367
3088.388125
3270.363856
3367.417579
3049.393325
2828.422794
2748.700093
2590.121242
2329.289360
1968.804102
1790.294575
1514.731325
1139.514698
1024.263402
1005.199277
1006.065829
833.622159
608.318873
649.046775
622.183691
665.511246
701.039841
603.986118
598.786811
454.939328
628.249548
887.348328
517.331007
390.814547
145.580585
221.837082
-44.194106
-959.272069
-945.407251
-1211.438439
-1467.071014
-2315.424542
-3060.658489
-2801.559710
-3188.908052
-3392.547561
-3564.991230
-3630.849114
-3396.880317
-3720.970429
-3355.285864
-2818.890732
-2655.979125
-2229.635983
-2050.259905
-1477.469628
-1137.781596
-931.542434
-68.457537
157.712300
448.006919
617.850935
1122.183676
1824.956619
1794.627331
2087.521603
2498.266825
2858.752083
3046.793672
2964.471317
3391.681010
3662.911505
3457.538894
3361.351722
3168.110826
3300.693145
3077.989511
2569.324015
2337.088320
1851.819703
1483.535485
925.476576
448.873470
139.514727
-422.010386
-1032.928913
-1609.185395
-1943.674120
-2393.414142
-2855.285878
-3382.148948
-3638.648074
-3990.467821
-4274.696582
-4339.687915
-4348.353426
-4194.973881
-4326.689648
-4045.060540
-3655.112545
-3269.497305
-2803.292812
-2393.414142
-1797.226984
-1437.608277
-1018.197544
-417.677631
112.651643
546.793745
813.691484
1024.263402
1404.679335
1690.641198
2098.786767
2358.752097
2490.467865
2765.164564
2770.363871
2988.734748
3111.785004
3370.017233
3454.939241
3102.252942
2966.204419
2819.757283
2747.833542
2473.136843
2128.249505
1931.542405
1549.393369
1188.908111
968.804131
948.006905
814.558035
533.795478
344.020787
289.428068
230.502593
274.696699
330.155970
400.346609
334.488725
247.833615
447.140368
755.632560
644.714019
315.424601
219.237429
180.242629
77.989599
-808.492177
-1020.797197
-1098.786796
-1410.745193
-1995.667186
-2911.611700
-2779.895933
-2970.537175
-3251.299732
-3360.485170
-3478.336120
-3259.098692
-3448.873383
-3234.835261
-2668.110841
-2427.209634
-2124.783300
-1897.746912
-1449.739992
-1064.124752
-993.067562
-261.698433
100.519928
266.031188
413.344875
732.235681
1499.133405
1573.656800
1798.093535
2207.105655
2618.717428
2886.481718
2876.083105
3220.103892
3603.986030
3556.325719
3418.544094
3254.765936
3253.032834
3158.578764
2642.114308
2312.824889
1903.812769
1488.734792
1029.462708
463.604839
155.979198
-336.221827
-878.682817
-1410.745193
-1761.698389
-2128.249505
-2623.050183
-3066.724347
-3428.942707
-3780.762455
-4161.178388
-4246.100396
-4249.566600
-4244.367294
-4305.025871
-4162.911490
-3777.296250
-3495.667142
-3001.733015
-2528.596113
-1994.800635
-1577.989555
-1211.438439
-538.128234
-49.393413
431.542448
776.429787
1037.261668
1377.816251
1640.381235
1997.400288
2289.428009
2428.076186
2622.183632
2719.237356
2813.691426
3006.932321
3220.970443
3384.748601
3200.173217
3020.797139
2994.800606
2875.216554
2720.103907
2422.010328
2223.570126
1841.421090
1399.480028
1143.847454
977.469642
838.821466
522.530314
247.833615
105.719234
11.265164
41.594453
128.249563
167.244363
166.377811
185.441936
378.682831
648.180224
729.636027
409.878671
376.949729
183.708833
220.970531
-371.750422
-1043.327526
-973.136887
-1422.010357
-1708.838772
-2701.039782
-2875.216554
-2709.705293
-3182.842195
-3202.772870
-3323.223473
-3039.861263
-3116.984311
-3252.166283
-2671.577045
-2376.949671
-2209.705308
-1920.277240
-1614.384702
-1053.726139
-1076.256468
-701.906392
41.594453
110.051990
414.211426
533.795478
1207.972235
1571.057146
1494.800650
2047.660252
2462.738230
2816.291079
2913.344802
3033.795405
3513.864715
3621.317052
3457.538894
3454.072689
3355.285864
3337.954842
2886.481718
2507.798887
2219.237370
1701.039812
1329.289389
705.372596
375.216627
-64.991333
-663.778144
-1131.715738
-1552.859573
-1963.604795
-2352.686240
-2990.467850
-3244.367323
-3605.719132
-4068.457420
-4168.977348
-4522.530197
-4266.031071
-4425.476474
-4422.010269
-4113.518077
-3905.545813
-3215.771137
-2926.343069
-2499.999927
-1890.814503
-1457.538952
-823.223546
-413.344875
155.112647
741.767743
896.013839
1340.554554
1597.920231
2014.731310
2377.816222
2434.142043
2831.888999
2761.698360
2922.010313
3110.051902
3205.372523
3393.414112
3163.778071
3155.979111
3084.055369
2832.755550
2757.365604
2558.925402
2313.691440
1987.001675
1500.866507
1405.545886
1142.980902
876.083163
653.379530
235.701900
138.648176
-180.242629
-214.904673
-163.778158
-280.762557
-166.377811
-197.573651
26.863084
181.975731
514.731354
635.181957
438.474857
453.206226
352.686298
428.076244
-387.348342
-765.164622
-938.474843
-1323.223532
-1844.020743
-2739.168031
-2741.767684
-2936.741682
-3219.237341
-3290.294531
-3255.632487
-3065.857796
-3160.311866
-2972.270277
-2440.207901
-2264.298027
-2050.259905
-1684.575341
-1342.287656
-1024.263402
-1120.450574
-505.199292
-130.849216
-80.589252
178.509527
435.008653
1123.916778
1115.251267
1376.949700
1956.672387
2396.013795
2641.247756
2759.098706
3151.646355
3590.121212
3571.923639
3594.453968
3647.313585
3539.861248
3436.741667
2867.417594
2644.713961
2232.235637
1718.370834
1220.970502
555.459256
280.762557
-311.091845
-771.230480
-1302.426305
-1633.448826
-1945.407222
-2508.665438
-2859.618634
-3257.365589
-3414.211339
-3953.206124
-4285.961747
-4351.819630
-4400.346492
-4479.202642
-4546.793628
-4214.038005
-3843.154134
-3492.200938
-3090.987778
-2454.939270
-1818.024210
-1292.894243
-729.636027
-81.455804
438.474857
863.084897
1250.433239
1601.386435
1982.668920
2144.713975
2461.871679
2653.379472
2727.036316
2891.681025
2955.805806
3266.031100
3233.102159
3284.228674
3337.954842
3243.500772
3217.504239
2928.942722
2887.348269
2648.180165
2337.088320
2009.532004
1599.653333
1322.356980
949.740007
595.320607
380.415933
58.925475
-235.701900
-337.088378
-390.814547
-325.823214
-350.953196
-248.700166
-28.596186
84.055457
285.095312
558.058909
480.935861
396.880404
314.558050
230.502593
75.389946
-822.356995
-977.469642
-1247.833586
-1578.856106
-2194.973939
-2931.542375
-2723.570111
-3008.665423
-3176.776337
-3133.448782
-3071.057103
-2823.223488
-2970.537175
-2679.376005
-2153.379487
-2103.119523
-1749.566673
-1533.795449
-1236.568421
-1006.932380
-1045.060628
-336.221827
-194.973998
-3.466204
304.159437
615.251282
1184.575355
1162.045027
1653.379501
2181.109122
2447.140310
2677.642903
2799.826608
3256.499038
3558.925373
3487.001631
3636.048421
3566.724333
3467.070956
3287.694878
2860.485185
2707.972191
2197.573593
1650.779848
1167.244333
504.332741
194.973998
-415.944529
-879.549368
-1335.355247
-1867.417623
-2129.116056
-2720.103907
-2980.935788
-3252.166283
-3605.719132
-3882.148933
-4311.091729
-4318.890688
-4311.958280
-4477.469540
-4388.214777
-4207.105596
-3796.360374
-3458.405445
-3158.578764
-2451.473065
-1941.074467
-1360.485229
-777.296338
-219.237429
461.005186
766.897725
1324.956634
1744.367367
2025.996475
2382.148977
2623.050183
2892.547576
2950.606500
3012.998179
3240.034567
3369.150681
3318.024167
3370.883784
3301.559696
3270.363856
3008.665423
2882.148963
2838.821408
2491.334416
2247.833557
1850.953152
1640.381235
1233.102217
784.228747
675.043308
286.828414
-32.062391
-397.746955
-483.535514
-441.074511
-628.249548
-565.857869
-419.410733
-235.701900
-147.313687
79.722701
473.136901
364.818014
362.218360
272.097046
348.353543
88.388212
-785.095298
-751.299805
-1083.188877
-1411.611744
-2201.906348
-2777.296279
-2595.320548
-2975.736482
-3063.258143
-3103.986045
-2993.934055
-2837.088305
-2928.076171
-2499.999927
-2074.523336
-1881.282441
-1572.790249
-1395.147273
-1051.993037
-926.343127
-810.225280
-283.362210
-189.774691
60.658577
175.909874
462.738288
940.207945
1025.996504
1567.590942
1941.074467
2233.102188
2603.119508
2837.088305
3280.762469
3552.859515
3584.921906
3774.696597
3670.710465
3609.185337
3415.944441
3073.656756
2845.753816
2240.901148
1783.362166
1230.502564
766.031173
250.433268
-288.561517
-798.093564
-1298.093550
-1721.837038
-2253.032863
-2524.263358
-2983.535441
-3215.771137
-3676.776322
-4029.462621
-4256.499009
-4472.270233
-4380.415817
-4538.994668
-4462.738171
-4355.285835
-4036.395029
-3511.265062
-3182.842195
-2603.119508
-1948.006876
-1386.481762
-733.102232
-267.764290
387.348342
998.266869
1289.428039
1834.488681
2058.058865
2472.270292
2764.298013
2849.220021
3156.845662
3116.984311
3273.830060
3389.947908
3414.211339
3455.805792
3272.096958
3226.169750
3062.391592
2840.554510
2727.036316
2441.941003
2219.237370
1824.090068
1413.344846
1119.584023
727.902925
442.807613
66.724435
-298.960130
-500.866536
-685.441921
-746.100498
-784.228747
-712.305005
-481.802412
-402.079711
-203.639509
92.720968
538.128234
427.209693
388.214893
379.549382
455.805879
234.835348
-638.648162
-583.188891
-951.473109
-1204.506031
-2054.592661
-2567.590913
-2396.013795
-2746.100440
-2867.417594
-2994.800606
-2802.426261
-2678.509454
-2708.838742
-2350.953138
-1886.481747
-1876.083134
-1540.727858
-1351.819718
-1065.857854
-921.143821
-1043.327526
-370.017320
-410.745222
-233.968797
-111.785092
219.237429
787.694951
759.965316
1291.161141
1780.762513
2215.771166
2513.864745
2765.164564
3268.630754
3625.649807
3635.181870
3762.564881
3668.110811
3598.786723
3400.346521
2990.467850
2738.301480
2132.582260
1645.580541
1144.714005
545.927194
181.109180
-435.008653
-884.748674
-1318.024225
-1849.220050
-2085.788501
-2677.642903
-2968.804073
-3245.233874
-3688.041487
-3961.005084
-4415.077861
-4401.213043
-4434.141985
-4644.713902
-4498.266766
-4304.159320
-3910.745120
-3564.124679
-3211.438381
-2393.414142
-1848.353499
-1247.833586
-600.519913
-79.722701
697.573636
1016.464442
1579.722658
1998.266839
2193.240837
2602.252957
2744.367338
3000.866463
3106.585698
3071.057103
3311.958309
3295.493838
3266.897652
3330.155882
3137.781537
3240.901119
2954.072704
2826.689692
2675.043249
2337.088320
2230.502535
1728.769447
1457.538952
1006.065829
753.032907
393.414200
-37.261697
-303.292885
-553.726154
-642.114366
-848.353528
-766.897725
-631.715753
-447.140368
-427.209693
-129.116114
175.043322
571.923727
435.008653
420.277284
540.727887
475.736555
300.693232
-551.126500
-478.336208
-892.547634
-1181.109151
-1920.277240
-2460.138576
-2325.823156
-2725.303213
-2818.890732
-2954.072704
-2820.623834
-2687.174965
-2687.174965
-2398.613448
-1903.812769
-1876.949685
-1524.263387
-1314.558021
-1057.192343
-883.882123
-984.402051
-340.554583
-331.022521
-169.844016
-137.781625
229.636042
710.571903
746.100498
1213.171542
1654.246052
2168.977406
2396.013795
2686.308414
3155.112559
3559.791924
3584.921906
3665.511158
3636.048421
3512.131613
3373.483437
2901.213087
2681.975658
2106.585727
1591.854373
1132.582289
516.464456
184.575385
-426.343142
-766.031173
-1272.963568
-1692.374301
-2053.726110
-2513.864745
-2746.966991
-3181.109093
-3414.211339
-3894.280649
-4123.050140
-4313.691382
-4402.946145
-4461.871620
-4525.129851
-4208.838699
-4013.864701
-3611.784990
-3228.769403
-2541.594380
-1850.953152
-1282.495630
-690.641228
-29.462737
636.048508
1153.379516
1609.185395
1954.072733
2373.483466
2499.133376
2804.159364
2882.148963
3034.661956
3081.455716
3081.455716
3248.700078
3146.447048
3247.833527
3112.651556
3130.849129
2913.344802
2738.301480
2643.847410
2362.218302
2102.252972
1603.986088
1351.819718
988.734806
616.984384
220.103980
-136.048523
-367.417667
-714.904658
-852.686284
-935.875189
-840.554568
-798.093564
-693.240881
-506.932394
-259.098779
77.989599
362.218360
653.379530
455.805879
616.984384
525.996518
555.459256
123.916807
-489.601372
-474.003452
-1025.996504
-1336.221798
-2103.986074
-2270.363885
-2341.421075
-2730.502520
-2745.233889
-2775.563177
-2603.986059
-2582.322282
-2492.200967
-2053.726110
-1857.885561
-1825.823170
-1461.871708
-1323.223532
-1040.727873
-1147.313658
-954.072762
-485.268617
-573.656829
-324.090112
-181.975731
339.688032
662.911592
843.154221
1431.542419
1972.270306
2395.147244
2718.370804
3105.719147
3578.856048
3811.091743
3769.497290
3890.814444
3700.173202
3566.724333
3184.575297
2788.561444
2448.006861
1790.294575
1415.077948
827.556302
383.882138
-60.658577
-539.861336
-830.155955
-1368.284189
-1772.097002
-2142.980873
-2431.542390
-2832.755550
-3247.833527
-3648.180136
-3933.275448
-4240.034538
-4506.932277
-4512.998135
-4603.986001
-4438.474740
-4357.885488
-3909.878569
-3383.015499
-2866.551043
-2162.044998
-1554.592676
-794.627360
-171.577118
465.337941
1097.053694
1545.927165
1892.547605
2236.568392
2444.540657
2688.908067
2761.698360
2870.017247
2990.467850
2915.077904
3062.391592
3019.930588
3118.717413
3051.126427
2937.608233
2939.341335
2744.367338
2661.178432
2384.748631
2149.913282
1837.088335
1418.544153
1089.254734
691.507779
313.691499
-26.863084
-383.882138
-706.239147
-969.670682
-1087.521632
-1017.330993
-1019.064095
-956.672416
-759.965316
-488.734821
-173.310220
101.386479
431.542448
799.826666
707.972250
716.637761
740.034640
725.303272
620.450588
-243.500859
-360.485258
-754.766009
-1012.998237
-1506.932365
-2142.114322
-2054.592661
-2390.814488
-2520.797153
-2584.921935
-2567.590913
-2331.889013
-2355.285893
-2266.897681
-1978.336164
-2039.861292
-1638.648132
-1488.734792
-1409.012091
-1290.294590
-1396.013824
-750.433254
-686.308472
-510.398599
-228.769491
104.852683
680.242614
815.424586
1363.084882
2011.265106
2485.268558
2818.024181
3106.585698
3469.670609
3860.485156
3849.219992
3903.812711
3746.966962
3402.079623
3205.372523
2707.105640
2448.873412
1863.951419
1377.816251
1006.932380
382.149036
51.993066
-398.613507
-628.249548
-1071.923712
-1644.713990
-2000.866493
-2421.143777
-2782.495586
-3292.027633
-3705.372509
-4088.388095
-4462.738171
-4793.760692
-4810.225163
-4776.429670
-4646.447005
-4432.408883
-4063.258114
-3392.547561
-2894.280678
-2136.048464
-1377.816251
-637.781610
0.000000
469.670697
1121.317125
1597.920231
1958.405489
2161.178446
2418.544123
2590.987793
2649.913267
2717.504253
2847.486919
2998.266810
2972.270277
3028.596099
3010.398526
3057.192285
2945.407193
2919.410660
2821.490386
2554.592646
2304.159378
1959.272040
1705.372567
1267.764261
870.883857
546.793745
150.779892
-262.564984
-579.722687
-782.495644
-943.674149
-1092.720939
-1076.256468
-953.206211
-909.012105
-709.705352
-391.681098
-11.265164
194.107447
422.010386
748.700151
1085.788530
941.941047
877.816266
933.275536
814.558035
557.192358
-292.027721
-332.755623
-646.447122
-1006.065829
-1519.930632
-2038.994741
-1941.941018
-2287.694907
-2363.084853
-2351.819689
-2340.554524
-2221.837023
-2337.088320
-2175.043264
-1958.405489
-2019.930617
-1766.897695
-1710.571874
-1647.313643
-1586.655066
-1583.188862
-1038.128219
-913.344861
-685.441921
-338.821481
116.117848
709.705352
1027.729606
1680.242585
2353.552791
2777.296279
3077.989511
3365.684477
3753.899370
3993.067474
3826.689663
3726.169735
3462.738200
3114.384658
2818.890732
2319.757298
2006.065799
1453.206197
961.005171
606.585771
155.979198
-140.381278
-482.668963
-837.954915
-1229.636013
-1713.171527
-2114.384687
-2435.875145
-2947.140295
-3298.093491
-3822.356907
-4230.502476
-4525.996402
-4759.098648
-4690.641111
-4690.641111
-4453.206109
-4119.583935
-3681.975629
-2960.138562
-2228.769432
-1442.807584
-759.098765
-176.776425
599.653362
1027.729606
1497.400303
1918.544138
2110.051931
2352.686240
2241.767699
2441.941003
2638.648103
2648.180165
2765.164564
2785.961790
2942.807540
2966.204419
2954.939255
3071.923654
3008.665423
2897.746882
2668.110841
2350.953138
2084.055398
1672.443625
1411.611744
1006.065829
487.001719
128.249563
-227.902940
-471.403799
-791.161155
-988.734806
-976.603091
-1061.525099
-1142.980902
-1038.994770
-807.625626
-523.396865
-316.291152
-58.058924
268.630841
544.194092
780.762542
1085.788530
980.069295
939.341394
869.150755
740.901192
568.457522
-281.629108
-389.081444
-759.098765
-1046.793730
-1523.396836
-1993.934084
-1850.086601
-2137.781567
-2247.833557
-2214.904615
-2149.913282
-2055.459212
-2184.575326
-2121.317096
-1878.682787
-2061.525070
-1901.213116
-1834.488681
-1715.771180
-1648.180194
-1704.506016
-1124.783329
-924.610025
-636.915059
-217.504326
298.093579
1009.532033
1280.762528
1835.355232
2487.001660
2884.748616
3210.571830
3397.746868
3562.391577
3716.637673
3461.871649
3381.282397
3105.719147
2684.575312
2461.005127
1967.071000
1697.573607
1191.507764
836.221813
642.980917
198.440202
-91.854417
-442.807613
-723.570170
-1034.662015
-1603.986088
-1915.077934
-2357.885546
-2820.623834
-3239.168016
-3776.429699
-3958.405430
-4367.417550
-4506.932277
-4428.076127
-4355.285835
-4057.192256
-3775.563148
-3172.443582
-2423.743430
-1897.746912
-1127.382983
-477.469657
102.253030
618.717486
907.279003
1532.928898
1673.310176
1778.162860
1851.819703
1961.871693
2182.842224
2152.512935
2359.618649
2480.069252
2612.651570
2675.043249
2824.956590
2921.143762
2986.135095
2865.684492
2775.563177
2506.065785
2116.984340
1922.010342
1464.471361
1201.906377
598.786811
243.500859
-51.126515
-524.263416
-657.712286
-922.876923
-913.344861
-1045.060628
-1108.318858
-891.681083
-729.636027
-574.523380
-355.285951
-70.190639
230.502593
452.339675
548.526847
885.615225
962.738273
1097.920245
808.492177
774.696684
672.443655
430.675897
165.511260
-482.668963
-479.202759
-841.421119
-1018.197544
-1453.206197
-1704.506016
-1683.708790
-1857.885561
-1921.143791
-1969.670653
-1972.270306
-2049.393354
-2131.715709
-2145.580527
-2070.190581
-2200.173246
-2064.124723
-1975.736511
-1887.348298
-1818.890761
-1601.386435
-928.942780
-590.987851
-198.440202
269.497392
953.206211
1584.921964
1909.878627
2461.005127
2969.670624
3251.299732
3292.894185
3306.759002
3393.414112
3367.417579
3045.060570
2837.954856
2480.069252
2155.979140
1864.817970
1491.334445
1289.428039
862.218346
662.045041
349.220094
13.864818
-273.830148
-583.188891
-834.488710
-1283.362181
-1772.963553
-2175.909815
-2579.722628
-3036.395059
-3373.483437
-3748.700064
-3959.271981
-4190.641125
-4229.635925
-3929.809244
-3759.098677
-3358.752068
-3004.332668
-2447.140310
-1772.097002
-1287.694936
-574.523380
-67.590986
370.883871
719.237414
1008.665482
1428.942766
1617.850906
1688.041545
1849.220050
1934.142058
2082.322296
2118.717442
2239.168046
2524.263358
2506.932336
2596.187099
2545.060584
2612.651570
2668.977392
2429.809288
2331.022462
1953.206182
1669.843972
1359.618678
985.268602
693.240881
280.762557
-18.197573
-279.029455
-571.923727
-720.103965
-774.696684
-830.155955
-825.823199
-898.613492
-727.036374
-558.058909
-355.285951
-129.116114
127.383012
376.083178
580.589238
725.303272
956.672416
1078.856121
1162.911578
977.469642
742.634294
648.180224
390.814547
271.230495
-383.015587
-508.665496
-757.365662
-933.275536
-1220.970502
-1585.788515
-1497.400303
-1666.377768
-1818.024210
-1960.138591
-2011.265106
-2050.259905
-2194.973939
-2272.963538
-2162.911549
-2284.228703
-2150.779833
-2003.466146
-1828.422824
-1553.726124
-1402.946233
-721.837067
-337.954929
25.129982
564.124767
1088.388183
1694.107403
1902.946218
2272.096987
2699.306680
2877.816207
2864.817941
2857.885532
2902.079638
2860.485185
2521.663705
2309.358685
2118.717442
1833.622130
1606.585742
1259.098750
1116.117818
756.499111
504.332741
283.362210
-45.927208
-285.961863
-656.845735
-904.679350
-1331.889043
-1738.301509
-2072.790234
-2304.159378
-2722.703560
-3018.197486
-3238.301465
-3331.888984
-3340.554495
-3444.540627
-3143.847395
-2980.935788
-2726.169764
-2419.410675
-1974.869960
-1390.814517
-1036.395117
-691.507779
-210.571918
170.710567
530.329274
774.696684
1055.459241
1350.086616
1383.882109
1601.386435
1758.232184
1915.077934
1981.802368
2015.597861
2204.506001
2198.440144
2178.509468
2232.235637
2213.171512
2159.445344
1946.273773
1833.622130
1693.240852
1367.417638
1162.045027
920.277269
668.977450
340.554583
8.665511
-86.655110
-280.762557
-512.131701
-556.325807
-629.982651
-572.790278
-639.514713
-505.199292
-299.826681
-222.703633
-1.733102
105.719234
384.748689
471.403799
596.187158
777.296338
823.223546
855.285937
912.478310
724.436721
628.249548
448.006919
356.152503
283.362210
-355.285951
-383.882138
-636.915059
-721.837067
-1066.724406
-1506.932365
-1421.143806
-1693.240852
-1874.350032
-1993.067533
-2122.183647
-2108.318829
-2279.895947
-2254.765965
-2041.594394
-2130.849158
-1869.150725
-1668.977421
-1417.677602
-1130.849187
-961.871722
-260.831881
19.064124
312.824948
714.038107
1129.116085
1629.116070
1694.107403
1980.935817
2315.424542
2370.883813
2363.951404
2312.824889
2340.554524
2338.821422
1974.003409
1892.547605
1688.908096
1444.540686
1285.095283
927.209678
843.154221
530.329274
311.091845
115.251296
-246.967064
-429.809346
-676.776410
-909.012105
-1201.039826
-1547.660267
-1727.902896
-1964.471346
-2247.833557
-2375.216568
-2524.263358
-2592.720895
-2695.840476
-2727.036316
-2538.994727
-2457.538923
-2233.102188
-1966.204449
-1721.837038
-1345.753860
-1063.258201
-575.389931
-188.041589
67.590986
445.407266
663.778144
1006.932380
1190.641213
1324.956634
1509.532018
1527.729591
1600.519884
1675.909830
1706.239118
1829.289375
1784.228717
1756.499082
1779.029411
1714.904629
1781.629064
1628.249519
1551.126471
1383.882109
1171.577089
1019.930646
790.294604
654.246081
440.207959
203.639509
25.129982
-90.987866
-208.838815
-244.367411
-289.428068
-228.769491
-259.965330
-280.762557
-131.715767
-68.457537
104.852683
121.317154
230.502593
376.083178
418.544182
514.731354
584.921993
680.242614
804.159422
616.984384
493.934128
495.667230
370.017320
370.017320
-233.968797
-325.823214
-467.937595
-713.171556
-896.880390
-1418.544153
-1368.284189
-1590.121271
-1842.287641
-1881.282441
-2049.393354
-1983.535471
-2107.452278
-2185.441877
-1947.140324
-2025.129924
-1748.700122
-1519.064080
-1290.294590
-973.136887
-915.944514
-307.625641
57.192373
302.426334
642.980917
909.012105
1353.552820
1430.675868
1547.660267
1876.949685
1987.868226
1974.003409
1912.478280
1888.214850
1989.601328
1759.965287
1657.712257
1566.724391
1331.022491
1227.036359
909.012105
859.618692
616.984384
372.616974
228.769491
-52.859617
-156.845749
-392.547649
-543.327540
-700.173290
-938.474843
-1060.658548
-1207.972235
-1589.254720
-1588.388169
-1809.358699
-1847.486948
-2144.713975
-2428.076186
-2111.785034
-2260.831823
-2116.117789
-2105.719176
-1795.493882
-1480.935832
-1439.341379
-948.873456
-457.538981
-220.970531
11.265164
167.244363
661.178490
770.363929
760.831867
1140.381249
1088.388183
1198.440173
1077.989570
1251.299790
1505.199263
1253.899443
1435.008624
1467.937565
1501.733058
1485.268587
1422.876908
1609.185395
1424.610010
1242.634279
1199.306724
1033.795464
883.882123
686.308472
566.724420
437.608306
67.590986
106.585785
88.388212
-18.197573
-94.454070
-205.372611
-13.864818
-192.374344
-189.774691
-17.331022
20.797226
39.861351
-59.792026
158.578852
342.287685
322.357010
438.474857
547.660296
647.313673
585.788544
415.944529
565.857869
454.939328
349.220094
-6.065858
-279.029455
-319.757356
-594.454055
-734.835334
-1104.852654
-1304.159407
-1410.745193
-1644.713990
-1714.904629
-1782.495615
-1820.623864
-1787.694922
-1928.942751
-1772.963553
-1675.043279
-1586.655066
-1330.155940
-1207.972235
-941.941047
-849.220079
-577.989585
-167.244363
30.329289
261.698433
495.667230
818.890791
991.334460
1038.994770
1327.556287
1557.192329
1602.252986
1529.462694
1547.660267
1694.107403
1632.582275
1482.668934
1468.804117
1324.956634
1204.506031
995.667215
891.681083
828.422853
558.925460
474.870003
331.022521
219.237429
46.793759
-51.126515
-118.717501
-319.757356
-548.526847
-727.036374
-836.221813
-1128.249534
-1340.554554
-1572.790249
-1673.310176
-1916.811036
-2082.322296
-2013.864759
-2052.859559
-1953.206182
-1922.876894
-1643.847439
-1451.473095
-1257.365648
-896.013839
-566.724420
-305.892539
-142.980932
84.922008
379.549382
502.599639
577.123033
790.294604
831.022506
910.745207
876.949714
1061.525099
1195.840520
1128.249534
1255.632546
1293.760794
1387.348313
1325.823185
1394.280722
1474.003423
1357.885576
1267.764261
1202.772928
1160.311925
976.603091
792.027707
689.774677
577.123033
301.559783
174.176771
74.523395
-6.932409
-146.447136
-233.102246
-150.779892
-240.034655
-204.506060
-161.178505
-11.265164
0.000000
68.457537
178.509527
323.223561
377.816280
378.682831
515.597905
544.194092
635.181957
459.272084
455.805879
389.947996
315.424601
231.369144
-196.707100
-223.570184
-444.540715
-570.190625
-915.077963
-1226.169808
-1244.367381
-1441.074481
-1654.246052
-1789.428024
-1830.155926
-1815.424557
-1912.478280
-1901.213116
-1663.778114
-1674.176728
-1465.337912
-1326.689736
-1085.788530
-884.748674
-805.025973
-350.086645
-189.774691
-61.525128
138.648176
404.679364
713.171556
718.370863
934.142087
1210.571888
1332.755594
1362.218331
1417.677602
1617.850906
1721.837038
1551.126471
1558.058880
1558.925431
1470.537219
1358.752127
1166.377782
1178.509498
948.873456
769.497378
679.376063
505.199292
387.348342
187.175038
95.320621
-77.989599
-285.095312
-429.809346
-634.315406
-860.485243
-1078.856121
-1283.362181
-1506.065814
-1739.168060
-1899.480014
-1908.145525
-2051.126457
-2095.320563
-2038.128190
-1868.284174
-1736.568407
-1598.786782
-1233.102217
-954.072762
-708.838801
-490.467923
-148.180238
134.315421
269.497392
412.478324
629.116099
742.634294
757.365662
832.755608
925.476576
1029.462708
996.533766
1087.521632
1196.707071
1207.972235
1289.428039
1321.490429
1413.344846
1378.682802
1359.618678
1371.750393
1240.901177
1180.242600
1029.462708
932.408985
743.500845
551.126500
470.537248
266.031188
101.386479
-32.928942
-104.852683
-158.578852
-253.032922
-292.027721
-237.435002
-228.769491
-212.305020
-120.450603
-29.462737
114.384745
145.580585
282.495659
396.880404
462.738288
543.327540
627.382997
586.655096
530.329274
426.343142
363.951463
256.499126
-146.447136
-237.435002
-475.736555
-630.849202
-968.804131
-1240.901177
-1283.362181
-1490.467894
-1617.850906
-1708.838772
-1708.838772
-1709.705323
-1779.895962
-1722.703589
-1595.320577
-1619.584008
-1440.207930
-1358.752127
-1205.372582
-1097.920245
-1030.329259
-640.381264
-498.266883
-277.296352
-22.530329
282.495659
629.982651
731.369129
1059.791997
1364.817984
1568.457493
1646.447092
1668.977421
1821.490415
1861.351765
1735.701856
1659.445359
1541.594409
1410.745193
1283.362181
1093.587490
1071.923712
902.946247
836.221813
744.367396
607.452322
603.986118
466.204492
425.476591
222.703633
12.131715
-113.518194
-441.941062
-694.973983
-962.738273
-1240.901177
-1519.064080
-1909.878627
-2054.592661
-2124.783300
-2311.091787
-2305.025929
-2241.767699
-2049.393354
-1887.348298
-1762.564940
-1272.963568
-1012.998237
-717.504312
-474.870003
-166.377811
161.178505
178.509527
393.414200
556.325807
612.651629
640.381264
640.381264
750.433254
798.093564
807.625626
974.869989
1030.329259
1106.585756
1263.431506
1385.615211
1554.592676
1502.599609
1610.918497
1661.178461
1546.793716
1498.266854
1302.426305
1221.837053
930.675883
694.107432
525.129967
266.897739
57.192373
-118.717501
-214.038122
-336.221827
-438.474857
-407.279018
-323.223561
-328.422867
-276.429801
-192.374344
-32.928942
32.062391
89.254763
233.968797
304.159437
324.956663
324.090112
353.552849
436.741755
344.020787
193.240896
162.045056
59.792026
23.396880
-256.499126
-422.010386
-475.736555
-649.913326
-789.428053
-1076.256468
-1128.249534
-1205.372582
-1395.147273
-1506.065814
-1585.788515
-1603.986088
-1676.776381
-1798.960086
-1693.240852
-1654.246052
-1617.850906
-1473.136872
-1352.686269
-1086.655081
-943.674149
-626.516446
-219.237429
17.331022
331.889072
614.384731
997.400317
1201.906377
1322.356980
1568.457493
1699.306709
1684.575341
1584.921964
1594.454026
1633.448826
1481.802383
1319.757327
1285.961834
1226.169808
1149.913311
1042.460975
1073.656814
1113.518165
966.204478
924.610025
857.885590
803.292871
626.516446
379.549382
214.904673
-116.117848
-423.743488
-779.029440
-1073.656814
-1388.214864
-1694.107403
-1914.211383
-2109.185380
-2231.369086
-2257.365619
-2139.514669
-2031.195781
-1871.750379
-1680.242585
-1391.681069
-1117.850921
-866.551101
-597.053709
-341.421134
-166.377811
-64.124781
65.857884
153.379545
262.564984
279.896006
347.486992
402.946262
461.005186
584.055442
729.636027
936.741740
1066.724406
1261.698403
1418.544153
1558.925431
1677.642932
1726.169794
1753.032878
1670.710523
1533.795449
1368.284189
1178.509498
938.474843
694.973983
457.538981
257.365677
50.259964
-99.653377
-175.043322
-266.897739
-251.299819
-291.161170
-227.902940
-203.639509
-170.710567
-61.525128
-80.589252
-17.331022
-45.927208
13.864818
-6.932409
-48.526862
-19.930675
2.599653
-20.797226
-38.128248
3.466204
111.785092
97.053723
31.195840
83.188906
107.452337
78.856150
-136.048523
-198.440202
-254.766024
-446.273817
-705.372596
-932.408985
-1058.058895
-1282.495630
-1525.996489
-1610.051946
-1688.908096
-1791.161126
-1843.154192
-1744.367367
-1573.656800
-1502.599609
-1291.161141
-959.272069
-699.306739
-515.597905
-263.431535
126.516461
394.280751
492.201025
672.443655
909.878656
1028.596157
1006.065829
1050.259935
1201.906377
1197.573622
1112.651614
1120.450574
1205.372582
1248.700137
1191.507764
1230.502564
1279.895976
1292.894243
1260.831852
1261.698403
1259.965301
1156.845720
1027.729606
894.280736
724.436721
495.667230
250.433268
5.199307
-273.830148
-618.717486
-872.616959
-1090.121285
-1295.493896
-1492.200996
-1650.779848
-1683.708790
-1746.967020
-1763.431491
-1680.242585
-1584.921964
-1449.739992
-1364.817984
-1207.972235
-1053.726139
-922.010372
-784.228747
-652.512979
-501.733088
-387.348342
-282.495659
-143.847483
10.398613
194.973998
335.355276
499.133434
719.237414
870.883857
1058.925446
1213.171542
1368.284189
1482.668934
1513.864774
1566.724391
1547.660267
1502.599609
1409.878642
1281.629079
1144.714005
958.405518
803.292871
642.114366
478.336208
337.088378
214.904673
104.852683
10.398613
-71.923741
-87.521661
-136.048523
-191.507793
-228.769491
-258.232228
-282.495659
-357.885605
-375.216627
-392.547649
-451.473124
-478.336208
-495.667230
-415.077977
-365.684565
-307.625641
-183.708833
-84.055457
74.523395
217.504326
347.486992
489.601372
574.523380
600.519913
563.258216
477.469657
427.209693
237.435002
11.265164
-255.632575
-453.206226
-652.512979
-941.074496
-1132.582289
-1261.698403
-1338.821451
-1430.675868
-1448.006890
-1376.083149
-1288.561487
-1245.233932
-1104.852654
-983.535500
-860.485243
-740.034640
-623.916793
-470.537248
-454.939328
-364.818014
-229.636042
-145.580585
-57.192373
17.331022
220.970531
368.284218
455.805879
619.584037
824.090097
1029.462708
1108.318858
1233.968768
1403.812784
1496.533752
1524.263387
1524.263387
1557.192329
1550.259920
1431.542419
1343.154207
1227.902910
1072.790263
909.012105
707.105699
527.729621
298.960130
60.658577
-140.381278
-384.748689
-598.786811
-817.157688
-1006.065829
-1179.376049
-1344.020758
-1435.008624
-1526.863040
-1571.923698
-1586.655066
-1553.726124
-1487.868241
-1410.745193
-1272.963568
-1115.251267
-972.270336
-812.824933
-610.051975
-393.414200
-222.703633
-72.790293
142.114381
331.022521
473.136901
597.053709
740.034640
888.214879
947.140354
1011.265135
1077.123019
1133.448840
1134.315391
1106.585756
1097.920245
1067.590957
1004.332726
924.610025
842.287670
753.032907
651.646428
529.462723
422.010386
310.225294
198.440202
69.324088
-51.993066
-160.311954
-253.032922
-328.422867
-417.677631
-490.467923
-523.396865
-557.192358
-592.720953
-603.986118
-558.925460
-497.400332
-465.337941
-404.679364
-282.495659
-162.045056
-69.324088
33.795493
169.844016
310.225294
386.481791
479.202759
574.523380
640.381264
655.112633
661.178490
661.178490
590.987851
491.334474
380.415933
285.961863
113.518194
-76.256497
-206.239162
-329.289418
-490.467923
-656.845735
-749.566703
-824.090097
-950.606558
-1057.192343
-1097.053694
-1128.249534
-1192.374315
-1264.298057
-1258.232199
-1247.833586
-1268.630812
-1246.100484
-1167.244333
-1070.190610
-987.001704
-856.152488
-662.911592
-461.005186
-266.031188
-41.594453
215.771224
443.674164
662.911592
870.017306
1079.722672
1260.831852
1391.681069
1517.330978
1605.719191
1666.377768
1704.506016
1714.904629
1681.975687
1632.582275
1564.124738
1457.538952
1331.022491
1172.443640
1006.932380
797.227013
553.726154
320.623907
74.523395
-189.774691
-461.005186
-694.107432
-919.410718
-1136.915045
-1311.958367
-1428.076215
-1512.998223
-1577.123004
-1575.389902
-1516.464427
-1431.542419
-1341.421105
-1193.240866
-1013.864788
-851.819732
-696.707085
-518.197559
-335.355276
-188.908140
-63.258230
71.923741
202.772958
281.629108
383.015587
482.668963
567.590971
641.247815
694.107432
778.162889
822.356995
840.554568
865.684550
877.816266
848.353528
792.027707
727.036374
639.514713
533.795478
400.346609
284.228761
166.377811
31.195840
-70.190639
-155.979198
-238.301553
-306.759090
-340.554583
-344.020787
-353.552849
-354.419400
-337.954929
-292.894272
-271.230495
-253.899473
-214.038122
-172.443669
-123.916807
-89.254763
-44.194106
10.398613
79.722701
136.915074
211.438469
288.561517
374.350076
448.006919
502.599639
559.792011
603.986118
642.114366
622.183691
590.121300
567.590971
506.932394
352.686298
215.771224
108.318888
-9.532062
-237.435002
-449.740022
-527.729621
-649.046775
-822.356995
-1007.798931
-1033.795464
-1064.991303
-1200.173275
-1276.429772
-1237.434973
-1193.240866
-1260.831852
-1283.362181
-1146.447107
-1057.192343
-1056.325792
-959.272069
-766.897725
-597.920260
-525.996518
-324.956663
-29.462737
157.712300
327.556316
582.322340
882.149021
1059.791997
1187.175009
1423.743459
1612.651599
1665.511217
1696.707056
1784.228717
1809.358699
1689.774647
1583.188862
1522.530285
1362.218331
1130.849187
941.074496
796.360462
571.923727
292.894272
123.050256
-23.396880
-227.902940
-444.540715
-561.525114
-633.448855
-788.561502
-909.012105
-929.809332
-941.941047
-1007.798931
-1040.727873
-979.202744
-947.140354
-941.941047
-876.949714
-771.230480
-701.039841
-651.646428
-540.727887
-416.811080
-356.152503
-294.627374
-179.376078
-81.455804
-42.461004
4.332756
99.653377
151.646443
158.578852
191.507793
236.568451
247.833615
226.169837
237.435002
245.233962
211.438469
172.443669
173.310220
166.377811
118.717501
109.185439
129.116114
143.847483
113.518194
121.317154
175.909874
191.507793
173.310220
188.908140
227.036389
209.705366
175.909874
169.844016
178.509527
137.781625
97.053723
92.720968
86.655110
64.991333
61.525128
93.587519
119.584052
137.781625
156.845749
187.175038
198.440202
177.642976
166.377811
129.116114
68.457537
5.199307
-64.124781
-123.916807
-210.571918
-272.097046
-303.292885
-348.353543
-373.483525
-369.150769
-347.486992
-324.956663
-309.358743
-257.365677
-210.571918
-187.175038
-162.911607
-138.648176
-129.116114
-155.979198
-176.776425
-193.240896
-231.369144
-270.363944
-298.093579
-298.960130
-322.357010
-341.421134
-310.225294
-285.961863
-248.700166
-200.173304
-136.915074
-56.325822
10.398613
90.987866
181.975731
244.367411
309.358743
375.216627
425.476591
461.871737
481.802412
518.197559
530.329274
519.064110
516.464456
513.864803
506.932394
493.934128
485.268617
483.535514
471.403799
456.672430
459.272084
447.140368
429.809346
405.545915
383.882138
350.953196
307.625641
263.431535
207.105713
142.980932
61.525128
-7.798960
-85.788559
-175.909874
-252.166370
-332.755623
-406.412466
-486.135168
-561.525114
-603.986118
-649.913326
-694.107432
-725.303272
-733.968783
-733.968783
-740.034640
-722.703618
-681.109166
-633.448855
-586.655096
-531.195825
-461.871737
-387.348342
-327.556316
-250.433268
-155.112647
-88.388212
-16.464471
60.658577
145.580585
232.235695
285.095312
366.551116
444.540715
491.334474
539.861336
584.921993
628.249548
656.845735
655.979184
655.112633
655.979184
631.715753
600.519913
564.124767
524.263416
469.670697
410.745222
350.953196
279.029455
203.639509
129.982665
64.124781
-21.663778
-103.119581
-175.909874
-237.435002
-319.757356
-400.346609
-444.540715
-503.466190
-556.325807
-603.986118
-626.516446
-637.781610
-669.844001
-668.110899
-646.447122
-621.317140
-595.320607
-561.525114
-512.998252
-448.873470
-392.547649
-339.688032
-282.495659
-207.972264
-135.181972
-97.053723
-50.259964
15.597920
64.991333
58.058924
95.320621
125.649910
176.776425
163.778158
173.310220
247.833615
253.032922
289.428068
298.093579
359.618707
396.013853
378.682831
413.344875
456.672430
438.474857
433.275551
434.142102
459.272084
436.741755
403.812813
422.876937
421.143835
400.346609
373.483525
392.547649
384.748689
343.154236
343.154236
329.289418
315.424601
265.164637
228.769491
226.169837
152.512994
99.653377
59.792026
10.398613
-45.060657
-117.850950
-152.512994
-192.374344
-267.764290
-311.958396
-341.421134
-376.949729
-428.076244
-474.870003
-482.668963
-506.932394
-528.596172
-541.594438
-539.861336
-518.197559
-527.729621
-503.466190
-480.069310
-442.807613
-393.414200
-370.883871
-317.157703
-259.098779
-190.641242
-123.916807
-68.457537
5.199307
81.455804
145.580585
204.506060
259.965330
332.755623
386.481791
414.211426
447.140368
476.603106
504.332741
506.932394
506.065843
511.265150
505.199292
488.734821
454.939328
432.409000
407.279018
369.150769
318.890805
276.429801
233.968797
178.509527
125.649910
69.324088
11.265164
-44.194106
-100.519928
-154.246096
-205.372611
-259.965330
-311.091845
-363.084911
-422.876937
-465.337941
-504.332741
-536.395132
-564.991318
-589.254749
-592.720953
-594.454055
-596.187158
-586.655096
-564.124767
-532.062376
-500.866536
-467.071044
-430.675897
-381.282485
-336.221827
-288.561517
-234.835348
-191.507793
-142.114381
-90.987866
-47.660311
3.466204
48.526862
89.254763
133.448870
173.310220
210.571918
240.901206
279.029455
326.689765
363.951463
380.415933
419.410733
447.140368
467.071044
487.868270
500.866536
518.197559
516.464456
513.864803
509.532048
498.266883
477.469657
454.072777
434.142102
415.944529
376.083178
340.554583
318.024254
277.296352
235.701900
194.107447
163.778158
124.783359
77.989599
32.928942
-18.197573
-64.124781
-114.384745
-156.845749
-203.639509
-246.967064
-279.896006
-311.091845
-337.088378
-367.417667
-380.415933
-385.615240
-399.480058
-402.079711
-383.882138
-359.618707
-344.020787
-328.422867
-298.093579
-254.766024
-227.036389
-192.374344
-144.714034
-99.653377
-53.726168
-12.998267
32.062391
84.055457
135.181972
171.577118
211.438469
251.299819
278.162903
301.559783
312.824948
325.823214
331.889072
331.889072
320.623907
300.693232
274.696699
256.499126
226.169837
193.240896
174.176771
146.447136
114.384745
85.788559
56.325822
29.462737
1.733102
-32.928942
-55.459270
-82.322355
-107.452337
-132.582318
-159.445403
-178.509527
-199.306753
-223.570184
-235.701900
-249.566717
-259.965330
-263.431535
-276.429801
-280.762557
-278.162903
-275.563250
-275.563250
-272.097046
-267.764290
-259.965330
-255.632575
-250.433268
-237.435002
-224.436735
-207.972264
-192.374344
-178.509527
-164.644709
-143.847483
-122.183705
-93.587519
-72.790293
-58.058924
-23.396880
16.464471
45.927208
74.523395
106.585785
138.648176
161.178505
172.443669
205.372611
231.369144
249.566717
262.564984
277.296352
292.027721
293.760823
298.960130
304.159437
302.426334
293.760823
283.362210
253.899473
234.835348
207.972264
173.310220
149.913341
116.984399
89.254763
56.325822
24.263431
-5.199307
-40.727902
-73.656844
-97.920274
-116.117848
-139.514727
-159.445403
-175.909874
-186.308487
-203.639509
-227.902940
-233.102246
-235.701900
-234.835348
-233.968797
-233.102246
-214.038122
-190.641242
-175.909874
-159.445403
-132.582318
-97.053723
-60.658577
-41.594453
-6.065858
38.994800
64.991333
84.922008
113.518194
142.114381
162.911607
168.977465
181.975731
192.374344
185.441936
181.975731
176.776425
177.642976
172.443669
161.178505
153.379545
150.779892
139.514727
129.116114
113.518194
99.653377
87.521661
67.590986
49.393413
43.327555
38.994800
19.930675
9.532062
12.998267
13.864818
10.398613
5.199307
12.998267
16.464471
18.197573
16.464471
15.597920
16.464471
4.332756
-5.199307
-10.398613
-21.663778
-36.395146
-45.060657
-56.325822
-59.792026
-69.324088
-83.188906
-94.454070
-103.986132
-116.984399
-139.514727
-151.646443
-166.377811
-184.575385
-195.840549
-206.239162
-216.637775
-218.370878
-220.103980
-218.370878
-208.838815
-195.840549
-177.642976
-154.246096
-132.582318
-108.318888
-78.856150
-52.859617
-22.530329
10.398613
48.526862
86.655110
123.050256
163.778158
202.772958
237.435002
268.630841
289.428068
311.958396
329.289418
336.221827
339.688032
340.554583
337.088378
322.357010
301.559783
278.162903
252.166370
221.837082
185.441936
141.247829
103.119581
58.058924
6.932409
-38.994800
-86.655110
-129.116114
-169.844016
-207.972264
-241.767757
-272.963597
-297.227028
-312.824948
-334.488725
-350.086645
-356.152503
-360.485258
-356.152503
-347.486992
-328.422867
-303.292885
-276.429801
-241.767757
-206.239162
-163.778158
-116.984399
-84.055457
-46.793759
-0.866551
29.462737
67.590986
101.386479
131.715767
158.578852
172.443669
186.308487
196.707100
200.173304
203.639509
203.639509
188.041589
175.043322
145.580585
120.450603
102.253030
76.256497
58.058924
36.395146
11.265164
-8.665511
-25.996533
-44.194106
-46.793759
-52.859617
-53.726168
-47.660311
-45.927208
-36.395146
-19.064124
-9.532062
10.398613
25.996533
40.727902
63.258230
76.256497
100.519928
123.050256
137.781625
149.913341
160.311954
166.377811
175.043322
174.176771
176.776425
156.845749
141.247829
114.384745
90.121315
59.792026
20.797226
-9.532062
-55.459270
-95.320621
-136.048523
-174.176771
-199.306753
-225.303286
-250.433268
-268.630841
-289.428068
-298.093579
-303.292885
-301.559783
-298.093579
-285.095312
-269.497392
-253.032922
-225.303286
-193.240896
-157.712300
-117.850950
-75.389946
-32.928942
15.597920
64.124781
102.253030
150.779892
194.973998
227.902940
261.698433
296.360477
326.689765
344.020787
360.485258
370.017320
366.551116
357.885605
350.086645
327.556316
309.358743
285.961863
258.232228
230.502593
196.707100
167.244363
125.649910
84.055457
41.594453
-10.398613
-53.726168
-97.053723
-136.048523
-165.511260
-193.240896
-213.171571
-236.568451
-246.967064
-252.166370
-264.298086
-263.431535
-260.831881
-246.967064
-234.835348
-211.438469
-192.374344
-160.311954
-138.648176
-106.585785
-80.589252
-66.724435
-37.261697
-24.263431
0.866551
19.930675
23.396880
36.395146
44.194106
44.194106
58.925475
46.793759
54.592719
46.793759
29.462737
29.462737
10.398613
7.798960
-6.932409
-14.731369
-16.464471
-21.663778
-25.996533
-19.064124
-18.197573
-16.464471
-9.532062
-2.599653
0.000000
6.065858
9.532062
17.331022
41.594453
42.461004
65.857884
73.656844
78.856150
95.320621
95.320621
105.719234
110.918541
106.585785
113.518194
109.185439
107.452337
104.852683
92.720968
84.055457
68.457537
56.325822
50.259964
43.327555
22.530329
11.265164
-1.733102
-21.663778
-28.596186
-45.060657
-57.192373
-68.457537
-81.455804
-84.055457
-89.254763
-114.384745
-110.918541
-122.183705
-124.783359
-122.183705
-129.116114
-115.251296
-118.717501
-119.584052
-112.651643
-113.518194
-122.183705
-110.918541
-110.051990
-95.320621
-88.388212
-77.123048
-57.192373
-44.194106
-25.129982
-12.131715
9.532062
26.863084
51.126515
71.057190
99.653377
116.117848
131.715767
153.379545
155.979198
169.844016
172.443669
172.443669
172.443669
165.511260
160.311954
149.046789
135.181972
131.715767
113.518194
100.519928
86.655110
62.391679
44.194106
23.396880
1.733102
-21.663778
-39.861351
-60.658577
-83.188906
-104.852683
-123.050256
-136.048523
-149.913341
-160.311954
-162.911607
-165.511260
-164.644709
-161.178505
-154.246096
-143.847483
-131.715767
-120.450603
-106.585785
-90.987866
-75.389946
-61.525128
-48.526862
-32.928942
-19.930675
-4.332756
10.398613
25.996533
43.327555
60.658577
77.123048
84.055457
97.053723
110.918541
118.717501
127.383012
135.181972
143.847483
151.646443
153.379545
156.845749
154.246096
149.046789
147.313687
139.514727
129.116114
118.717501
103.119581
86.655110
70.190639
58.058924
45.060657
32.928942
18.197573
4.332756
-6.932409
-17.331022
-24.263431
-32.928942
-37.261697
-46.793759
-54.592719
-60.658577
-72.790293
-77.123048
-80.589252
-82.322355
-79.722701
-78.856150
-70.190639
-64.124781
-58.058924
-50.259964
-45.927208
-38.994800
-33.795493
-32.928942
-28.596186
-25.129982
-23.396880
-21.663778
-22.530329
-22.530329
-25.129982
-24.263431
-24.263431
-25.129982
-30.329289
-32.928942
-32.928942
-32.062391
-25.129982
-22.530329
-12.998267
-12.131715
-4.332756
6.932409
12.131715
19.930675
28.596186
36.395146
45.927208
48.526862
55.459270
71.923741
77.123048
83.188906
92.720968
92.720968
94.454070
93.587519
87.521661
81.455804
71.923741
60.658577
53.726168
39.861351
23.396880
7.798960
-15.597920
-36.395146
-61.525128
-86.655110
-110.051990
-136.048523
-157.712300
-184.575385
-206.239162
-220.103980
-230.502593
-244.367411
-250.433268
-253.899473
-253.032922
-237.435002
-229.636042
-212.305020
-189.774691
-168.110914
-142.114381
-114.384745
-89.254763
-64.991333
-38.128248
-6.932409
19.064124
37.261697
59.792026
88.388212
115.251296
148.180238
175.043322
199.306753
227.902940
243.500859
263.431535
279.896006
284.228761
294.627374
294.627374
287.694966
281.629108
261.698433
243.500859
232.235695
207.105713
188.041589
168.110914
142.114381
116.117848
93.587519
71.057190
50.259964
23.396880
0.866551
-18.197573
-44.194106
-60.658577
-73.656844
-87.521661
-101.386479
-111.785092
-124.783359
-137.781625
-144.714034
-155.112647
-154.246096
-156.845749
-158.578852
-146.447136
-144.714034
-135.181972
-127.383012
-118.717501
-107.452337
-95.320621
-86.655110
-77.123048
-69.324088
-70.190639
-64.124781
-64.124781
-61.525128
-57.192373
-57.192373
-45.060657
-42.461004
-33.795493
-18.197573
-6.065858
10.398613
28.596186
37.261697
59.792026
79.722701
95.320621
113.518194
126.516461
143.847483
152.512994
160.311954
169.844016
175.909874
178.509527
181.975731
181.109180
175.909874
173.310220
171.577118
163.778158
150.779892
136.048523
116.984399
98.786826
76.256497
53.726168
29.462737
3.466204
-25.129982
-58.925475
-93.587519
-125.649910
-153.379545
-175.043322
-195.840549
-214.038122
-232.235695
-253.899473
-264.298086
-264.298086
-266.031188
-259.098779
-251.299819
-240.034655
-218.370878
-201.039855
-178.509527
-153.379545
-126.516461
-97.053723
-76.256497
-52.859617
-25.129982
-1.733102
23.396880
51.126515
76.256497
101.386479
123.916807
141.247829
157.712300
173.310220
180.242629
194.107447
197.573651
201.039855
203.639509
194.973998
187.175038
174.176771
161.178505
148.180238
129.116114
115.251296
100.519928
79.722701
62.391679
45.927208
32.062391
25.129982
9.532062
-1.733102
-12.131715
-29.462737
-43.327555
-56.325822
-71.923741
-77.123048
-85.788559
-92.720968
-95.320621
-105.719234
-110.918541
-112.651643
-117.850950
-114.384745
-112.651643
-106.585785
-99.653377
-97.053723
-94.454070
-88.388212
-84.922008
-78.856150
-73.656844
-71.057190
-63.258230
-60.658577
-58.058924
-52.859617
-51.993066
-47.660311
-40.727902
-33.795493
-30.329289
-25.129982
-17.331022
-9.532062
0.866551
16.464471
27.729635
44.194106
58.925475
70.190639
87.521661
97.920274
110.051990
122.183705
129.116114
136.048523
142.114381
144.714034
151.646443
155.979198
155.979198
155.112647
151.646443
146.447136
141.247829
132.582318
122.183705
110.051990
96.187172
84.055457
64.124781
45.927208
25.996533
1.733102
-19.064124
-45.927208
-71.923741
-95.320621
-115.251296
-133.448870
-149.913341
-163.778158
-178.509527
-184.575385
-187.175038
-189.774691
-190.641242
-192.374344
-191.507793
-186.308487
-176.776425
-160.311954
-142.980932
-123.050256
-101.386479
-80.589252
-60.658577
-39.861351
-14.731369
10.398613
31.195840
56.325822
77.123048
98.786826
118.717501
137.781625
154.246096
167.244363
174.176771
183.708833
185.441936
182.842282
180.242629
172.443669
167.244363
154.246096
148.180238
135.181972
116.984399
103.119581
86.655110
71.057190
55.459270
35.528595
21.663778
6.932409
-12.131715
-26.863084
-38.128248
-56.325822
-69.324088
-81.455804
-96.187172
-107.452337
-123.050256
-128.249563
-132.582318
-134.315421
-127.383012
-125.649910
-125.649910
-117.850950
-106.585785
-99.653377
-84.922008
-75.389946
-67.590986
-58.058924
-49.393413
-39.861351
-36.395146
-32.928942
-32.062391
-27.729635
-20.797226
-15.597920
-7.798960
3.466204
11.265164
19.064124
30.329289
38.128248
48.526862
53.726168
58.925475
65.857884
67.590986
70.190639
68.457537
69.324088
70.190639
77.989599
78.856150
76.256497
77.989599
72.790293
79.722701
84.055457
83.188906
83.188906
83.188906
81.455804
71.057190
63.258230
58.058924
53.726168
45.060657
39.861351
30.329289
20.797226
8.665511
-6.065858
-15.597920
-23.396880
-34.662044
-45.927208
-56.325822
-70.190639
-77.989599
-84.055457
-91.854417
-93.587519
-99.653377
-105.719234
-110.918541
-119.584052
-117.850950
-114.384745
-109.185439
-111.785092
-107.452337
-103.986132
-98.786826
-84.922008
-71.057190
-60.658577
-46.793759
-38.994800
-30.329289
-21.663778
-7.798960
8.665511
26.863084
37.261697
52.859617
66.724435
81.455804
97.053723
100.519928
112.651643
123.916807
129.982665
133.448870
132.582318
134.315421
129.116114
122.183705
114.384745
103.986132
95.320621
92.720968
78.856150
63.258230
51.993066
37.261697
25.129982
9.532062
-4.332756
-17.331022
-30.329289
-47.660311
-59.792026
-69.324088
-80.589252
-88.388212
-93.587519
-94.454070
-97.920274
-96.187172
-96.187172
-94.454070
-88.388212
-85.788559
-81.455804
-74.523395
-68.457537
-61.525128
-55.459270
-45.927208
-38.128248
-30.329289
-19.064124
-11.265164
-6.932409
1.733102
7.798960
14.731369
21.663778
30.329289
39.861351
44.194106
56.325822
58.925475
59.792026
59.792026
58.925475
57.192373
59.792026
58.925475
56.325822
52.859617
51.993066
50.259964
43.327555
40.727902
33.795493
29.462737
30.329289
25.996533
20.797226
16.464471
12.131715
6.065858
-3.466204
-10.398613
-19.064124
-20.797226
-22.530329
-23.396880
-24.263431
-32.062391
-34.662044
-35.528595
-35.528595
-34.662044
-38.128248
-35.528595
-37.261697
-39.861351
-36.395146
-38.994800
-38.994800
-35.528595
-32.928942
-36.395146
-34.662044
-34.662044
-29.462737
-28.596186
-25.129982
-19.930675
-15.597920
-9.532062
-2.599653
4.332756
12.998267
20.797226
25.996533
36.395146
38.994800
40.727902
47.660311
46.793759
47.660311
46.793759
47.660311
45.927208
45.060657
45.927208
50.259964
48.526862
43.327555
40.727902
37.261697
37.261697
32.928942
21.663778
19.930675
8.665511
-1.733102
-7.798960
-20.797226
-28.596186
-38.994800
-48.526862
-53.726168
-59.792026
-63.258230
-68.457537
-74.523395
-71.057190
-69.324088
-71.057190
