0.457778
0.457778
0.305185
0.152593
0.000000
0.152593
0.152593
0.457778
0.457778
0.305185
0.000000
0.152593
0.305185
0.152593
0.152593
0.000000
0.457778
-0.305185
-0.457778
0.000000
-0.610370
-0.610370
-0.305185
-0.457778
0.000000
-0.305185
-0.457778
-0.457778
-0.762963
-0.457778
-0.305185
0.457778
-0.305185
-0.610370
-0.152593
-0.152593
0.152593
-0.152593
0.305185
0.000000
0.000000
0.305185
0.610370
0.305185
0.610370
0.915555
0.762963
0.610370
-0.152593
0.457778
0.000000
-0.305185
-0.152593
-0.305185
-0.152593
0.152593
-0.152593
-0.305185
0.000000
-0.305185
-0.457778
-0.305185
0.305185
0.000000
0.000000
0.457778
0.457778
0.305185
0.305185
0.152593
0.152593
0.457778
0.305185
0.152593
-0.457778
-0.610370
-0.305185
-0.152593
0.000000
0.305185
0.000000
-0.152593
-0.152593
-0.610370
0.000000
-0.457778
-0.305185
0.457778
0.457778
0.000000
-0.305185
0.610370
0.610370
0.000000
0.000000
0.000000
0.305185
0.152593
0.152593
0.000000
-0.152593
0.152593
-0.305185
-0.305185
-0.305185
0.000000
0.000000
0.152593
0.000000
-0.305185
0.000000
-0.152593
-0.457778
0.000000
0.152593
0.152593
-0.152593
0.305185
0.305185
0.152593
0.152593
-0.152593
0.152593
0.305185
-0.305185
-0.457778
-0.610370
-0.305185
-0.305185
0.000000
-0.152593
0.152593
0.000000
0.305185
-0.305185
0.152593
-0.152593
-0.152593
0.000000
-0.457778
-0.305185
-0.152593
0.457778
0.457778
0.305185
0.762963
0.610370
-0.152593
-0.305185
0.305185
0.152593
-0.152593
0.762963
1.068148
0.457778
0.152593
0.305185
0.000000
0.152593
-0.152593
0.000000
0.000000
0.152593
0.000000
0.000000
-0.152593
-0.457778
-0.152593
-0.305185
-0.915555
-1.220740
-0.305185
-0.610370
-0.457778
-0.305185
0.000000
-0.152593
-0.762963
-0.305185
-0.305185
-0.152593
-0.152593
-0.152593
-0.305185
-0.457778
-0.762963
0.457778
0.152593
0.152593
0.305185
0.457778
0.305185
-0.152593
0.305185
0.457778
0.000000
0.305185
0.000000
-0.305185
-0.152593
0.000000
0.152593
0.305185
0.152593
-0.457778
0.152593
0.152593
0.610370
0.000000
0.152593
0.305185
0.152593
0.000000
-0.152593
0.610370
0.152593
0.000000
-0.305185
0.000000
0.000000
0.000000
0.000000
-0.152593
0.305185
0.305185
0.457778
0.000000
-0.305185
0.000000
0.152593
0.152593
-0.152593
0.152593
0.457778
0.610370
0.457778
0.457778
0.762963
0.457778
0.305185
0.000000
0.000000
0.152593
0.305185
0.152593
-0.152593
-0.305185
0.000000
0.000000
0.000000
0.457778
0.305185
-0.305185
-0.610370
-0.457778
-0.152593
-0.457778
-1.068148
-0.915555
-0.457778
-0.305185
-0.305185
0.000000
-0.610370
-0.457778
-0.762963
-0.152593
-0.457778
-0.457778
0.305185
0.610370
0.610370
0.000000
0.762963
0.305185
-0.152593
0.457778
0.762963
-0.152593
0.000000
0.152593
0.152593
0.152593
-0.305185
-0.457778
-0.152593
-0.915555
-0.457778
-0.305185
-0.457778
-0.305185
0.457778
0.305185
0.152593
0.762963
0.152593
0.000000
0.152593
-0.305185
-0.457778
0.000000
0.152593
0.000000
0.152593
-0.457778
0.000000
0.610370
-0.457778
0.000000
0.152593
-0.457778
-0.305185
-0.152593
0.152593
0.457778
0.305185
0.152593
-0.152593
-0.305185
-0.457778
0.000000
-0.305185
0.000000
0.762963
0.152593
-0.762963
-0.305185
0.000000
-0.152593
0.152593
0.305185
-0.152593
0.000000
0.152593
0.610370
0.305185
0.152593
0.457778
0.305185
-0.305185
0.000000
0.152593
-0.305185
0.457778
-0.152593
-0.457778
0.305185
0.610370
1.068148
0.305185
0.457778
0.610370
0.152593
0.000000
0.610370
0.610370
0.305185
0.152593
0.000000
0.610370
0.457778
0.152593
0.305185
0.000000
0.152593
0.152593
0.152593
0.610370
-0.152593
0.000000
0.305185
-0.457778
0.000000
-0.152593
0.152593
-0.305185
-0.305185
-0.457778
-0.915555
-1.220740
-0.610370
0.000000
-0.152593
-0.152593
-0.610370
0.000000
-0.762963
-0.457778
0.305185
0.000000
0.000000
0.000000
-0.305185
-0.305185
-0.152593
-0.152593
-0.762963
-0.762963
-0.762963
-0.457778
-0.762963
-0.915555
-0.152593
-0.457778
-0.152593
-0.305185
-0.457778
-0.915555
-0.762963
-0.762963
-0.152593
-0.152593
-0.762963
0.152593
-0.152593
-0.457778
-0.305185
-0.610370
-0.610370
-0.915555
-1.068148
-0.457778
0.610370
0.457778
-0.457778
-0.305185
-0.610370
-0.152593
0.762963
0.762963
0.457778
0.762963
0.152593
0.457778
1.373333
1.220740
0.915555
0.762963
0.305185
0.305185
0.915555
0.152593
0.457778
0.610370
0.457778
0.762963
1.220740
1.831111
1.068148
0.610370
0.610370
1.525926
1.525926
1.373333
1.373333
1.373333
1.525926
1.220740
0.915555
0.915555
1.525926
1.525926
1.983703
1.831111
1.678518
1.220740
1.373333
1.068148
1.220740
1.068148
0.915555
1.373333
1.220740
1.220740
0.610370
0.915555
0.000000
-0.152593
0.000000
-0.762963
-1.831111
-2.288888
-2.441481
-3.967406
-4.119999
-4.272592
-5.493332
-7.019258
-7.019258
-6.714072
-7.782220
-10.681479
-11.902219
-10.528886
-11.291849
-12.359997
-10.376294
-13.733330
-19.837032
-18.463699
-14.801478
-13.885922
-14.038515
-15.259255
-16.785181
-17.700736
-14.801478
-10.986664
-12.207404
-15.259255
-11.291849
-7.934813
-11.749627
-11.291849
-6.256295
-5.951110
-7.324443
-2.746666
-0.305185
-6.408887
-7.324443
4.119999
10.986664
5.035554
5.493332
10.376294
7.171850
1.220740
9.765924
20.294810
13.275552
2.288888
5.188147
10.681479
5.645925
6.408887
14.801478
11.291849
-0.610370
1.678518
15.717033
19.379254
14.343700
13.428145
11.139256
6.866665
16.174811
27.008882
12.207404
-11.597034
-8.545183
9.613331
10.528886
5.645925
21.973328
46.082952
53.102209
58.748134
84.536275
117.801452
147.862185
213.171799
297.250297
334.635472
314.340663
284.890300
295.266593
354.777690
393.688791
384.075460
346.385099
287.179188
217.291798
141.300706
76.601462
29.908141
-16.479996
-86.367386
-168.462180
-239.417718
-298.318444
-359.050281
-410.779157
-433.057670
-435.651744
-441.755446
-454.115443
-455.183591
-440.229520
-419.476933
-393.841384
-354.930282
-302.896221
-254.371789
-217.749576
-184.942176
-147.404408
-100.100716
-48.066655
-6.866665
14.648885
32.807399
60.121467
75.838500
71.108130
83.315535
123.447377
136.417744
89.419237
40.437027
42.420730
65.462206
63.631095
39.521472
12.054812
-19.531847
-45.777766
-53.712579
-48.066655
-44.557026
-49.134803
-61.342207
-69.277020
-53.559987
-19.074069
7.477035
21.515550
39.368879
63.478503
88.045904
117.191082
150.151074
168.309588
164.647367
161.442923
171.971809
180.364400
171.971809
153.660703
132.450337
109.714047
86.214793
69.124427
53.712579
32.502214
21.057773
23.804439
14.343700
-29.908141
-72.023686
-67.598502
-48.524432
-61.037022
-91.402940
-105.441455
-117.648860
-143.131816
-145.878482
-127.414783
-147.862185
-203.558468
-224.158463
-224.158463
-197.454766
48.677025
553.910974
856.959787
561.998379
86.672571
139.622188
652.790949
1002.685677
1005.584935
929.288658
818.964241
561.235416
325.479919
346.995469
505.081356
508.133207
287.179188
-6.714072
-209.356985
-298.318444
-392.162866
-563.982082
-708.945009
-730.613152
-722.373154
-791.802766
-889.004224
-948.820505
-986.205681
-980.864942
-877.864967
-718.405747
-592.364297
-511.795428
-451.979147
-410.473972
-334.330287
-154.423665
74.617759
226.599944
286.263633
328.836955
368.968797
380.718424
395.977679
453.810258
514.847280
504.318393
410.626565
294.808816
213.171799
150.608851
64.851836
-29.450363
-86.367386
-123.142192
-201.269580
-316.782144
-400.250271
-425.580635
-427.564338
-424.665080
-400.250271
-351.268061
-304.269554
-272.225118
-234.076979
-136.570336
41.810360
210.730318
255.287344
231.025128
306.558442
475.630993
570.390969
569.780599
598.315407
643.330211
607.776145
546.891716
553.148011
547.959864
446.638408
326.853252
262.459194
211.493281
141.911076
64.699243
-34.333325
-151.982184
-230.414758
-259.712528
-280.465116
-301.980666
-324.259179
-363.628058
-393.231013
-361.644355
-297.708074
-255.592529
-218.817723
-165.868107
-132.755523
-120.242933
-71.565908
13.275552
75.991092
112.613305
152.439962
177.312549
165.257737
153.508110
169.072551
180.059215
164.952552
140.842928
119.022193
84.078498
35.401473
-15.106663
-52.949616
-70.650353
-77.059240
-90.487385
-117.648860
-147.709593
-183.874028
-219.885871
-221.564389
-182.348103
-149.235518
-144.352557
-133.976263
-106.357011
-85.451831
-57.527393
0.762963
48.066655
56.154060
66.988132
105.288863
134.739226
148.777741
171.971809
181.890325
159.916997
147.251815
158.238479
144.047372
107.730344
93.691829
81.942202
39.368879
10.528886
19.989625
3.204444
-58.137763
-88.503682
-71.718501
-74.922944
-102.694789
-109.714047
-111.545157
-131.534782
-134.891818
-106.662196
-88.351089
-83.468127
-60.121467
-44.099248
-56.611838
-50.202950
-7.324443
15.106663
4.272592
8.850368
25.940734
15.411848
-3.204444
5.188147
12.054812
-4.272592
-12.665182
-9.918516
-21.973328
-32.959992
-20.752587
-20.142217
-50.355543
-66.682946
-53.102209
-52.949616
-72.481463
-71.565908
-51.728876
-48.982210
-58.442948
-55.848875
-45.777766
-39.826657
-28.229623
-11.291849
2.136296
16.327403
28.687400
31.128881
33.570362
51.423691
70.955538
77.822203
75.991092
68.208872
54.322949
41.352582
33.112584
28.382215
31.891844
33.417769
15.106663
-12.970367
-24.567401
-16.632588
-5.035554
-5.188147
-26.245919
-48.066655
-48.677025
-38.148139
-26.551105
-10.681479
-9.460738
-39.979249
-43.488878
-4.119999
21.210365
27.924438
49.134803
23.346661
-75.228129
-101.779234
-20.752587
0.305185
-100.558494
-142.979224
-98.879975
-139.317002
-272.835488
-235.908090
146.946630
641.346507
812.097576
519.730241
196.234025
279.854745
651.875394
894.192370
951.261986
986.510866
925.168659
647.450210
359.202874
338.755471
469.222106
471.663587
273.140673
32.502214
-143.589594
-280.922893
-454.573220
-636.921323
-718.863525
-710.013157
-737.785002
-851.771640
-944.700506
-981.933089
-1010.925675
-1025.574560
-943.174581
-779.900547
-647.907987
-594.653186
-563.371712
-483.870991
-352.488801
-185.705139
-10.834071
147.709593
269.631044
342.112508
356.456208
369.273982
477.614696
617.999846
614.642810
479.293214
429.395449
477.309511
422.833969
255.897714
161.290330
144.047372
49.897765
-82.705165
-146.336260
-183.263658
-265.205860
-335.856213
-358.134726
-379.955461
-390.636940
-351.573246
-298.013259
-250.251790
-169.682921
-104.373307
-110.171824
-89.266644
37.537768
172.582179
231.482905
289.162891
352.641394
345.316951
323.343623
384.228053
453.199887
426.496190
373.088796
341.654730
292.519927
232.398461
207.525874
171.208846
87.130349
18.463699
-25.025179
-96.591087
-172.124402
-201.116987
-233.161424
-290.994002
-325.479919
-324.259179
-330.057696
-330.057696
-292.214742
-251.777715
-232.856238
-210.425133
-180.364400
-139.927373
-101.931827
-57.374801
-27.008882
12.359997
18.158514
-35.706658
-89.877015
-123.142192
-136.417744
-229.346610
-400.860641
-522.019130
98.727383
1522.873696
2441.938653
1531.876657
-209.051800
-511.642836
762.199811
1856.593613
1877.346200
1677.602546
1534.623323
966.368649
14.954070
-313.882885
310.831034
987.731606
818.659056
-70.802945
-677.816128
-684.682793
-679.647239
-1127.353794
-1480.300373
-1248.817468
-837.427940
-895.107926
-1313.058933
-1580.553681
-1584.978866
-1451.155195
-1263.313760
-984.374570
-625.019104
-323.496216
-334.940658
-639.667989
-759.300552
-296.029556
398.419160
720.389451
652.333171
585.802817
624.866511
557.115417
419.629525
499.588024
827.814609
993.682716
713.675378
240.333274
40.437027
87.588126
-7.171850
-272.988080
-351.115468
-176.091808
-185.094769
-560.625046
-917.233846
-903.653109
-712.454638
-642.872433
-654.164282
-523.697648
-261.696231
-110.171824
-180.974770
-260.017713
-23.499253
439.466558
724.662042
729.545004
740.226483
836.664977
825.678313
769.066476
924.558289
1167.485636
1154.515269
915.250143
736.411669
648.060580
529.801350
404.065085
325.022141
236.671052
104.220715
-44.557026
-241.248829
-429.395449
-481.429510
-442.518409
-495.468025
-600.909480
-599.230962
-564.897637
-615.405773
-636.616138
-511.337651
-367.900649
-295.114001
-220.496242
-143.131816
-116.122934
-69.429612
51.576283
147.557000
185.552547
243.385125
293.893260
249.946605
181.585140
179.754029
183.568843
138.096262
88.961459
32.044436
-78.737758
-177.159956
-193.182174
-190.282916
-242.316977
-297.402889
-310.678441
-327.616215
-381.786572
-421.155451
-412.915453
-383.007312
-373.851759
-367.290279
-357.524356
-362.865095
-377.971758
-432.599893
-536.668015
-407.269528
356.761393
1350.749294
1518.601104
662.251687
52.491839
570.085784
1527.604065
1915.189154
1766.716598
1557.359613
1319.467820
972.624944
709.402787
763.115366
969.725685
965.300501
514.236909
-81.026647
-355.388060
-342.265100
-511.490243
-936.155323
-1189.916741
-1115.604167
-1035.950854
-1207.312293
-1472.975930
-1632.740335
-1599.017381
-1449.171492
-1272.927091
-1090.731581
-855.739047
-680.105016
-704.672418
-774.102030
-556.199862
-55.848875
332.193992
434.125818
423.444339
500.350987
586.413188
605.029479
637.073916
793.939062
949.583468
879.848670
610.217626
392.620643
352.183616
327.768807
238.654756
117.648860
-5.340739
-166.631070
-305.032517
-406.811751
-519.730241
-583.819114
-523.697648
-475.630993
-546.433938
-539.567273
-407.727306
-354.930282
-390.331755
-207.678467
134.128856
260.628083
193.945137
265.968823
455.641368
524.155425
553.605788
675.679832
773.491660
704.672418
606.707997
576.799857
567.186526
555.131714
491.500619
323.648808
147.251815
111.087380
105.899233
-16.327403
-169.835513
-215.613280
-269.631044
-389.111014
-435.651744
-394.604346
-402.691752
-470.595439
-486.159879
-455.641368
-422.833969
-375.225092
-303.048814
-292.977705
-282.296226
-201.116987
-113.376268
-76.448870
-47.151099
0.457778
19.837032
37.690361
91.097755
123.142192
56.154060
61.342207
122.531821
69.887390
-140.842928
-254.066604
-221.564389
-276.192524
-447.096185
-564.134675
-816.980538
-1117.282685
-84.536275
2509.079377
3936.124948
1456.343342
-2219.916486
-2013.458759
1848.963985
4080.935283
2692.495627
1103.854541
1376.690028
1364.940402
-254.371789
-883.510892
955.076800
2731.711914
1623.279597
-927.762733
-1625.415893
-362.712502
80.111091
-1223.944881
-2130.955026
-1275.063387
-228.278462
-769.829438
-2038.331346
-2392.193480
-1836.756581
-1452.375936
-1470.992227
-1238.288581
-581.988004
-208.136245
-679.036868
-1489.913704
-1434.217422
-158.238479
1073.030845
1070.589364
348.368802
195.013285
629.291696
648.060580
283.974744
562.150971
1488.387778
1693.777357
647.755395
-327.463622
-37.690361
660.420577
371.868056
-457.167294
-431.531745
298.165852
164.189589
-975.524202
-1548.509245
-897.549407
-269.325859
-541.703569
-826.288684
-351.878431
51.728876
-485.396916
-1054.109368
-480.819140
659.047244
939.664952
442.060631
345.164359
743.736112
806.299059
546.739123
788.598323
1450.697417
1606.952193
1044.953815
579.699115
657.673911
867.183488
768.456105
518.967278
432.447300
381.176202
113.223676
-239.875496
-349.436950
-294.198445
-375.835462
-575.121339
-617.389476
-567.796896
-661.641317
-825.220536
-838.343495
-710.623527
-603.961331
-510.727281
-389.416200
-323.191031
-370.952500
-399.182123
-264.595490
-30.518511
122.989599
110.019232
68.361465
98.727383
161.137738
157.170331
146.641445
221.869575
281.228078
172.276994
-7.477035
-41.962953
-4.272592
-59.663689
-162.816256
-176.549586
-283.822152
-547.807271
-678.426498
-611.590959
-639.973174
-850.703492
-1109.500465
-1314.127081
-575.579116
1879.787681
4061.556028
2463.454203
-1756.492897
-2788.018567
1171.147857
4726.096604
3825.495346
1517.838141
1415.906315
1883.144717
510.574688
-671.407241
886.104965
3207.800685
2650.227490
-303.964369
-1833.246952
-644.093173
411.542120
-790.429433
-2290.414246
-1731.467718
-331.431029
-642.567248
-2289.651283
-3012.634807
-2393.109035
-1787.469186
-1791.283999
-1693.929950
-1076.235288
-556.810232
-911.130144
-1808.069181
-1917.478042
-549.943567
1052.583442
1254.615985
388.958422
74.922944
645.008729
903.958294
519.119871
647.297617
1685.232174
2178.716496
1146.733048
-153.202925
-25.177772
926.084214
833.613126
-215.308095
-429.853227
416.425082
486.312472
-871.761265
-1841.486950
-1205.938960
-213.171799
-240.638459
-847.041271
-904.416072
-580.767263
-609.912441
-844.294605
-500.503579
394.909532
846.583493
406.353973
-9.765924
454.573220
1092.867877
1076.998251
845.973123
1188.238223
1598.559603
1327.860411
828.730165
798.211654
968.047167
848.719789
568.407266
431.073967
389.111014
216.071057
-71.260723
-387.737681
-526.596906
-468.764328
-467.238402
-614.490218
-768.608698
-839.869421
-905.636812
-922.879771
-799.584987
-654.927245
-584.734670
-499.435431
-417.188045
-461.287293
-505.691726
-306.100665
-20.142217
86.672571
21.515550
36.164435
147.557000
210.272540
222.022167
212.714021
164.342181
151.524407
190.588101
139.317002
14.648885
-91.708125
-172.887364
-376.140647
-453.962850
-454.115443
-498.672469
-836.054607
-1056.856034
-1385.845582
-1019.623450
1763.359562
4586.321824
3120.822928
-2010.406908
-3544.877638
788.903508
4875.026937
3501.541352
674.916869
983.153830
2002.624688
467.238402
-1309.854489
464.949514
3179.113284
2710.043771
-533.310979
-2076.632077
-488.296175
825.983499
-576.952449
-2352.366823
-1641.895888
74.465167
-171.208846
-1998.504689
-2598.651206
-1849.421763
-1398.968541
-1633.808483
-1503.036664
-697.347975
-120.700711
-611.438367
-1696.066245
-1958.372847
-626.239844
1118.350833
1257.973021
221.716982
-165.562922
483.260621
705.282788
122.837007
242.164384
1484.572965
2087.466148
868.099044
-549.790975
-295.724371
879.085708
748.161296
-440.076928
-533.616164
599.688740
714.590934
-854.976084
-1809.595106
-899.838295
114.444416
-362.254725
-1137.272310
-697.500567
130.161449
-242.011792
-1192.358222
-990.630865
315.561403
1019.165673
506.759874
25.788142
716.422044
1977.752101
1828.058805
468.001365
67.445909
1377.758176
2039.094308
1101.718245
699.484271
1318.857450
746.940555
-777.611659
-523.697648
826.136091
800.347949
-384.685830
-799.890172
-771.355364
-943.021988
-651.875394
-226.294759
-497.299136
-874.355338
-738.242780
-816.370168
-986.968644
-545.976161
-144.657742
-552.537641
-758.232404
-249.031049
-148.472556
-493.484322
-271.919932
142.979224
-48.524432
-140.232558
331.278436
473.494697
21.973328
-39.063694
287.484373
329.905103
182.500695
222.174760
89.724422
-218.207353
-354.930282
-352.031024
-518.814686
-564.897637
-549.485789
-755.943516
-1034.730113
-383.770275
1903.897305
3472.090989
1930.143224
-1775.566966
-2426.679397
1319.773006
4576.098123
3315.225843
802.331653
967.589389
1763.969932
560.167268
-744.193889
1021.454561
3159.581437
2192.907603
-770.287216
-1748.710677
-189.519953
641.041322
-753.196850
-2122.257251
-1383.556693
-81.789609
-511.185058
-2180.089829
-2660.298598
-1859.187686
-1391.796691
-1623.889967
-1521.805548
-771.507957
-369.426575
-1000.396789
-1898.709158
-1727.042534
-302.438443
1064.943439
911.130144
-5.951110
-146.641445
515.762835
656.300578
185.857732
485.854694
1634.266261
1906.796563
574.816154
-519.272464
31.281474
1040.223445
643.787988
-448.011741
-326.395474
617.389476
413.220638
-1044.648629
-1626.636633
-639.973174
47.761470
-618.152439
-1263.008575
-715.506489
-21.362958
-490.127286
-1254.615985
-840.479791
386.974719
820.337574
275.124376
-51.271098
483.870991
921.353845
1057.008626
1817.224734
2340.006826
1519.669252
200.964395
475.020623
1562.395167
1715.445500
1217.535994
949.125690
211.035503
-697.042790
-348.216210
400.555456
214.392539
-589.617631
-769.219068
-860.316823
-1055.177516
-746.482778
-479.140622
-882.137559
-1071.962697
-643.330211
-624.408734
-831.324238
-498.672469
-199.285876
-704.977603
-882.747929
-135.044411
246.589568
-117.496267
-257.728825
-62.562947
-58.900726
17.548144
290.536224
345.622136
171.819217
271.309562
258.644380
-108.493306
-150.608851
186.010324
120.395526
-316.782144
-469.985068
-446.333222
-620.441327
-659.047244
-469.069513
-526.291721
-1044.038259
182.958473
3072.908866
3938.566429
508.590985
-3028.504433
-1050.599739
3636.585763
4683.370688
1727.042534
591.601335
1897.335825
1630.604039
-662.099095
-544.908013
2520.829003
3401.593229
539.872458
-2104.556514
-1171.758227
654.622060
-53.102209
-2066.408376
-2116.306141
-511.337651
-167.699218
-1707.663280
-2738.425986
-2113.864660
-1490.981852
-1759.086970
-1877.041015
-1021.607154
-151.829592
-459.761367
-1601.916639
-1969.512103
-883.205707
770.744994
1293.832271
453.962850
-57.985171
411.389527
832.697571
325.937697
143.284409
1225.623399
2134.617248
1190.221927
-448.927296
-464.796922
773.339067
961.638280
-346.079914
-806.146466
278.786597
716.727229
-663.014650
-1863.765463
-1110.721206
37.537768
-382.244349
-1360.210032
-971.556796
83.773313
-84.536275
-1184.270817
-1163.823415
179.906622
1039.002705
500.350987
4.425184
461.897663
1446.730011
1903.897305
1321.146338
695.211679
850.398307
1773.430671
1947.233590
1395.153728
1122.928610
992.614568
66.530354
-568.254674
357.371763
1171.453042
405.285825
-990.630865
-1244.392283
-1006.042713
-837.885718
-483.413213
-365.764354
-853.144973
-1265.907834
-1068.147883
-875.270894
-748.161296
-445.265075
-301.370296
-615.710958
-666.066501
-278.939190
-185.247361
-329.142140
-175.481438
28.229623
-14.343700
92.318496
332.804362
211.035503
-92.928866
103.305160
434.431003
328.531770
58.442948
6.103702
-57.527393
-289.315484
-365.306576
-297.250297
-319.833995
-443.586556
-587.786521
-699.942048
-836.817570
808.435355
3331.705839
3462.172473
-263.374749
-3051.240724
-314.035478
4118.015273
4316.690780
1224.250066
672.933166
1910.763970
1240.424877
-862.300527
-50.355543
2887.966690
2981.963704
-105.746640
-2118.900214
-668.050204
844.447198
-347.453247
-2309.946093
-1894.131381
-219.580686
-292.367335
-2023.682460
-2696.920812
-1822.107696
-1369.823363
-1798.913627
-1803.949182
-870.693117
-235.602904
-687.582051
-1676.839583
-1777.245484
-615.558366
835.139052
1039.002705
117.343675
-131.992560
512.253206
781.731658
115.207379
97.659235
1332.590780
2039.704679
848.719789
-623.493178
-269.631044
945.616061
762.504996
-598.162814
-686.361311
544.297643
660.420577
-914.181995
-1806.085477
-768.303513
183.568843
-536.057645
-1366.924105
-720.694636
232.245868
-229.041425
-1230.964139
-904.416072
453.047295
928.525695
351.268061
77.059240
1552.934429
2873.470397
1564.073686
-585.497632
-129.551079
2171.544646
2289.498691
1011.536045
1057.466404
1363.719661
-441.908038
-1333.658928
367.900649
1395.001135
300.454740
-695.974642
-561.082824
-980.559756
-1121.097499
-297.708074
34.791102
-588.091706
-726.035375
-701.620566
-1157.414527
-926.694585
-171.666624
-385.753978
-991.088643
-371.868056
164.647367
-619.830957
-973.693091
-74.159982
177.159956
-330.210288
-108.951084
482.955436
268.410304
-230.414758
-39.368879
172.276994
89.724422
94.454791
-21.210365
-387.127311
-400.402864
-115.817749
-233.466609
-459.303590
-466.017662
-314.798440
1275.826350
3516.648015
3296.151774
-677.053165
-2764.671906
712.454638
4582.201825
3589.587256
786.309434
1202.734516
2077.547632
356.608800
-1382.946323
602.282813
3271.889558
2228.919446
-1008.941972
-2111.117994
-317.850291
509.506540
-1149.327122
-2460.554944
-1286.660421
3.967406
-981.322719
-2638.172678
-2432.630507
-1431.165570
-1561.479612
-1997.131356
-1312.601155
-230.262165
-275.429561
-1172.368598
-1766.869191
-1215.094513
90.334792
1112.857501
910.519774
127.872561
162.053293
650.807246
566.881341
67.903687
571.001340
1725.364016
1660.359588
151.066629
-727.103523
102.542197
863.216082
72.939241
-977.202720
-413.831008
628.070955
-57.832578
-1684.011434
-1754.204009
-417.188045
-60.579244
-1046.937518
-1213.721180
-133.365893
221.869575
-827.204239
-1372.875215
-173.802920
1105.227874
961.180502
277.260672
1331.064855
2376.781632
1241.493025
-242.469569
769.676846
2604.449723
1966.002475
775.627955
1043.122704
1175.420449
-173.039957
-311.593997
747.856111
681.630942
-225.531796
-430.158412
-394.451754
-997.955308
-851.008677
-285.958447
-488.753953
-815.149427
-489.974693
-684.530200
-1187.627853
-736.716854
-262.764379
-776.085733
-960.112354
-89.419237
30.213326
-699.179086
-609.149478
88.198497
-68.361465
-299.386592
158.391072
398.419160
48.219247
-98.727383
76.754055
37.385176
72.328871
149.693296
-181.279955
-520.035426
-321.970290
-133.518485
-473.342105
-453.505073
-421.613229
-22.583698
2082.430594
3999.450858
2243.110554
-2190.771308
-2178.106126
2519.150485
5000.000239
2490.615678
525.070981
1714.987722
1745.506233
-517.593946
-1105.685651
1878.566941
3455.305808
1050.599739
-1960.203958
-1706.747724
307.168813
123.447377
-1929.990632
-2306.589057
-566.118378
-91.250348
-1767.632154
-2836.237814
-1903.897305
-1259.346354
-1858.119538
-2009.643945
-862.300527
14.954070
-462.202848
-1429.181867
-1678.823287
-738.242780
533.310979
1197.393777
718.558340
187.841435
403.759900
638.905026
354.014727
228.736239
1129.642682
1889.401012
1135.746385
-397.351012
-628.986510
417.951007
699.179086
-397.351012
-989.867902
-84.994053
411.236935
-830.713868
-2033.143199
-1378.215954
-215.765872
-492.873952
-1336.863372
-613.727255
617.084291
76.296277
-1443.983345
-1147.648604
903.805701
1689.657358
704.825010
233.008831
1207.770070
1469.466302
606.555405
469.374698
1473.738893
1868.953610
1036.408631
614.185033
850.703492
777.916844
203.863653
93.691829
371.257686
383.922868
58.595541
-267.799933
-471.358401
-633.869472
-647.602802
-577.410227
-418.713970
-364.848798
-612.964292
-993.530124
-919.980512
-563.219119
-496.230988
-619.373179
-446.180630
-184.331806
-350.505098
-506.607282
-276.497709
51.423691
37.842954
-10.681479
124.210340
257.881417
202.490320
11.597034
-140.842928
-194.097730
-152.439962
-172.276994
-232.551053
-133.823670
-180.669585
-426.801375
-792.107951
28.839993
2476.271977
3786.126467
1674.703288
-1950.743219
-1584.063310
2343.211270
4476.607777
2497.940120
805.841281
1590.624790
1495.864814
-336.161398
-752.281295
1849.116578
3080.080716
779.442769
-1767.632154
-1374.858918
220.648834
-187.231065
-1893.826196
-2108.066143
-785.546472
-478.682844
-1712.393649
-2578.814174
-2005.829131
-1531.266286
-1854.457317
-1903.134342
-904.110887
-86.214793
-532.853201
-1437.879643
-1607.104786
-596.331704
567.339118
1062.196773
659.810206
305.032517
588.702076
745.414630
394.299161
309.152516
1235.847100
1862.849908
991.088643
-292.367335
-225.684388
593.432445
379.955461
-610.065034
-671.102056
161.900701
97.964420
-1164.433785
-1812.036587
-1110.110835
-422.528784
-665.456131
-919.827920
-368.511020
-100.253308
-748.619073
-1111.026391
-211.798466
865.504970
834.528682
410.473972
695.211679
1093.478247
759.910922
429.548041
942.259025
1626.484040
1534.775915
989.562717
748.161296
760.368700
620.136142
448.622111
444.044334
528.428017
412.610268
-38.758509
-435.193966
-464.339144
-310.068071
-402.081382
-617.236884
-609.759849
-580.309485
-798.364246
-979.491609
-849.635345
-660.878354
-613.879848
-508.133207
-340.281397
-326.700660
-430.616189
-380.871017
-137.180707
88.198497
209.356985
205.542171
105.288863
7.629628
-14.954070
-6.103702
-10.834071
43.336286
32.959992
-22.888883
-129.703671
-168.156995
-354.930282
-215.308095
1711.172908
3656.270203
2653.279341
-1108.127132
-2139.805394
1270.943388
4123.813790
2871.334102
699.179086
1254.615985
1648.762553
-66.530354
-1210.669329
894.344963
2925.351866
1367.992253
-1420.026314
-1630.604039
49.745173
115.512564
-1568.498870
-2162.999463
-859.859046
-222.937722
-1302.682639
-2377.392002
-1997.589133
-1452.528528
-1765.801043
-1916.562487
-1090.731581
-179.296252
-455.030998
-1286.813014
-1617.175895
-881.069411
248.115494
860.011638
665.303538
247.047346
452.284332
721.305006
431.684337
132.297745
830.408683
1790.215852
1416.821870
71.871093
-340.128804
434.736188
591.753927
-363.475465
-777.153881
80.874054
460.829515
-701.467974
-1694.692912
-894.955333
56.001468
-648.823543
-1615.955154
-895.413111
296.029556
-123.905154
-972.624944
-504.165801
480.361362
372.020648
-13.733330
437.940632
956.907910
697.958345
308.999923
603.503554
1067.537513
1157.261935
882.900521
658.742059
681.783534
769.066476
619.678365
401.623604
464.339144
519.425056
182.348103
-146.794038
-60.579244
-41.352582
-363.475465
-583.819114
-440.839890
-443.128779
-718.253155
-850.703492
-779.290177
-726.493153
-735.190928
-645.161321
-526.139129
-459.456182
-393.993976
-361.949540
-296.639926
-120.700711
119.785155
172.124402
31.281474
-38.300731
-1.220740
56.154060
99.490346
199.438469
236.365867
102.999974
-45.625174
1465.804080
3711.813893
3562.883559
51.728876
-2175.664645
568.712451
4130.375270
3751.793142
1030.152337
848.719789
1604.052935
239.265126
-1389.660396
104.373307
2648.243787
1653.645515
-1508.987773
-2502.060119
-730.155374
108.798491
-1347.239665
-2531.815667
-1582.384792
-508.438392
-1164.738970
-2343.211270
-2155.675020
-1301.919677
-1418.347796
-1794.641036
-1252.021911
-111.545157
35.859250
-778.832399
-1414.990760
-990.020495
240.791051
1104.464911
1037.171594
395.367309
326.395474
639.820582
477.462104
148.777741
685.598348
1654.408478
1362.956698
-119.937748
-740.684260
158.085887
679.952424
-168.462180
-929.136065
-287.179188
321.207328
-404.065085
-1235.999693
-874.660523
-331.583621
-848.872382
-1190.527112
-391.399903
404.828048
-97.659235
-898.159777
-729.087226
-34.943695
424.359895
557.573195
675.679832
570.543562
315.256218
223.242908
481.734695
946.684209
1142.613050
882.900521
565.813193
528.275424
558.641343
459.150997
417.951007
464.186551
309.762886
66.682946
28.077030
93.234051
-140.537743
-477.767289
-504.013208
-356.761393
-338.297694
-514.542094
-643.177618
-698.721308
-709.250194
-637.684286
-509.506540
-380.718424
-343.333248
-383.007312
-417.035452
-291.909557
-121.311081
-46.845914
-90.029607
-66.072576
1.831111
18.158514
2.288888
134.128856
239.417718
237.739200
8.392591
771.050179
3094.271824
4198.431550
1852.321021
-1653.492923
-837.427940
3153.782920
4653.920325
2273.934250
730.613152
1605.731453
1106.753799
-930.661991
-873.592376
1939.909148
2620.471942
-290.841409
-2619.708979
-1671.804029
-94.912569
-854.823491
-2461.317907
-2194.433529
-822.779055
-975.981980
-2335.429050
-2757.194871
-1792.352147
-1439.558161
-1890.469160
-1671.193659
-525.833943
101.931827
-620.899105
-1407.208539
-1247.749320
-100.253308
980.864942
1250.953763
778.527214
383.007312
549.180604
600.299110
351.420653
554.826529
1464.888525
1715.750685
533.310979
-659.047244
-319.376217
548.112456
251.930308
-719.321303
-642.262063
177.617734
41.505175
-968.199759
-1278.878201
-649.281320
-500.961357
-929.136065
-783.104991
47.914062
117.801452
-686.666496
-848.719789
-4.425184
652.333171
489.364323
380.413239
594.195408
606.555405
313.425107
354.014727
825.525721
1102.481208
875.270894
477.919881
369.884353
485.854694
509.964318
334.482880
289.468076
358.134726
236.518460
-83.773313
-198.370321
-113.834046
-266.274008
-530.869498
-521.103574
-355.388060
-420.087303
-644.703544
-736.869447
-711.386490
-689.107977
-617.847254
-480.513955
-338.908064
-282.906596
-280.465116
-357.066578
-275.734746
-120.242933
-60.884429
-62.562947
-13.275552
124.362932
104.373307
19.074069
104.831085
149.235518
1202.581923
3411.053968
4134.953047
1475.112226
-1701.559577
-289.773261
3717.612410
4809.412139
2310.861648
988.189384
1716.361055
992.919753
-796.075358
-332.804362
2297.280911
2445.753467
-592.059112
-2597.125281
-1485.030742
-147.862185
-1100.802690
-2593.615652
-2112.338735
-860.622008
-1235.694508
-2563.097141
-2788.018567
-1845.912134
-1666.921067
-2031.312088
-1590.777383
-479.140622
-152.897740
-959.196799
-1538.132951
-1145.054530
22.736291
977.355313
1143.070827
698.721308
411.084342
606.250220
653.401319
446.485815
721.457599
1540.727025
1629.841077
434.125818
-649.433913
-301.370296
443.281371
127.262191
-716.879822
-621.356883
118.564415
-17.395551
-1070.894549
-1488.235186
-825.678313
-397.961383
-703.451677
-779.137584
-126.194043
100.253308
-572.069488
-919.217549
-120.090341
754.875368
760.826478
453.047295
490.585063
644.093173
544.145050
538.346533
811.792391
1109.195280
1067.232327
726.798338
413.983601
397.808790
507.828022
402.844344
243.842902
247.505124
233.314016
-72.328871
-368.663612
-394.909532
-381.328794
-493.026544
-513.626539
-429.853227
-545.365790
-747.550925
-756.553886
-647.450210
-601.367258
-569.780599
-465.712477
-406.811751
-364.085835
-301.980666
-237.739200
-208.594022
-163.426626
-125.431080
-115.817749
-53.559987
75.533315
167.394032
97.354050
91.402940
202.642913
1828.211398
3975.951605
3808.557572
436.719892
-1800.134368
880.153855
4483.932220
4324.778185
1638.538852
1173.894523
1790.215852
479.293214
-1013.214563
468.153958
2908.414092
1836.451396
-1488.540371
-2572.710472
-864.742007
-110.934787
-1529.892953
-2654.194896
-1680.196620
-792.718322
-1682.790693
-2852.870402
-2552.415662
-1561.784797
-1776.635114
-2154.454280
-1419.110759
-172.276994
-155.949591
-1185.491557
-1590.929975
-850.093122
387.890274
1090.273803
1035.645669
604.266517
467.390995
603.656146
559.099120
430.463597
929.746436
1659.444032
1334.269298
15.717033
-732.596855
-80.111091
387.127311
-190.588101
-803.399800
-237.586608
343.791026
-544.145050
-1761.375859
-1630.451447
-465.102107
-193.792544
-633.869472
-571.764302
-183.874028
-457.014701
-881.069411
-419.934711
452.436925
721.152413
467.238402
358.439911
390.331755
501.571727
639.973174
799.584987
845.210160
942.411618
967.741982
724.967227
509.048762
458.388034
481.887288
429.700634
454.115443
350.199913
15.717033
-211.035503
-218.359946
-372.936204
-620.136142
-536.210237
-300.759925
-460.676923
-856.196824
-855.281269
-628.223548
-551.164308
-630.207251
-499.435431
-310.831034
-345.622136
-440.992483
-490.432471
-320.596957
-183.874028
-128.635524
-173.345142
-92.013310
12.665182
82.705165
0.915555
1226.386362
3636.280578
4116.336755
1200.445628
-1758.781785
157.475516
4040.345663
4717.398828
2168.340202
1140.324161
1962.798031
1031.067892
-712.607230
81.484424
2771.996348
2534.257148
-695.974642
-2430.494211
-1042.359741
46.082952
-1165.349340
-2537.003814
-1889.706197
-800.805727
-1512.649995
-2746.971170
-2730.948951
-1777.245484
-1823.633621
-2257.912032
-1663.716624
-506.454689
-281.380671
-1216.162661
-1672.109214
-1053.651590
177.770326
1001.312344
1045.106407
648.976135
469.527291
640.430952
688.650199
637.073916
1058.381959
1778.161040
1517.838141
248.115494
-553.605788
97.811828
719.168710
118.411822
-664.235391
-344.248803
136.265151
-712.149453
-1752.830676
-1419.110759
-469.832476
-546.128753
-1044.496037
-836.359792
-465.254699
-835.596829
-1140.934531
-588.549483
181.890325
371.868056
156.102183
112.918490
231.330313
493.179137
663.319835
758.079812
911.435329
1075.777511
959.959762
646.382062
665.608724
856.807195
794.091655
580.462078
566.270970
475.020623
134.281448
-74.465167
-53.865172
-177.312549
-405.133233
-396.740642
-353.251764
-541.093199
-801.873875
-742.515371
-599.536147
-645.161321
-676.290202
-531.174683
-380.718424
-442.518409
-526.291721
-481.582103
-315.866588
-214.392539
-250.709567
-203.253283
-30.213326
235.297719
104.678493
748.771666
2855.464476
4031.037517
1978.362472
-1261.024872
-500.198394
3338.725097
4889.370637
2689.138591
1055.635293
1784.875112
1545.457394
-248.420679
-289.468076
2142.857245
2868.740028
157.933294
-2289.803876
-1519.821845
30.060733
-552.690233
-2223.120929
-2234.565371
-1042.359741
-1223.792289
-2483.749013
-2864.620029
-1975.768398
-1677.449954
-2172.765386
-1988.738765
-936.765693
-310.831034
-860.927194
-1516.769994
-1299.630788
-249.183642
788.293138
1106.906392
740.379075
437.635447
569.017636
737.937594
670.644278
879.696078
1629.230706
1793.267703
767.998328
-385.143608
-196.844396
655.537615
515.915427
-263.527342
-301.370296
102.389604
-533.005794
-1651.814405
-1502.884071
-463.118403
-358.134726
-1083.101953
-1258.735984
-835.291644
-815.302020
-1030.915299
-763.267959
-193.639952
118.564415
12.512589
-109.866639
-15.869626
345.164359
630.054658
670.186500
749.839814
999.786418
1029.236781
740.226483
622.425031
809.198318
867.030896
702.688714
610.217626
459.150997
175.939216
13.275552
50.050358
-64.241466
-300.607333
-394.604346
-399.334716
-509.048762
-656.453170
-618.610217
-614.642810
-731.376115
-762.657588
-536.973200
-281.228078
-300.607333
-515.610242
-599.230962
-397.503605
-147.557000
-55.696282
-19.837032
42.115545
184.026621
155.796998
1282.998200
3501.846538
4101.687870
1418.500388
-1447.492974
140.995521
3904.233104
4761.955854
2382.580149
1107.821947
1674.245510
985.747903
-573.442821
102.084419
2450.941613
2307.199427
-702.230937
-2549.974181
-1372.264844
-131.382190
-994.750864
-2408.978661
-2111.270587
-1122.318240
-1501.052960
-2533.494185
-2615.588980
-1820.581770
-1776.177337
-2151.402429
-1661.580328
-555.894677
-186.620694
-921.048660
-1510.818884
-1096.224913
74.465167
1075.167140
1254.005614
739.158335
418.866563
585.802817
785.546472
754.722775
1036.408631
1703.543281
1555.528502
354.625097
-541.703569
0.000000
770.287216
366.069539
-437.788039
-486.465064
-213.476984
-764.336106
-1416.974463
-1113.620464
-473.189512
-631.733176
-1182.592299
-1107.669354
-671.712426
-620.593920
-843.073865
-689.107977
-201.727357
178.533289
160.374775
21.515550
74.922944
341.044360
578.020597
665.761316
832.087201
954.466430
879.543485
676.595387
641.651692
752.891665
777.459066
678.731683
459.761367
191.808841
23.957031
46.693322
-3.662221
-253.761418
-469.985068
-486.159879
-475.325808
-574.816154
-645.313914
-601.519851
-597.552444
-716.879822
-729.545004
-516.525798
-276.955487
-319.223624
-506.454689
-499.435431
-240.485866
-87.588126
-76.754055
38.911101
161.290330
205.847356
214.850317
1725.821794
3852.809413
3792.840539
833.002756
-1351.207072
872.982005
4293.496711
4540.391465
2178.411311
1247.444135
1654.561070
707.419084
-566.270970
538.193940
2644.276380
1897.488418
-1182.287114
-2538.834925
-1097.140468
-153.508110
-1268.959685
-2541.581591
-2034.821717
-1178.472300
-1747.947714
-2701.193403
-2579.119359
-1752.067713
-1853.846947
-2251.960922
-1645.405517
-467.848773
-207.831059
-1064.333069
-1574.144794
-919.064957
350.047320
1147.190826
1113.467872
684.987978
567.491711
676.900573
694.296124
729.545004
1243.934506
1856.746205
1407.666317
144.199964
-490.432471
177.465141
726.645745
79.653314
-757.469441
-617.847254
-184.789584
-738.700557
-1665.700327
-1570.024795
-835.139052
-730.307967
-1142.002679
-260.475491
935.087175
-8.087405
-1877.193608
-1678.823287
569.628007
1398.663356
690.328717
417.340637
359.660651
-417.035452
-596.636889
768.456105
1665.700327
1090.273803
376.445832
244.300680
150.456259
386.974719
926.847177
934.171620
295.114001
82.857757
177.617734
-116.885897
-204.016246
-125.583673
-476.088771
-899.838295
-444.502112
-61.952577
-761.131663
-1306.039676
-918.759772
-601.062073
-784.630916
-513.779132
-20.599995
-290.231039
-878.170152
-730.613152
-186.010324
27.924438
129.245894
119.937748
4.272592
-86.214793
572.679858
2711.111919
4342.478921
3185.522172
-203.711061
-1210.669329
1887.417309
4836.573613
4029.816777
1477.553707
1110.416020
1499.069257
339.060657
-426.648783
1317.484117
2859.889660
1023.743449
-1968.291363
-2197.943158
-413.525823
-111.697750
-1622.211449
-2514.267524
-1645.863295
-1089.358248
-1845.912134
-2593.615652
-2228.614261
-1596.118122
-1874.904719
-2032.075051
-1174.962671
-125.125895
-307.321405
-1328.318189
-1550.492948
-526.596906
746.940555
1266.213019
989.562717
539.262088
462.813218
616.779106
708.487231
794.396840
1313.669303
1709.189205
1003.601232
-261.391046
-566.270970
329.905103
632.801324
-264.442897
-927.610140
-502.334690
-112.002935
-717.490192
-1367.381883
-1080.660472
-599.688740
-892.819037
-1317.789302
-914.181995
-168.156995
-283.211782
-825.983499
-686.361311
59.968874
427.716931
451.063592
598.162814
569.475414
301.675481
273.445858
749.076851
1057.618997
1055.635293
928.373103
644.550951
297.555482
348.673987
705.587973
663.167243
297.402889
68.971835
4.730369
-106.814788
-111.697750
-139.927373
-415.051749
-622.577623
-467.085810
-367.595464
-628.528733
-737.022039
-610.065034
-671.712426
-803.857578
-543.076902
-133.671078
-185.857732
-511.795428
-600.451703
-425.275450
-165.868107
75.533315
142.979224
30.060733
-85.299238
-9.918516
240.485866
1726.889941
3671.376866
3514.969497
657.673911
-1373.790770
735.496114
4009.369374
4331.187072
2152.470576
1137.577495
1404.156688
655.995393
-359.965837
561.845786
2368.083856
1746.116603
-981.627904
-2301.248317
-1074.404178
-165.410329
-1175.420449
-2460.097167
-2074.343188
-1124.759721
-1435.285569
-2317.728313
-2467.421609
-1908.932859
-1878.566941
-2009.643945
-1357.921144
-348.826580
-162.816256
-957.823466
-1453.444083
-903.347924
309.610293
1207.464885
1274.300424
758.232404
481.734695
639.210212
831.934608
909.756811
1186.407113
1601.764047
1234.778953
209.356985
-352.793986
130.008857
511.948021
-110.171824
-856.502009
-718.558340
-258.949565
-666.676871
-1499.984813
-1544.236653
-951.261986
-851.924233
-1193.121185
-740.989446
778.374621
797.601283
-974.913832
-1876.278052
-415.967304
1243.781913
1011.383452
600.451703
694.296124
235.755497
-704.367232
-183.263658
1375.621881
1655.629218
700.552419
100.711086
175.023660
359.202874
637.531693
732.139077
424.970265
90.639977
208.746615
92.928866
-288.247336
-346.690284
-418.561378
-719.931673
-704.214640
-126.804413
-189.214768
-986.968644
-1268.044129
-871.456080
-539.109496
-325.479919
-4.730369
-208.288837
-802.026467
-811.182021
-145.878482
148.472556
-6.103702
-95.828124
-36.622213
-80.111091
557.268010
2795.037824
4128.696752
2513.962338
-789.208693
-1077.761214
2347.789046
4895.932117
3790.704244
1327.250041
1011.688638
1302.377454
377.056203
-92.928866
1611.987748
2824.335595
818.811648
-2005.981724
-1975.768398
-110.629602
-31.434066
-1740.775864
-2576.830471
-1540.421840
-1006.958268
-1866.512129
-2646.870454
-2306.894242
-1788.689926
-2102.267626
-2036.805420
-1018.860488
-94.302199
-545.060605
-1608.020341
-1649.067739
-452.436925
829.340535
1248.512282
945.310876
540.635421
490.585063
602.130221
799.127209
1094.698987
1585.284051
1700.949207
910.367181
-47.914062
-180.974770
500.808764
521.866537
-187.078472
-410.016194
-31.128881
-236.671052
-1295.358197
-1613.208488
-958.433836
-627.613177
-981.017534
-1062.959736
-718.100562
-750.907962
-998.413085
-742.667964
-263.527342
-64.394058
-7.477035
129.093301
213.171799
279.549560
560.930231
704.825010
580.462078
643.635396
943.479766
1016.724192
782.494620
684.072423
678.426498
571.611710
532.853201
535.447274
367.900649
144.047372
63.325910
-57.832578
-379.802869
-474.257660
-298.928815
-346.690284
-638.447249
-727.866486
-622.882808
-722.220561
-870.845710
-692.922791
-406.353973
-391.247310
-563.982082
-600.756888
-497.299136
-322.122883
-178.380696
-40.742212
-43.031100
-37.385176
-53.407394
825.983499
3041.322207
4034.241961
1965.697289
-1225.928584
-604.419109
3219.855496
4975.432838
3035.981468
1133.152311
1531.418879
1362.346328
-105.899233
-105.136270
2055.879489
2687.002296
145.420705
-2217.017227
-1565.752204
13.275552
-530.259128
-2278.969804
-2555.620106
-1219.367105
-961.790872
-2091.433555
-2777.947458
-2224.952040
-1821.955103
-2231.666112
-1948.606923
-713.980563
39.521472
-724.814635
-1739.707716
-1492.202592
-172.124402
995.513827
1230.048583
833.307941
543.382087
669.881315
756.706479
728.171671
983.153830
1670.583289
1783.959557
816.217575
-133.671078
1.220740
672.322796
458.845812
-308.694738
-493.484322
-128.330338
-346.385099
-1174.047116
-1416.364093
-971.709388
-750.450184
-955.381985
-950.956801
-741.142038
-787.224990
-1038.239742
-919.827920
-435.041373
69.124427
280.159930
87.893312
-112.765898
75.533315
549.333197
708.945009
651.112431
782.189435
978.423461
876.491634
663.319835
703.299085
794.396840
741.447223
601.367258
468.459143
292.672520
205.694764
135.807374
-130.008857
-385.296201
-323.953994
-159.916997
-419.782118
-790.887211
-819.269426
-625.629474
-608.691701
-691.854643
-627.918363
-563.371712
-607.318368
-627.460585
-538.041348
-395.214717
-285.348077
-189.825138
-168.614773
-137.180707
-113.071083
764.336106
2869.655583
3940.702725
2040.620234
-1103.244170
-704.062047
3038.728134
5000.000239
3167.211065
1098.818986
1440.931494
1557.664798
186.925879
-76.296277
1907.254341
2726.981545
405.133233
-1987.212840
-1490.066297
84.231090
-379.345091
-2215.949079
-2660.451191
-1324.198190
-794.854617
-1863.612870
-2838.068925
-2511.368265
-1956.083959
-2157.353538
-1999.878022
-931.272361
-71.565908
-688.650199
-1807.458810
-1707.663280
-330.973251
975.829387
1184.270817
690.023532
450.300629
757.011664
923.947919
729.850189
778.374621
1487.167038
1892.300271
1130.710830
146.794038
167.394032
792.260544
526.139129
-408.795454
-559.404305
152.134777
220.038464
-813.776094
-1517.380364
-1144.596753
-621.814660
-759.910922
-1000.549381
-881.069411
-832.239793
-1104.312318
-1132.084163
-618.762809
-91.555533
-13.885922
-248.115494
-266.579193
28.992585
395.214717
522.782092
467.543588
556.047269
788.750915
917.539031
833.765719
733.970188
682.088719
639.820582
618.610217
626.239844
527.207276
309.152516
98.422198
-18.768884
-79.195536
-110.019232
-157.170331
-342.570285
-594.805778
-691.702050
-552.232455
-443.281371
-528.733202
-739.005742
-823.542018
-692.770198
-488.753953
-383.922868
-462.050256
-513.321354
-483.260621
-342.112508
-157.628109
1188.543408
3316.293991
3607.135400
866.725711
-1688.284025
47.303692
3844.569415
4834.284725
2464.217166
916.623476
1491.744815
1394.238172
236.518460
471.205809
2272.255732
2334.513494
-113.986638
-1825.464732
-808.282762
406.506566
-641.956878
-2507.400859
-2440.412727
-875.270894
-623.493178
-1924.497300
-2855.464476
-2468.337165
-2093.417258
-2234.717963
-1735.892902
-575.884301
-152.134777
-1183.050076
-2116.306141
-1558.427761
-57.527393
932.340509
880.611633
460.219145
379.039906
620.746512
749.076851
761.284255
967.589389
1452.986306
1511.581847
975.829387
547.044309
644.245766
674.916869
60.121467
-387.279904
17.090366
570.390969
178.075511
-812.707946
-1267.738944
-1101.260467
-873.897561
-712.149453
-552.537641
-634.785028
-1045.411592
-1326.334485
-1092.410099
-597.857629
-196.539210
-87.282941
-213.934762
-259.254750
-34.943695
262.306602
307.321405
316.782144
566.270970
821.100537
838.190903
733.512410
672.017611
542.619124
401.928789
507.828022
729.697597
709.707972
383.007312
27.314067
-111.850343
-45.167396
53.254802
5.951110
-219.122909
-418.408785
-510.879873
-553.605788
-538.804311
-486.617657
-516.220613
-677.968720
-726.187968
-515.305057
-341.807323
-392.010273
-555.436899
-572.679858
-482.039880
69.277020
1913.968413
3549.760600
2613.757869
-566.270970
-1687.978840
1379.894472
4634.541071
4139.683416
1509.445551
854.213121
1623.432189
1194.494518
222.479945
1015.045674
2514.114931
1700.186244
-766.624995
-1520.889993
-34.791102
495.162840
-1263.008575
-2839.137073
-1919.461745
-251.930308
-536.210237
-2237.617222
-3044.526651
-2424.390509
-2015.747647
-2039.094308
-1453.138898
-427.716931
-446.180630
-1734.977347
-2353.892749
-1235.541915
412.305083
895.718296
349.894728
56.154060
474.868030
838.496088
653.553912
480.666547
912.808662
1529.892953
1441.236679
924.558289
725.425005
830.103498
459.913960
-236.976237
-168.309588
645.771691
903.195331
-88.351089
-1177.861930
-1260.109317
-721.457599
-458.845812
-597.399852
-747.550925
-879.238300
-1083.559731
-1142.613050
-857.264972
-484.481361
-357.219171
-435.804336
-377.971758
-83.162942
177.159956
173.650327
21.820735
133.060708
514.694687
868.862006
917.996809
710.928712
460.982108
311.593997
400.402864
645.924284
794.549432
635.090213
296.029556
69.124427
73.854796
116.275527
43.641471
-99.642938
-187.536250
-227.515499
-303.506591
-377.513980
-443.128779
-523.850240
-651.265023
-663.014650
-500.656172
-333.719917
-385.448793
-554.521344
-638.142064
-564.745045
-432.599893
628.223548
2611.774166
3294.015478
1044.953815
-1759.544748
-723.441302
3169.652546
4812.921767
2508.774192
423.749524
1203.650071
2062.746154
1036.408631
201.269580
1398.205579
2327.494237
874.202746
-992.156791
-630.054658
701.162789
75.533315
-2147.282430
-2784.356345
-901.974591
461.745070
-760.368700
-2823.725225
-3092.135528
-2090.365407
-1770.226227
-1890.621753
-1287.118199
-482.497658
-1014.282711
-2244.636479
-2174.596497
-657.216133
465.102107
206.762912
-312.967330
19.684440
769.676846
852.229418
348.063617
216.528835
842.005717
1441.084086
1370.281141
1032.746410
907.162738
807.062022
312.051774
-9.765924
379.802869
904.721257
670.339093
-183.111066
-670.796870
-583.819114
-466.017662
-636.921323
-778.222029
-679.036868
-573.748006
-717.185007
-973.540499
-1002.380492
-768.456105
-544.145050
-472.884327
-311.593997
-32.044436
49.287395
-190.893286
-288.399928
97.964420
595.416148
751.213147
612.353922
530.716905
511.642836
441.450261
418.866563
536.820607
657.673911
608.844293
437.788039
300.912518
251.777715
222.479945
118.106637
-32.197029
-88.656274
-37.385176
-37.385176
-209.814763
-396.740642
-447.248778
-445.417667
-479.750992
-450.300629
-341.349545
-323.496216
-512.253206
-627.002807
-510.422095
-312.204367
-364.238428
-62.868133
1441.236679
2884.151876
2018.646906
-837.580533
-1731.620311
1147.496011
4209.113029
3509.628758
703.604270
115.970342
1619.464783
1953.489885
604.419109
220.191056
1426.130016
1823.938806
423.902117
-666.524279
-2.136296
678.731683
-506.759874
-2293.923875
-1998.809874
36.011843
749.839814
-1047.853073
-2959.380006
-2746.208207
-1540.574432
-1258.430799
-1575.060349
-1240.730062
-753.807220
-1265.602649
-2090.060222
-1768.089931
-572.069488
-68.208872
-531.022090
-709.097602
-5.951110
664.387983
456.556924
-119.632563
-109.256269
516.983575
1002.990862
1047.090110
1027.863448
1087.069360
803.247208
161.748108
-33.112584
563.066527
1188.238223
978.118276
216.528835
-217.749576
-111.087380
72.939241
-118.564415
-523.239870
-628.223548
-311.593997
-88.351089
-400.708049
-900.296073
-990.630865
-737.632409
-576.647264
-447.401370
-164.189589
-40.742212
-347.453247
-598.010222
-298.928815
230.872535
421.918414
274.056228
230.567350
371.257686
490.890248
478.530252
393.383606
342.265100
420.239896
576.952449
605.945035
469.374698
348.216210
305.032517
233.008831
177.007363
227.668092
320.902143
263.069564
41.962953
-89.419237
8.087405
63.783688
-16.632588
-165.257737
-235.145127
-75.228129
21.668143
-68.514057
-243.995495
-349.589543
-225.531796
-93.844421
-146.488853
59.511096
725.730190
1182.897484
633.564287
-500.961357
-696.127234
457.014701
1575.365535
1357.310774
364.543613
-5.035554
461.897663
853.907936
643.177618
260.780676
193.029582
347.758432
411.084342
358.897689
313.425107
197.912543
-140.385150
-537.736163
-589.922816
-271.919932
-45.625174
-255.439937
-665.608724
-854.060529
-779.595362
-643.787988
-591.601335
-635.242805
-718.405747
-759.758330
-691.702050
-571.916895
-516.373205
-569.628007
-636.616138
-605.639850
-472.121364
-318.002884
-267.189563
-298.318444
-299.996963
-189.519953
-46.082952
-55.238505
-171.819217
-183.263658
-13.733330
143.742187
104.525900
-7.477035
-15.564441
52.034061
61.342207
-6.103702
-23.804439
31.891844
54.628135
-9.765924
-57.222208
21.057773
127.719968
97.811828
-3.967406
6.256295
141.300706
221.564389
161.595515
129.245894
235.297719
342.722878
300.454740
207.068097
258.644380
432.294707
501.571727
406.048788
349.589543
429.853227
488.601360
417.798415
348.368802
410.321380
478.682844
394.299161
241.248829
213.934762
300.149555
270.394007
77.211833
-43.794063
38.605916
116.428119
-10.071109
-199.285876
-210.882911
-107.272566
-125.278487
-252.082900
-297.250297
-243.690310
-227.362906
-299.539185
-345.011766
-291.146594
-226.294759
-207.373282
-209.662170
-193.182174
-173.650327
-174.871068
-158.238479
-89.877015
-12.665182
16.327403
18.311107
21.362958
25.177772
28.534808
59.968874
109.866639
131.229597
103.915530
85.757016
120.090341
155.339221
115.970342
27.466660
-11.444442
24.567401
72.328871
43.641471
-11.749627
-12.207404
14.191108
-6.714072
-50.965913
-17.853329
53.559987
31.739251
-48.982210
-5.035554
163.579219
231.788091
109.866639
8.392591
94.302199
240.485866
237.586608
130.619227
115.512564
203.711061
212.256244
67.751094
-14.343700
68.361465
133.823670
19.684440
-157.475516
-179.906622
-116.580712
-150.608851
-276.192524
-331.888806
-300.149555
-319.071032
-400.555456
-425.733228
-367.290279
-349.742135
-415.356934
-455.946553
-397.198420
-323.648808
-340.128804
-388.958422
-369.121390
-283.059189
-226.752536
-221.106612
-188.756990
-98.422198
-23.499253
-10.681479
1.831111
41.810360
82.552572
119.022193
212.103651
331.431029
351.115468
259.407343
201.116987
269.478452
365.611761
385.143608
357.524356
348.826580
324.869549
271.614747
250.251790
294.961408
321.207328
246.589568
149.998481
147.099223
215.002910
217.139205
121.616266
48.829618
69.887390
91.555533
52.491839
22.125920
57.679986
77.364425
6.714072
-62.410355
-30.976289
47.456285
55.238505
7.934813
-16.632588
-12.817775
-16.174811
-11.444442
12.665182
11.597034
-27.924438
-51.118506
-21.515550
11.902219
-17.700736
-76.754055
-104.678493
-108.188121
-117.038489
-133.671078
-132.602930
-136.112559
-184.026621
-261.848824
-292.062150
-242.316977
-193.792544
-215.460687
-257.576232
-238.502163
-173.955512
-145.878482
-160.527368
-133.213300
-49.439988
11.139256
29.297771
74.922944
159.611812
200.506617
170.445884
155.644406
231.940683
328.226585
339.976212
302.133258
304.269554
342.265100
325.022141
245.063643
187.841435
194.860692
209.356985
168.614773
96.743680
43.794063
18.463699
-10.681479
-69.582205
-148.472556
-187.383657
-177.312549
-167.241440
-198.370321
-272.835488
-322.580661
-327.921400
-306.558442
-290.841409
-271.767340
-228.278462
-200.659209
-209.356985
-214.697724
-165.410329
-103.762937
-89.419237
-111.239972
-82.857757
-4.425184
30.976289
-12.054812
-71.871093
-57.985171
-12.970367
-4.882962
-18.463699
4.272592
19.989625
-30.213326
-71.871093
-28.382215
43.641471
20.294810
-66.072576
-80.111091
3.662221
63.631095
28.077030
-4.425184
60.274059
146.946630
125.736265
52.949616
76.754055
195.776248
260.322898
213.782169
182.500695
243.079940
307.321405
272.530303
195.928840
203.100690
279.396968
298.013259
224.768833
168.614773
190.893286
214.392539
161.442923
100.558494
110.782195
128.330338
57.222208
-52.644431
-73.244426
-20.447402
-28.839993
-132.602930
-214.545132
-205.389579
-171.971809
-196.234025
-255.287344
-274.666598
-249.031049
-226.905129
-229.651795
-230.262165
-209.051800
-182.195510
-169.377736
-151.524407
-106.509603
-62.868133
-58.442948
-72.786649
-44.404433
20.752587
57.985171
46.235544
33.722955
48.677025
64.699243
69.582205
84.536275
95.828124
64.394058
16.479996
23.499253
80.874054
102.389604
64.241466
35.554065
48.982210
50.050358
14.648885
0.305185
44.099248
77.669610
42.268138
-16.479996
-17.395551
31.891844
60.426652
55.238505
57.527393
83.773313
101.474049
90.639977
78.585166
89.266644
122.989599
150.608851
145.573297
112.918490
84.078498
78.432573
74.770352
54.628135
31.739251
20.905180
14.496293
-5.493332
-42.573323
-76.448870
-95.980717
-114.139231
-141.148113
-160.527368
-153.050332
-148.930333
-183.721436
-241.859199
-270.394007
-253.303641
-223.242908
-205.084394
-203.863653
-222.479945
-253.151048
-255.745122
-199.438469
-126.346635
-101.626641
-114.139231
-103.610345
-61.647392
-34.943695
-21.820735
18.616292
73.091834
91.097755
79.958499
92.165903
128.940709
152.592555
164.799959
187.841435
202.337728
180.822177
148.472556
146.183667
162.816256
161.442923
141.911076
126.041450
112.155528
86.825164
63.478503
60.884429
66.072576
56.001468
39.979249
40.742212
48.219247
36.317028
13.428145
13.428145
38.148139
49.592580
38.300731
41.199990
71.871093
85.757016
56.764430
33.570362
61.189614
102.084419
98.269605
56.154060
22.736291
14.038515
14.801478
12.207404
4.119999
-8.392591
-26.245919
-51.728876
-80.721461
-94.912569
-85.757016
-83.468127
-117.648860
-157.322924
-153.355517
-124.973302
-134.434041
-177.922919
-192.876989
-167.699218
-146.488853
-137.180707
-106.967381
-67.140724
-60.426652
-74.159982
-49.134803
19.074069
71.413316
75.075537
65.309613
82.857757
121.005896
153.508110
169.377736
169.377736
153.508110
139.317002
150.914037
176.091808
179.754029
158.238479
139.469595
124.057747
89.419237
52.034061
51.423691
74.007389
60.274059
-3.967406
-60.731837
-68.361465
-59.205911
-83.773313
-125.278487
-129.703671
-104.525900
-113.376268
-162.205886
-176.854771
-133.060708
-105.136270
-137.180707
-166.631070
-136.875522
-94.607384
-101.626641
-128.482931
-110.934787
-59.511096
-43.794063
-78.279981
-96.285902
-53.254802
-6.256295
-24.719994
-71.260723
-55.848875
10.223701
25.177772
-27.924438
-58.290356
-26.856290
-8.239998
-43.183693
-60.884429
-20.294810
7.019258
-29.755548
-64.088873
-33.112584
15.411848
14.343700
-8.239998
7.934813
52.339246
71.871093
62.868133
70.192575
109.408862
142.216261
138.706632
127.109598
152.287370
201.574765
218.512538
189.672545
160.832553
165.715514
181.279955
177.465141
164.342181
160.069590
155.491813
134.434041
103.915530
81.942202
69.429612
49.592580
18.158514
-1.373333
7.629628
11.444442
-34.028140
-106.967381
-138.096262
-111.697750
-83.315535
-93.844421
-119.479970
-126.957006
-118.717008
-111.545157
-106.051826
-93.234051
-74.770352
-61.952577
-62.105170
-67.751094
-59.511096
-28.839993
4.272592
10.681479
-5.645925
-7.629628
22.888883
56.154060
56.917023
35.554065
26.856290
35.401473
35.401473
23.651846
23.346661
32.502214
21.515550
-11.291849
-28.839993
-18.768884
-15.259255
-41.047397
-66.072576
-59.511096
-41.657767
-50.202950
-76.143685
-78.737758
-52.339246
-35.706658
-46.845914
-57.679986
-46.082952
-26.856290
-23.194068
-29.297771
-25.177772
-7.934813
6.714072
10.223701
17.548144
37.385176
48.524432
30.823696
5.340739
7.934813
33.417769
45.167396
27.161475
-2.594073
-20.142217
-21.362958
-17.700736
-23.804439
-42.420730
-60.121467
-65.157021
-63.631095
-68.971835
-80.874054
-88.961459
-83.315535
-67.445909
-54.170357
-54.170357
-62.868133
-68.361465
-62.562947
-39.063694
0.915555
33.875547
33.875547
15.564441
23.499253
62.410355
92.776273
97.048865
103.915530
124.057747
128.635524
111.697750
106.814788
123.294784
129.245894
115.054786
109.408862
119.632563
112.613305
77.669610
44.404433
36.164435
35.859250
24.109624
8.545183
-1.068148
-12.207404
-30.823696
-45.472581
-43.031100
-30.823696
-25.025179
-25.330364
-20.752587
-7.782220
3.204444
6.561480
5.493332
6.103702
12.054812
28.229623
49.134803
52.797024
36.164435
27.466660
47.761470
73.702204
71.260723
47.761470
34.028140
35.859250
32.807399
20.599995
13.428145
11.291849
-5.493332
-36.164435
-54.628135
-50.355543
-50.050358
-79.348128
-112.308120
-111.087380
-90.945163
-98.422198
-126.804413
-123.142192
-87.893312
-79.500721
-112.155528
-124.820710
-88.656274
-58.748134
-72.023686
-82.399980
-54.017764
-29.297771
-42.420730
-46.998507
-4.730369
35.401473
19.989625
-16.327403
-6.866665
39.063694
61.799985
47.151099
35.401473
46.082952
52.034061
35.859250
25.330364
36.011843
43.641471
25.635549
4.119999
7.019258
17.548144
6.103702
-17.700736
-24.262216
-18.921477
-26.856290
-44.557026
-47.303692
-36.317028
-36.622213
-49.745173
-54.628135
-42.268138
-22.125920
-7.934813
-6.408887
-12.665182
-11.139256
7.171850
30.823696
45.014804
48.524432
49.592580
52.491839
60.426652
76.296277
89.419237
82.552572
62.257762
54.780727
66.530354
74.922944
65.614799
44.404433
23.499253
11.902219
16.174811
27.771845
22.278513
-1.068148
-17.090366
-11.597034
1.220740
6.256295
8.087405
7.934813
2.594073
-1.831111
9.613331
36.622213
55.696282
49.134803
25.635549
19.379254
48.829618
88.198497
99.948123
82.247387
63.631095
58.595541
58.595541
63.783688
70.497760
61.189614
29.297771
1.068148
2.746666
14.801478
5.645925
-25.635549
-53.254802
-61.952577
-64.699243
-74.465167
-91.402940
-108.951084
-118.869600
-117.343675
-109.256269
-107.272566
-117.191082
-131.839967
-141.148113
-139.622188
-124.973302
-102.389604
-88.656274
-94.149606
-106.357011
-97.964420
-67.140724
-43.946656
-46.540729
-53.407394
-38.758509
-12.970367
-0.305185
-1.373333
2.746666
16.632588
25.025179
25.177772
34.333325
54.017764
59.663689
42.420730
31.434066
47.761470
67.903687
61.799985
42.420730
40.284434
53.102209
54.628135
42.268138
36.774806
40.131842
35.706658
27.619252
34.943695
50.355543
48.524432
29.755548
18.158514
22.278513
29.145178
31.434066
36.927398
43.794063
39.216287
22.736291
12.665182
19.379254
29.908141
31.281474
28.229623
27.314067
22.888883
11.749627
2.899259
-0.152593
-3.967406
-8.392591
-4.730369
3.357036
-2.899259
-23.651846
-34.180732
-25.635549
-21.668143
-35.401473
-43.031100
-25.482957
-5.188147
-11.444442
-31.739251
-27.771845
2.594073
18.311107
0.000000
-18.463699
0.305185
39.521472
55.085912
43.488878
37.079991
46.998507
50.813321
40.894805
47.761470
80.111091
93.539236
57.374801
15.259255
24.109624
61.952577
60.579244
15.411848
-9.918516
10.528886
23.041476
-9.765924
-47.151099
-42.573323
-23.346661
-38.148139
-70.345168
-70.650353
-48.371840
-56.459245
-94.912569
-107.119973
-75.380722
-53.102209
-75.075537
-104.525900
-97.048865
-69.734797
-66.072576
-82.399980
-80.111091
-56.306653
-43.641471
-52.949616
-54.170357
-32.197029
-13.733330
-19.684440
-27.619252
-11.291849
12.207404
13.885922
0.762963
2.136296
19.837032
30.365918
26.093327
22.736291
28.687400
30.823696
19.837032
9.002961
16.632588
36.011843
40.589620
21.210365
5.035554
13.580737
30.365918
28.382215
16.174811
16.479996
25.177772
23.804439
20.142217
32.959992
50.050358
44.709619
24.262216
21.820735
43.031100
60.121467
54.322949
42.268138
41.962953
48.677025
50.355543
46.235544
43.641471
43.183693
41.657767
37.232583
32.654807
27.161475
18.005921
8.239998
4.272592
8.239998
11.291849
3.662221
-14.191108
-28.839993
-32.349622
-26.856290
-19.684440
-16.479996
-21.515550
-30.671103
-33.722955
-27.924438
-21.973328
-20.447402
-17.090366
-5.645925
6.561480
9.460738
5.188147
2.441481
3.967406
8.392591
17.242959
28.992585
32.044436
17.395551
-5.340739
-13.275552
-0.457778
12.970367
6.408887
-14.038515
-27.008882
-27.619252
-27.771845
-34.638510
-40.131842
-38.605916
-37.537768
-44.862211
-53.559987
-52.949616
-45.319989
-43.183693
-51.423691
-57.069615
-48.524432
-35.706658
-34.180732
-39.826657
-37.232583
-27.314067
-23.651846
-23.651846
-11.291849
8.392591
11.597034
-2.288888
-6.256295
11.902219
28.229623
27.008882
23.957031
31.891844
35.401473
19.837032
4.882962
14.343700
35.554065
39.521472
22.125920
8.239998
8.697776
9.002961
-1.220740
-9.002961
-0.305185
11.902219
7.324443
-13.122960
-26.093327
-21.820735
-11.902219
-7.934813
-6.714072
-0.915555
5.798517
3.814814
-3.662221
-3.204444
10.376294
26.856290
33.722955
31.434066
30.213326
32.807399
33.722955
29.755548
29.602956
40.742212
53.254802
51.881469
38.148139
29.297771
31.739251
33.875547
29.145178
28.229623
33.265177
30.976289
18.311107
12.054812
16.327403
16.022218
4.272592
-3.051851
3.204444
10.071109
9.002961
5.340739
-1.068148
-13.733330
-21.668143
-9.155553
11.749627
13.733330
-3.662221
-18.921477
-21.515550
-14.496293
-5.340739
-1.525926
-10.834071
-25.177772
-26.398512
-16.937774
-20.142217
-38.300731
-45.777766
-32.807399
-22.888883
-32.654807
-46.235544
-46.540729
-41.047397
-41.962953
-46.388137
-44.251841
-35.554065
-30.823696
-35.706658
-42.725915
-40.589620
-31.128881
-26.093327
-27.619252
-26.551105
-20.294810
-18.005921
-20.294810
-15.564441
-2.136296
2.899259
-5.798517
-9.002961
5.493332
22.125920
20.599995
10.071109
11.749627
25.025179
31.586659
26.245919
23.346661
29.755548
33.570362
28.077030
21.973328
28.229623
38.605916
32.654807
16.022218
10.376294
21.515550
27.466660
15.411848
4.730369
10.681479
19.684440
13.428145
-0.152593
-2.594073
5.035554
8.239998
3.509629
0.152593
3.967406
8.545183
8.087405
3.662221
-0.152593
0.305185
5.188147
10.223701
9.002961
2.594073
0.152593
7.019258
14.191108
9.308146
-1.678518
-2.441481
8.850368
15.259255
8.087405
0.152593
1.525926
5.188147
5.798517
9.155553
17.548144
14.496293
-2.746666
-10.376294
5.645925
24.262216
21.515550
9.765924
10.986664
15.869626
8.087405
0.000000
12.817775
30.823696
26.398512
7.477035
5.188147
19.531847
18.005921
-5.188147
-15.717033
3.967406
21.515550
7.477035
-21.057773
-30.823696
-23.346661
-23.499253
-33.722955
-34.485917
-25.482957
-26.703697
-44.099248
-58.595541
-56.001468
-47.456285
-45.472581
-46.998507
-45.625174
-44.862211
-48.219247
-50.660728
-47.608877
-41.199990
-35.248880
-31.586659
-30.823696
-27.924438
-20.142217
-10.223701
-7.019258
-12.054812
-12.207404
0.000000
14.954070
20.905180
20.294810
20.752587
19.989625
16.479996
19.837032
36.622213
50.965913
44.557026
26.245919
20.752587
33.722955
43.794063
39.216287
30.671103
28.839993
30.213326
26.856290
23.194068
23.957031
24.109624
19.226662
13.428145
13.733330
19.226662
19.379254
10.071109
1.525926
3.357036
11.139256
14.343700
9.918516
5.340739
2.746666
0.152593
-1.525926
1.678518
7.629628
7.629628
0.457778
-6.561480
-8.545183
-6.561480
-4.577777
-4.272592
-7.171850
-10.834071
-12.512589
-11.444442
-10.986664
-13.733330
-16.327403
-14.496293
-10.528886
-10.681479
-12.665182
-11.139256
-6.103702
-5.035554
-9.155553
-8.087405
0.000000
5.798517
2.136296
-3.204444
1.220740
10.223701
12.665182
8.545183
6.408887
7.782220
8.087405
6.408887
7.324443
9.918516
7.782220
-0.152593
-5.340739
-3.967406
-0.457778
-0.305185
-3.814814
-6.561480
-8.392591
-9.613331
-10.986664
-11.139256
-10.528886
-11.444442
-12.359997
-12.359997
-13.122960
-15.259255
-18.005921
-17.548144
-11.902219
-8.697776
-13.580737
-21.210365
-21.820735
-15.411848
-9.613331
-9.155553
-10.376294
-10.528886
-12.512589
-14.343700
-9.002961
1.831111
6.103702
0.000000
-4.730369
1.831111
10.528886
11.291849
8.545183
11.139256
16.479996
16.327403
14.496293
16.479996
18.005921
14.343700
10.528886
14.954070
21.057773
18.311107
10.681479
8.697776
12.817775
13.580737
9.460738
8.239998
11.139256
11.139256
8.239998
7.171850
9.460738
10.223701
6.256295
2.441481
5.188147
10.528886
10.986664
5.035554
-1.068148
-0.305185
3.814814
5.340739
1.678518
-2.899259
-2.899259
-2.288888
-3.814814
-7.171850
-8.545183
-6.408887
-5.340739
-8.087405
-10.986664
-10.376294
-9.460738
-10.681479
-11.902219
-10.071109
-7.171850
-7.629628
-10.071109
-9.918516
-5.798517
-2.746666
-3.662221
-5.798517
-3.509629
1.678518
3.662221
2.136296
0.457778
1.983703
4.425184
5.951110
5.798517
5.951110
4.730369
2.136296
0.915555
2.594073
5.188147
3.509629
-1.525926
-3.051851
0.000000
1.525926
-2.594073
-7.324443
-5.493332
-1.220740
-2.594073
-7.934813
-10.376294
-7.477035
-4.882962
-6.103702
-8.545183
-10.223701
-11.291849
-11.444442
-8.697776
-4.730369
-3.357036
-6.103702
-8.850368
-8.239998
-3.662221
0.152593
1.983703
3.051851
3.814814
3.204444
2.746666
5.951110
10.528886
11.139256
8.392591
7.934813
11.444442
14.648885
13.122960
7.934813
5.340739
7.934813
10.834071
10.071109
5.951110
2.441481
1.220740
0.610370
-0.152593
-1.068148
-0.152593
1.068148
0.915555
-2.136296
-5.188147
-3.814814
0.457778
3.204444
1.983703
1.068148
2.288888
3.814814
2.594073
1.373333
4.425184
9.308146
9.918516
5.188147
0.915555
0.610370
3.967406
5.798517
4.425184
1.373333
-1.220740
-1.373333
-1.373333
-2.899259
-4.119999
-4.425184
-4.119999
-5.340739
-6.866665
-6.714072
-5.798517
-6.866665
-9.155553
-9.155553
-6.714072
-5.645925
-7.629628
-8.087405
-5.645925
-3.357036
-5.340739
-7.171850
-4.882962
-1.983703
-0.305185
-0.305185
-0.457778
-0.762963
-1.525926
0.152593
3.204444
5.340739
3.814814
1.373333
1.831111
3.051851
2.746666
2.441481
4.119999
5.798517
3.357036
-1.831111
-2.899259
0.152593
1.983703
-1.525926
-5.188147
-5.493332
-4.577777
-6.408887
-9.155553
-9.155553
-7.171850
-7.782220
-9.460738
-8.392591
-5.493332
-5.493332
-7.629628
-6.408887
-0.152593
5.798517
5.493332
3.204444
4.577777
9.155553
11.749627
12.207404
13.428145
17.395551
18.768884
16.785181
13.733330
13.122960
13.733330
12.970367
11.902219
10.986664
10.681479
8.239998
3.051851
-2.594073
-5.798517
-6.103702
-3.204444
0.152593
-1.678518
-8.392591
-14.648885
-14.191108
-8.697776
-5.188147
-5.188147
-5.340739
-3.509629
-2.746666
-3.814814
-4.425184
-1.068148
3.204444
3.814814
2.136296
2.136296
4.425184
4.272592
0.762963
-1.831111
0.000000
4.577777
5.188147
1.678518
-1.831111
-3.051851
-1.831111
-0.915555
-0.915555
-0.915555
-0.915555
-1.525926
-2.594073
-2.288888
-1.525926
-1.678518
-2.899259
-2.899259
-1.983703
-0.152593
-0.610370
-2.899259
-4.119999
-4.119999
-3.357036
-3.051851
-3.509629
-3.051851
-1.678518
-1.983703
-3.051851
-3.051851
-1.678518
0.457778
1.831111
1.831111
0.152593
-0.762963
-0.152593
2.136296
4.272592
3.509629
1.373333
0.000000
0.305185
0.915555
0.762963
0.762963
0.457778
-1.525926
-3.051851
-2.441481
-1.068148
-1.525926
-3.509629
-4.272592
-2.594073
-0.152593
0.457778
-1.068148
-3.357036
-3.967406
-2.136296
1.983703
4.425184
4.119999
1.983703
0.915555
2.441481
4.272592
5.798517
6.408887
6.408887
6.103702
5.340739
5.188147
6.866665
7.019258
6.256295
4.882962
5.035554
5.340739
5.340739
4.119999
2.746666
2.441481
2.136296
1.220740
0.152593
-0.457778
-1.220740
-1.831111
-2.288888
-2.899259
-4.425184
-4.882962
-4.882962
-5.035554
-4.425184
-3.509629
-3.662221
-4.577777
-5.340739
-4.425184
-3.204444
-2.594073
-3.051851
-3.357036
-2.441481
-2.441481
-3.204444
-3.662221
-2.746666
-2.594073
-2.746666
-3.204444
-2.288888
-1.068148
-1.983703
-3.357036
-3.204444
-0.457778
1.068148
0.457778
-1.525926
-1.831111
-0.305185
0.915555
1.220740
1.373333
0.762963
0.305185
-0.152593
0.457778
1.373333
1.373333
1.220740
0.762963
0.610370
0.610370
1.220740
1.525926
1.678518
1.983703
1.983703
2.594073
3.204444
2.746666
2.594073
3.204444
3.204444
4.119999
3.967406
3.357036
2.899259
1.831111
2.288888
1.831111
1.373333
1.220740
1.068148
1.220740
0.305185
-1.220740
-2.288888
-1.525926
-0.610370
-0.915555
-1.525926
