388.805829
572.832450
397.656198
16.327403
-196.691803
-175.786623
-175.176253
-304.879924
-402.844344
-397.503605
-445.570260
-629.291696
-758.537589
-723.899079
-681.936127
-729.545004
-738.242780
-619.220587
-536.210237
-577.562819
-635.395398
-584.429484
-448.622111
-310.373256
-193.182174
-119.327378
-80.721461
-57.832578
-16.022218
59.968874
163.121441
267.494748
309.762886
270.241414
217.749576
215.002910
226.599944
200.201432
191.503656
216.071057
190.435508
75.075537
-29.297771
-59.511096
-69.582205
-57.222208
-29.908141
-52.186654
-154.881443
-215.002910
-175.176253
-116.580712
-66.072576
1.220740
34.028140
-12.054812
-11.291849
79.653314
163.121441
184.331806
229.956980
283.822152
283.974744
292.825112
345.011766
366.832501
308.236960
289.620669
305.032517
286.568818
245.674013
230.567350
200.354024
116.428119
68.514057
54.933320
21.973328
-40.742212
-81.026647
-127.872561
-196.996988
-236.365867
-231.788091
-235.602904
-256.660677
-253.151048
-247.505124
-258.034010
-258.949565
-210.577725
-185.857732
-185.705139
-179.448844
-144.199964
-110.019232
-92.471088
-52.644431
-72.481463
-120.242933
-158.238479
-127.109598
-132.602930
-21.515550
483.413213
1055.482701
962.859020
169.835513
-148.167371
519.272464
1324.961152
1342.356704
947.904950
779.900547
671.712426
397.808790
272.225118
615.558366
914.334588
635.395398
-37.537768
-387.585089
-238.654756
-101.168864
-318.155477
-591.753927
-597.857629
-583.056151
-789.208693
-1021.454561
-1006.195306
-931.272361
-984.984941
-1031.525670
-888.241261
-706.045751
-695.516864
-793.481284
-821.253129
-659.657614
-368.511020
-77.517018
27.924438
-14.496293
-39.368879
36.317028
148.472556
280.007338
472.884327
611.438367
582.140596
402.844344
269.173266
277.260672
394.451754
451.368777
366.374724
226.752536
117.191082
-6.714072
-146.183667
-158.391072
-76.754055
-100.711086
-271.462155
-372.020648
-368.053242
-366.985094
-379.192498
-289.468076
-151.219222
-113.681453
-142.521446
-138.706632
-50.813321
39.674064
145.878482
245.216235
312.356959
342.722878
360.271022
391.399903
391.705088
419.629525
472.273957
493.179137
443.891742
384.075460
344.248803
280.465116
212.561429
198.522914
180.059215
108.493306
23.041476
-38.911101
-116.275527
-189.367360
-181.585140
-179.754029
-220.191056
-284.432522
-290.994002
-318.918439
-357.066578
-323.343623
-286.111040
-264.595490
-238.654756
-174.108105
-165.105144
-190.130323
-149.998481
-61.189614
-14.038515
-15.411848
-41.505175
-53.712579
-76.601462
-77.974795
-112.765898
-173.497735
-287.331780
-302.896221
448.164333
1584.978866
1800.439553
417.035452
-704.062047
38.911101
1427.808534
1728.568460
1300.698936
1326.334485
1064.638254
63.631095
-516.220613
392.010273
1505.172959
1236.457471
82.857757
-626.545030
-504.318393
-335.703620
-522.019130
-666.524279
-493.026544
-463.423589
-897.396814
-1384.472249
-1299.020418
-1027.253078
-1098.361209
-1241.035247
-1024.964190
-646.229469
-631.427991
-862.300527
-1035.035298
-916.318291
-525.681351
-2.288888
261.391046
128.940709
-9.460738
-12.359997
20.294810
81.637017
467.696180
977.965683
955.381985
395.367309
-16.785181
141.300706
477.919881
481.429510
281.075486
281.380671
397.503605
184.026621
-346.537692
-575.121339
-245.216235
93.844421
1.678518
-185.399954
-218.817723
-370.342130
-658.436873
-587.023558
9.460738
414.746564
195.165877
-193.945137
-247.352531
-29.908141
172.276994
360.728799
588.549483
643.940581
430.311004
202.490320
270.394007
531.632461
674.306499
593.432445
457.014701
381.939164
267.799933
177.465141
153.660703
203.405875
173.650327
45.930359
-70.650353
-156.407369
-238.196978
-320.139180
-336.771768
-301.065110
-274.361413
-310.525849
-377.666573
-416.425082
-409.100639
-384.991015
-307.779183
-209.356985
-140.842928
-176.396993
-246.436976
-221.106612
-115.207379
7.782220
64.088873
47.151099
3.814814
-16.327403
8.392591
41.199990
72.023686
19.379254
-115.207379
-205.999949
-222.479945
-267.647341
-423.749524
90.334792
1207.922663
1699.270689
610.980589
-580.004300
-38.148139
1295.510789
1618.549228
1088.900470
1248.970060
1467.940376
681.478349
-293.740668
177.617734
1428.571497
1490.676667
395.519902
-350.810283
-153.355517
-1.983703
-406.353973
-743.430926
-480.819140
-261.848824
-665.456131
-1296.578937
-1368.450030
-1084.475286
-1135.593792
-1363.567069
-1252.327096
-834.376089
-749.992406
-1014.587896
-1253.700429
-1147.801196
-745.414630
-279.702153
-24.262216
-92.471088
-129.093301
-24.719994
19.531847
3.814814
288.399928
844.752383
1001.770122
519.882834
97.354050
268.562896
618.915402
546.433938
258.034010
306.558442
467.238402
311.136219
-14.648885
-138.706632
-159.001442
-271.919932
-202.948098
38.453324
76.906648
-262.306602
-531.785053
-547.349494
-362.865095
-25.788142
244.453273
164.799959
-156.559961
-202.642913
55.543690
266.274008
393.841384
530.716905
512.253206
333.719917
268.257711
445.722852
571.306525
537.736163
457.472479
381.328794
318.308069
302.438443
271.156970
122.074044
5.798517
-1.525926
5.493332
-90.182200
-193.182174
-249.946605
-352.946579
-428.327301
-387.432496
-315.713996
-338.602879
-396.893235
-419.629525
-413.983601
-393.383606
-302.896221
-208.594022
-192.114026
-202.642913
-173.192550
-119.937748
-77.669610
-44.251841
-21.210365
0.610370
32.044436
17.090366
-23.651846
-145.115520
-215.308095
-279.091783
-299.386592
-418.256192
-243.537717
946.989394
2368.236449
2117.221696
-215.765872
-1492.812963
155.949591
2611.621573
2827.234853
1591.235160
1085.848619
881.679781
-41.657767
-538.041348
889.156816
2502.212712
1883.144717
-312.967330
-1381.725583
-677.053165
74.770352
-259.712528
-750.602777
-597.094666
-506.759874
-1179.082670
-1922.361004
-1732.078088
-1189.458964
-1172.216005
-1495.407036
-1329.081151
-855.281269
-809.198318
-1241.950803
-1578.569978
-1251.411541
-431.684337
321.359920
366.222131
-82.857757
-306.405850
-108.493306
105.441455
286.111040
831.171645
1431.165570
1179.998225
148.777741
-367.900649
228.736239
989.410125
872.982005
314.645848
185.857732
281.533263
-111.850343
-724.509450
-511.337651
382.549535
575.731709
-441.602853
-1219.977475
-726.950931
48.219247
-64.088873
-446.485815
-87.130349
265.511045
-143.589594
-497.451728
68.208872
720.542043
531.937646
120.548118
300.454740
721.305006
719.779080
497.909506
468.306550
639.667989
708.639824
565.508008
441.908038
451.673962
421.918414
195.471063
45.319989
175.328845
235.450312
-31.739251
-310.525849
-325.022141
-294.351038
-378.582128
-410.626565
-365.459168
-432.752485
-600.756888
-606.707997
-451.216184
-344.096211
-347.605840
-381.023609
-318.613254
-259.407343
-243.842902
-229.346610
-129.245894
-8.087405
-7.782220
-64.851836
-33.112584
89.724422
74.159982
-83.773313
-161.290330
-90.792570
-59.511096
-147.557000
-262.306602
-399.334716
-636.616138
-91.708125
1596.423307
2829.065964
1520.127030
-1091.494544
-1298.867826
1207.770070
3050.630353
2388.836444
1389.507803
1282.693015
713.370193
-501.571727
-231.940683
1834.009915
2765.740054
1098.818986
-980.559756
-1127.964164
-136.265151
45.625174
-622.577623
-778.374621
-458.998405
-713.827971
-1620.075153
-1975.310620
-1467.635191
-1183.813039
-1480.147780
-1622.211449
-1130.100460
-741.142038
-1015.350859
-1557.207021
-1639.149222
-1012.909378
-102.084419
409.863602
183.874028
-234.839942
-245.063643
-14.801478
113.681453
435.041373
1190.527112
1570.024795
824.152388
-202.642913
-182.958473
713.065008
1102.023430
582.598374
168.156995
328.531770
231.025128
-445.112482
-665.303538
60.426652
440.382113
-357.829541
-1043.733074
-520.035426
114.139231
-332.346584
-913.876810
-400.250271
408.948047
218.054761
-373.546574
-259.102158
289.773261
372.173241
214.545132
449.995444
773.949437
640.430952
278.939190
332.804362
693.227976
865.810155
672.933166
451.063592
417.340637
403.759900
312.204367
254.066604
302.896221
232.551053
-48.677025
-240.943644
-180.211807
-152.287370
-334.482880
-490.585063
-424.970265
-401.928789
-536.210237
-596.331704
-472.884327
-380.718424
-452.894702
-460.676923
-357.524356
-282.143634
-307.168813
-296.029556
-200.659209
-91.555533
-41.962953
-44.862211
-39.216287
-3.967406
-71.413316
-136.570336
-132.755523
-43.946656
-96.438495
-331.736214
-549.485789
-425.580635
986.053088
2898.648169
2907.651130
-46.998507
-2223.578707
-226.142166
3260.445116
3708.914634
1675.618843
979.033831
1192.053037
116.733304
-906.094590
733.665003
3180.334025
2556.993439
-483.870991
-2000.946170
-832.239793
383.465090
-139.774780
-1076.845658
-862.453119
-470.748031
-1204.718219
-2287.209802
-2132.633544
-1245.155246
-1205.786367
-1773.278078
-1681.264768
-892.971630
-739.005742
-1401.104837
-1913.358043
-1499.069257
-388.500644
471.510994
457.167294
-161.137738
-407.422121
-81.484424
177.922919
320.902143
965.910871
1752.220305
1452.070750
87.588126
-558.793935
305.185109
1314.890044
1090.578988
271.156970
119.022193
349.894728
-97.964420
-863.979045
-730.307967
124.362932
204.779208
-570.238377
-484.786546
52.797024
-550.859122
-1827.448435
-1085.543434
955.229392
1116.061945
-206.305134
-448.469518
201.727357
-353.556949
-559.862083
1024.659005
2109.744661
940.122729
-306.405850
154.423665
648.213172
565.050230
968.962722
1384.319656
792.870914
20.294810
-7.019258
153.660703
242.774755
598.315407
426.038413
-355.693245
-478.530252
-31.281474
-318.460662
-900.448665
-450.300629
-1.983703
-557.420602
-940.580507
-438.856187
-317.545106
-877.712375
-750.297591
-93.386643
-51.576283
-370.036945
-317.697699
-195.165877
-373.393981
-273.140673
137.791077
256.508084
103.915530
-46.693322
-219.275501
-309.915479
-88.808867
107.730344
-75.838500
-338.450286
-517.746538
-520.340611
936.765693
3236.488085
3199.102909
-418.713970
-2746.513392
65.157021
3926.206432
3811.151646
1350.138924
981.933089
1285.744866
-155.949591
-1050.599739
1197.851554
3742.942774
2420.575695
-1032.746410
-2208.014266
-551.164308
640.583545
-190.282916
-1163.213044
-785.699064
-521.408759
-1526.230732
-2490.920863
-1944.486924
-1088.290100
-1448.255937
-2045.960973
-1647.236628
-796.533135
-877.559782
-1601.153676
-1992.095801
-1541.947765
-387.890274
578.478375
547.196901
-268.257711
-588.091706
-96.743680
284.432522
435.499151
1125.217498
1932.126927
1435.743347
-128.330338
-649.128728
580.462078
1676.076621
1169.469339
118.564415
86.062201
424.512487
-133.671078
-976.744943
-623.035401
353.862134
153.355517
-996.887160
-1304.666343
-533.005794
-318.002884
-1002.533084
-1156.346379
-277.718450
330.973251
-54.322949
-530.259128
88.503682
941.496062
1111.178983
826.288684
1007.873824
1392.864839
982.848645
585.192447
975.829387
1680.349212
1308.023379
538.956903
371.105093
472.884327
276.955487
93.844421
302.743629
218.817723
-241.706607
-554.826529
-502.334690
-429.853227
-403.607307
-534.684312
-723.136117
-810.113873
-758.842774
-810.113873
-910.367181
-737.937594
-603.808739
-671.559833
-700.399826
-403.149529
-325.327327
-476.088771
-368.358427
-51.881469
99.642938
65.004428
106.814788
150.761444
103.610345
112.765898
140.079965
121.768859
63.325910
-41.505175
-267.647341
-508.590985
-640.430952
-663.167243
1384.930026
4094.363427
3514.816905
-1338.084112
-3663.136868
273.140673
4602.954412
3845.332378
651.722801
736.259076
1380.352250
-458.540627
-1611.529970
1376.995214
4452.955931
2493.514936
-1601.153676
-2409.436439
-100.558494
967.589389
-279.244375
-1219.061919
-365.764354
-56.001468
-1382.335953
-2569.506028
-1873.073609
-766.014625
-1201.818961
-1869.106202
-1432.233718
-466.628032
-752.128702
-1783.349187
-2189.855752
-1436.964088
-6.561480
849.940530
469.374698
-591.601335
-761.131663
-82.247387
258.339195
280.922893
1107.058984
2061.372821
1329.538929
-616.626513
-998.260493
728.019078
1890.774345
1006.958268
-202.642913
139.927373
633.564287
-257.423640
-1281.319682
-597.247259
706.198343
280.770301
-1159.703416
-1319.773006
-278.176227
-201.116987
-1225.775992
-1269.264870
-34.485917
664.387983
-88.045904
-768.303513
-425.122857
435.651744
1176.183412
1370.738919
1016.571599
475.783586
663.167243
1040.528630
1183.050076
1386.150767
1646.473665
952.787911
-197.912543
24.414809
975.524202
876.644227
33.722955
-65.767391
-77.669610
-575.579116
-599.383555
-34.180732
-177.159956
-816.980538
-805.536096
-567.186526
-724.356857
-763.420551
-491.805804
-709.707972
-954.771615
-592.974668
-245.368828
-469.527291
-572.374673
-316.629551
-360.728799
-354.472505
77.059240
297.250297
-57.374801
-161.900701
135.502189
175.939216
62.105170
250.251790
278.328820
-137.180707
-376.751018
-129.245894
-146.183667
-466.933217
-681.936127
-3.662221
2126.072064
3354.594722
1432.233718
-2298.043874
-2127.140212
2080.294298
4430.372233
2518.540115
620.899105
1202.734516
761.742033
-960.112354
-389.568792
2868.587436
3813.745719
819.727204
-1899.166936
-1377.605584
327.616215
450.148036
-553.148011
-813.165724
-283.211782
-713.370193
-1884.212865
-2325.968311
-1459.547786
-954.466430
-1479.690003
-1724.448461
-1152.684158
-699.484271
-1249.580430
-1909.390637
-1883.449903
-924.405696
294.198445
707.113898
-5.798517
-763.573144
-432.447300
222.937722
272.835488
460.371737
1496.475184
1907.559526
612.201329
-796.533135
-214.697724
1310.464860
1450.392232
383.770275
-32.044436
492.721359
287.636966
-779.290177
-1046.327147
-9.918516
547.349494
-373.699166
-1242.103395
-853.602751
-301.522888
-800.653134
-1317.026340
-615.100588
377.361388
230.719943
-572.069488
-670.949463
-28.077030
314.493255
607.928738
1602.832194
2326.120904
1370.586326
-301.217703
-198.065136
1406.292984
2209.387599
1735.740310
1200.903405
637.226508
-307.931775
-530.564313
426.801375
1111.636761
568.407266
-314.493255
-763.725736
-873.897561
-678.579091
-323.953994
-291.451779
-499.130246
-663.777613
-888.393853
-1051.057517
-761.436848
-415.814712
-678.426498
-873.897561
-428.632486
-146.641445
-533.310979
-749.687221
-346.232507
-84.383683
-130.771819
68.361465
317.697699
86.214793
-249.031049
-139.469595
195.776248
316.629551
193.945137
-48.982210
-374.919907
-403.149529
-362.407317
-261.391046
-358.897689
839.564236
2870.876324
2944.273343
-56.154060
-2746.971170
-476.699141
3569.139854
4256.416720
1561.174427
507.065059
1241.340432
404.980640
-934.629397
504.470986
3506.119129
3089.999232
-382.854720
-2233.497223
-776.085733
630.665029
15.564441
-1106.906392
-763.115366
-221.869575
-1057.161219
-2265.999437
-2294.534245
-1263.313760
-1118.198241
-1585.284051
-1561.937390
-870.540524
-732.749448
-1560.258872
-2120.426140
-1601.001084
-173.497735
810.419058
564.287267
-419.476933
-702.383529
-90.029607
368.205834
388.958422
950.346431
1849.879540
1473.433708
-140.079965
-849.787937
438.245817
1583.147755
1023.133079
-52.491839
39.368879
473.342105
-228.888832
-1155.430824
-772.118327
322.122883
174.413290
-954.161244
-1244.087098
-539.872458
-382.702127
-1098.971579
-1176.946374
-196.691803
458.235442
-46.235544
-563.982082
-311.288812
529.496165
1355.632256
1521.958140
1069.978993
473.494697
692.159828
1060.976033
1307.565601
1696.218838
1756.492897
715.048711
-442.671001
122.074044
1116.519723
844.904975
33.570362
-64.851836
-249.488827
-792.718322
-568.865044
113.834046
-151.524407
-876.796819
-880.764226
-703.146492
-801.110912
-706.961306
-464.186551
-773.796845
-1010.315305
-646.076877
-354.319912
-494.399877
-563.219119
-429.242856
-462.813218
-253.761418
209.967355
189.672545
-186.773287
-176.854771
119.937748
72.481463
34.180732
253.456233
173.192550
-360.576207
-494.552470
-182.195510
34.791102
-252.540678
173.955512
2249.672034
3386.181381
1382.946323
-2271.034991
-1691.030691
2675.863039
4806.207695
2404.248292
248.573272
1167.638228
1072.725659
-732.139077
-406.506566
2901.089650
3788.415355
450.453221
-2329.172755
-1356.090034
483.718398
242.164384
-988.799754
-1002.075307
-330.515473
-952.482726
-2145.298726
-2428.663100
-1446.119641
-1063.722699
-1597.338862
-1736.808457
-1126.743424
-666.982057
-1240.882655
-1868.953610
-1769.310672
-706.656121
572.832450
919.980512
77.669610
-700.247233
-318.002884
412.915453
483.260621
651.265023
1650.746257
1920.529893
435.499151
-1023.285672
-220.343649
1460.158156
1470.839635
154.576258
-316.629551
279.091783
18.921477
-1063.112329
-1160.924156
-5.493332
387.127311
-747.703518
-1523.026288
-896.786444
-282.754004
-842.463494
-1330.912262
-561.845786
403.149529
215.308095
-452.589517
-381.328794
317.697699
1476.180374
1795.251406
1063.112329
296.334741
834.681274
1612.598118
1185.186372
1282.998200
1992.095801
1384.930026
-458.235442
-289.315484
1306.344861
1091.036766
-150.456259
-128.635524
82.705165
-759.453145
-920.133105
-1.220740
-34.485917
-955.687170
-896.328666
-629.444288
-889.614594
-864.742007
-494.094692
-811.639798
-1162.602674
-505.233949
-218.512538
-696.127234
-684.682793
-186.162917
-401.776196
-582.903559
184.484399
551.469493
-103.762937
-407.422121
156.559961
239.265126
-35.248880
70.802945
279.549560
-165.105144
-461.439885
-245.368828
-29.145178
-278.786597
76.601462
2233.497223
3482.925061
1624.500337
-2210.455747
-1916.867672
2486.953456
4855.189905
2546.006775
260.475491
1282.998200
1259.193761
-794.702025
-682.393905
2878.963729
4014.099744
512.863576
-2457.350501
-1305.734490
676.442795
149.082926
-1283.150792
-1118.656018
-117.038489
-827.662017
-2271.034991
-2556.230476
-1406.445577
-1032.288632
-1788.842519
-1867.275092
-998.107900
-483.413213
-1294.290049
-2032.227643
-1771.904745
-656.910948
475.630993
820.184981
175.176253
-488.296175
-211.188096
375.072499
404.370270
584.429484
1714.987722
2081.515039
601.977628
-984.984941
-275.887339
1435.285569
1408.887057
86.977756
-284.585114
471.205809
129.703671
-1226.233769
-1425.061868
-79.348128
427.564338
-742.973149
-1440.321124
-661.946502
-193.639952
-1038.239742
-1439.558161
-355.235467
620.899105
286.111040
-238.349570
-44.404433
229.804387
279.396968
822.779055
1489.761111
1398.358171
731.070930
524.765796
752.739072
966.216056
1244.697469
1320.841153
865.657563
234.992534
169.377736
380.718424
411.542120
328.989548
92.318496
-344.248803
-525.223573
-300.149555
-320.291772
-695.974642
-773.033882
-568.865044
-710.776120
-872.524228
-640.125767
-523.392463
-820.642759
-881.527188
-462.050256
-231.330313
-310.373256
-355.845838
-350.810283
-369.579167
-163.731811
186.620694
220.343649
4.730369
-129.245894
-162.205886
-210.730318
-107.272566
-19.379254
-141.148113
-259.559936
-164.494774
1486.404075
3356.425833
2927.182977
-588.091706
-2572.557879
588.396891
4416.486310
4108.249350
1232.795249
772.423512
1185.644150
-174.108105
-930.356806
1558.885539
3976.867160
2120.578733
-1555.833688
-2332.682384
-408.795454
487.838397
-422.071006
-1253.090059
-775.933141
-779.290177
-1852.168429
-2591.326764
-1964.629142
-1130.100460
-1580.553681
-2034.211347
-1566.209981
-717.947970
-863.216082
-1689.504766
-1987.670617
-1288.644124
44.862211
879.085708
561.388009
-264.748082
-337.382138
180.822177
431.073967
558.030972
1495.407036
2241.737221
1297.647085
-437.177669
-582.903559
974.303462
1623.127004
665.913909
-125.125895
275.734746
321.817698
-817.133130
-1448.713714
-565.508008
247.962901
-509.506540
-1512.344810
-1194.952296
-473.036920
-867.488673
-1576.281090
-1070.894549
83.010350
263.222157
-347.148062
384.685830
1611.529970
1011.078267
-843.836827
-304.269554
2421.033473
2941.221492
1143.376012
348.063617
1037.019002
475.783586
-69.429612
1329.233744
2355.113489
830.866460
-884.121262
-631.733176
52.644431
227.362906
397.045827
263.832527
-609.759849
-993.377531
-792.260544
-775.017585
-732.291670
-376.445832
-694.448716
-1459.090008
-1028.016041
-244.911050
-637.989471
-1269.570055
-657.216133
-57.222208
-359.813244
-357.066578
220.343649
78.127388
-507.217652
-257.423640
442.060631
518.356908
131.534782
-4.425184
-169.835513
-182.042918
-59.053319
107.730344
-32.654807
1483.962594
3633.839097
3126.774038
-592.364297
-2715.689696
606.097627
4390.392983
4119.083421
1269.722648
729.850189
1189.611556
-149.082926
-1175.878226
972.167166
3759.270177
2454.909020
-1315.195229
-2602.771205
-632.190954
488.753953
-549.638382
-1536.454433
-771.507957
-406.506566
-1624.958115
-2673.879336
-2248.603886
-1239.204137
-1444.288530
-1833.246952
-1499.069257
-722.067969
-720.389451
-1599.169973
-2096.621701
-1400.341874
165.105144
1025.727153
545.518383
-277.871042
-184.484399
274.208821
264.748082
258.644380
1313.058933
2333.903124
1486.098890
-329.752511
-704.519825
749.992406
1445.204085
575.579116
-90.487385
439.008780
522.629500
-809.808688
-1637.623297
-740.226483
247.657716
-388.805829
-1394.543357
-1151.158233
-482.497658
-934.934583
-1630.604039
-1111.331576
142.979224
379.039906
370.189538
943.632358
831.934608
-366.832501
-677.510943
1249.733023
2502.060119
1950.438034
1111.636761
763.115366
92.013310
-155.186628
1138.798236
2026.429126
1275.368572
157.933294
-250.709567
-512.100614
-322.580661
471.205809
643.482803
-196.234025
-594.500593
-522.019130
-872.371635
-964.842723
-463.270996
-404.217677
-1075.472325
-995.666419
-463.423589
-732.444263
-1178.319707
-860.469416
-412.762860
-413.983601
-179.296252
143.284409
-72.634056
-386.364348
-177.159956
117.648860
255.287344
424.970265
405.133233
-110.934787
-396.130272
-64.699243
146.794038
20.905180
116.428119
2154.301687
3856.929412
2638.020085
-1210.821921
-2414.777178
1420.484092
4751.884746
3689.840565
917.691624
1042.359741
1274.300424
-688.345014
-1420.026314
1676.076621
4070.711581
1617.481080
-2112.186142
-2303.842391
-281.991041
-17.090366
-1142.002679
-1422.162610
-447.553963
-667.439834
-2041.383197
-2725.608212
-1994.689875
-1212.653032
-1628.925521
-1869.563980
-1253.242652
-487.075435
-863.063489
-1796.014369
-1984.008396
-1038.239742
369.426575
1040.833816
559.404305
-186.773287
-96.591087
286.874003
216.681428
324.259179
1613.666266
2423.017176
1130.863423
-693.380569
-538.346533
1064.790847
1285.439681
208.899207
-92.623681
629.139103
346.537692
-1120.029351
-1567.125537
-418.713970
206.915504
-699.942048
-1443.983345
-830.256090
-325.785104
-1089.816026
-1701.559577
-893.429408
301.217703
449.995444
927.762733
1152.684158
94.607384
-1214.941920
71.413316
2585.070469
2581.103063
1239.051544
693.533161
449.385074
-439.008780
315.408811
2177.495755
2036.195050
154.728850
-582.140596
-275.734746
-268.410304
101.321456
681.478349
207.525874
-762.657588
-618.152439
-510.574688
-844.904975
-653.859097
-242.011792
-877.254597
-1402.020392
-529.953942
-168.004403
-970.793833
-1242.103395
-545.670976
-409.405824
-498.367284
36.317028
290.841409
-292.825112
-417.493230
156.559961
284.279929
183.111066
334.025102
354.777690
-217.291798
-234.534757
144.657742
171.208846
-274.361413
1130.253053
3801.843500
3883.022739
268.410304
-2849.665959
-280.465116
4037.446405
4615.772187
1693.777357
768.303513
1600.238121
179.296252
-1697.592171
122.531821
3781.396098
3026.062952
-1130.558238
-2850.581514
-883.205707
194.555507
-972.472351
-1834.772878
-892.208667
-320.139180
-1583.605533
-2706.991920
-2397.534219
-1383.861878
-1557.054428
-2005.829131
-1494.338888
-484.633954
-439.313965
-1505.172959
-2092.196517
-1487.624816
-53.102209
974.608647
919.370142
142.979224
-107.119973
234.534757
304.422147
166.478477
1016.571599
2337.870530
1872.310646
-68.666650
-885.342002
468.611735
1342.967074
441.297668
-324.716956
351.268061
764.030921
-594.348001
-1782.433631
-986.053088
337.687324
-114.444416
-1215.399698
-1006.653083
-80.416276
-495.315433
-1489.913704
-1006.347898
376.293240
654.011689
-180.516992
-211.188096
623.035401
785.088694
156.407369
201.727357
1078.524177
1454.359639
881.679781
592.059112
877.102004
835.139052
357.219171
374.919907
905.636812
884.579040
311.288812
-73.702204
-53.865172
-100.405901
-214.545132
-125.583673
-56.306653
-307.931775
-743.583519
-934.629397
-750.144999
-559.099120
-685.140571
-821.710907
-648.060580
-461.745070
-636.158360
-788.903508
-523.239870
-194.555507
-192.114026
-246.131791
4.425184
135.502189
8.697776
-234.992534
-153.202925
37.385176
202.948098
173.497735
48.371840
-5.493332
78.737758
2096.316516
4099.398982
3216.651053
-846.583493
-2208.319451
1676.992176
4902.188412
3601.031698
999.786418
1493.270740
1567.278129
-665.456131
-1334.116706
1839.808432
3853.877561
1051.820479
-2443.922356
-2104.403922
61.494800
-161.442923
-1823.023251
-2072.664670
-758.232404
-969.420500
-2393.871998
-2741.172652
-1705.832169
-1415.295945
-2449.873466
-2381.054223
-1031.830855
-70.192575
-735.801299
-1742.606975
-1859.950649
-1018.707895
254.219196
1079.287139
916.013106
255.592529
123.447377
270.699192
308.694738
570.390969
1688.894395
2258.827587
1118.808611
-445.570260
-348.826580
986.510866
1105.838244
67.293317
-318.308069
382.549535
268.257711
-989.867902
-1482.284076
-638.294656
-178.838474
-970.488648
-1441.236679
-700.247233
-156.254776
-893.582000
-1562.852945
-796.227950
1374.553733
1967.070622
378.124351
-896.328666
7.782220
1363.261884
994.903457
1095.614543
1929.838039
1358.073737
-570.085784
-389.111014
1450.087047
1460.158156
231.635498
148.167371
438.856187
-202.948098
-322.122883
424.665080
407.269528
-475.478400
-569.322822
-346.842877
-381.939164
-411.847305
-644.245766
-1209.906366
-1241.340432
-443.128779
-385.753978
-874.050153
-788.903508
-607.928738
-1067.537513
-937.070878
173.955512
503.555430
-296.792519
-430.768782
171.208846
222.937722
-73.549611
212.561429
506.607282
138.706632
-162.663663
79.653314
233.619201
449.690259
2605.060094
4388.561873
2831.507445
-1333.658928
-1913.205451
2217.475005
4965.666915
3289.590294
748.161296
1298.562640
1381.725583
-650.349468
-1204.107849
1774.193633
3558.458375
735.038336
-2511.368265
-1931.363965
182.500695
-225.074018
-1975.920991
-2063.509117
-686.056126
-848.719789
-2169.255757
-2545.091220
-1729.331422
-1527.909250
-2279.732767
-2040.162456
-807.214614
-3.204444
-735.190928
-1777.245484
-1818.140289
-815.759797
503.097653
1104.617503
800.500542
219.428094
142.979224
202.337728
142.216261
502.945060
1642.048481
2024.750608
737.479817
-648.670950
-284.585114
930.661991
709.250194
-342.875470
-378.124351
464.186551
171.819217
-1101.413060
-1338.236705
-492.110989
-338.297694
-1194.494518
-1214.178958
-158.391072
104.678493
-1009.704934
-1469.313709
325.022141
1745.658826
606.402812
-887.020520
212.866614
1823.481029
1134.373052
383.922868
1396.832246
1669.972919
-101.474049
-355.540652
1515.701846
1904.507675
262.459194
-369.426575
177.922919
130.314042
-2.899259
362.712502
293.588075
-333.719917
-486.922842
-564.134675
-656.300578
-252.540678
-95.980717
-974.303462
-1429.487052
-601.672443
-345.927321
-1014.130118
-932.798287
-307.016220
-657.979096
-1021.912339
-281.685856
296.487334
-216.986613
-503.555430
75.075537
344.096211
175.328845
170.751069
252.082900
93.386643
-2.288888
102.694789
100.405901
285.195485
231.788091
1572.466276
3730.582777
3738.212405
83.773313
-2623.066015
545.365790
4586.779601
4039.887885
846.583493
889.767186
1877.193608
-140.232558
-1746.879566
766.319810
3633.686505
1675.008473
-1991.638024
-2251.655737
-62.257762
63.936280
-1604.510713
-2154.301687
-782.342028
-330.668066
-1718.497351
-2508.316414
-1799.981775
-1164.281192
-2074.190596
-2287.514987
-892.208667
240.943644
-416.730267
-1683.706248
-1769.615857
-964.384946
105.288863
875.270894
932.798287
327.768807
28.077030
125.278487
125.278487
196.234025
1039.918260
1791.741777
1058.381959
-274.971784
-485.244324
504.623578
647.907987
-209.814763
-487.990990
247.810309
442.671001
-627.918363
-1330.454484
-770.287216
-257.118455
-774.712400
-1159.398231
-395.977679
137.028114
-535.142089
-1329.386336
-224.616241
1753.441046
1266.975982
-542.313939
-382.396942
1692.098839
1582.079607
57.527393
648.518357
1832.026212
598.162814
-659.657614
945.768654
1899.929898
165.562922
-846.736086
304.879924
619.983550
-145.115520
-9.613331
422.681376
-211.493281
-659.199836
-338.755471
-331.736214
-241.706607
-124.820710
-789.208693
-1495.101851
-730.307967
-23.804439
-834.681274
-1194.341926
-333.872510
-303.659184
-1125.827868
-645.161321
419.934711
102.237012
-664.845761
-161.137738
457.319886
276.192524
-17.395551
123.752562
91.860718
5.951110
63.631095
129.093301
132.908115
760.216107
2820.673373
3711.813893
1951.658774
-1432.538903
-1246.375987
2666.860078
4809.259546
2783.745975
534.684312
1384.624841
1257.057466
-791.955359
-912.503477
2167.272054
3094.882194
-133.671078
-2543.717887
-1165.501933
473.647290
-754.264998
-2393.261628
-1879.024718
-348.063617
-735.496114
-2039.399493
-2315.134240
-1599.475158
-1686.758100
-2395.550516
-1656.849959
-96.896272
312.967330
-1116.672315
-2120.120955
-1542.252950
-220.343649
686.819089
834.681274
609.454663
301.828073
179.448844
46.693322
108.188121
641.041322
1458.479638
1346.781888
278.023635
-381.481387
82.705165
569.322822
-34.028140
-627.002807
-202.337728
485.396916
27.008882
-908.536071
-916.013106
-451.826554
-623.340586
-963.774575
-404.675455
299.844370
-139.927373
-993.530124
-832.544978
-22.888883
346.232507
516.983575
971.861981
933.408657
128.482931
-242.164384
446.943593
1227.149325
1237.830804
927.152362
671.102056
403.759900
248.725864
361.644355
558.793935
538.651718
350.199913
118.106637
-13.580737
13.275552
-57.679986
-344.248803
-456.862109
-240.943644
-142.674039
-400.402864
-657.673911
-750.755369
-885.647187
-870.387932
-541.093199
-255.897714
-436.567299
-742.515371
-754.264998
-503.555430
-236.976237
-92.013310
-51.728876
-140.385150
-192.266619
-155.644406
-9.308146
107.119973
127.109598
-71.108130
-138.554040
62.105170
1887.569901
4029.664184
3478.347284
-113.376268
-2215.796487
966.216056
4627.674406
4175.237481
1441.389272
1176.641189
1737.266235
86.672571
-1056.703441
1005.432343
3224.128088
1369.975956
-1804.712144
-1886.959531
66.835539
-45.014804
-1985.992099
-2617.725276
-1194.799703
-415.051749
-1450.239640
-2317.728313
-2112.033549
-1829.889916
-2412.946067
-2216.254264
-720.389451
316.782144
-417.493230
-1847.438060
-1958.830625
-898.617555
385.143608
930.661991
734.885743
389.721385
389.111014
436.262114
177.007363
232.551053
1074.098992
1663.258846
903.958294
-65.157021
37.690361
594.805778
62.257762
-819.879796
-491.805804
504.623578
445.722852
-825.983499
-1439.405568
-1002.075307
-703.909455
-996.276790
-833.002756
-22.431106
112.613305
-821.558314
-534.989497
884.121262
932.187917
-265.816230
-230.262165
1252.479689
1233.100434
447.553963
672.627981
984.832348
158.696257
-67.140724
1161.381934
1292.611531
232.551053
-57.527393
369.731760
209.509578
35.859250
437.788039
436.872484
-110.782195
-172.429587
-87.740719
-374.156944
-339.365842
-209.662170
-578.020597
-865.810155
-327.311030
-183.111066
-918.454587
-1090.426396
-553.910974
-409.863602
-662.709465
-315.103625
30.823696
-380.565831
-684.835385
-253.608826
145.420705
-52.034061
-142.826631
11.597034
5.188147
-209.662170
-233.314016
-167.088847
251.777715
2371.898670
4129.307122
2732.169692
-1104.617503
-1780.907706
2130.649841
4889.065452
3355.662870
1036.866409
1596.728492
1839.045469
-66.835539
-769.829438
1638.386260
3109.531079
686.361311
-1860.408427
-1033.509373
670.491685
-427.869523
-2612.689721
-2494.277899
-610.522811
-323.801401
-1770.073634
-2470.015683
-1996.063208
-1990.875061
-2703.329699
-2111.728364
-383.465090
225.226611
-1073.336030
-2242.957961
-1692.251431
-437.788039
292.519927
411.847305
510.727281
616.016143
549.638382
336.161398
235.908090
491.805804
1041.291593
1297.647085
896.939036
428.174708
377.971758
408.185084
-161.442923
-689.413162
-289.010299
486.312472
361.033984
-705.587973
-1320.841153
-1101.107875
-893.582000
-999.481233
-801.873875
-9.613331
638.447249
66.377761
-1065.706402
-1313.211526
-214.697724
978.576053
1261.330057
1065.858994
692.922791
42.268138
-393.688791
251.930308
1290.933013
1440.015939
874.660523
433.973226
294.503631
234.534757
312.814737
470.748031
465.254699
410.168787
406.353973
221.869575
-161.442923
-419.629525
-471.968772
-392.773236
-223.395500
-72.176278
-280.922893
-723.136117
-942.716803
-887.936076
-713.217601
-508.743577
-300.759925
-305.337702
-451.368777
-456.556924
-363.780650
-304.727332
-283.516967
-121.768859
0.762963
10.223701
-70.039983
-102.389604
-183.263658
-287.026595
-439.313965
209.509578
2750.938576
4539.323317
2418.439399
-1853.083984
-1972.411362
2459.486796
5000.000239
2810.907450
465.407292
1483.962594
1920.835078
-137.791077
-809.503503
1756.950675
3042.390355
347.911025
-1933.500260
-583.208744
1216.773031
-286.111040
-2847.834848
-2594.531207
-252.388085
330.362881
-1346.781888
-2441.023097
-2046.113566
-1876.278052
-2600.634910
-2097.232072
-182.195510
538.956903
-1153.904899
-2670.369707
-1801.965478
-152.897740
286.263633
-119.327378
98.727383
647.297617
623.035401
209.967355
58.595541
374.004352
822.779055
1066.164180
942.259025
760.216107
703.909455
438.856187
-311.288812
-681.936127
21.210365
866.573118
620.899105
-487.075435
-1061.586403
-892.208667
-733.665003
-825.220536
-666.524279
-180.364400
70.497760
114.597009
-61.494800
-486.617657
-801.263505
-409.253232
527.817647
1018.860488
903.347924
472.884327
-155.949591
-573.748006
12.817775
1113.162686
1260.719687
522.476907
176.244401
355.082875
280.770301
134.434041
388.195459
649.586505
488.601360
316.934736
301.675481
81.942202
-296.182149
-480.208770
-406.353973
-194.250322
68.056279
28.687400
-548.417642
-1105.380466
-1014.130118
-503.860616
-218.207353
-236.823645
-274.056228
-351.573246
-489.974693
-501.876912
-314.035478
-177.159956
-211.798466
-161.900701
34.180732
73.244426
-191.351064
-483.718398
-476.241363
1001.464936
3259.529561
3548.997637
447.859148
-2210.303155
-113.376268
3896.450884
4162.114522
1133.610089
393.383606
2065.492820
1884.670643
-161.595515
-95.065162
1998.809874
1885.281013
-529.190980
-1191.137482
692.465013
1233.863397
-1152.531566
-3198.492539
-2083.040964
250.556975
342.722878
-1460.463341
-2433.546062
-1903.134342
-1813.257327
-2412.946067
-1866.969907
-254.371789
-27.771845
-1668.599586
-2425.306064
-1109.042687
98.879975
-414.441379
-1081.881213
-303.201406
838.953866
836.970162
122.684414
-132.602930
130.008857
395.825087
620.441327
943.021988
1156.041194
936.002730
317.087329
-264.442897
-245.521420
318.613254
760.826478
521.866537
-63.478503
-385.143608
-371.562871
-322.885846
-487.228027
-594.195408
-286.568818
372.173241
536.515422
-201.574765
-913.266440
-705.282788
-91.402940
101.168864
203.863653
503.708023
328.379178
-431.531745
-631.580584
107.425159
633.259102
376.903610
159.001442
444.959889
596.942074
331.431029
125.278487
218.054761
339.671027
397.045827
528.733202
577.105042
336.008805
-65.462206
-307.168813
-259.407343
0.610370
241.248829
174.108105
-191.045878
-451.979147
-411.542120
-299.386592
-264.748082
-202.032542
-70.955538
-17.395551
-125.278487
-142.521446
-26.856290
-164.342181
-422.986562
-176.702178
289.925854
173.345142
-124.362932
-48.371840
26.856290
-254.524381
-283.822152
667.592427
1933.347668
1979.278027
339.976212
-998.107900
-171.666624
1740.775864
2148.655763
833.307941
106.051826
766.319810
1235.389323
632.343547
60.274059
305.795480
545.823568
141.453298
-153.202925
269.173266
671.559833
134.586633
-916.318291
-1273.384869
-681.173164
-71.565908
-159.459220
-646.534654
-928.678288
-945.310876
-996.734567
-1057.618997
-886.410150
-667.287242
-749.534629
-928.678288
-779.747954
-388.042867
-335.245843
-690.023532
-886.104965
-644.398358
-292.519927
-156.102183
-165.715514
-187.231065
-246.894753
-361.033984
-362.559910
-190.588101
15.717033
69.582205
-80.111091
-211.798466
-119.632563
119.327378
204.168838
47.303692
-83.468127
-18.921477
141.911076
211.645873
186.162917
150.151074
171.971809
256.202899
292.672520
256.508084
238.044385
311.899182
372.325833
324.106586
288.857706
358.287318
421.155451
364.085835
266.884378
299.996963
427.716931
452.742110
335.856213
230.719943
267.342156
349.131765
293.282890
194.097730
224.463648
320.291772
262.764379
75.991092
31.739251
186.162917
269.325859
101.016271
-91.250348
-92.013310
7.324443
-5.798517
-109.408862
-152.287370
-119.327378
-126.499228
-200.811802
-226.142166
-198.980691
-208.746615
-266.884378
-251.472530
-159.154035
-120.700711
-196.539210
-254.371789
-201.116987
-120.700711
-89.571830
-71.413316
-40.131842
-11.291849
-13.122960
-11.749627
59.358504
144.199964
141.758483
92.623681
112.613305
188.604398
191.198471
82.094794
27.619252
99.795531
161.595515
85.146646
-7.934813
-21.973328
-5.951110
-41.352582
-70.345168
-2.288888
75.838500
51.118506
-64.394058
-97.811828
24.109624
146.946630
105.441455
12.817775
68.361465
189.672545
184.484399
89.877015
95.828124
199.133284
224.311055
124.973302
56.611838
108.645899
144.505149
69.124427
-39.368879
-57.832578
-30.976289
-79.653314
-176.702178
-233.619201
-240.485866
-270.241414
-313.577700
-333.109547
-336.313991
-348.521395
-362.407317
-349.131765
-337.229546
-343.180655
-340.128804
-308.694738
-269.478452
-238.807348
-208.288837
-190.893286
-186.315509
-181.432548
-168.919958
-145.573297
-106.204418
-92.318496
-120.700711
-114.139231
-61.494800
-19.837032
-42.420730
-54.322949
-19.226662
33.875547
48.829618
70.192575
135.959966
173.955512
139.317002
121.005896
219.885871
338.450286
333.872510
257.118455
286.263633
413.831008
474.410253
407.879899
330.820659
357.066578
421.308043
393.841384
309.305108
297.250297
338.450286
271.614747
127.719968
80.874054
145.573297
143.131816
17.853329
-80.874054
-52.949616
-18.768884
-68.971835
-125.125895
-106.204418
-72.481463
-110.019232
-163.884404
-140.842928
-46.998507
-17.548144
-73.702204
-110.934787
-66.530354
-20.142217
-23.499253
-19.837032
9.918516
-4.577777
-84.383683
-110.934787
-55.696282
-18.921477
-74.617759
-152.439962
-162.053293
-131.077004
-134.128856
-160.985145
-134.434041
-115.665156
-168.156995
-211.493281
-145.268112
-64.088873
-80.263684
-131.382190
-115.054786
-30.671103
23.804439
14.954070
-4.730369
25.940734
72.786649
72.328871
71.413316
128.482931
197.607358
186.773287
117.191082
104.678493
159.611812
185.857732
155.034036
144.352557
165.562922
147.404408
92.318496
61.494800
79.042943
87.740719
64.394058
47.608877
49.592580
33.722955
-6.408887
-37.385176
-26.856290
-5.951110
-7.324443
-35.554065
-70.802945
-92.013310
-122.531821
-136.112559
-144.505149
-151.371814
-171.819217
-192.571804
-205.847356
-224.311055
-239.265126
-253.761418
-250.862160
-239.265126
-224.921426
-226.905129
-226.599944
-211.798466
-188.451805
-167.394032
-133.976263
-95.828124
-84.841460
-80.874054
-67.140724
-24.414809
25.330364
57.222208
56.459245
71.108130
131.839967
175.176253
163.274034
131.992560
141.605891
168.309588
173.039957
172.429587
192.419211
200.354024
167.699218
126.194043
117.496267
136.112559
150.151074
148.014778
130.161449
140.232558
166.631070
151.371814
95.675532
86.825164
146.488853
180.364400
151.524407
133.365893
153.965888
140.995521
97.659235
101.626641
138.706632
128.482931
72.786649
28.839993
28.534808
36.317028
5.035554
-50.813321
-90.639977
-99.032568
-106.814788
-135.807374
-157.170331
-155.949591
-153.660703
-182.805881
-218.207353
-218.054761
-181.890325
-154.423665
-150.608851
-128.788116
-92.928866
-88.351089
-119.785155
-116.428119
-48.371840
16.785181
11.902219
-12.817775
21.668143
80.568869
75.991092
10.223701
-14.954070
33.875547
78.432573
70.650353
50.508136
45.014804
14.496293
-47.608877
-76.754055
-17.700736
70.039983
77.822203
6.561480
-52.034061
-47.303692
-20.905180
-0.610370
30.671103
62.257762
46.693322
2.136296
6.256295
60.579244
77.974795
19.074069
-30.213326
3.051851
65.919984
73.397019
28.687400
-10.834071
-33.722955
-46.082952
-31.739251
3.204444
2.136296
-57.069615
-111.850343
-109.561454
-53.865172
-3.814814
-14.343700
-89.114052
-143.894779
-103.457752
-16.022218
11.291849
-46.388137
-85.757016
-64.088873
-40.437027
-50.508136
-50.508136
-16.174811
-14.191108
-55.848875
-75.991092
-39.063694
-14.038515
-48.219247
-90.182200
-76.754055
-29.297771
-20.142217
-37.995546
-27.466660
0.915555
-11.444442
-13.275552
50.355543
107.425159
87.130349
65.309613
119.632563
172.124402
160.069590
142.521446
184.636991
229.804387
214.087354
182.042918
193.639952
203.100690
159.459220
124.668117
146.794038
150.608851
76.296277
14.038515
41.199990
75.685907
23.499253
-51.576283
-59.511096
-38.758509
-55.696282
-78.737758
-76.143685
-86.825164
-121.921451
-119.632563
-64.699243
-29.602956
-57.679986
-104.525900
-107.272566
-64.546651
-25.635549
-22.736291
-27.924438
-25.330364
-34.943695
-46.998507
-17.395551
22.125920
0.610370
-49.287395
-52.339246
-21.362958
-15.106663
-25.330364
-35.859250
-53.712579
-74.159982
-79.500721
-64.546651
-43.183693
-28.534808
-36.622213
-54.170357
-53.254802
-28.839993
-9.765924
-18.158514
-28.534808
-6.408887
30.213326
27.008882
-9.308146
-16.632588
17.700736
48.371840
51.881469
43.183693
25.940734
3.051851
3.967406
40.131842
76.906648
63.173318
6.408887
-30.671103
-2.288888
55.391097
63.783688
16.785181
-11.139256
21.668143
50.355543
23.957031
-4.425184
17.242959
37.842954
5.035554
-19.684440
14.191108
44.099248
-4.272592
-80.416276
-93.997014
-41.962953
-6.714072
-47.608877
-111.087380
-116.122934
-73.702204
-68.666650
-94.149606
-77.517018
-28.077030
-27.008882
-71.413316
-66.988132
-4.577777
30.823696
0.915555
-11.597034
43.641471
100.558494
90.639977
53.407394
63.631095
104.220715
128.788116
129.703671
125.736265
109.408862
88.351089
80.721461
77.059240
65.614799
53.559987
53.712579
46.845914
21.973328
-6.408887
-20.447402
-20.447402
-20.142217
-20.599995
-18.158514
-15.106663
-32.044436
-57.527393
-49.439988
-0.915555
37.232583
24.262216
-5.035554
-2.594073
28.687400
46.082952
37.079991
26.551105
30.976289
34.943695
25.177772
14.496293
12.970367
8.239998
-8.087405
-21.515550
-17.700736
-15.411848
-43.641471
-90.334792
-108.798491
-89.114052
-73.854796
-80.416276
-86.062201
-88.351089
-107.425159
-125.125895
-107.119973
-64.699243
-40.589620
-58.595541
-88.961459
-81.026647
-29.908141
3.051851
-16.327403
-34.943695
-7.324443
35.401473
50.660728
50.660728
47.761470
34.180732
29.755548
62.562947
106.814788
104.678493
59.358504
24.719994
29.602956
58.137763
84.231090
90.945163
70.650353
40.131842
24.567401
28.687400
35.859250
34.791102
25.482957
8.850368
-13.122960
-29.145178
-30.060733
-27.008882
-37.690361
-51.881469
-52.644431
-53.102209
-70.802945
-85.451831
-76.906648
-62.257762
-56.764430
-44.709619
-25.330364
-19.531847
-26.398512
-22.888883
-2.441481
16.785181
20.599995
18.768884
34.485917
65.614799
74.770352
50.660728
37.842954
64.699243
92.928866
83.468127
63.478503
68.361465
70.192575
33.875547
-2.594073
10.071109
36.164435
16.327403
-26.093327
-31.739251
-15.564441
-29.908141
-66.072576
-73.244426
-44.862211
-19.989625
-26.856290
-52.491839
-63.173318
-40.437027
-1.220740
22.888883
18.768884
5.645925
9.613331
25.940734
37.385176
49.439988
67.751094
65.919984
33.570362
15.259255
43.488878
79.042943
70.192575
28.229623
8.392591
28.382215
47.151099
23.041476
-20.752587
-31.434066
-15.564441
-21.057773
-49.134803
-57.985171
-47.914062
-56.306653
-79.348128
-81.637017
-64.546651
-59.511096
-74.617759
-85.757016
-78.432573
-61.952577
-49.592580
-48.524432
-50.965913
-44.557026
-28.534808
-14.648885
-3.814814
6.256295
4.577777
-5.645925
6.866665
47.914062
69.887390
48.219247
25.788142
42.573323
68.361465
65.919984
53.254802
58.748134
68.208872
55.238505
36.927398
36.469621
43.031100
37.842954
25.635549
17.395551
10.223701
-3.357036
-25.330364
-41.962953
-40.437027
-34.180732
-46.082952
-64.394058
-64.394058
-59.205911
-68.056279
-72.481463
-51.423691
-28.077030
-26.551105
-28.687400
-18.463699
-14.343700
-17.548144
-0.610370
33.875547
42.268138
15.411848
1.678518
29.297771
65.462206
70.039983
50.813321
39.826657
42.878508
43.183693
34.485917
26.093327
18.463699
10.223701
6.714072
13.122960
19.837032
10.528886
-17.242959
-44.404433
-44.251841
-15.106663
7.324443
-3.051851
-23.499253
-21.057773
-5.645925
0.610370
10.223701
35.248880
54.475542
46.845914
32.044436
35.706658
53.407394
64.851836
65.309613
62.257762
57.222208
46.388137
34.180732
36.164435
45.014804
30.976289
-3.662221
-16.022218
5.035554
8.697776
-28.839993
-59.816281
-50.508136
-38.300731
-52.949616
-63.631095
-51.271098
-50.508136
-78.585166
-90.945163
-60.121467
-37.537768
-64.699243
-94.302199
-71.718501
-30.213326
-30.671103
-58.290356
-59.663689
-36.317028
-25.635549
-27.771845
-16.022218
0.000000
-10.681479
-36.317028
-35.248880
-2.746666
18.921477
5.798517
-14.648885
-8.087405
17.700736
31.128881
24.414809
18.158514
22.736291
29.602956
32.807399
39.063694
47.761470
49.287395
43.031100
37.385176
39.063694
42.420730
40.284434
29.908141
21.515550
22.888883
21.820735
3.814814
-15.717033
-11.139256
4.577777
2.288888
-11.597034
-11.139256
-3.204444
-7.324443
-7.629628
12.207404
27.161475
14.801478
6.866665
26.551105
43.794063
36.317028
31.891844
45.319989
47.914062
34.485917
34.028140
42.725915
27.466660
-3.051851
-8.392591
6.408887
0.000000
-28.382215
-45.777766
-42.725915
-39.216287
-46.540729
-56.306653
-60.274059
-67.293317
-83.925905
-90.029607
-61.799985
-24.414809
-29.908141
-69.124427
-69.734797
-12.817775
34.943695
32.502214
19.989625
33.417769
44.709619
36.011843
46.388137
88.045904
108.340714
74.922944
37.995546
49.897765
80.111091
73.244426
34.943695
16.785181
34.791102
48.829618
27.924438
-9.155553
-20.905180
-8.850368
-9.765924
-26.398512
-25.482957
-9.765924
-22.278513
-58.900726
-68.056279
-40.589620
-25.482957
-38.300731
-44.099248
-30.976289
-28.839993
-46.082952
-51.271098
-28.992585
-3.357036
-1.831111
-19.684440
-31.586659
-28.687400
-25.330364
-26.551105
-19.226662
-7.324443
-12.970367
-30.518511
-32.044436
-18.463699
-17.090366
-24.872586
-18.921477
-7.324443
-12.817775
-21.057773
-9.460738
3.814814
-3.814814
-13.733330
-3.204444
13.428145
16.937774
17.090366
22.431106
19.531847
7.477035
7.477035
23.346661
33.417769
27.924438
18.921477
15.717033
14.954070
16.937774
20.447402
19.684440
15.259255
16.174811
24.414809
31.739251
35.706658
39.521472
36.927398
27.771845
26.551105
43.641471
63.631095
65.767391
51.728876
41.352582
41.962953
41.199990
34.180732
30.365918
34.791102
33.265177
12.665182
-8.392591
-5.951110
2.746666
-14.801478
-42.573323
-38.453324
-14.648885
-18.921477
-49.134803
-58.748134
-43.946656
-43.336286
-55.543690
-46.540729
-23.499253
-25.940734
-41.962953
-34.333325
-11.902219
-12.512589
-26.245919
-11.444442
21.515550
28.534808
8.545183
0.457778
12.207404
13.275552
-1.678518
-1.831111
17.242959
19.074069
-9.918516
-34.333325
-25.025179
-8.545183
-19.989625
-42.115545
-38.911101
-17.395551
-14.954070
-35.859250
-45.472581
-31.128881
-17.853329
-21.668143
-23.041476
-9.308146
2.594073
-3.662221
-13.580737
-4.730369
14.954070
21.820735
17.395551
20.752587
31.586659
31.434066
21.515550
19.531847
28.077030
31.128881
25.025179
20.294810
19.226662
13.580737
4.272592
-0.305185
-0.152593
0.915555
0.915555
-1.068148
-6.408887
-12.359997
-14.191108
-10.071109
-3.509629
3.357036
3.051851
-7.171850
-14.038515
-5.340739
8.087405
7.324443
-3.204444
-5.493332
-0.915555
0.305185
-0.457778
-0.152593
-0.915555
-2.594073
0.457778
5.798517
8.392591
10.071109
9.765924
3.662221
4.730369
22.736291
38.911101
31.281474
14.191108
14.801478
27.924438
34.485917
33.417769
32.349622
30.213326
21.668143
14.801478
17.395551
21.973328
16.785181
2.594073
-2.899259
4.119999
4.425184
-13.885922
-29.602956
-22.431106
-10.376294
-19.226662
-36.927398
-37.385176
-25.330364
-21.515550
-26.398512
-26.856290
-22.583698
-18.768884
-14.343700
-8.087405
-4.119999
-0.457778
3.814814
1.220740
-7.019258
-2.746666
12.970367
15.564441
-1.525926
-10.681479
2.288888
13.122960
2.288888
-12.970367
-14.191108
-11.597034
-14.954070
-11.749627
4.272592
8.697776
-16.327403
-44.251841
-38.758509
-11.597034
-1.220740
-11.749627
-18.463699
-14.038515
-17.700736
-27.924438
-24.414809
-5.493332
4.577777
-0.457778
-4.577777
0.305185
7.324443
8.545183
9.460738
12.817775
18.005921
22.278513
20.142217
12.359997
10.071109
21.362958
30.976289
21.515550
5.035554
3.662221
12.207404
8.392591
-0.152593
7.324443
17.242959
3.357036
-19.989625
-19.837032
-3.051851
-0.610370
-11.444442
-7.934813
4.425184
-2.288888
-23.194068
-27.314067
-9.765924
4.882962
4.272592
3.357036
7.171850
6.103702
-1.373333
-3.051851
7.477035
20.447402
24.567401
21.362958
20.599995
24.414809
26.856290
22.431106
16.174811
18.616292
29.450363
35.401473
30.671103
21.515550
17.700736
17.242959
13.122960
9.460738
13.275552
19.074069
16.022218
6.408887
1.678518
1.373333
-3.051851
-9.155553
-5.493332
1.983703
-3.357036
-18.158514
-22.736291
-13.275552
-9.613331
-18.463699
-24.262216
-21.210365
-20.142217
-22.431106
-17.090366
-10.834071
-18.311107
-28.992585
-23.499253
-8.545183
-9.765924
-22.125920
-24.414809
-17.395551
-18.921477
-23.651846
-14.038515
-2.288888
-14.038515
-37.385176
-38.148139
-16.785181
-4.119999
-9.460738
-14.648885
-13.122960
-15.411848
-22.888883
-19.684440
-2.288888
9.460738
3.357036
-7.171850
-3.509629
8.392591
11.902219
7.019258
7.934813
16.632588
20.447402
16.174811
18.005921
25.788142
23.957031
13.428145
12.817775
27.466660
36.164435
28.534808
19.684440
21.057773
22.583698
19.379254
20.905180
28.077030
25.788142
11.902219
3.051851
9.613331
16.632588
10.681479
-0.305185
-4.425184
-5.340739
-10.834071
-14.801478
-10.681479
-5.645925
-9.613331
-19.226662
-24.262216
-21.210365
-17.395551
-15.869626
-12.359997
-8.239998
-9.460738
-15.869626
-16.937774
-6.866665
2.441481
2.136296
-2.899259
-2.136296
4.119999
9.308146
11.597034
13.733330
15.411848
13.580737
10.834071
12.817775
18.768884
19.989625
12.817775
8.087405
12.817775
19.684440
15.259255
2.899259
-4.272592
-2.899259
-0.457778
1.678518
5.951110
5.188147
-7.171850
-21.057773
-20.447402
-6.408887
2.746666
-2.594073
-11.444442
-11.291849
-5.035554
-3.662221
-5.951110
-1.678518
5.035554
3.204444
-2.899259
-0.152593
9.308146
9.918516
1.678518
-0.152593
3.509629
0.000000
-8.850368
-8.239998
0.305185
-0.610370
-14.496293
-24.414809
-22.278513
-19.531847
-23.041476
-26.398512
-23.194068
-20.447402
-26.398512
-34.180732
-30.213326
-19.531847
-16.022218
-20.752587
-19.989625
-8.545183
-1.220740
-3.967406
-4.425184
3.509629
12.054812
13.885922
15.259255
20.294810
22.278513
20.142217
21.515550
27.619252
30.671103
25.482957
21.362958
21.668143
23.499253
23.346661
20.905180
18.158514
14.801478
13.428145
12.512589
9.613331
5.798517
4.119999
3.051851
1.831111
1.220740
1.373333
-1.220740
-9.155553
-14.038515
-9.002961
-2.136296
-4.882962
-15.106663
-19.074069
-14.038515
-8.087405
-6.866665
-10.528886
-13.275552
-12.970367
-8.087405
-2.441481
0.000000
-0.915555
-1.983703
-0.610370
3.051851
5.951110
7.629628
7.019258
4.730369
6.103702
12.665182
16.327403
9.155553
-0.152593
0.152593
9.765924
14.496293
9.613331
3.357036
0.915555
-1.831111
-5.340739
-2.136296
7.477035
9.002961
-3.967406
-15.564441
-11.139256
0.000000
-0.915555
-8.392591
-7.019258
1.068148
0.152593
-10.376294
-12.817775
-3.357036
5.493332
4.272592
0.305185
1.831111
4.119999
2.746666
0.915555
4.425184
9.765924
10.376294
7.477035
4.119999
3.967406
3.662221
1.525926
-1.983703
-4.577777
-3.357036
-1.068148
-4.425184
-13.428145
-19.379254
-19.531847
-17.853329
-19.531847
-18.921477
-16.174811
-20.142217
-30.060733
-33.265177
-22.431106
-10.834071
-10.376294
-16.022218
-13.122960
-4.882962
-1.983703
-3.357036
1.373333
12.665182
19.989625
19.226662
19.074069
22.736291
24.719994
23.041476
22.431106
28.839993
35.554065
33.265177
23.041476
14.954070
14.496293
17.395551
15.869626
11.139256
8.697776
6.103702
-0.610370
-7.629628
-10.071109
-7.324443
-5.951110
-10.071109
-13.885922
-13.580737
-12.054812
-13.428145
-15.106663
-12.665182
-7.629628
-5.951110
-7.171850
-5.951110
-3.967406
-3.967406
-5.951110
-4.425184
-0.305185
0.762963
-0.610370
-2.288888
-3.051851
-2.899259
-1.678518
0.457778
1.678518
-0.152593
-1.373333
-0.610370
-0.457778
0.305185
1.068148
1.220740
0.762963
1.373333
3.051851
1.678518
-3.509629
-6.256295
-1.678518
3.509629
3.051851
-1.525926
-4.119999
-5.340739
-8.087405
-7.019258
0.152593
5.798517
1.525926
-6.103702
-5.951110
0.152593
4.882962
7.782220
10.071109
12.207404
12.665182
13.733330
16.937774
19.989625
21.057773
20.905180
21.210365
20.905180
19.837032
18.158514
14.343700
9.002961
5.645925
6.256295
7.019258
2.594073
-5.340739
-12.054812
-15.106663
-16.174811
-16.785181
-18.311107
-22.125920
-28.534808
-33.722955
-32.807399
-29.450363
-26.856290
-28.382215
-29.755548
-28.077030
-25.330364
-22.583698
-17.090366
-9.918516
-3.967406
-0.457778
1.220740
5.035554
9.308146
12.512589
15.411848
19.531847
23.346661
22.431106
16.937774
11.902219
12.359997
16.785181
17.853329
13.733330
8.697776
6.408887
5.035554
1.068148
-2.136296
0.457778
3.204444
0.610370
-5.493332
-7.019258
-4.119999
-3.967406
-6.103702
-4.272592
1.983703
4.119999
0.457778
-0.152593
4.425184
8.392591
7.324443
7.629628
11.749627
13.885922
11.749627
7.782220
7.629628
7.477035
5.798517
4.730369
4.577777
4.272592
1.373333
-1.525926
-2.441481
-2.288888
-3.204444
-3.509629
-1.983703
-0.762963
-3.204444
-6.866665
-9.002961
-8.239998
-7.934813
-8.087405
-8.392591
-9.308146
-10.681479
-12.359997
-11.749627
-9.613331
-8.239998
-7.477035
-7.477035
-6.714072
-4.882962
-2.899259
-2.136296
-3.051851
-3.509629
-1.983703
1.525926
3.967406
4.272592
3.967406
3.357036
3.509629
5.035554
7.782220
10.986664
10.834071
7.934813
5.951110
7.171850
8.850368
8.697776
7.934813
7.629628
7.171850
5.035554
2.594073
1.525926
1.373333
-0.305185
-1.525926
-1.220740
-1.831111
-5.951110
-10.528886
-11.749627
-9.460738
-6.408887
-5.188147
-6.256295
-8.087405
-9.308146
-9.155553
-5.340739
0.610370
4.577777
4.882962
3.509629
3.509629
4.272592
5.035554
6.408887
9.155553
10.376294
8.850368
6.103702
4.882962
4.119999
2.136296
0.915555
2.899259
3.662221
0.915555
-3.051851
-5.493332
-5.798517
-6.714072
-8.087405
-7.629628
-5.340739
-5.035554
-8.087405
-10.528886
-8.392591
-4.272592
-3.357036
-3.814814
-1.525926
2.441481
3.051851
0.457778
0.915555
5.035554
7.934813
6.103702
4.425184
7.019258
9.002961
6.256295
2.288888
2.441481
4.882962
4.577777
1.525926
0.457778
1.220740
-0.610370
-4.730369
-6.256295
-3.662221
-1.831111
-3.662221
-6.714072
-7.171850
-5.340739
-5.188147
-4.730369
-3.357036
-2.594073
-2.746666
-2.899259
-1.373333
1.068148
1.373333
0.305185
0.762963
3.357036
4.730369
4.577777
4.272592
4.119999
4.425184
3.967406
4.425184
6.561480
6.866665
4.425184
2.594073
2.899259
3.662221
2.746666
1.373333
1.068148
2.136296
0.915555
-1.220740
-1.373333
-0.762963
-1.525926
-2.899259
-2.746666
-1.831111
-2.288888
-4.730369
-5.798517
-4.577777
-3.509629
-3.967406
-5.493332
-4.577777
-3.662221
-4.272592
-4.577777
-3.051851
-1.373333
-0.915555
-1.068148
-0.457778
1.831111
3.204444
4.119999
4.882962
5.645925
6.561480
5.951110
5.493332
6.103702
7.477035
7.324443
5.340739
3.814814
2.594073
1.068148
0.000000
0.000000
-0.152593
-2.136296
-5.188147
-7.324443
-7.324443
-8.392591
-9.613331
-8.239998
-6.866665
-6.866665
-9.002961
-10.223701
-9.308146
-7.171850
-5.645925
-3.967406
-1.220740
-0.457778
-1.678518
-2.136296
0.000000
4.272592
6.561480
6.256295
7.324443
8.392591
7.782220
5.798517
6.866665
10.834071
11.902219
9.155553
6.256295
5.645925
5.035554
2.594073
0.610370
2.288888
2.899259
-0.762963
-5.035554
-6.256295
-5.340739
-5.645925
-6.561480
-5.798517
-4.425184
-5.798517
-8.392591
-9.002961
-5.340739
-2.746666
-2.288888
-1.678518
-0.457778
0.457778
-0.762963
-0.610370
3.051851
6.714072
7.934813
6.714072
6.561480
6.561480
5.645925
5.035554
6.561480
10.223701
10.071109
6.256295
3.204444
2.441481
2.136296
2.441481
1.983703
1.983703
1.983703
-1.525926
-5.951110
-6.256295
-4.425184
-4.425184
-6.256295
-7.171850
-6.714072
-6.714072
-8.545183
-10.223701
-7.782220
-6.561480
-8.392591
-7.324443
-4.730369
-2.899259
-3.509629
-5.645925
-4.730369
-0.152593
1.373333
1.678518
4.119999
4.882962
4.119999
3.204444
3.814814
6.408887
9.155553
7.171850
5.493332
6.866665
6.103702
4.272592
4.425184
4.882962
4.119999
2.746666
0.000000
0.762963
3.204444
-0.457778
-5.340739
-4.730369
-3.509629
-3.967406
-3.204444
-3.967406
-5.035554
-7.324443
-10.376294
-8.697776
-2.441481
-1.220740
-4.119999
-4.730369
-4.730369
-3.509629
-0.610370
0.457778
2.899259
4.272592
1.678518
0.610370
3.662221
5.188147
3.967406
4.272592
4.730369
5.340739
5.951110
3.509629
1.373333
1.525926
0.915555
0.762963
2.594073
2.899259
-0.610370
-3.204444
-3.814814
-3.204444
-0.762963
0.152593
-0.915555
-1.983703
-3.662221
-4.882962
-2.288888
0.610370
1.068148
0.305185
1.068148
1.831111
1.678518
2.441481
3.204444
5.493332
5.798517
3.967406
4.272592
5.035554
3.662221
1.983703
3.051851
4.425184
3.662221
1.678518
0.152593
-0.610370
-0.152593
-0.762963
-1.678518
-0.915555
-2.288888
-4.119999
-4.730369
-4.272592
-4.272592
-4.272592
-4.425184
-4.730369
-4.882962
-5.798517
-5.645925
-4.730369
-3.662221
-2.746666
-2.136296
-1.525926
-1.831111
-1.983703
-1.525926
-0.610370
1.373333
2.288888
2.899259
3.509629
2.746666
1.831111
1.068148
1.678518
3.204444
3.967406
3.509629
3.204444
2.594073
1.220740
0.000000
0.762963
1.983703
1.678518
0.610370
-0.305185
-0.610370
-1.983703
-3.357036
-2.746666
-1.831111
-2.441481
-3.357036
-3.509629
-4.119999
-4.730369
-4.882962
-3.814814
-1.983703
-1.831111
-1.525926
-1.525926
-0.305185
0.000000
0.152593
1.678518
3.051851
3.967406
3.509629
3.051851
3.357036
3.509629
3.204444
4.119999
5.340739
5.493332
4.119999
1.983703
1.373333
1.525926
1.220740
2.136296
2.899259
2.746666
0.762963
-1.220740
