-0.763289
-0.915947
-0.152658
-1.068604
-0.915947
0.305316
-0.915947
-0.152658
0.457973
-1.373920
-0.457973
0.000000
-0.610631
0.305316
0.457973
0.610631
1.068604
0.457973
0.763289
0.915947
0.305316
0.152658
0.763289
-0.763289
0.000000
1.068604
-0.152658
0.000000
0.763289
0.610631
0.610631
-0.152658
-0.152658
0.610631
-0.152658
-0.305316
1.068604
-0.152658
-0.152658
0.610631
-0.152658
-0.305316
0.763289
0.152658
-0.305316
0.000000
0.000000
-0.610631
0.305316
0.305316
-1.526578
-0.305316
0.610631
-1.221262
0.152658
1.679236
-1.373920
-1.373920
0.763289
-1.373920
-1.221262
1.373920
-0.610631
-1.526578
0.763289
-1.068604
-0.763289
1.526578
-0.305316
-0.610631
0.763289
-0.610631
-0.457973
1.373920
-0.915947
-0.305316
1.221262
0.000000
0.305316
1.221262
-0.457973
-0.610631
0.610631
-0.457973
0.457973
1.221262
0.305316
0.152658
0.763289
-0.305316
-0.457973
1.221262
0.152658
0.152658
0.763289
-0.610631
-0.915947
0.152658
-1.068604
-0.610631
1.526578
-1.221262
-1.068604
1.526578
-1.068604
-0.610631
1.984551
-0.305316
-0.915947
2.137209
-0.152658
-1.526578
1.068604
-0.763289
-1.679236
1.373920
0.152658
-1.373920
0.915947
1.221262
-0.305316
0.763289
1.679236
0.610631
0.763289
1.068604
-0.763289
-0.610631
0.305316
-0.763289
-0.915947
0.000000
-0.457973
-0.915947
0.305316
0.152658
0.000000
-0.152658
0.763289
0.305316
-0.152658
0.457973
0.610631
-0.610631
0.000000
0.763289
-0.457973
0.610631
1.068604
-1.068604
-0.610631
0.763289
-2.137209
-0.457973
1.831893
-2.595182
-1.526578
1.984551
-1.221262
-1.068604
2.137209
-1.526578
-2.289867
1.526578
-1.068604
-2.595182
1.221262
-0.457973
-1.221262
0.763289
-0.152658
-1.526578
1.068604
0.763289
-1.526578
0.000000
0.763289
-0.457973
-0.305316
0.152658
-0.457973
-0.457973
0.457973
0.457973
-0.763289
0.305316
0.610631
-0.763289
0.000000
1.373920
0.000000
-0.152658
0.763289
0.610631
0.000000
1.221262
0.763289
-0.305316
0.915947
1.373920
-0.305316
0.152658
1.831893
0.305316
-0.152658
1.679236
0.457973
-1.068604
1.373920
0.305316
-0.915947
1.679236
0.457973
-1.526578
1.373920
0.915947
-1.221262
0.610631
1.526578
-0.763289
-0.610631
1.068604
0.000000
-0.152658
1.221262
0.305316
-1.068604
0.915947
0.152658
-1.221262
0.610631
0.305316
-1.679236
0.152658
1.373920
-0.763289
-0.610631
1.373920
-0.305316
-0.305316
1.068604
-1.526578
0.152658
0.000000
-2.137209
1.068604
0.000000
-3.663787
0.915947
1.984551
-2.595182
0.610631
0.915947
-3.663787
-0.763289
2.137209
-2.442524
-1.373920
2.747840
0.763289
-4.121760
-1.526578
2.442524
-3.663787
-0.915947
8.090862
-5.037707
-9.617440
12.212622
1.679236
-11.601991
10.228071
3.053156
-16.181724
8.090862
8.854151
-18.318933
1.679236
13.586542
-8.854151
-1.373920
10.380729
-6.106311
-3.053156
5.343022
-3.969102
-0.610631
5.037707
1.221262
0.610631
-1.831893
-2.289867
1.221262
-0.305316
0.152658
0.152658
-1.679236
7.174916
3.663787
-6.411627
1.221262
0.763289
-6.106311
2.595182
0.763289
-0.915947
14.044515
1.373920
-12.365280
4.732391
0.305316
-16.792355
3.053156
11.601991
-6.716942
8.396178
20.456142
-11.449333
-20.303484
5.953653
-0.763289
-7.480231
10.228071
5.343022
2.442524
19.845511
-1.068604
-26.257138
-5.037707
7.174916
-4.121760
-9.617440
8.396178
34.348000
13.891858
-18.929564
-24.883218
-3.816444
-12.365280
-13.128569
-25.341191
36.790524
35.874578
27.783715
25.646507
1.526578
24.272587
-17.250329
-63.658293
-43.049493
-24.577902
166.549635
1079.443142
437.822505
-1191.341292
-690.165810
534.912851
38.775075
772.753668
1262.785132
-1078.679853
-1311.940936
513.388104
72.817760
-609.867819
335.083821
-380.728496
-477.208211
164.870399
-341.800763
-507.892424
-103.501973
-661.008175
-179.983519
538.729295
-231.429190
125.637351
312.032496
-497.511695
-238.451448
440.723002
-249.748123
292.950274
643.299873
-196.012586
44.576071
543.003713
-29.462951
-2.289867
626.507517
88.999484
-76.328889
411.718025
1020.669897
669.862326
147.772728
100.296160
116.325226
-106.097155
303.331003
486.825651
-442.707554
-366.683981
466.522167
116.630542
-762.372939
-788.019445
-1019.601293
-759.319783
69.764604
114.493333
-397.215536
-284.554096
-637.956850
-726.956334
-95.105795
-24.730560
-132.659608
431.410878
188.990328
-106.860444
256.923039
-76.328889
-296.766719
325.619038
308.216052
-36.790524
631.697882
307.147447
-267.456425
145.482862
537.508033
-328.977510
-169.602790
278.600443
237.230186
209.904443
136.323395
-290.355092
-90.831377
217.384675
-251.580017
3.053156
179.067573
141.819075
91.289351
236.314239
-78.160782
63.658293
-268.983003
-108.081706
370.653083
3.969102
-285.622701
359.356407
340.732158
-383.628994
1.679236
21.982720
-152.963093
-54.956800
155.405617
-61.826400
333.862558
236.924870
-452.630309
-174.640497
85.030382
-397.368194
-386.529492
306.078843
-54.040853
-356.303252
-241.962577
-173.877208
-115.714595
-316.001599
-90.068088
378.591287
321.039305
-98.464266
337.679003
149.757279
-320.886647
-32.668764
884.193845
1132.873364
110.218915
-249.442808
-25.646507
20.456142
63.963609
298.140639
-489.573491
-412.328656
-10.533387
-288.675856
-125.637351
-55.872746
-852.899000
-606.204033
221.811750
-108.081706
-375.538132
-128.843164
-89.762773
-439.349082
-59.383875
560.712015
322.871199
-224.864906
390.651252
174.335181
-304.552265
899.612280
1027.234182
-532.317669
169.602790
1561.689059
312.185154
-345.464550
268.372372
-167.312924
-676.579268
222.727697
483.619838
-361.188301
-792.141205
-353.402754
-25.951822
-310.200603
-489.268176
-228.528692
-121.668248
-350.349598
-64.574240
186.700461
-173.571893
-294.324194
43.354809
-40.606969
135.865422
486.672993
8.090862
-342.716710
245.015732
207.309261
-107.776391
426.983802
523.921491
-188.837670
-47.934542
463.926985
24.883218
-195.249297
231.276532
161.053955
-104.875893
271.272870
170.824053
-155.863590
138.002630
115.103964
-385.155572
-98.464266
222.269723
-63.963609
-127.469244
4.121760
-115.867253
-321.802594
-141.208444
159.222061
28.547004
-338.747607
-195.249297
40.301653
268.525030
361.646274
73.733706
-56.636035
-59.994506
-109.913599
216.774043
452.935625
-18.776907
-176.014417
-204.256106
-71.291182
159.222061
-255.549119
-457.820673
172.350630
-94.037191
-512.930131
327.450932
229.902612
-579.641580
-347.143785
138.307946
-63.810951
73.123075
279.821705
55.109458
-256.770381
-75.107626
195.401955
2.900498
232.192479
352.944781
-220.743146
-86.098986
585.289917
61.368426
-172.961261
311.269207
129.453795
-80.450649
190.822221
416.755731
236.772212
-203.492817
-122.278879
367.141954
94.495164
62.589689
433.700745
38.469760
-153.268408
199.218399
72.207129
-109.913599
203.340159
-22.898667
-415.534469
-241.962577
-3.053156
-188.379697
-384.086967
-419.961545
-537.355375
-620.706522
-550.789260
-148.383359
-243.183839
-721.613312
-642.689241
-397.826167
-389.582647
17.097671
-71.901813
-643.147215
-167.770897
160.748639
-263.334665
43.660124
325.619038
-421.488122
-517.967838
206.240657
325.771696
-95.411111
16.334382
284.401439
-207.156603
-201.660924
565.444406
310.505919
86.404302
749.855001
452.477651
199.065741
982.963427
927.853969
276.005261
424.693936
823.130734
617.195393
134.186186
624.980939
902.207462
-74.191680
-111.745493
641.773295
209.599128
-110.371573
474.918344
659.481597
209.293812
99.380213
703.599695
400.726665
-145.177546
690.013152
648.948210
-294.476852
316.154256
513.998735
-348.975678
-41.217600
342.258736
-419.656229
-626.049544
193.112088
149.757279
-741.306165
-287.301936
233.413741
-805.422432
-772.601010
96.632373
-542.698397
-913.809454
-449.729811
-709.706006
-871.217934
-691.845046
-894.269258
-949.073400
-777.944032
-875.339694
-910.756298
-646.811001
-514.456709
-654.749206
-578.115002
-357.982487
-477.360869
-466.522167
-88.846826
-75.718257
-190.669564
-55.567431
-206.240657
-221.048461
152.352462
63.963609
-73.581049
265.624532
189.142986
-76.328889
284.096123
503.312691
216.621386
308.521367
526.058700
395.078327
568.039588
855.646840
647.268975
615.974130
838.854485
640.552033
615.516157
1085.091479
1111.043302
681.006344
695.203517
925.564102
727.566966
534.760193
742.527428
710.163979
272.952105
233.261083
411.107394
234.482346
169.755448
114.798648
-223.185670
-172.045315
-56.330720
-342.564052
-241.962577
-51.598329
-349.586309
-481.024656
-359.509065
-343.479998
-413.244603
-577.199055
-543.461686
-424.541278
-559.185437
-582.542077
-513.235447
-623.759677
-732.909988
-746.343872
-667.572459
-596.739251
-614.447553
-462.705722
-347.296443
-451.714362
-389.429989
-284.706754
-307.452763
-144.872230
115.714595
161.053955
100.296160
193.570061
265.166559
147.925386
230.360586
378.133314
210.973048
158.764088
315.696283
297.224692
174.029866
107.929048
148.078044
126.095324
22.288035
177.388337
249.595466
1.526578
7.938204
143.345653
5.648338
-50.224409
113.730044
168.839501
55.872746
167.770897
358.287803
97.395662
-40.454311
204.714079
133.422897
141.208444
406.985634
213.262915
38.164444
96.479715
-119.989013
-116.172568
108.844995
-90.678720
-276.310576
-157.542826
-207.919892
-409.886131
-447.439945
-361.646274
-381.949758
-301.346452
94.495164
443.165527
572.466664
644.521135
720.239392
870.149329
1040.973382
1126.767053
1247.672012
1300.033630
1081.885666
825.115285
706.347535
468.048744
196.623217
144.719573
26.409795
-177.693653
-174.182524
-330.809403
-748.328423
-912.893507
-1040.820724
-1340.793256
-1365.218500
-1268.738785
-1476.353362
-1689.768934
-1738.161450
-1820.749307
-1798.003298
-1546.270624
-1293.622003
-1096.998786
-864.195676
-796.262965
-731.078094
-377.370025
-269.746292
-402.558558
-27.325742
294.018879
32.516107
234.940319
834.732725
611.699713
298.598612
815.345187
1052.270057
834.122094
1202.179994
1479.864491
1019.601293
866.638200
1069.978359
869.538698
799.621436
1049.216902
864.806307
521.784282
563.307197
584.068655
350.349598
220.590488
300.583163
320.886647
206.393315
220.132515
437.975162
508.350398
291.271039
239.825368
535.065509
586.663837
434.616691
691.387072
873.660458
537.966006
321.955252
328.977510
196.623217
98.616924
75.870915
-92.357955
-284.248781
-359.967038
-484.993758
-609.104531
-524.532122
-488.810202
-710.469294
-760.693703
-540.255873
-493.847909
-610.173135
-655.207179
-698.714646
-722.529259
-728.940886
-752.602841
-621.317153
-562.696566
-856.410129
-934.265596
-628.186753
-625.286255
-726.498361
-456.904727
-379.201918
-542.698397
-370.805741
-230.513243
-326.229670
-156.321564
3.663787
-136.934026
-32.363449
213.110257
97.853635
24.272587
244.252443
298.445954
174.793155
239.367394
415.076496
456.752069
418.129651
457.668016
538.423980
530.485775
499.343589
563.917829
604.677455
490.642096
308.826683
216.468728
192.348799
120.599644
42.133546
-33.126738
-196.623217
-358.593118
-331.114718
-219.063910
-192.348799
-173.113919
-138.460604
-175.098470
-154.184355
19.845511
125.026719
80.145333
104.417920
180.746808
149.909937
183.036675
327.908905
248.832177
-16.639698
-72.817760
7.632889
-41.370258
-2.747840
209.141155
171.129368
-55.872746
24.730560
290.355092
330.809403
375.385474
630.171304
675.663321
478.582131
545.293580
760.846361
648.337579
433.242771
413.855234
362.562221
228.070719
213.568230
243.031181
143.345653
-84.267093
-258.602274
-191.890826
-91.899982
-181.815412
-135.254790
67.780053
-60.910453
-236.314239
-3.969102
99.380213
-103.349315
11.754649
236.466897
92.357955
-15.723751
69.611946
33.584711
-25.188533
-61.979057
-217.995306
-288.675856
-242.267892
-326.840301
-457.210042
-478.887447
-523.310860
-739.626930
-1038.683515
-972.735355
-652.306681
-935.181542
-1402.009025
-1020.211924
-746.038557
-1361.402056
-1438.799549
-770.921774
-828.321098
-1274.692439
-1000.824386
-561.017331
-606.967322
-718.102183
-460.721171
-78.008124
-87.778222
-283.638150
20.456142
509.724318
588.495731
646.658344
855.494183
825.267943
733.673277
900.070254
1096.235497
1093.182342
1003.724884
1003.419569
982.352795
841.297009
769.853170
718.102183
435.379980
222.880355
454.004229
643.452530
431.258220
299.819874
343.174683
143.345653
-21.066773
187.769066
250.206097
14.960462
-21.372089
67.322080
-77.855466
-224.101617
-96.479715
28.089031
170.366079
717.644210
1147.223195
783.287054
347.907074
532.165011
735.199854
748.481081
1055.475871
1456.355193
1407.199389
993.802129
752.908157
888.620920
986.627213
777.180743
658.718308
905.871249
1146.154590
1032.882520
818.703658
686.196708
330.656745
-224.559590
-544.072317
-549.262682
-517.662522
-749.244370
-1290.110874
-1711.446339
-1952.492969
-2400.390887
-2763.716396
-2680.823223
-2545.263117
-2700.210761
-2868.286973
-2685.708272
-2374.897038
-2410.771616
-2339.480434
-1791.591672
-1549.171122
-1475.590073
-1031.050626
-1088.297293
-1551.308331
-1229.505737
-631.087250
-485.146416
-269.135661
318.444123
858.089365
707.874112
243.183839
883.888529
1916.465733
1630.843032
1300.949576
2258.419154
2863.096609
2054.163048
1312.398909
1632.674926
1598.632241
293.560905
3.969102
1471.315655
1368.271656
-452.019678
-238.451448
1053.949293
-9.617440
-1277.592936
-36.027235
909.535036
-399.200087
-1343.388438
-626.507517
-139.987182
-437.669847
-447.439945
-337.526345
-241.657261
359.967038
652.764655
79.840017
167.312924
913.809454
425.609882
-316.001599
413.702576
976.093827
356.303252
148.993990
373.095607
-81.366595
-514.456709
-184.563252
128.690506
-78.466097
-63.047662
959.759444
2509.083224
3135.438083
2224.987101
1013.952955
982.658111
1660.611299
1869.752454
2132.934461
3073.611684
3426.251149
2401.612149
1200.958732
913.351480
1234.543443
1251.946430
676.121295
341.800763
635.209010
602.540246
-88.999484
-621.317153
-871.065276
-1411.626465
-2114.157555
-2381.766638
-2092.327493
-1710.072419
-1813.727049
-2464.354495
-3086.129621
-3293.286225
-3310.689211
-3260.464803
-2964.308715
-2577.168593
-2402.070122
-2471.071437
-2626.629712
-2396.879758
-1674.350499
-1368.271656
-1680.609468
-1557.109326
-886.331054
-416.145100
-216.774043
-123.958115
-64.116266
10.991360
-219.827199
-348.670363
420.724834
1020.822555
417.519020
60.605137
668.488406
581.015500
-105.181208
477.360869
1277.287621
599.181775
65.337529
757.487890
896.864440
330.198772
508.197740
915.030716
730.772779
431.105562
633.071802
1005.862093
832.595516
584.526628
978.383693
1024.028369
311.116550
652.917313
1799.835192
1320.031798
208.988497
636.735588
1171.037808
663.756015
515.067340
790.614627
605.135428
543.767002
634.598379
326.992958
215.094808
632.003197
757.640548
199.371057
-249.137492
285.164728
933.502307
306.384159
-279.974363
443.012869
648.184921
-173.571893
-164.717741
332.946612
203.492817
-26.867769
-114.340675
-79.076729
21.219431
-183.494648
-212.194310
25.493849
-286.691305
-547.888762
-210.362417
-277.073865
-649.406184
-604.372139
-641.620637
-733.978592
-230.360586
640.399375
1248.282643
915.336031
-340.884816
-939.303302
-147.162097
606.662006
619.179944
793.209810
1259.579319
1141.880172
352.792123
-136.934026
215.552781
708.484743
579.488922
197.844479
230.360586
519.036442
550.636602
216.010755
-241.809919
-590.938255
-843.892192
-1080.817062
-1112.417222
-817.482396
-608.493899
-933.349649
-1599.700846
-1993.252595
-1879.827867
-1671.602659
-1631.911637
-1513.143886
-1385.064011
-1490.550535
-1457.423798
-1141.422199
-1065.398626
-1208.744279
-1091.655764
-730.772779
-373.248265
-227.765403
-256.617723
-123.805457
49.919093
-152.352462
-373.095607
-71.596497
499.801562
768.784565
442.860211
-101.975395
-95.105795
361.188301
493.237278
368.821189
300.735821
366.683981
731.536068
650.322130
-89.915431
141.361102
1020.059266
398.284140
-393.399092
502.549402
1062.345471
308.979341
-21.219431
378.896603
529.875144
372.484976
337.221030
611.241739
904.497329
745.580583
374.164212
325.008407
624.675624
840.381063
708.179428
598.265828
759.625099
798.858147
654.749206
633.224459
668.793721
679.327108
579.488922
400.726665
364.241456
434.158718
580.862842
607.730611
271.425528
-3.816444
121.362933
264.250612
256.617723
83.503804
-226.544141
-118.767751
170.671395
-193.264746
-617.958682
-335.847110
-92.052640
-362.562221
-590.480282
-661.771464
-638.414824
-460.568513
-684.975446
-1297.285790
-1105.242306
114.951306
1178.823355
1247.366696
339.510896
-751.228921
-834.885383
-1.221262
520.410362
684.670130
1255.915532
1668.091530
977.773062
-141.361102
-338.442292
401.031980
856.104814
473.391767
106.860444
390.956567
706.347535
421.488122
-143.956284
-449.271838
-559.948726
-810.918112
-1045.247800
-863.279729
-406.222345
-324.397776
-977.773062
-1855.860596
-2116.752737
-1746.099654
-1446.585096
-1437.730944
-1340.335283
-1109.516724
-1160.046448
-1588.556828
-1830.519405
-1383.995407
-706.042219
-544.377633
-732.146699
-690.318468
-299.667216
128.690506
154.642328
-154.794986
-323.176514
-14.197173
645.589739
825.725916
344.090630
322.718541
859.768600
712.759161
73.123075
53.888195
699.935908
1350.258038
1001.435018
13.586542
32.210791
635.819642
819.619605
606.662006
-58.315271
217.079359
1449.027620
800.690041
-693.066308
26.409795
1319.421167
545.140922
-590.327624
528.348566
1746.099654
337.984318
-540.408531
651.238077
557.353544
220.285172
744.206663
206.087999
608.951873
1515.281095
53.735538
-621.469810
673.526112
1077.000617
530.485775
-234.635003
-21.524747
1105.242306
678.869135
-459.194593
-84.114435
746.954503
626.202202
-148.841333
-319.207412
270.814897
433.853402
10.075413
-618.874628
-792.446521
-30.378898
282.722203
-417.976994
-846.334716
-560.254042
2.137209
-231.581848
-1323.237612
-1395.902714
-502.854718
-409.733474
-563.612513
484.688442
1861.814249
1272.097256
-1146.612564
-1986.382995
-79.076729
1518.334251
1191.799266
801.758645
1432.693238
1600.311477
263.792639
-882.972583
-107.013102
1291.790110
1242.939621
200.897635
-58.315271
655.207179
875.797667
-59.841849
-959.148813
-842.365614
-415.229154
-545.446237
-834.427409
-588.495731
-273.257421
-860.379232
-2035.233484
-2475.498513
-1814.337680
-1073.642146
-1080.817062
-1366.134447
-1273.776492
-1233.932812
-1687.937041
-1984.551102
-1425.976296
-553.842415
-459.805225
-855.646840
-610.020477
-72.665102
-2.137209
12.670595
57.246666
-13.433884
155.252959
359.203749
489.115518
908.161116
1102.036493
639.025455
27.478400
80.603306
868.775409
959.912102
366.226007
733.215303
1029.371391
157.237510
-131.743662
546.972815
924.495498
601.013668
23.814613
291.271039
1097.609417
479.650736
-624.217650
244.099786
1277.134963
203.340159
-630.476619
473.697082
1230.726999
427.136460
-545.446237
20.456142
1094.403604
377.217367
-156.779537
692.608335
620.706522
301.957083
339.052923
-161.053955
489.420833
1036.393649
-172.350630
-137.239342
828.168441
466.980140
60.147164
8.243520
232.650452
724.819126
64.268924
-606.662006
-25.646507
284.859412
21.830062
-482.245918
-860.837205
-4.732391
516.288602
-730.772779
-1236.375336
-168.381528
-56.941351
-1312.093594
-1816.016916
-527.737935
1363.844580
2151.100737
1302.170838
-464.384958
-1479.101202
-657.497046
793.820441
1378.652385
1541.690891
1979.666053
1945.623369
690.318468
-582.694735
-155.710933
1241.565701
1518.181593
644.521135
282.264230
844.502823
1094.556262
318.596781
-612.920975
-789.546023
-527.737935
-466.980140
-602.692904
-514.151393
-257.686328
-658.107677
-1943.180844
-2885.079329
-2401.306833
-1244.466199
-903.734040
-1417.274802
-1752.205965
-1744.420419
-1994.168542
-2344.976114
-1975.849609
-1038.530857
-677.037241
-1024.486342
-1066.009257
-422.862042
211.888995
61.215769
-484.841100
-350.196941
189.753617
304.552265
460.415856
1058.681684
1330.107212
793.667783
132.659608
54.804142
474.155056
1023.265080
1131.957417
537.813349
234.635003
629.713330
630.323962
68.390684
114.798648
976.093827
825.573258
-605.135428
-313.101101
1236.680652
436.753900
-817.024423
180.288835
701.767801
-234.940319
-212.804941
659.939570
721.613312
-175.556444
-577.809686
337.068372
838.243854
291.423696
349.738967
553.079126
-121.210275
-175.709101
610.631108
545.751553
282.416888
656.733757
473.697082
-25.035875
218.911252
807.712298
861.905809
-123.500142
-753.060814
434.158718
1097.609417
-244.710417
-643.147215
561.780620
436.448585
-953.958449
-909.840351
250.816728
168.686844
-880.530058
-1262.174501
-1187.372190
-578.725633
1494.672295
3430.067593
2426.342709
-952.889844
-2597.624735
-455.988780
2180.869003
2430.464469
1985.009075
2391.994709
2268.799883
576.130451
-959.301471
-40.912284
2218.422816
2601.135864
917.015267
-123.500142
744.206663
1671.297343
604.524797
-1179.128670
-1249.045932
-192.806772
-74.344337
-853.204316
-838.854485
-75.412942
-811.528743
-3180.472127
-4140.384230
-2453.973766
-690.013152
-1064.635337
-2392.452682
-2692.119899
-2487.253162
-2952.554066
-3224.284910
-2289.713998
-1100.357257
-1038.988831
-1804.872898
-1897.078196
-910.145667
-85.793671
-308.216052
-892.742680
-634.140406
433.242771
1016.242822
667.725117
489.268176
882.514609
902.512778
530.638433
746.496530
1452.996722
1664.733059
1096.082839
370.653083
265.929848
878.545507
1293.927318
858.699996
414.923838
597.960513
530.791091
142.277048
181.204781
93.121244
-109.455626
163.496479
67.169422
-243.489154
172.045315
333.251927
-218.300621
-410.954736
-85.946328
364.241456
546.667500
-28.089031
-458.583962
445.608051
1186.761559
317.986150
-281.806256
634.140406
1118.370875
397.062878
-116.172568
92.510613
980.368244
1481.238411
248.679519
-528.348566
743.138059
1083.106928
-245.779021
-442.707554
360.577669
404.085136
60.757795
-167.770897
-547.736104
-608.951873
-452.477651
-1260.342607
-1561.841717
1213.324012
4504.320370
3507.923059
-979.452298
-3206.271292
-484.688442
2828.443294
2653.039508
1551.155673
2487.711135
3241.840554
1213.629328
-1363.997238
-485.757047
2745.855436
3341.220767
814.429241
-470.796584
1081.885666
2294.904363
625.896886
-1683.967939
-1400.024474
225.628195
230.513243
-988.764422
-1100.051942
-236.772212
-1033.951124
-3627.148783
-4529.356246
-2454.889713
-533.996904
-1287.515692
-3178.487576
-3571.276037
-2963.392769
-3291.149016
-3782.096427
-2769.059418
-1275.303070
-1328.427976
-2546.637037
-2604.952308
-1106.921542
-267.914399
-857.326076
-1186.761559
-382.407732
467.438113
459.957882
449.271838
1134.705257
1353.158536
603.608851
337.984318
1255.610216
2194.455545
1959.057253
1000.824386
691.997703
1075.626697
1222.330821
1079.901115
1120.202768
1235.001417
813.818610
17.250329
-33.584711
571.550717
621.622468
35.111289
-555.063677
-540.866504
122.889511
143.803626
-420.572176
-121.820906
-10.228071
-857.936707
-723.750521
268.983003
545.598895
346.991127
-266.998452
-604.677455
721.460654
1533.905344
211.888995
-135.254790
1057.918395
864.958965
-107.471075
352.334149
1367.813683
1369.187603
417.061047
-315.696283
72.970417
811.986716
710.469294
22.135378
-228.223377
32.821422
30.073582
-555.368993
-1286.752403
-1071.962911
1163.557577
3957.500213
3896.589760
416.450416
-2637.621072
-1463.682767
2331.542229
3856.898738
2541.446673
2001.496115
2831.343791
2005.617875
-524.684780
-708.637401
2382.224611
4049.247537
1819.528045
-422.098754
582.542077
2293.988416
1152.108244
-1429.640082
-1657.710801
169.450133
713.064477
-603.761508
-1406.741416
-924.190182
-1308.124492
-3448.081211
-4562.482983
-2687.692823
-466.064193
-1196.989630
-3729.276836
-4631.942272
-3668.671699
-3321.985887
-3825.756551
-3210.393052
-1785.943334
-1870.515742
-3348.090367
-3609.440481
-2028.363884
-782.829081
-933.044333
-1141.422199
-501.022824
28.394347
-231.123874
-285.928016
526.058700
1268.586127
1196.378999
974.261933
1336.366180
1832.351298
1667.175583
1105.089648
1021.127871
1445.974464
1741.367263
1635.270108
1407.657362
1307.055887
1029.829364
448.355891
236.008923
687.265312
1025.402289
646.200370
-44.423413
-354.166043
-292.644959
-319.054754
-294.324194
-49.766435
-127.927217
-498.732958
-479.803393
-301.651767
-303.331003
-139.071235
-20.456142
-6.258969
406.375003
717.338894
509.724318
491.100069
582.236762
354.624016
499.190931
1069.520386
1090.434502
588.495731
356.761225
543.614344
641.315321
370.958398
219.979857
475.986949
385.155572
-253.259252
-494.153224
-509.876975
-888.926236
21.677404
3161.695221
4975.727586
2005.770533
-2661.435685
-2665.099472
2090.648257
4941.226928
3155.283594
1454.523300
2537.324913
2681.128539
-10.838702
-1028.760760
2231.246070
4804.140244
2494.122762
-776.722770
-66.558791
2296.278283
1536.347868
-1285.531141
-1681.220099
377.827998
1032.729862
-606.356691
-1742.893841
-1311.940936
-1570.543211
-3475.406953
-4261.747162
-2233.230621
-271.730843
-1436.509682
-4161.451003
-4885.201524
-3608.677192
-3007.358208
-3346.411131
-2786.920378
-1776.020578
-2321.772131
-3724.544445
-3472.506455
-1732.360454
-920.984369
-1353.463852
-1219.735639
-252.953937
-5.190364
-689.707837
-718.254841
346.991127
1196.531657
1224.162714
1204.317203
1518.639566
1520.166144
923.732209
577.504371
1214.239959
2144.383795
2207.736772
1496.504189
976.246484
869.233383
677.647872
509.724318
866.638200
1341.556545
1031.355942
86.098986
-437.211874
-267.761741
-119.989013
-230.055270
-177.388337
7.327573
-144.108942
-603.761508
-875.797667
-732.909988
-422.098754
-171.892657
45.644675
191.280195
167.618239
68.543342
25.188533
110.066257
412.481314
740.848192
792.904494
635.666984
464.842931
396.757563
474.765687
561.169989
604.677455
748.481081
806.949010
362.867536
-206.393315
-263.639981
-259.976194
-37.706471
2016.914551
4679.724156
3805.453067
-570.940086
-2882.636804
190.516906
4386.315909
4354.868407
1952.187653
1681.678072
2606.020912
1403.077629
-462.095091
806.949010
3712.942454
3425.182544
460.415856
-360.577669
1480.169806
1872.805609
-466.980140
-1864.409431
-234.024372
1340.029967
333.709901
-1430.403371
-1848.990996
-1819.222729
-2743.107596
-3366.409300
-2102.402906
-652.611997
-1502.152526
-3811.254062
-4826.275622
-3887.124978
-2853.937142
-2781.577356
-2711.049463
-2350.929767
-2660.825054
-3518.609104
-3535.859433
-2277.806692
-1227.063212
-1398.039922
-1570.085237
-714.743712
65.184871
-418.129651
-1220.346270
-679.021792
808.475587
1562.452348
1442.463336
1364.913185
1192.562554
503.160033
216.163412
1335.144918
2733.490156
2536.714282
1221.109559
572.619322
733.215303
806.338378
891.826734
1426.281611
1666.259637
844.197507
-168.686844
-264.861243
118.767751
128.690506
-62.284373
18.166275
105.333866
-229.597297
-704.362983
-877.018929
-776.875428
-550.025971
-271.578185
16.792355
185.784515
-66.864106
-573.382611
-645.437081
-59.994506
626.507517
762.678254
517.357206
460.568513
380.575838
149.909937
295.392799
729.246201
939.608618
733.825934
399.200087
365.004745
340.884816
64.574240
-237.230186
-337.984318
1077.000617
3999.175786
4578.206734
1089.823871
-2498.855153
-1449.180278
3116.813834
5000.000172
2823.863560
1232.864208
1763.807956
1682.899334
253.564568
331.572692
2813.177516
3716.148267
1340.793256
-358.135145
663.145384
1642.597681
344.090630
-1369.492918
-586.205864
1230.574341
910.298325
-915.183374
-2037.981324
-2089.426995
-2134.766355
-2398.101020
-1661.069272
-542.087766
-1262.632474
-3419.228891
-4523.249935
-3618.447290
-2269.563172
-2104.082141
-2422.984238
-2366.500860
-2655.940005
-3247.946865
-3131.774297
-2195.218834
-1342.014518
-1256.526163
-1308.887781
-966.781702
-865.111623
-1111.806590
-1065.093311
-397.520851
613.378948
1131.957417
883.430556
459.805225
214.636835
285.317385
753.824103
1462.003531
2041.187137
1781.974232
802.521934
305.468212
615.516157
1088.144635
1317.741932
1334.534287
1213.476670
721.002681
89.152142
14.655147
303.178345
406.527660
403.016531
383.171020
192.043484
-244.099786
-597.807855
-509.113687
-266.387821
-95.411111
102.280711
139.987182
-130.980373
-499.648904
-526.821989
-134.338844
301.041136
541.324477
424.235962
132.506950
18.624249
91.136693
359.509065
555.979624
523.158202
594.449384
471.254558
121.820906
86.556960
156.321564
27.783715
-354.013385
48.392515
2775.929018
4724.758200
2106.066692
-1888.987333
-2216.590923
1850.059600
4950.539053
3187.647043
646.658344
879.461454
1788.233201
1150.276350
361.035643
1690.074250
3270.998189
1959.973200
-46.407964
350.196941
1522.303353
945.867587
-774.890876
-768.631908
1130.278181
1489.176615
-328.672194
-1919.976862
-2090.037626
-1509.327442
-1319.268509
-1159.741132
-735.047197
-1300.186287
-2865.081160
-3741.947432
-3107.043737
-1918.602942
-1635.728081
-2188.807208
-2512.441695
-2618.691508
-2734.558761
-2584.801481
-2161.176150
-1606.265130
-1316.368012
-1265.227656
-1084.480848
-1090.129186
-1327.359372
-1291.790110
-637.956850
424.541278
904.955302
416.603074
-150.978542
-161.206613
231.581848
734.894539
1188.135479
1480.017149
1218.514377
502.854718
313.406416
773.058983
1120.660741
1120.508084
1003.266911
938.387356
722.071286
337.373687
261.655430
458.583962
543.767002
581.626131
550.789260
310.353261
-30.684213
-301.041136
-203.645475
163.801795
357.524514
326.534985
79.534702
-180.136177
-217.842648
-125.637351
140.750470
398.131483
391.261883
206.393315
63.505635
149.451964
237.840817
248.832177
394.773012
459.957882
381.644443
341.648105
187.616408
30.531555
25.951822
7.938204
-88.388853
-228.376034
936.708120
3177.724288
2758.373374
-587.732442
-2433.517624
104.723235
4119.470114
4019.479270
858.089365
-49.766435
1432.845896
2031.111724
988.611764
701.920459
2212.927136
2660.061765
959.912102
170.060764
1056.239160
1259.274003
23.814613
-723.750521
715.354343
1955.546124
483.161864
-1661.985219
-2166.519172
-1270.418021
-548.957366
-757.793205
-1041.431355
-1393.765505
-2321.924789
-3019.570830
-2793.637320
-2090.953573
-1762.434036
-2159.802230
-2546.942353
-2466.186389
-2477.025091
-2620.523401
-2539.309464
-2079.962213
-1418.648722
-1185.082323
-1358.196243
-1571.153842
-1693.585379
-1373.919994
-619.179944
102.280711
322.871199
-72.359786
-453.088282
-262.418719
260.128852
736.726432
993.344155
993.954787
840.228405
588.343073
495.832460
748.023108
1009.373222
1100.509915
1096.998786
1001.435018
792.293863
462.095091
327.145616
569.413508
797.789543
812.902663
675.205348
365.462718
2.442524
-183.494648
19.234880
412.023340
440.875660
151.436515
-36.332551
-76.481546
-63.963609
2.137209
145.635519
270.662239
251.885332
139.987182
99.838186
151.589173
123.958115
161.817244
342.258736
351.265545
353.860727
355.387305
153.726382
114.035359
147.467413
62.131715
-100.448817
-206.393315
1158.672528
3124.752039
2130.644595
-1138.827017
-2251.091581
848.624583
4415.320886
3254.969123
-146.093493
-221.353777
1899.826036
2325.893891
815.650503
370.042452
2021.341626
2527.096842
1042.652617
464.842931
1023.570395
960.064760
95.716426
-86.862275
1273.013203
1814.948312
84.725066
-1596.647690
-1572.222446
-465.911536
80.908622
-588.037757
-1240.955070
-1544.896704
-1975.544293
-2197.814016
-2145.452399
-1946.691973
-1796.476721
-2007.755084
-2230.940754
-2397.337731
-2652.123561
-2598.235366
-2275.974798
-1794.950143
-1363.844580
-1565.352846
-2019.051760
-2069.734142
-1649.925255
-1005.098804
-649.406184
-507.892424
-386.071518
-572.466664
-702.531090
-295.545456
261.655430
509.419002
450.951073
491.405384
705.126272
577.657028
375.080158
664.671961
1049.369560
1131.346786
997.618573
869.538698
810.307481
622.538415
563.459855
865.569596
1023.417737
835.343356
605.288086
455.836122
404.543109
337.679003
270.051608
397.673509
466.827482
296.614061
90.678720
11.907307
131.591004
196.317901
142.429706
205.324710
250.206097
153.268408
-2.442524
34.348000
264.250612
232.345137
117.699146
161.359270
166.396977
304.094292
328.672194
90.984035
76.634204
122.431537
90.373404
-138.613262
-211.888995
1390.559691
2849.052093
1073.794804
-1729.001983
-1522.150695
1933.868720
4053.674612
1632.064295
-890.758129
363.020194
2400.848860
2007.297111
137.239342
109.913599
2097.212541
2374.744380
812.292032
319.054754
786.034894
782.371107
208.225208
321.649936
1436.051709
1213.781985
-527.585278
-1316.368012
-727.872281
62.589689
-65.184871
-899.459623
-1198.974181
-1211.034146
-1495.282926
-1787.317254
-2024.700097
-1896.467565
-1505.510997
-1556.956668
-1979.513395
-2433.059651
-2594.113606
-2289.713998
-1950.813733
-1600.464135
-1294.232634
-1584.893042
-2145.910372
-2153.695919
-1463.224793
-763.441543
-704.362983
-844.808138
-705.889561
-634.903695
-665.435250
-390.651252
95.869084
350.349598
314.627679
367.905243
521.478966
395.994274
278.447785
660.092228
1162.946946
1206.912386
891.674076
707.721455
767.715961
783.897685
803.132565
993.191498
1084.633506
904.649987
653.985917
535.676140
565.597064
563.459855
512.014184
562.849224
583.610682
411.107394
149.757279
83.503804
307.910736
385.308229
197.844479
180.594150
299.209243
206.240657
-47.781884
-3.205813
311.574523
187.158435
-110.676888
47.629226
228.070719
215.247466
132.048977
24.272587
75.412942
70.375235
4.427076
-135.254790
-271.272870
858.394680
2173.846745
932.281045
-1420.327958
-1370.408865
1416.664171
3226.574776
1278.508883
-922.968920
173.571893
2077.977661
1786.401307
39.843680
-204.256106
1661.221930
2343.296878
948.920742
92.510613
452.172336
872.439196
639.025455
411.565367
1046.316404
1085.702111
-135.712764
-815.345187
-405.153740
200.744977
104.723235
-627.423464
-861.753152
-739.168957
-1016.090164
-1419.869985
-1681.220099
-1500.473291
-1028.913417
-1149.665719
-1765.639850
-2188.959865
-2154.153892
-1784.569414
-1630.537717
-1600.158819
-1376.820491
-1497.878109
-1905.627031
-1874.790160
-1364.760527
-944.493667
-1004.182858
-1044.331853
-688.333917
-602.998219
-875.187036
-725.277099
-135.407448
189.142986
36.790524
-15.418435
249.290150
265.929848
102.738684
395.383643
889.384209
921.442342
596.433935
489.573491
657.191730
691.387072
657.955019
832.748174
967.392333
802.827250
537.050060
441.944265
514.151393
568.192246
579.030948
614.142237
559.185437
358.440461
172.350630
172.197973
351.876176
397.826167
225.475537
219.216568
331.267376
211.431021
16.792355
78.313440
326.229670
263.182008
-76.786862
41.675573
333.404585
204.714079
96.174400
138.613262
193.264746
272.646790
193.264746
32.516107
-258.296959
-60.147164
1391.170322
1917.686996
79.992675
-1484.749540
-459.805225
2052.178497
2559.612948
270.356923
-832.137543
813.665952
2133.697750
1180.960563
-413.397260
153.421066
1994.473857
1883.491654
475.528976
111.287519
559.643411
774.738219
533.996904
593.838753
1029.829364
597.655197
-310.505919
-492.626647
-166.091661
162.122559
0.152658
-525.906042
-694.287570
-734.894539
-945.562271
-1218.819692
-1457.576455
-1208.286306
-823.894023
-1121.882004
-1757.701645
-2045.003582
-1769.608952
-1379.720989
-1486.123460
-1620.462304
-1425.518322
-1451.928118
-1671.907974
-1641.987050
-1285.378483
-985.711267
-1067.230520
-1007.388671
-681.006344
-735.505170
-936.860778
-687.265312
-169.908106
67.322080
-117.546488
-137.086684
117.851804
105.028551
90.526062
442.402238
755.198023
700.241223
425.609882
406.985634
670.930930
729.704174
692.608335
799.468779
855.494183
755.655997
541.782451
473.391767
640.399375
700.851855
631.239908
597.655197
544.530291
444.539447
304.399607
277.379181
419.198256
455.530807
336.152425
270.051608
298.598612
236.008923
88.388853
170.518737
340.732158
237.382843
64.726897
85.793671
190.058932
90.526062
-53.124906
166.396977
332.641296
151.283857
63.200320
71.443840
-52.514275
-305.010239
-22.440693
1210.728830
1513.907175
-146.398808
-1404.146233
-318.902096
1808.536685
1952.187653
-30.226240
-627.576122
916.404636
1716.331388
644.368477
-481.940602
306.842132
1859.829698
1636.186055
335.236478
-76.786862
378.591287
826.641863
700.393881
502.702060
683.601526
477.208211
-70.069920
-302.720372
-227.460088
69.306631
97.700977
-324.397776
-605.440744
-688.486575
-780.997187
-1011.663089
-1298.201736
-1035.019729
-586.511180
-910.908956
-1643.818944
-1896.162249
-1495.740900
-1129.362235
-1323.237612
-1410.252545
-1166.305417
-1310.719674
-1681.830730
-1600.311477
-1058.834342
-716.117632
-922.816262
-994.870733
-715.659659
-761.151676
-957.774893
-651.238077
-30.378898
179.678204
-209.599128
-395.536300
-8.090862
218.911252
134.949475
302.262399
648.032264
662.992726
322.871199
250.969386
631.392566
793.362467
633.987748
665.435250
807.254325
706.805508
468.659376
454.004229
687.570628
760.693703
596.433935
523.005544
519.341758
392.025172
277.073865
383.476336
578.725633
521.326309
243.947128
126.705955
244.099786
315.696283
238.298790
260.434168
328.366878
192.196141
84.725066
114.951306
122.889511
138.765919
73.886364
105.639182
323.176514
223.490986
-7.022258
8.243520
70.985866
35.569262
-201.355608
137.697315
1258.358056
1062.345471
-588.801046
-1174.701595
155.558275
1800.598481
1484.749540
-273.715394
-441.791607
918.847160
1346.594252
365.310061
-389.582647
581.015500
1791.744329
1153.176848
6.411627
-69.459289
424.235962
780.844530
627.118148
444.692105
562.391251
296.003430
-195.554612
-364.394114
-190.058932
198.302452
121.668248
-440.112371
-686.502023
-694.898201
-793.515125
-992.580867
-1114.859746
-782.829081
-545.293580
-1073.947462
-1715.110125
-1715.110125
-1220.193612
-989.222395
-1293.164030
-1351.631958
-1098.983337
-1267.517523
-1589.320117
-1436.509682
-943.425062
-708.484743
-886.636369
-884.041187
-687.265312
-819.008974
-909.840351
-486.825651
46.713280
80.145333
-307.758079
-332.335981
65.490186
156.626879
77.550151
337.068372
673.068139
603.914166
253.564568
259.518221
613.531606
689.707837
611.699713
761.456992
856.257472
623.607019
350.807572
500.870167
853.967605
796.262965
515.372655
491.863358
585.595233
542.393082
406.985634
404.695767
555.063677
536.592086
319.970701
220.743146
323.023856
388.208727
284.859412
254.938488
337.984318
226.086168
97.243004
158.458773
138.307946
94.189848
172.961261
156.474221
53.277564
38.011786
93.884533
139.681866
121.057617
-6.258969
-305.620870
-225.628195
756.724601
1252.251745
143.650968
-998.076546
-564.070486
951.668582
1671.755317
576.893740
-560.254042
65.337529
1233.627497
1036.088333
-129.148479
-203.340159
1082.801613
1572.375104
619.179944
-192.348799
-12.517938
629.102699
791.988547
399.658060
277.684496
357.829829
103.196657
-242.725866
-309.589972
-71.443840
57.704640
-232.039821
-524.990095
-608.799215
-720.544708
-890.605471
-1031.966573
-921.747658
-641.467979
-777.333401
-1319.421167
-1613.592704
-1384.148065
-1037.156937
-1092.419053
-1308.124492
-1198.210892
-1087.839319
-1295.606554
-1435.441078
-1201.416706
-834.427409
-732.909988
-850.151161
-834.274752
-718.102183
-694.287570
-627.728779
-360.577669
-83.961777
-86.709617
-210.820390
-97.853635
98.464266
105.028551
155.710933
440.875660
620.401206
440.112371
258.754932
444.234131
735.657828
738.710983
595.975962
648.795553
790.767285
707.110823
525.142753
583.152708
779.623268
784.813632
620.401206
551.094575
576.588424
502.091429
409.122843
486.215020
606.204033
530.791091
325.313723
241.809919
303.788976
305.926185
256.923039
314.780336
359.661723
222.575039
60.452480
79.076729
154.794986
131.743662
82.435200
94.800480
128.385191
87.778222
34.958631
75.870915
83.503804
-73.428391
-253.717225
-72.359786
697.188068
1089.823871
85.030382
-1096.388155
-533.538931
1220.346270
1668.854819
193.112088
-745.885899
293.560905
1405.825469
827.099836
-368.973847
-157.695484
1214.239959
1577.718126
447.592602
-397.978825
26.257138
760.999019
731.383410
295.850772
268.372372
337.526345
21.372089
-315.390967
-300.430505
-38.164444
62.589689
-235.398292
-603.456193
-709.858663
-695.814148
-835.343356
-1047.842982
-929.991178
-619.179944
-774.432903
-1362.928634
-1658.016117
-1358.348900
-977.467747
-1057.155106
-1307.971834
-1225.231319
-1089.213239
-1301.407550
-1487.650038
-1172.717043
-714.133081
-700.088566
-922.816262
-891.216103
-730.467463
-709.248032
-599.334433
-230.665901
-5.190364
-179.525546
-301.193794
-30.836871
230.207928
166.702293
169.144817
496.290433
704.515641
517.662522
358.593118
536.897402
773.822272
810.918112
779.317952
814.581898
793.973099
669.557010
645.742397
816.413792
931.670413
762.830912
546.667500
603.761508
712.148530
557.506202
390.498594
510.334949
656.123126
489.878807
229.902612
222.269723
315.696283
261.350114
191.280195
258.602274
300.888479
128.537848
-59.536533
10.075413
122.278879
41.370258
-10.533387
36.485209
-9.159467
-63.810951
-1.221262
26.104480
-32.668764
-19.234880
-77.244835
-293.102932
5.953653
861.600494
819.619605
-426.220514
-983.421400
163.038506
1451.164829
1132.110075
-155.252959
-430.952905
640.399375
1332.549736
523.158202
-393.093776
314.932994
1519.097540
1158.672528
-55.567431
-207.003946
519.036442
770.463801
429.731642
268.372372
371.416372
239.978026
-156.321564
-370.500425
-152.199804
115.561937
-99.074897
-542.545740
-651.543393
-591.090913
-761.609650
-1007.236013
-987.695818
-777.180743
-764.510148
-1097.609417
-1487.802695
-1537.721788
-1226.299923
-1024.944315
-1201.111390
-1360.944083
-1246.908723
-1209.507568
-1397.276634
-1378.805043
-962.354627
-691.997703
-906.787196
-1060.971551
-779.317952
-518.883784
-589.564335
-574.909188
-207.767235
66.100817
-61.368426
-161.664586
88.694168
357.829829
358.440461
348.365047
598.265828
815.955818
658.718308
474.002398
701.767801
1013.647640
945.714929
759.319783
864.043018
995.328707
813.207978
650.322130
818.551001
974.109275
813.818610
601.166326
601.929615
633.529775
508.045082
420.419518
505.755215
524.837438
343.174683
177.693653
180.899466
221.353777
155.252959
74.344337
105.486524
127.927217
-7.022258
-140.445155
-61.215769
33.737369
-120.904959
-258.754932
-92.510613
45.339360
-101.212106
-191.585510
-62.895004
1.526578
-137.544657
-336.915714
-265.624532
406.680318
1044.637168
414.465865
-917.320582
-802.521934
884.499160
1688.395014
620.095890
-423.777989
55.567431
1116.386324
1141.269541
138.155288
-187.005777
948.157453
1774.951974
852.899000
-305.468212
35.111289
883.888529
815.650503
378.743945
401.795269
473.391767
143.498310
-264.097954
-326.382327
-38.469760
131.896319
-199.371057
-654.291233
-713.980423
-673.831428
-955.332369
-1192.867870
-991.359604
-742.527428
-953.042502
-1449.027620
-1711.446339
-1548.713148
-1260.953239
-1217.293114
-1362.623318
-1394.834109
-1329.038607
-1405.520153
-1523.524615
-1334.228972
-898.696334
-695.356175
-869.691356
-1009.831195
-848.777241
-590.327624
-385.155572
-178.609599
-42.896835
-52.361618
-22.898667
159.222061
319.970701
386.682149
514.914682
714.743712
817.024423
762.983570
675.663321
728.940886
934.570911
1074.100119
1018.685346
923.274236
906.023907
875.645009
812.292032
831.984885
904.649987
871.675907
723.597863
584.831944
525.753384
510.182291
471.712531
423.167358
410.954736
360.882985
219.827199
97.395662
54.346169
41.828231
66.253475
100.448817
17.860960
-132.506950
-162.122559
-118.004462
-154.031697
-182.884017
-165.786346
-201.508266
-197.233848
-86.404302
-66.558791
-156.932195
-128.079875
-149.757279
-392.941118
-281.653599
556.284940
1096.235497
298.445954
-908.771747
-722.376601
875.187036
1834.793823
857.173418
-500.564851
-46.407964
1434.067158
1420.327958
16.792355
-209.904443
1231.490288
1967.453431
933.196991
-154.337013
75.870915
832.748174
952.126556
594.754699
476.139607
515.830629
163.191164
-369.889794
-359.203749
92.663271
136.323395
-365.920692
-711.537899
-692.608335
-788.324761
-1141.574857
-1336.518838
-1129.514893
-836.259303
-972.124724
-1558.941219
-1980.734657
-1768.998321
-1326.596083
-1291.790110
-1513.754517
-1492.229771
-1358.806874
-1481.238411
-1629.927086
-1407.657362
-977.162431
-752.450183
-760.693703
-808.780903
-822.367445
-738.405668
-461.331802
-41.370258
242.573208
169.144817
-16.792355
120.752302
469.727980
602.540246
600.403037
795.652334
1004.946146
912.435534
750.618290
835.648672
1022.349133
1094.556262
1090.892475
1070.588991
1001.587675
871.828565
770.311143
825.725916
958.843498
901.596831
650.474788
502.702060
519.494415
484.077811
371.874345
334.931163
350.654914
287.912568
134.033528
-11.754649
-59.689191
-36.485209
-14.197173
11.296676
-20.150827
-202.576870
-351.112887
-254.022541
-146.856782
-256.007092
-334.625847
-207.919892
-126.553297
-188.990328
-232.345137
-207.309261
-193.722719
-309.895287
-407.748923
84.114435
1023.417737
929.533205
-541.782451
-1234.848759
225.322879
1916.160418
1547.644544
-57.704640
-385.002914
962.354627
1774.951974
764.052174
-255.854434
644.673793
2058.742782
1673.129237
222.575039
-108.844995
681.159001
1090.892475
789.240707
551.552549
594.144068
381.644443
-192.806772
-469.575322
-103.959946
221.353777
-143.498310
-715.507001
-818.856316
-751.534237
-1036.393649
-1402.772314
-1338.961363
-980.520902
-930.907125
-1432.082607
-1991.726017
-1991.726017
-1555.430091
-1345.678305
-1491.619140
-1558.483246
-1479.711833
-1551.460988
-1666.870268
-1484.749540
-1089.976528
-840.991694
-827.863125
-832.137543
-732.604672
-638.872797
-561.017331
-256.007092
214.331519
381.186469
187.311092
136.934026
373.706238
566.055037
689.249863
938.234698
1127.682999
1001.435018
787.866787
816.566450
1040.668066
1203.401257
1181.265879
1072.420884
1009.678538
948.310111
817.177081
753.518788
841.449667
877.324245
721.918628
544.377633
448.203233
336.152425
246.847626
294.018879
347.907074
217.232017
-0.763289
-101.975395
-98.006293
-112.356124
-145.330204
-130.217084
-111.440177
-195.707270
-354.318701
-421.182807
-345.006576
-272.341474
-296.766719
-298.903928
-196.317901
-148.078044
-239.520052
-288.828514
-244.863074
-320.123359
-320.276016
322.565883
1186.456243
847.250663
-643.757846
-1125.240475
502.244087
2218.270159
1678.930232
-102.280711
-259.670879
1312.551567
1898.757431
638.262166
-91.136693
1101.273204
2248.496398
1521.540064
171.282026
78.771413
845.113454
1065.703942
715.201686
641.925953
741.764139
267.761741
-502.244087
-559.643411
38.164444
190.974879
-404.237794
-878.087534
-831.526912
-875.034378
-1319.268509
-1622.599512
-1369.492918
-964.186520
-1073.642146
-1695.875245
-2146.978977
-2005.770533
-1624.431406
-1482.307015
-1523.066642
-1501.694553
-1504.747709
-1653.894357
-1718.621254
-1445.516491
-986.474555
-722.834574
-754.434734
-822.367445
-723.597863
-543.614344
-365.920692
-71.749155
299.819874
447.287287
319.665385
272.188817
480.566682
721.918628
850.761792
1003.419569
1167.679337
1127.072368
922.358289
864.806307
1053.186004
1241.718359
1233.169523
1113.027853
1015.937506
905.413276
768.326592
729.398859
814.887214
819.619605
622.233099
409.122843
341.953421
295.392799
162.733190
87.930880
152.810435
150.978542
-69.917262
-297.835323
-301.041136
-201.813581
-208.072550
-270.662239
-274.631341
-284.248781
-396.910220
-533.538931
-516.288602
-340.579501
-229.291981
-283.027519
-312.337812
-224.254275
-202.271555
-252.495963
-260.739483
-324.550434
-259.060248
473.849740
1389.033114
928.922573
-744.054005
-1159.893790
753.976761
2577.473908
1830.061432
-150.673226
-213.720888
1579.092046
2138.888115
630.629277
-140.750470
1327.664687
2587.244006
1576.954837
24.730560
122.431537
1059.444973
1122.950608
636.124957
692.303019
870.454645
211.278363
-685.280761
-582.694735
165.786346
187.158435
-594.449384
-998.687178
-786.798183
-897.627729
-1527.035744
-1778.157787
-1321.253061
-933.196991
-1238.207230
-1885.628862
-2196.898070
-2031.569697
-1741.214605
-1601.685397
-1554.972117
-1506.579602
-1568.863975
-1763.197325
-1792.812934
-1471.926287
-1055.628528
-826.489205
-710.469294
-587.732442
-606.662006
-765.120779
-613.684264
66.100817
694.134912
646.200370
250.816728
263.029350
662.992726
862.363783
854.883552
1088.907924
1426.739585
1337.434785
944.798982
865.569596
1148.749772
1308.582465
1243.855568
1243.702910
1247.366696
958.385524
579.183606
603.914166
926.785365
954.416422
592.006859
314.780336
283.180176
200.287004
10.838702
-23.051324
101.364764
69.459289
-197.844479
-422.862042
-435.990611
-383.018363
-394.162380
-368.210558
-287.301936
-353.097438
-568.344904
-650.016815
-523.463518
-409.122843
-399.200087
-390.803909
-315.848941
-243.947128
-259.670879
-293.255590
-212.194310
-178.762257
-360.272354
-186.395146
888.162947
1677.098339
548.957366
-1233.169523
-790.003996
1738.924739
2939.425498
1235.306732
-559.338095
346.685812
2264.830781
1982.719209
170.366079
118.615093
2022.868204
2660.825054
1050.743480
-156.168906
472.323162
1261.411212
953.653133
555.063677
844.350165
805.575090
-192.501457
-897.627729
-363.630825
343.479998
-54.040853
-948.157453
-1054.865240
-720.697366
-1065.856600
-1791.744329
-1794.034196
-1160.962395
-949.226058
-1491.771798
-2072.481982
-2146.215688
-1924.861911
-1738.619423
-1600.158819
-1440.173469
-1409.489256
-1636.338712
-1824.413094
-1615.271939
-1175.922857
-890.452814
-773.211641
-639.330770
-548.499393
-617.958682
-603.914166
-232.650452
288.675856
539.034611
479.498078
416.450416
502.396744
633.529775
785.271605
1028.913417
1250.114536
1248.282643
1063.872048
975.025222
1071.657595
1152.566217
1131.957417
1141.880172
1186.150928
1070.588991
772.601010
587.579784
675.510664
780.233899
679.632424
476.902896
324.550434
197.844479
54.651484
-10.533387
35.416604
50.529724
-60.910453
-233.108426
-364.394114
-420.572176
-406.985634
-344.548603
-300.888479
-334.778505
-430.647589
-510.029633
-500.870167
-465.606220
-452.324993
-406.527660
-348.517705
-274.631341
-187.921724
-190.364248
-216.163412
-166.549635
-173.571893
-316.154256
-169.755448
834.732725
1728.086036
729.551517
-1134.247284
-922.205631
1550.392384
3007.052893
1407.810020
-595.670646
224.101617
2257.808523
2064.849093
161.664586
-47.171253
1946.539315
2727.078530
1040.668066
-205.019395
476.444922
1237.901914
821.604156
388.361385
887.247000
974.719907
-244.099786
-1085.396795
-425.304567
399.810718
-40.912284
-1068.146466
-1106.768884
-598.876459
-1015.479533
-1865.478036
-1837.846978
-1139.437648
-925.869418
-1521.540064
-2019.509733
-1973.407084
-1895.551618
-1845.937840
-1593.594535
-1306.597914
-1304.613363
-1661.832561
-1826.244987
-1448.569647
-1051.964742
-924.800813
-816.413792
-594.296726
-406.680318
-476.139607
-525.142753
-218.147963
162.733190
475.681633
735.047197
694.745543
445.913367
380.881154
738.710983
1273.776492
1384.148065
1126.003764
988.153791
1009.983853
1072.878857
1094.250946
1094.861577
1169.816546
1127.835657
918.847160
765.120779
658.107677
577.199055
566.665668
593.991411
583.152708
347.754416
-10.686044
-124.416088
-8.548836
72.054471
-10.533387
-174.182524
-271.120212
-373.248265
-504.075980
-483.161864
-330.198772
-267.609083
-379.049260
-494.763855
-483.467180
-446.829313
-452.630309
-451.256389
-374.164212
-283.027519
-303.941634
-278.295128
-128.690506
-98.464266
-135.254790
-53.582880
-38.775075
-248.526861
-98.311608
1088.297293
1877.080027
478.276816
-1325.222163
-552.315837
2136.598248
3045.369995
884.346503
-782.371107
685.433419
2549.537535
1725.948828
-145.024888
312.032496
2332.916149
2317.345056
488.657544
-23.356640
864.806307
1046.163746
397.673509
459.652567
1166.610732
689.860495
-800.232067
-1094.708919
-12.975911
448.966522
-524.837438
-1366.134447
-891.521418
-502.702060
-1331.175816
-2050.346604
-1624.126090
-973.498644
-1148.902430
-1758.006961
-1905.321716
-1821.817912
-1947.913235
-1877.995974
-1446.737753
-1162.794288
-1408.267993
-1792.660276
-1627.942535
-1146.765221
-976.399142
-978.689009
-779.928583
-480.566682
-408.359554
-378.438629
-75.565600
66.558791
-64.268924
193.112088
897.322414
1208.438963
693.066308
238.909421
712.606503
1407.657362
1427.044900
1081.427693
1006.320066
1199.584812
1163.710235
966.476387
1053.643977
1166.458075
990.901631
808.322930
812.597347
778.707321
459.805225
203.034844
429.578985
621.927784
276.768550
-186.700461
-266.235163
-98.006293
-106.707786
-263.334665
-266.693137
-265.471874
-469.422664
-628.797384
-531.859695
-349.433652
-344.243287
-495.374487
-488.657544
-278.447785
-285.928016
-508.808371
-458.431305
-232.345137
-161.359270
-231.734506
-310.200603
-121.057617
94.953137
1.068604
-20.914115
94.037191
70.833209
-179.525546
-262.266061
986.779871
2275.058852
939.455960
-1287.210376
-965.102467
1732.207796
3266.265798
1357.585611
-760.388388
352.028834
2334.595385
1966.384826
55.262115
-111.440177
1924.709253
2410.466300
690.623783
-8.090862
661.313490
858.547338
303.331003
256.923039
1090.281844
855.494183
-736.879090
-1232.100919
-222.880355
401.337296
-411.870683
-1407.810020
-982.505453
-405.001083
-1199.279497
-2026.684648
-1699.997005
-1036.240991
-1093.334999
-1655.115619
-1753.427227
-1638.323264
-1903.031849
-1951.424364
-1480.627780
-1059.597631
-1161.420368
-1602.906659
-1602.448686
-1129.056919
-932.128387
-961.896653
-737.337063
-316.306914
-161.206613
-386.529492
-399.963376
-36.179893
243.031181
473.391767
752.908157
834.885383
690.471126
513.082789
650.627446
1116.691639
1384.606038
1247.519354
995.786680
939.303302
1052.270057
1008.762591
920.526396
1033.340493
1050.896137
856.104814
654.291233
510.334949
455.530807
424.541278
386.834807
382.255074
252.037990
-12.823253
-220.895803
-251.732674
-125.484693
-121.668248
-281.042968
-347.754416
-394.620354
-498.732958
-510.182291
-430.494931
-348.059732
-311.421865
-320.733990
-376.606736
-395.383643
-270.662239
-188.990328
-197.233848
-159.985350
-182.120728
-180.136177
-125.484693
-102.280711
50.987698
144.566915
90.220746
94.037191
74.649653
-19.845511
-252.495963
158.306115
1714.499494
1922.266729
-211.125706
-1473.758180
148.383359
2634.567917
2492.138211
41.828231
-502.549402
1429.029451
2270.479118
793.209810
-446.523998
845.876743
2378.255509
1366.439763
41.064942
427.747091
864.195676
293.255590
-110.829546
734.131250
1355.448403
21.982720
-1348.426145
-787.408814
309.131999
67.780053
-1112.417222
-1237.596599
-378.438629
-671.388904
-1798.919245
-1879.369894
-1134.399941
-927.853969
-1475.590073
-1678.624917
-1356.822323
-1596.189717
-2086.373839
-1788.843832
-1060.818893
-868.012120
-1390.101718
-1681.220099
-1193.936474
-824.199338
-991.512262
-972.888013
-485.757047
-102.280711
-252.190648
-354.471358
45.797333
249.137492
50.224409
251.427359
921.442342
1215.155905
779.623268
373.400923
708.179428
1230.421683
1240.649754
1045.095142
1075.016066
1148.749772
957.011604
718.865472
853.204316
1069.520386
898.391018
640.704690
619.943233
577.504371
308.216052
71.596497
190.211590
406.680318
242.267892
-145.024888
-343.327341
-311.116550
-253.564568
-312.185154
-319.818043
-231.581848
-341.190132
-559.643411
-540.713846
-353.555412
-273.410079
-349.128336
-326.840301
-183.952621
-204.714079
-263.487323
-210.515075
-121.973564
12.365280
-32.668764
-171.892657
-61.063111
25.341191
33.890027
134.796817
200.592319
244.710417
179.220230
43.202151
-82.435200
-119.073066
840.991694
1975.544293
991.054289
-933.502307
-859.768600
1310.872332
2693.341161
1253.778323
-487.741598
323.023856
1861.661591
1527.188402
20.150827
14.655147
1646.872099
1815.100969
405.001083
146.704124
758.709152
523.921491
-158.611430
157.084853
1177.144119
743.443374
-897.169756
-1193.631159
-130.522399
285.622701
-626.202202
-1343.388438
-691.692388
-320.276016
-1306.903230
-1922.419387
-1367.050394
-890.147498
-1246.145434
-1626.415957
-1318.047247
-1265.074999
-1855.402623
-1950.508418
-1302.323496
-779.623268
-1038.683515
-1580.007993
-1360.180794
-841.144352
-855.799498
-946.020245
-614.752868
-100.296160
-96.174400
-499.801562
-395.536300
88.541511
569.718824
832.748174
453.851571
196.623217
585.442575
1010.289169
1182.487141
989.680369
788.935392
936.860778
1046.927035
1139.590306
1100.967888
815.955818
805.269774
863.737703
830.458307
885.109791
634.751037
306.536816
337.831661
457.973331
438.585794
135.102133
-122.431537
-26.409795
-21.372089
-138.307946
-231.887163
-390.498594
-388.208727
-301.804425
-346.227838
-394.773012
-459.499909
-495.832460
-408.054238
-269.288319
-165.786346
-277.379181
-424.388620
-266.235163
-67.780053
-77.397493
-82.435200
-8.396178
30.989529
23.203982
-1.526578
-1.984551
57.704640
102.280711
132.354293
228.070719
284.706754
232.497794
152.810435
104.570577
10.228071
-9.312124
697.188068
1610.997521
948.004796
-710.011321
-806.796352
1026.470893
2290.935261
1239.886465
-276.615892
129.453795
1362.012687
1273.013203
264.861243
222.422381
1227.979159
1347.357540
446.523998
246.389652
604.524797
318.596781
-156.321564
257.533670
1008.304618
503.312691
-859.463285
-1071.352279
-143.956284
179.372888
-569.260851
-1123.255924
-752.450183
-540.713846
-1171.190466
-1572.985735
-1214.087301
-956.553631
-1220.346270
-1389.033114
-1164.168208
-1214.087301
-1688.700330
-1701.676241
-1069.215071
-683.448868
-973.803960
-1329.191265
-1139.742964
-744.206663
-687.875943
-730.314806
-466.369509
-121.210275
-115.867253
-275.241972
-129.911768
186.089830
262.113403
261.502772
527.279962
846.792689
742.374770
366.989296
404.390451
885.262449
1180.349932
1000.213755
697.951357
680.548370
795.804992
763.746859
726.803677
785.424263
753.976761
556.742913
377.675340
399.963376
429.273669
260.892141
135.102133
202.424212
240.435999
58.925902
-217.689990
-273.562737
-103.959946
-29.462951
-129.453795
-258.144301
-312.337812
-304.857581
-316.459572
-274.631341
-158.916746
-136.934026
-186.089830
-173.724550
-132.048977
-117.851804
-127.621902
-57.551982
90.984035
116.783199
47.934542
25.341191
48.239858
107.471075
109.302968
71.291182
120.141671
137.697315
111.134862
149.299306
173.571893
172.655946
172.961261
130.064426
3.053156
-54.498826
442.554896
1143.712066
772.601010
-409.580816
-617.653366
635.361668
1649.467281
999.145151
-98.616924
119.073066
951.668582
891.063445
246.694968
292.186985
934.418253
896.253809
277.684496
257.075697
558.269491
244.252443
-225.322879
105.333866
746.343872
392.177829
-645.589739
-837.633223
-180.899466
24.272587
-511.556211
-860.226574
-620.095890
-564.528460
-1018.532689
-1214.392617
-922.663605
-833.206147
-1128.751604
-1218.972350
-934.570911
-914.267427
-1332.855052
-1425.060349
-933.196991
-583.000051
-788.019445
-1056.391817
-902.970751
-602.540246
-570.634771
-576.283108
-323.329172
-89.915431
-153.115750
-272.494132
-107.318417
191.432852
265.319217
216.163412
335.083821
498.122327
464.690273
363.020194
450.493100
649.406184
673.984086
562.391251
557.811517
619.485259
570.940086
470.949242
489.573491
576.283108
526.821989
368.515874
314.017047
349.433652
305.010239
191.280195
162.885848
213.415572
171.739999
20.761458
-60.910453
-19.540195
12.517938
-23.814613
-58.620586
-50.377066
-63.352977
-119.683697
-134.338844
-64.421582
16.334382
31.752818
9.922756
15.571093
38.622418
36.943182
45.797333
119.989013
199.065741
177.540995
98.464266
104.570577
194.638666
206.851288
104.875893
49.461120
115.409279
177.540995
146.093493
98.158951
101.975395
130.064426
134.796817
69.611946
-64.421582
-51.140355
338.594950
749.549685
493.237278
-265.471874
-427.594434
374.927500
1052.880688
708.637401
38.927733
94.189848
566.818326
559.948726
220.437830
276.157919
604.982771
561.627962
253.259252
237.993474
350.654914
118.462435
-146.856782
106.555128
484.993758
223.033012
-422.556727
-568.650220
-212.499626
-112.508782
-411.107394
-566.360353
-464.537616
-544.530291
-853.356974
-940.219249
-744.969952
-691.997703
-882.514609
-968.613596
-858.699996
-856.104814
-1022.349133
-1041.889329
-822.367445
-662.992726
-719.170788
-795.652334
-737.337063
-635.514326
-565.291748
-446.981971
-283.485492
-221.353777
-277.837154
-268.067057
-94.953137
94.647822
142.277048
111.898151
154.642328
261.502772
335.694452
361.798932
379.812549
400.726665
421.030149
465.148247
515.067340
501.786113
433.548087
409.580816
464.384958
501.938771
444.386789
357.677172
340.274185
360.119696
329.588141
263.182008
232.803110
231.581848
196.317901
130.217084
98.769582
103.349315
92.357955
55.872746
31.294844
30.836871
21.982720
3.205813
11.144018
47.171253
65.642844
45.034044
27.020427
51.598329
100.601475
124.110773
118.157119
118.462435
137.391999
145.940835
128.079875
119.378382
148.688675
178.304284
157.237510
116.325226
102.128053
89.915431
51.293013
44.270755
105.333866
149.757279
105.333866
38.622418
7.022258
-31.905475
-44.576071
128.690506
386.376834
357.066541
-5.495680
-218.300621
74.039022
488.046913
490.336780
214.636835
147.620070
300.735821
323.023856
210.057101
257.228354
428.510380
409.122843
229.444639
192.196141
277.073865
202.576870
18.624249
43.202151
233.566399
196.317901
-120.599644
-322.413225
-238.298790
-154.642328
-274.020710
-412.481314
-423.014700
-456.904727
-621.011837
-746.496530
-709.248032
-655.359837
-722.529259
-819.619605
-823.283392
-803.895854
-853.509632
-902.207462
-848.777241
-736.421117
-689.402521
-715.812317
-718.102183
-651.543393
-566.665668
-499.801562
-428.205065
-334.625847
-249.442808
-195.249297
-144.719573
-78.771413
-7.785547
67.474737
162.275217
266.387821
325.771696
317.222861
300.583163
350.044283
456.752069
535.828798
533.080958
488.657544
471.559873
486.672993
496.748407
489.420833
478.734789
461.637118
421.182807
371.874345
340.884816
318.596781
277.379181
227.307430
206.087999
202.118897
163.191164
88.083537
41.980889
58.620586
82.129884
58.162613
9.006809
-9.464782
8.701493
32.058133
43.202151
44.423413
41.828231
49.613778
76.939520
102.586026
104.265262
103.654631
131.896319
166.549635
163.191164
137.391999
139.376550
165.481030
176.014417
164.107110
148.688675
138.613262
126.553297
110.066257
89.304800
78.313440
85.793671
81.061280
38.622418
2.747840
21.982720
38.775075
-13.433884
-59.383875
22.593351
138.460604
75.107626
-98.311608
-87.320248
129.606453
220.590488
70.222577
-20.456142
117.851804
226.696799
123.347484
32.210791
141.666417
252.953937
170.366079
63.200320
110.982204
163.496479
63.963609
-25.188533
57.094009
134.033528
-2.595182
-200.287004
-207.461919
-112.356124
-148.688675
-283.180176
-331.878007
-323.939803
-408.054238
-529.875144
-529.569829
-460.721171
-507.587109
-635.209010
-655.512495
-576.588424
-590.480282
-705.584246
-706.347535
-549.873313
-467.896087
-565.139091
-637.956850
-531.859695
-391.719856
-373.400923
-372.790292
-269.593634
-171.434684
-192.654115
-210.362417
-81.366595
80.755964
104.723235
66.100817
128.385191
236.924870
253.717225
230.055270
293.560905
395.078327
399.810718
343.479998
355.997936
414.923838
404.848425
350.960229
364.546772
419.350914
390.040620
289.897119
256.617723
301.651767
305.468212
239.214737
196.317901
202.882186
182.273386
123.347484
103.349315
133.117582
131.896319
78.771413
49.308462
74.039022
85.335697
51.140355
37.401155
76.481546
107.318417
89.457457
67.627395
77.855466
95.258453
106.402471
127.774559
151.741830
150.978542
130.217084
118.615093
132.964924
162.580533
182.120728
169.602790
138.918577
127.469244
141.208444
147.772728
122.889511
91.289351
91.747324
112.356124
96.632373
42.591520
1.679236
-2.747840
10.228071
16.639698
-1.526578
-51.750986
-99.685528
-101.212106
-61.673742
-44.576071
-75.412942
-108.387022
-111.898151
-105.486524
-107.623733
-100.448817
-78.771413
-70.375235
-87.625564
-96.937688
-83.198489
-72.817760
-77.092177
-75.870915
-54.498826
-39.843680
-52.056302
-74.496995
-87.014933
-85.335697
-72.054471
-55.414773
-52.666933
-84.419751
-136.170737
-157.237510
-132.506950
-107.318417
-122.431537
-165.786346
-195.859928
-204.866737
-212.346968
-219.979857
-215.247466
-209.446470
-230.055270
-257.991643
-260.128852
-242.573208
-242.725866
-263.182008
-256.617723
-212.346968
-186.089830
-215.094808
-251.427359
-230.665901
-158.916746
-118.920408
-132.354293
-144.414257
-126.858613
-103.196657
-90.526062
-61.826400
-11.907307
14.655147
-7.938204
-22.898667
17.097671
73.886364
85.183040
71.291182
91.136693
133.728213
143.192995
124.110773
132.354293
172.503288
198.607768
196.470559
200.439661
219.216568
223.033012
212.194310
219.979857
250.969386
270.356923
261.044799
245.931679
243.489154
248.679519
257.075697
265.013901
264.097954
253.106594
240.588657
237.230186
240.435999
237.382843
224.712248
216.010755
214.331519
207.461919
191.127537
172.503288
161.359270
158.611430
155.710933
143.956284
123.958115
102.280711
85.641013
80.450649
80.908622
66.711449
36.485209
16.029067
13.891858
5.648338
-21.066773
-43.202151
-48.239858
-54.346169
-75.718257
-100.296160
-113.730044
-122.278879
-138.307946
-153.573724
-158.764088
-162.427875
-179.525546
-199.676372
-201.660924
-192.501457
-194.333350
-206.240657
-207.919892
-199.218399
-194.638666
-192.196141
-182.884017
-173.266577
-168.076213
-159.527377
-142.582364
-124.263431
-113.424728
-108.997653
-99.380213
-79.382044
-58.467929
-47.018595
-41.828231
-33.584711
-20.914115
-9.770098
-2.442524
2.747840
4.579733
7.174916
11.601991
9.922756
3.358471
3.511129
3.816444
-5.037707
-17.555644
-19.234880
-19.387538
-33.737369
-50.835040
-51.598329
-46.560622
-59.841849
-77.550151
-80.145333
-72.665102
-81.366595
-97.853635
-100.448817
-88.999484
-87.167591
-98.311608
-102.586026
-91.442008
-80.297991
-83.503804
-83.503804
-69.306631
-54.651484
-49.919093
-46.255306
-34.042684
-16.029067
-4.274418
2.747840
14.807804
31.447502
45.644675
55.872746
65.184871
79.229386
95.869084
107.165760
114.035359
122.889511
138.613262
148.078044
149.757279
155.710933
165.328373
171.739999
171.892657
170.366079
174.640497
180.441492
174.945813
163.954453
164.717741
169.755448
163.343821
147.620070
138.307946
140.445155
137.544657
122.584195
107.776391
101.364764
95.411111
84.419751
70.680551
60.910453
54.040853
42.438862
28.699662
21.830062
17.708302
7.174916
-6.106311
-12.670595
-12.670595
-17.402987
-29.157635
-38.011786
-39.080391
-39.996338
-45.492018
-52.361618
-54.956800
-54.804142
-57.857298
-61.521084
-64.268924
-64.879555
-66.406133
-70.527893
-71.291182
-70.527893
-74.039022
-78.924071
-78.771413
-76.634204
-76.023573
-79.076729
-82.587857
-82.740515
-79.687360
-77.855466
-79.687360
-81.213937
-79.534702
-75.718257
-72.817760
-71.749155
-69.306631
-65.490186
-62.131715
-56.483378
-51.598329
-49.308462
-45.949991
-41.370258
-35.263947
-29.310293
-24.425244
-21.982720
-19.082222
-13.433884
-6.564284
-3.511129
-2.900498
0.152658
4.885049
8.396178
10.533387
11.907307
13.281227
14.502489
16.334382
18.471591
18.624249
18.929564
20.608800
21.524747
21.524747
22.288035
22.898667
23.967271
24.119929
24.119929
25.646507
28.089031
27.631058
27.173084
27.631058
29.310293
29.615609
28.089031
26.562453
27.783715
29.615609
27.783715
25.799164
24.425244
23.051324
21.372089
19.387538
17.860960
16.029067
12.823253
7.632889
4.427076
3.511129
1.831893
-0.457973
-2.289867
-5.495680
-8.090862
-9.922756
-9.922756
-9.159467
-9.464782
-11.907307
-12.670595
-11.296676
-11.601991
-10.991360
-8.701493
-5.343022
-3.663787
-2.595182
-1.221262
1.221262
4.732391
7.938204
10.533387
11.601991
13.433884
14.349831
15.113120
18.318933
21.066773
21.219431
19.234880
19.540195
20.150827
19.845511
18.776907
18.471591
18.471591
17.250329
14.960462
12.365280
9.922756
8.701493
8.548836
6.564284
4.121760
3.511129
1.526578
-1.373920
-2.595182
-2.442524
-3.969102
-6.564284
-7.022258
-7.174916
-8.396178
-10.380729
-10.380729
-9.617440
-9.159467
-10.228071
-12.823253
-14.349831
-12.212622
-10.228071
-11.296676
-13.433884
-12.517938
-11.601991
-12.517938
-11.754649
-10.533387
-10.838702
-9.922756
-8.701493
-9.159467
-10.991360
-11.144018
-8.854151
-7.174916
-5.800996
-4.579733
-5.037707
-5.800996
-4.427076
-2.747840
-1.679236
-0.152658
0.152658
-1.221262
-0.610631
2.137209
4.427076
3.663787
4.427076
6.106311
6.411627
7.174916
7.785547
7.785547
7.632889
7.938204
8.243520
8.548836
8.396178
8.243520
8.701493
7.632889
6.258969
5.495680
4.885049
4.885049
3.969102
1.831893
-0.305316
-1.068604
-0.763289
-1.221262
-3.511129
-5.343022
-5.495680
-5.800996
-6.258969
-7.327573
-8.090862
-9.312124
-10.075413
-9.922756
-10.075413
-10.838702
-11.144018
-10.838702
-9.922756
-8.548836
-8.396178
-8.854151
-8.243520
-6.716942
-5.648338
-4.732391
-3.205813
-3.358471
-2.595182
-0.610631
1.221262
2.137209
2.900498
4.274418
4.579733
5.190364
6.106311
5.800996
5.190364
6.564284
8.243520
8.090862
8.701493
9.006809
7.785547
7.022258
7.022258
7.938204
7.632889
7.632889
6.564284
5.190364
4.732391
5.037707
5.343022
4.121760
3.053156
3.053156
2.747840
1.831893
1.221262
1.526578
2.442524
1.526578
0.763289
0.000000
0.457973
1.373920
1.373920
1.373920
1.831893
1.526578
1.679236
1.221262
1.221262
1.831893
2.747840
2.289867
1.831893
0.610631
0.610631
0.610631
0.610631
1.373920
1.679236
0.000000
-1.068604
0.000000
0.763289
0.610631
0.152658
0.763289
0.000000
-0.457973
0.610631
1.526578
0.610631
-0.305316
0.000000
1.679236
2.747840
0.152658
-1.679236
-1.984551
0.000000
2.137209
0.457973
-2.900498
-2.900498
-1.373920
0.000000
-0.763289
-2.747840
-3.358471
-3.969102
-3.816444
-4.274418
-3.969102
-3.969102
-4.427076
-5.343022
-4.885049
-3.816444
-4.732391
-5.343022
-5.037707
-3.969102
-4.732391
-6.869600
-7.480231
-6.411627
-4.885049
-5.343022
-6.106311
-6.106311
-5.495680
-4.274418
-3.358471
-3.053156
-2.900498
-2.442524
-0.305316
0.763289
-0.610631
-0.763289
1.526578
4.121760
4.427076
2.289867
0.915947
2.289867
3.969102
5.037707
4.121760
2.900498
3.663787
6.564284
7.022258
3.816444
2.442524
3.358471
5.495680
5.800996
2.747840
0.763289
3.053156
4.427076
3.816444
1.679236
0.610631
0.305316
1.221262
1.984551
0.763289
-0.457973
-0.305316
-0.763289
-0.915947
-0.305316
-1.068604
-2.289867
-1.526578
0.152658
0.152658
-1.984551
-2.137209
1.068604
2.900498
1.679236
0.152658
-0.152658
0.457973
1.984551
3.511129
2.747840
0.915947
0.610631
1.831893
2.595182
3.358471
3.511129
1.984551
1.831893
3.358471
3.358471
3.205813
2.442524
2.137209
1.831893
0.763289
1.679236
2.289867
1.221262
0.763289
1.373920
1.221262
1.526578
1.068604
-0.610631
-1.068604
-0.152658
-0.305316
-2.289867
-2.289867
-0.152658
-1.679236
-3.969102
-3.358471
-3.205813
-3.358471
-4.121760
-5.495680
-5.800996
-3.816444
-3.205813
-5.953653
-6.258969
-2.900498
-1.831893
-4.732391
-5.800996
-4.121760
-2.595182
-3.358471
-4.732391
-3.969102
-2.442524
-3.511129
-3.205813
-1.068604
-0.915947
-1.679236
-1.373920
-0.610631
-0.305316
0.000000
-0.915947
-0.610631
2.289867
3.358471
1.373920
0.305316
1.984551
3.358471
4.274418
4.121760
3.358471
2.442524
3.053156
4.274418
4.274418
4.427076
4.579733
3.663787
3.053156
3.511129
3.969102
2.289867
1.221262
2.442524
2.747840
1.221262
0.000000
-0.152658
-0.610631
0.152658
1.373920
0.305316
-1.679236
-0.915947
-0.305316
-1.373920
-2.137209
-0.763289
-0.152658
-2.289867
-3.358471
-2.137209
-0.763289
-0.610631
-1.221262
-1.526578
-1.831893
-1.984551
-1.679236
-0.457973
0.152658
-0.610631
-0.305316
0.457973
0.610631
0.000000
0.305316
1.221262
1.679236
1.679236
1.526578
1.221262
0.305316
1.984551
3.511129
2.289867
0.000000
0.305316
2.442524
1.984551
0.915947
1.526578
1.373920
0.763289
1.068604
1.526578
1.221262
0.000000
-0.610631
0.763289
1.068604
0.457973
-0.457973
-1.526578
-0.763289
0.305316
-0.610631
-1.831893
-1.831893
-1.526578
-2.289867
-2.289867
-1.679236
-2.442524
-3.205813
-2.900498
-1.679236
-2.747840
-3.205813
-2.595182
-2.595182
-1.526578
-0.915947
-1.526578
-2.289867
-1.831893
-1.068604
-1.221262
-1.984551
-1.068604
-0.610631
-0.305316
0.457973
0.610631
-0.457973
-1.221262
-0.305316
0.305316
-0.305316
-0.457973
0.152658
1.221262
1.373920
1.068604
0.000000
-0.763289
1.679236
2.900498
0.763289
-0.152658
1.526578
2.442524
2.289867
1.526578
0.457973
1.221262
3.816444
3.053156
0.763289
1.221262
2.595182
1.679236
1.221262
2.595182
3.205813
0.763289
0.305316
2.289867
2.289867
0.152658
-0.457973
0.457973
1.373920
0.915947
0.000000
-0.915947
-0.457973
0.610631
-0.610631
-1.373920
-1.221262
-0.610631
-1.984551
-2.442524
-1.526578
-0.915947
-1.373920
-0.763289
0.610631
0.305316
-0.610631
-1.068604
-0.305316
-0.152658
0.305316
0.152658
-0.152658
-0.457973
-0.763289
0.457973
1.221262
1.679236
0.610631
0.152658
0.610631
0.763289
0.457973
0.457973
0.915947
0.457973
-0.915947
-1.831893
-0.763289
1.068604
1.068604
-1.221262
-2.747840
-1.221262
0.457973
-0.152658
-1.831893
-1.831893
-0.763289
-0.152658
0.152658
0.457973
-0.915947
-1.373920
-0.610631
0.152658
0.305316
-0.915947
-1.373920
-1.221262
0.915947
1.526578
0.457973
-0.763289
-0.915947
0.152658
0.000000
-0.305316
-0.915947
-0.305316
-0.305316
-0.152658
-0.305316
-0.763289
-0.915947
-0.610631
-0.305316
-0.305316
0.000000
-0.915947
-1.984551
-1.068604
0.152658
-0.305316
-0.915947
-0.763289
-0.610631
-0.152658
0.457973
0.152658
0.000000
0.457973
1.679236
1.831893
1.679236
1.221262
0.152658
1.221262
2.289867
3.053156
2.289867
0.763289
0.763289
1.068604
2.747840
3.053156
1.373920
0.152658
0.610631
1.679236
1.526578
0.457973
0.000000
0.915947
1.526578
1.373920
0.763289
-0.152658
-0.457973
0.915947
1.068604
-0.457973
-1.526578
-1.526578
-0.763289
-0.915947
-1.068604
-1.831893
-1.679236
-0.763289
0.000000
0.457973
-0.152658
-0.610631
-0.305316
0.610631
0.152658
-0.305316
-0.305316
-0.152658
0.000000
0.457973
0.152658
-1.221262
-0.915947
0.610631
1.373920
0.305316
-0.305316
-0.915947
-0.915947
0.457973
0.152658
-0.763289
-1.221262
-1.068604
-1.068604
-0.305316
-0.305316
-1.068604
-1.526578
-0.610631
-0.305316
-0.457973
-0.763289
-1.373920
-1.526578
-1.221262
0.152658
0.152658
-0.763289
-1.373920
-0.763289
0.000000
0.305316
-0.457973
-1.221262
-1.221262
-0.763289
0.000000
0.152658
0.610631
0.152658
0.000000
-0.457973
0.763289
0.610631
0.457973
0.915947
0.763289
0.610631
0.152658
0.610631
0.457973
0.763289
1.068604
0.152658
-0.915947
-0.610631
-0.152658
0.000000
-0.152658
0.305316
0.457973
0.000000
-0.152658
-0.152658
0.152658
0.610631
0.915947
0.457973
0.000000
0.610631
0.763289
-0.305316
-0.610631
0.305316
0.457973
0.305316
0.457973
0.457973
0.152658
0.000000
0.305316
0.915947
1.373920
0.915947
1.221262
1.068604
0.915947
0.915947
1.679236
2.289867
2.442524
1.831893
1.679236
1.221262
0.763289
0.763289
0.763289
0.610631
0.305316
-0.152658
-0.610631
-0.152658
0.763289
0.763289
0.000000
-0.610631
-0.305316
0.000000
0.000000
-0.610631
-0.915947
-1.221262
-0.610631
0.000000
-0.763289
-1.221262
-1.373920
-1.068604
-0.610631
-0.763289
-1.373920
-1.679236
-1.526578
-0.763289
-0.457973
-0.763289
-0.610631
-0.915947
-0.610631
-0.610631
-0.610631
-0.763289
-0.915947
-0.763289
-0.763289
-0.457973
-0.763289
-1.068604
-1.221262
-0.915947
-1.526578
-1.373920
-0.915947
-0.610631
-0.610631
-1.068604
-1.068604
-1.373920
-1.068604
-0.763289
-0.610631
-0.610631
-0.457973
-0.457973
0.000000
0.152658
0.610631
0.610631
0.457973
1.526578
1.831893
2.137209
1.373920
0.763289
1.221262
1.221262
1.068604
0.610631
0.457973
0.305316
-0.152658
0.000000
0.152658
0.457973
0.152658
-0.152658
-0.152658
0.305316
0.152658
0.152658
-0.152658
-0.152658
-0.305316
-0.457973
-0.610631
-0.763289
-0.305316
0.457973
0.305316
-0.152658
-0.457973
0.000000
0.610631
0.915947
0.763289
1.373920
1.068604
0.915947
0.763289
1.221262
1.679236
1.526578
2.137209
1.984551
1.373920
1.831893
1.831893
1.068604
1.221262
1.373920
1.373920
1.221262
0.610631
0.457973
0.305316
0.763289
1.221262
0.763289
0.000000
0.000000
0.000000
0.152658
0.152658
0.152658
0.305316
0.152658
0.152658
-0.152658
-0.763289
-0.457973
-0.457973
-0.152658
-0.152658
-0.610631
-0.915947
-1.526578
-1.068604
-0.610631
-0.915947
-1.526578
-1.679236
-1.831893
-2.289867
-1.679236
-1.221262
-1.679236
-2.442524
-2.289867
-1.679236
-2.137209
-1.984551
-2.289867
-2.289867
-1.984551
-1.679236
-1.526578
-1.831893
-1.526578
-1.984551
-1.526578
-1.373920
-1.526578
-1.068604
-1.068604
-0.305316
-0.457973
-0.457973
-0.305316
0.152658
0.457973
0.457973
0.610631
0.305316
0.763289
1.221262
0.915947
0.763289
0.763289
1.373920
1.068604
0.763289
1.221262
1.526578
1.373920
1.679236
1.679236
1.221262
0.915947
1.068604
1.068604
1.679236
1.679236
0.915947
1.221262
1.068604
1.221262
1.526578
0.915947
0.915947
0.457973
0.000000
-0.152658
0.305316
0.305316
0.763289
1.068604
0.610631
0.763289
0.152658
0.763289
0.763289
0.457973
0.000000
-0.457973
0.000000
-0.152658
-0.305316
-0.152658
-0.457973
0.000000
0.152658
0.610631
0.305316
0.152658
0.610631
0.610631
0.610631
0.457973
0.457973
0.000000
0.763289
0.763289
0.915947
0.763289
0.763289
0.763289
0.305316
0.457973
0.610631
0.152658
-0.457973
-0.457973
-0.610631
0.000000
-0.152658
-0.457973
-0.457973
-0.305316
-0.305316
-0.610631
-0.457973
-0.457973
-1.068604
-0.610631
-0.305316
-0.915947
-1.679236
-1.679236
-1.526578
-0.763289
-0.763289
-1.831893
-1.679236
-1.831893
-1.831893
-1.526578
-1.679236
-1.526578
-1.526578
-1.373920
-1.068604
-1.526578
-1.679236
-1.679236
-1.373920
-1.068604
-1.068604
-0.457973
-0.915947
-0.763289
-0.915947
-0.457973
-0.305316
-0.457973
-0.305316
-0.305316
-0.152658
-0.152658
0.000000
0.610631
0.305316
0.763289
0.915947
0.763289
0.457973
0.610631
0.763289
0.610631
0.763289
0.610631
1.068604
1.068604
0.915947
1.373920
1.221262
1.068604
1.526578
1.068604
1.068604
1.526578
1.221262
1.221262
1.221262
0.915947
0.305316
0.152658
0.610631
0.763289
0.915947
1.068604
1.068604
1.068604
0.610631
0.305316
1.068604
0.763289
0.610631
0.457973
0.457973
0.610631
0.457973
0.763289
0.763289
0.763289
0.763289
0.457973
0.000000
0.457973
0.152658
0.152658
0.457973
0.763289
0.610631
0.152658
0.152658
-0.152658
0.152658
0.305316
0.152658
0.305316
0.457973
0.457973
0.457973
0.610631
0.305316
0.457973
0.305316
-0.305316
-0.610631
-0.152658
-0.152658
0.000000
0.000000
-0.152658
-0.763289
-0.915947
-0.915947
-1.221262
-1.221262
-2.137209
-2.900498
-2.137209
-1.984551
