5.340739
1.525926
27.924438
57.222208
68.208872
36.317028
-3.662221
-29.908141
-39.979249
-112.918490
-215.002910
-244.911050
-261.696231
-409.253232
-365.916946
440.382113
1528.061843
1517.380364
165.562922
-708.334639
171.056254
1604.052935
1814.172883
1096.530098
797.448691
939.054582
637.073916
21.515550
98.269605
830.713868
1098.971579
343.333248
-546.891716
-644.856136
-275.276969
-375.072499
-958.891614
-1202.276738
-852.992381
-566.728748
-849.177567
-1337.168557
-1539.506284
-1390.423358
-1136.967125
-906.094590
-710.776120
-547.349494
-500.350987
-660.420577
-853.755343
-683.309460
-35.554065
563.219119
620.746512
286.568818
117.343675
273.598451
464.644329
513.321354
583.361337
776.238326
826.593869
526.902091
124.362932
41.352582
198.217729
249.488827
144.047372
106.814788
105.136270
-93.997014
-413.678416
-553.300603
-424.665080
-249.183642
-197.759951
-243.995495
-255.745122
-274.056228
-376.598425
-425.275450
-173.192550
245.979198
384.838423
191.198471
66.530354
178.533289
310.068071
384.685830
501.419135
633.716880
622.882808
501.266542
387.737681
352.488801
401.928789
446.485815
378.734721
252.693271
201.116987
149.388111
-1.220740
-151.066629
-149.082926
-101.321456
-132.297745
-205.542171
-275.582154
-359.355466
-437.788039
-415.662119
-329.599918
-261.848824
-242.469569
-244.148088
-273.903636
-293.282890
-246.284383
-141.758483
-30.671103
25.635549
29.908141
-35.859250
-56.917023
-0.457778
61.647392
59.205911
64.394058
96.743680
18.921477
-168.156995
-300.759925
-278.634005
-289.315484
-443.281371
-643.940581
-278.328820
912.503477
1915.036561
1382.030768
-176.549586
-653.401319
524.002833
1738.334383
1881.008422
1632.435150
1435.895940
912.350884
113.071083
-55.238505
664.082798
1367.992253
1220.740438
316.476958
-484.176176
-613.116885
-434.125818
-591.143557
-928.678288
-970.488648
-755.790923
-782.036843
-1140.781939
-1513.260365
-1704.001058
-1625.568485
-1315.347821
-965.147908
-737.785002
-647.450210
-753.807220
-1044.801222
-1197.851554
-750.450184
117.191082
672.322796
581.225041
220.801427
74.312574
190.435508
380.718424
628.528733
941.801248
1106.296021
898.312369
425.428042
122.531821
182.653288
324.869549
265.053267
134.128856
120.395526
69.887390
-253.151048
-538.804311
-415.967304
-235.755497
-444.959889
-671.254648
-353.862134
55.543690
-163.274034
-589.922816
-434.736188
-5.493332
99.032568
100.100716
344.096211
465.254699
224.005870
104.525900
359.965837
638.599841
742.057593
728.934634
578.936152
396.435457
394.451754
505.233949
469.832476
384.685830
399.639901
299.234000
33.875547
-77.974795
-23.499253
-99.795531
-248.420679
-230.262165
-186.773287
-328.836955
-449.842851
-412.305083
-415.204341
-462.202848
-361.644355
-191.045878
-182.958473
-267.799933
-263.527342
-204.779208
-138.859225
-17.395551
104.525900
103.305160
40.131842
0.000000
-1.678518
20.142217
123.294784
193.182174
103.762937
-57.985171
-138.554040
-122.074044
-106.814788
-147.099223
-305.490294
-486.465064
-589.312446
-659.962799
-750.602777
-258.339195
1067.842698
2017.426166
1224.250066
-443.281371
-716.116859
706.961306
2013.763944
2124.088361
1745.506233
1422.772980
913.571625
242.927347
165.715514
889.614594
1574.602572
1343.424851
329.905103
-465.254699
-535.905052
-388.653237
-633.106509
-1000.854566
-1005.890121
-782.342028
-858.485713
-1305.581898
-1780.755113
-1970.275066
-1768.242524
-1359.599662
-1033.509373
-887.783483
-829.645720
-931.272361
-1221.198215
-1302.072269
-704.062047
248.878457
745.872407
540.788014
159.459220
97.048865
294.198445
517.288760
775.322770
1118.961204
1290.780420
992.156791
416.577674
134.128856
292.672520
463.881366
355.998430
190.130323
214.850317
289.620669
46.235544
-559.099120
-1009.552342
-777.459066
-146.794038
84.078498
-194.402915
-411.389527
-512.100614
-807.824985
-852.687196
-103.762937
728.629449
597.705037
-86.519979
-254.982159
83.468127
328.226585
520.798389
829.035350
935.087175
672.017611
385.753978
341.502137
465.865069
645.619099
682.699090
463.270996
245.826606
249.488827
180.516992
-128.482931
-285.653262
-112.765898
-19.379254
-190.282916
-337.687324
-422.681376
-596.179111
-681.936127
-486.770249
-270.851785
-261.238454
-326.395474
-378.582128
-465.102107
-450.148036
-208.136245
25.025179
51.118506
-28.077030
-78.127388
-127.872561
-82.399980
92.928866
209.967355
142.979224
47.761470
18.921477
-92.928866
-212.408836
-234.687349
-205.542171
-347.300654
-623.950956
-830.408683
-250.099197
1494.186296
3010.651104
2045.198010
-889.156816
-2027.344682
351.573246
3345.744354
3566.850966
1819.818807
612.201329
419.171748
155.644406
26.245919
904.416072
2119.052807
1933.805446
47.456285
-1512.497402
-1243.324136
-96.133309
-60.731837
-1032.899003
-1465.346303
-926.389400
-654.622060
-1333.048558
-2179.174274
-2313.760907
-1739.402531
-1115.298982
-816.064982
-820.337574
-877.102004
-1085.390841
-1474.807041
-1551.713689
-673.085759
712.302045
1263.161168
528.580609
-435.041373
-459.303590
248.420679
831.324238
1014.435304
1170.842672
1248.054505
819.879796
17.700736
-278.939190
272.377710
821.863500
595.263556
8.087405
-136.722929
44.099248
-47.151099
-510.574688
-839.259051
-697.653160
-212.561429
61.037022
-131.229597
-408.337676
-451.673962
-567.186526
-725.272412
-199.743654
789.056100
910.214589
-11.902219
-451.826554
90.182200
563.676897
573.442821
784.325731
1046.174555
737.479817
218.512538
209.814763
559.404305
767.082772
759.147960
516.983575
213.476984
148.777741
231.635498
21.057773
-235.297719
-90.182200
118.717008
-99.032568
-413.068046
-421.155451
-444.349519
-590.228002
-514.542094
-247.657716
-218.054761
-367.442872
-424.054709
-434.583596
-471.816179
-304.879924
-11.139256
25.177772
-146.031075
-222.785130
-176.091808
-95.675532
11.749627
74.617759
-9.613331
-129.093301
-146.794038
-152.897740
-187.383657
-231.788091
-304.422147
-522.782092
-825.373128
-1038.697520
106.967381
2797.326713
4185.766368
1289.101902
-2901.700020
-2430.646804
2235.328334
5000.000239
3090.914788
431.073967
187.536250
669.118352
-40.742212
-191.351064
1610.309230
3013.550363
1577.959608
-1335.032261
-2228.003891
-574.205783
705.130195
-268.105119
-1673.635140
-1424.604091
-373.851759
-617.236884
-1955.168403
-2599.261577
-2028.412829
-1182.744891
-819.116834
-835.139052
-869.014599
-896.786444
-1271.706351
-1790.521037
-1516.922586
61.494800
1588.488494
1281.167089
-311.136219
-1034.424928
-156.865146
887.630891
1039.613075
995.819012
1391.338914
1390.270766
336.161398
-651.265023
-173.802920
1090.578988
1245.155246
179.143659
-418.408785
45.014804
323.343623
-389.416200
-1102.938985
-789.208693
-59.053319
28.839993
-383.465090
-517.746538
-376.445832
-654.622060
-1064.943439
-527.207276
694.296124
1012.451600
7.629628
-737.937594
-254.829566
504.623578
641.041322
696.127234
983.153830
897.244222
319.833995
40.131842
492.263581
1005.737528
981.780497
587.633928
279.549560
264.442897
311.288812
142.826631
-65.157021
-24.262216
93.081458
-24.872586
-288.552521
-412.915453
-468.153958
-575.731709
-524.613203
-335.093250
-287.026595
-409.863602
-454.725813
-446.028037
-505.844319
-437.788039
-179.448844
14.801478
-76.601462
-240.943644
-251.014752
-122.684414
-18.616292
35.401473
16.937774
-28.382215
-76.601462
-142.368854
-278.634005
-268.868081
-308.694738
-512.253206
-1022.827894
-442.060631
2334.818679
4424.268531
2121.646880
-2568.895658
-3058.565166
1380.810027
4938.505440
3371.227311
439.771743
81.331832
713.675378
-37.537768
-603.656146
1306.039676
3173.619952
1980.040990
-1161.839711
-2394.177183
-755.027961
820.947944
61.647392
-1418.652981
-1386.150767
-395.062124
-481.582103
-1793.115110
-2472.609756
-1938.078037
-1054.719738
-756.706479
-885.952373
-972.624944
-859.553861
-1072.115289
-1692.709209
-1683.858841
-281.685856
1499.984813
1432.691496
-245.674013
-1168.858969
-289.620669
873.287190
950.956801
834.681274
1409.039650
1615.192191
433.820633
-837.122755
-358.745096
1208.838218
1523.331473
284.585114
-486.922842
47.151099
281.228078
-494.552470
-1013.824933
-385.448793
144.657742
-315.561403
-770.287216
-496.230988
-196.844396
-576.036894
-883.053114
-440.839890
368.205834
551.622085
48.371840
-395.977679
-201.269580
357.371763
630.207251
640.583545
751.976110
809.808688
482.497658
195.013285
438.093225
905.789405
906.094590
586.718373
358.897689
249.794012
194.402915
233.619201
240.485866
27.008882
-171.819217
-165.715514
-148.319963
-333.719917
-513.321354
-511.642836
-428.022116
-364.085835
-373.851759
-462.202848
-492.263581
-412.762860
-342.722878
-351.115468
-269.173266
-63.173318
-52.949616
-274.971784
-357.676948
-110.477010
132.145152
142.979224
-15.411848
-140.385150
-199.591062
-184.484399
-211.493281
-210.730318
-262.154009
-411.847305
-718.863525
-86.672571
2179.479459
3560.136893
1421.399647
-2403.180144
-2289.956468
1946.623220
4745.933636
2976.775557
408.948047
221.106612
638.294656
-49.745173
-209.509578
1725.364016
3064.668868
1497.085554
-1366.924105
-2106.997995
-459.150997
757.622034
-86.214793
-1328.318189
-1255.226355
-583.819114
-860.469416
-1928.159521
-2302.316465
-1781.365483
-1094.393802
-903.042739
-1004.059010
-1095.767135
-1054.872331
-1269.264870
-1709.494390
-1446.577418
-23.804439
1395.458913
989.257532
-572.374673
-1080.050102
-6.256295
995.971604
986.968644
926.694585
1425.367053
1348.612998
159.611812
-690.481310
113.223676
1455.122602
1343.730037
89.114052
-433.210263
116.428119
143.131816
-532.395423
-715.964267
-145.115520
-62.868133
-677.968720
-770.439809
-321.207328
-256.813270
-699.179086
-776.085733
-324.411771
162.511071
291.604372
60.884429
-216.528835
-151.371814
291.146594
605.639850
715.659081
840.327199
747.856111
371.868056
286.111040
700.705011
1004.364195
805.383504
561.388009
443.128779
236.060682
147.099223
342.875470
401.165826
39.216287
-253.761418
-225.379203
-184.026621
-327.158437
-441.297668
-468.001365
-509.811725
-477.919881
-422.376191
-451.673962
-496.383580
-436.109521
-379.345091
-392.925828
-280.770301
-104.373307
-164.494774
-341.044360
-271.919932
-49.439988
36.774806
-46.845914
-101.474049
-149.388111
-213.171799
-293.282890
-241.248829
-249.336234
-278.023635
-419.782118
234.076979
2174.138719
3197.882169
1200.140443
-2086.550593
-1667.989215
2243.263146
4541.917390
2667.317856
388.958422
363.475465
690.176125
-25.482957
-57.985171
1798.608442
2809.228932
1134.067866
-1397.137431
-1833.552137
-375.835462
515.610242
-300.302148
-1246.070802
-1086.916767
-650.654653
-1106.753799
-2078.615780
-2269.051288
-1689.962543
-1049.836776
-906.857553
-1059.602700
-1223.487103
-1204.260442
-1284.676718
-1554.460355
-1220.435252
78.737758
1250.648578
767.082772
-664.693168
-963.164205
169.377736
1060.976033
988.799754
970.946425
1448.408529
1279.946349
65.614799
-599.078370
314.951033
1551.713689
1290.627828
90.792570
-352.946579
81.331832
-54.475542
-813.318316
-539.109496
360.728799
179.296252
-1218.451549
-1448.713714
-291.299187
139.622188
-566.576156
-794.244247
-157.780702
-76.754055
-394.756939
-205.236986
343.333248
337.382138
65.614799
195.471063
563.676897
823.084240
807.824985
572.374673
436.567299
691.549458
920.285697
771.202771
560.930231
591.601335
399.792493
96.133309
224.158463
525.681351
261.085861
-291.299187
-342.417693
-193.792544
-298.165852
-431.836930
-324.106586
-382.396942
-656.453170
-677.358350
-457.625072
-366.069539
-411.389527
-421.918414
-375.988055
-327.311030
-249.946605
-202.337728
-243.995495
-225.836981
-108.645899
-67.751094
-94.912569
-101.321456
-110.324417
-312.509552
-412.610268
-312.509552
-132.145152
-213.476984
4.882962
1728.568460
3228.400680
2023.224683
-1493.270740
-2225.257225
1421.094462
4709.311423
3529.770975
571.153932
88.961459
799.127209
370.647315
-209.204392
1293.069308
2876.369656
1693.166987
-1143.528605
-2129.581693
-683.309460
604.724294
-36.622213
-1276.436720
-1295.815974
-720.389451
-903.958294
-1974.242473
-2404.706069
-1870.784720
-1132.084163
-950.651616
-1173.284153
-1289.407087
-1275.521165
-1309.091527
-1574.602572
-1347.697443
-183.111066
1064.790847
882.442744
-503.250245
-1060.670848
-41.657767
1038.544927
1042.817519
864.742007
1340.830778
1474.959634
399.639901
-535.599867
128.177746
1475.112226
1496.932961
315.408811
-271.614747
115.359971
110.782195
-717.947970
-1047.700480
-280.770301
301.828073
-281.685856
-1209.601181
-1235.999693
-570.390969
-178.380696
-71.871093
73.091834
240.028089
-223.548093
-771.660549
-416.272489
723.136117
1249.275245
610.217626
59.205911
221.259204
537.278385
481.734695
652.333171
1061.586403
999.328641
449.537666
189.367360
422.986562
608.386516
480.056177
287.179188
215.918465
119.327378
-42.573323
-274.361413
-379.192498
-358.287318
-359.355466
-454.268035
-520.798389
-539.414681
-668.965760
-763.267959
-637.989471
-401.623604
-363.933243
-413.525823
-358.439911
-299.081407
-305.185109
-195.318470
-36.469621
27.771845
-50.813321
-98.269605
-135.959966
-159.764405
-170.140698
-164.952552
-198.217729
-210.425133
-207.068097
-12.970367
1583.147755
3239.845121
2419.354955
-1128.879720
-2416.303103
1042.054556
4678.792912
3850.215340
721.305006
38.758509
816.522760
487.380620
-179.906622
1189.458964
2864.467437
1813.715105
-1074.861955
-2237.464629
-796.533135
643.025025
97.964420
-1279.946349
-1447.645566
-879.848670
-934.781990
-1882.229162
-2321.695720
-1853.389169
-1201.971553
-1025.421968
-1257.057466
-1349.986331
-1268.654500
-1228.675250
-1502.273701
-1405.835206
-312.814737
991.851605
891.598297
-487.990990
-1069.978993
-17.548144
1076.540473
1007.263453
788.140545
1286.355236
1473.433708
399.639901
-541.398384
181.432548
1578.112201
1514.328513
174.871068
-402.386567
172.429587
296.029556
-634.174657
-1104.312318
-323.038438
322.275476
-317.239921
-1308.786342
-1270.027833
-663.777613
-588.091706
-860.622008
-536.057645
141.911076
433.820633
588.244298
424.817672
-10.528886
-299.844370
487.380620
1464.125562
1578.112201
1228.980435
761.742033
33.875547
-402.539159
663.930205
1854.152132
1449.629270
164.342181
-338.755471
-266.731786
-168.004403
293.740668
757.622034
310.678441
-532.395423
-726.950931
-675.374647
-639.057619
-369.121390
-142.979224
-604.571702
-1034.730113
-746.635370
-498.977654
-725.119820
-770.287216
-402.539159
-250.556975
-246.284383
-87.282941
-124.973302
-357.219171
-214.392539
226.142166
331.278436
164.799959
119.937748
8.087405
-303.811776
-351.268061
-5.340739
89.114052
-116.580712
-215.155502
1053.193812
2800.836341
2722.403768
-195.623655
-2405.621625
-115.970342
3840.449416
4369.945581
1395.306320
-88.045904
577.562819
551.622085
-243.690310
732.291670
2805.871896
2430.189026
-462.050256
-2284.157951
-1281.777459
412.457675
484.786546
-786.919805
-1360.057440
-1026.947893
-932.645694
-1727.500312
-2294.839430
-1793.878073
-1089.053063
-990.325680
-1383.709286
-1435.590755
-1214.484143
-1169.469339
-1488.235186
-1538.132951
-594.042815
759.300552
1001.007159
-210.577725
-1104.007133
-401.318419
818.048686
1038.697520
839.564236
1233.710805
1514.481105
528.428017
-621.662068
-108.340714
1422.772980
1758.171415
479.903584
-445.875445
-101.168864
252.845863
-391.552495
-989.867902
-443.891742
297.250297
-121.158488
-1181.371558
-1386.761137
-685.903533
-315.713996
-545.060605
-495.620618
396.435457
891.750890
4.272592
-1006.805676
-372.783611
1181.371558
1422.315202
702.383529
617.084291
834.986459
195.471063
-182.958473
813.623502
1666.921067
1072.878252
169.377736
58.442948
134.281448
76.754055
330.362881
607.165775
267.647341
-224.921426
-429.700634
-469.985068
-418.408785
-301.675481
-389.263607
-642.262063
-575.121339
-483.870991
-801.721282
-994.598271
-542.619124
-183.263658
-402.233974
-464.339144
-154.118480
-155.491813
-455.488776
-289.773261
183.263658
318.308069
89.266644
-73.549611
-176.396993
-208.746615
-137.333299
-17.700736
-138.096262
-163.579219
-254.524381
330.057696
2283.089803
3422.651002
1462.599637
-2231.513520
-1762.138822
2609.943055
5000.000239
2750.633391
135.502189
393.993976
778.374621
-45.930359
129.398486
2293.160912
3059.938499
682.546497
-1993.774320
-1834.315100
-33.570362
677.663535
-420.850266
-1404.309281
-1172.978968
-928.983473
-1443.220382
-2249.366849
-2111.728364
-1498.458887
-1152.684158
-1249.275245
-1421.094462
-1341.288556
-1274.910794
-1400.952245
-1638.233667
-1131.626386
268.105119
1173.741931
336.466583
-1016.113822
-850.093122
580.919856
1213.415995
801.568690
931.882731
1598.254418
1237.220433
-244.605865
-545.518383
922.727178
1952.269145
1043.885667
-303.659184
-225.074018
366.985094
-103.457752
-1044.496037
-797.296098
226.752536
207.220689
-940.427915
-1503.647034
-955.687170
-480.208770
-706.350936
-798.059061
-192.266619
283.669559
499.588024
222.022167
-142.063668
-218.054761
403.454715
1246.223394
1497.543332
1580.401089
1144.291568
177.159956
-467.543588
553.910974
1886.959531
1662.343291
550.706530
-49.592580
-302.896221
-452.436925
139.317002
857.722750
548.722827
-448.011741
-802.179060
-771.050179
-713.827971
-434.431003
-170.598476
-464.644329
-935.697545
-849.330159
-723.441302
-795.312395
-680.105016
-369.731760
-352.488801
-374.919907
-155.339221
-134.739226
-384.228053
-272.377710
175.481438
328.379178
186.620694
161.442923
86.825164
-155.796998
-226.599944
-31.891844
37.690361
-151.829592
-192.724397
-126.041450
1302.835232
3034.302950
2688.070443
-702.230937
-2683.950444
417.645822
4410.077423
4198.126365
925.321252
-59.511096
753.807220
463.881366
-254.066604
1117.435278
3059.480722
2139.500209
-949.125690
-2353.740156
-853.755343
774.102030
395.977679
-1172.826375
-1466.414451
-890.530149
-947.294580
-1898.709158
-2330.393495
-1705.374391
-1197.088592
-1218.756734
-1449.934455
-1367.992253
-1209.448588
-1306.344861
-1629.993669
-1552.476651
-463.270996
937.223471
916.623476
-488.601360
-1179.387855
-159.306627
1056.093071
995.056049
802.942023
1369.212993
1547.288505
363.017688
-688.650199
171.208846
1697.286986
1667.684030
245.216235
-438.093225
81.484424
182.042918
-646.839839
-1000.549381
-197.759951
383.465090
-368.663612
-1358.836700
-1255.073762
-512.100614
-217.139205
-480.819140
-472.426549
-150.608851
87.435534
457.014701
599.688740
390.789533
-54.322949
133.365893
853.602751
1242.866358
1222.876733
796.227950
229.346610
-137.791077
408.795454
1226.996732
1188.696001
463.728774
-92.623681
-243.537717
-124.668117
258.796973
527.665054
182.500695
-444.196927
-588.549483
-557.420602
-545.518383
-460.066552
-368.663612
-609.912441
-915.707921
-739.005742
-477.614696
-506.454689
-602.435406
-473.036920
-320.444365
-215.002910
-58.748134
-8.850368
-198.217729
-216.071057
12.512589
148.930333
53.559987
-29.602956
-97.201457
-231.025128
-330.057696
-114.902194
-36.317028
581.835411
2385.479407
3262.276227
1245.155246
-2073.427633
-1389.812988
2697.225997
4844.050649
2761.162277
309.610293
456.709516
802.179060
74.770352
160.832553
2101.199478
2961.363709
829.645720
-1841.639543
-1834.467692
-111.850343
542.008754
-538.651718
-1414.227797
-1056.856034
-886.104965
-1539.811469
-2413.861623
-2291.634986
-1558.580354
-1090.273803
-1180.456003
-1496.322591
-1500.900368
-1401.104837
-1532.334434
-1668.599586
-981.475312
404.828048
1048.005666
75.380722
-1031.525670
-650.044283
668.813167
1160.618971
793.481284
1040.833816
1607.562564
1116.977500
-215.002910
-317.239921
1092.562692
1834.772878
875.270894
-218.512538
10.986664
452.894702
-244.911050
-1056.245664
-475.630993
603.961331
227.820684
-1179.998225
-1467.024821
-617.694661
-320.596957
-779.137584
-576.036894
247.962901
135.197003
-747.856111
-834.376089
128.940709
785.546472
661.793910
540.788014
623.187993
534.531719
363.170280
538.346533
981.017534
1153.752306
905.331627
527.970239
296.334741
288.857706
337.992509
378.276943
414.136193
287.179188
-83.468127
-411.694713
-372.173241
-253.151048
-399.792493
-553.758381
-414.899156
-369.579167
-749.076851
-982.085682
-681.630942
-345.469544
-410.321380
-530.564313
-401.623604
-309.305108
-391.399903
-382.396942
-153.202925
59.663689
71.108130
-77.364425
-164.799959
-191.198471
-130.924412
-73.854796
-40.894805
-62.105170
89.877015
1777.092892
3452.711735
2586.443802
-1023.285672
-2287.972765
1262.245612
4736.625490
3884.090887
775.170178
236.518460
1016.113822
355.998430
-382.244349
1300.088566
3242.439195
1890.163975
-1418.500388
-2397.076442
-608.233923
586.870965
-266.121415
-1476.943337
-1175.878226
-735.343521
-1357.463367
-2387.157926
-2445.753467
-1610.156637
-1177.709337
-1261.177465
-1422.925572
-1327.250041
-1329.538929
-1616.718117
-1793.572888
-1231.727101
48.677025
1006.042713
477.919881
-835.444237
-1017.792340
234.534757
1268.959685
984.069385
781.884250
1373.638177
1408.581872
205.999949
-506.912467
668.813167
1929.532854
1352.580405
-91.402940
-291.909557
441.297668
276.650302
-648.823543
-659.962799
248.725864
296.029556
-799.737579
-1253.547837
-457.472479
-30.823696
-712.912416
-1081.576028
-274.819191
375.072499
-155.796998
-742.820556
-381.176202
224.768833
213.476984
137.485892
545.213198
787.835360
450.300629
137.028114
406.964343
860.011638
939.054582
763.267959
589.007261
443.586556
315.713996
296.182149
430.158412
423.291747
143.589594
-151.829592
-202.337728
-172.582179
-372.478426
-585.650225
-468.153958
-308.542146
-488.296175
-777.611659
-699.484271
-459.761367
-537.736163
-733.207225
-554.979121
-214.850317
-173.039957
-393.231013
-472.426549
-299.539185
-155.034036
-204.474023
-240.333274
-136.417744
27.619252
-24.567401
246.894753
1993.621727
3442.335441
2293.313504
-1005.737528
-1531.876657
1994.537282
4819.635840
3613.696880
867.030896
480.819140
1045.716777
531.479868
205.999949
1676.839583
2825.861520
1255.836725
-1473.433708
-2012.390611
-487.685805
387.585089
-415.356934
-1542.100358
-1517.227771
-1261.635242
-1555.681095
-2244.026109
-2415.082363
-1877.041015
-1399.731504
-1277.657460
-1494.186296
-1552.018874
-1436.353717
-1475.875189
-1585.894421
-1120.029351
73.549611
943.174581
344.248803
-808.587947
-771.202771
426.953968
1218.604142
924.558289
909.909404
1419.263351
1222.418956
85.909608
-324.259179
882.900521
1839.655839
1116.824908
-115.970342
-176.702178
446.333222
208.899207
-540.635421
-460.066552
162.816256
10.223701
-833.307941
-947.294580
-325.022141
-315.103625
-917.386439
-866.267933
-30.976289
220.801427
-445.570260
-747.398333
-235.755497
250.099197
196.539210
181.890325
508.133207
577.868005
262.611787
148.930333
585.497632
1028.626411
922.727178
549.028012
403.149529
486.617657
504.013208
435.651744
449.385074
400.097678
131.687375
-149.540704
-224.921426
-173.039957
-270.851785
-453.047295
-520.188019
-537.583570
-607.928738
-682.393905
-627.460585
-573.442821
-686.666496
-683.767238
-463.118403
-298.165852
-419.934711
-608.996886
-485.549509
-233.161424
-177.312549
-227.515499
-202.185135
-100.558494
-102.084419
180.669585
1856.593613
3480.788765
2779.320791
-348.826580
-1571.703313
1405.530021
4617.908483
4221.320433
1545.609986
641.651692
1093.936025
698.873900
230.109572
1446.272233
2799.920786
1638.691445
-1109.042687
-2056.642452
-751.670924
221.411797
-411.694713
-1534.012952
-1600.543306
-1315.653007
-1540.574432
-2177.343163
-2514.267524
-2164.220203
-1683.706248
-1407.666317
-1451.918158
-1517.075179
-1424.909276
-1475.875189
-1665.242549
-1343.577444
-168.614773
977.202720
708.029454
-523.392463
-836.207200
210.119948
1184.576002
1010.010119
840.784976
1350.596702
1333.353743
233.619201
-463.881366
535.905052
1660.817365
1170.690080
-55.391097
-229.194017
429.242856
267.799933
-636.005768
-739.310927
29.602956
231.025128
-557.573195
-986.968644
-578.783560
-489.974693
-917.081254
-799.584987
99.185161
441.297668
-216.528835
-698.873900
-360.423614
191.198471
372.173241
469.985068
661.336132
616.016143
271.309562
147.099223
506.759874
937.681249
906.399775
612.659107
481.887288
469.222106
336.008805
216.986613
370.342130
480.208770
209.814763
-165.105144
-257.881417
-192.571804
-323.191031
-482.497658
-445.417667
-427.259153
-601.977628
-785.546472
-699.484271
-573.290228
-619.830957
-666.676871
-584.734670
-439.313965
-448.469518
-539.719866
-558.488750
-394.604346
-316.171773
-245.368828
-271.156970
-174.565883
-105.136270
815.912390
2850.581514
3585.162072
1357.921144
-1572.924054
-422.681376
3406.781376
4930.723220
2696.920812
640.583545
1007.568639
1242.561173
391.094718
624.561326
2446.516429
2698.141552
210.272540
-2040.772826
-1389.965581
203.100690
148.319963
-1207.770070
-1782.738816
-1240.730062
-1253.700429
-1967.986178
-2534.867518
-2229.987594
-1699.575874
-1511.734439
-1483.810002
-1438.337420
-1377.300399
-1467.940376
-1649.983294
-1490.829259
-617.084291
521.256167
893.887185
14.954070
-751.823517
-260.933269
853.755343
1222.266363
905.331627
1134.525644
1447.035196
797.296098
-260.170306
-60.884429
1200.903405
1470.534450
370.952500
-410.321380
-50.965913
219.580686
-518.662093
-1042.664926
-297.860667
498.367284
-59.358504
-1222.418956
-1225.775992
-535.294682
-502.334690
-708.945009
-108.951084
556.352454
-18.158514
-927.610140
-624.866511
438.245817
879.390893
663.472428
526.902091
533.921349
378.276943
316.934736
629.291696
1042.664926
1084.627879
652.485764
283.516967
309.762886
462.965811
368.053242
200.354024
255.287344
215.002910
-116.275527
-380.413239
-336.771768
-310.373256
-466.475440
-495.468025
-359.202874
-431.684337
-733.817595
-854.976084
-674.611684
-499.282839
-488.296175
-465.559884
-438.856187
-457.319886
-511.948021
-480.819140
-367.442872
-258.491788
-224.311055
-162.511071
-171.666624
-189.977731
-250.099197
607.165775
2681.966741
3566.698373
1513.260365
-1570.329980
-783.867953
3091.525158
4916.379520
2920.163719
789.513878
1036.561224
1219.824882
308.542146
477.767289
2347.026084
2814.874856
477.309511
-1870.937313
-1467.635191
69.429612
153.355517
-1093.783432
-1754.051416
-1258.888576
-1168.706376
-1806.543255
-2482.528272
-2394.024591
-1909.238044
-1581.774422
-1384.319656
-1333.658928
-1321.756709
-1415.906315
-1642.506259
-1614.124043
-793.176099
536.820607
1126.590831
233.924386
-749.839814
-384.685830
757.927219
1192.510815
902.737554
1189.611556
1613.055896
903.500516
-350.047320
-257.881417
1146.275271
1559.495909
392.773236
-515.152465
-121.768859
202.948098
-578.020597
-1272.927091
-701.620566
70.955538
-298.928815
-1275.521165
-1323.587819
-693.075383
-616.931699
-945.310876
-293.893260
1312.753748
1309.244119
-506.607282
-1516.159623
75.228129
1805.322515
1570.787758
894.802741
885.189410
529.953942
-390.484347
38.300731
1560.869242
1885.128421
635.853175
-249.336234
-167.851810
165.410329
379.039906
525.986536
385.143608
-88.351089
-376.445832
-505.233949
-442.060631
-349.131765
-447.401370
-715.506489
-747.093148
-467.543588
-546.739123
-936.002730
-943.937543
-579.241338
-481.582103
-495.620618
-251.777715
-78.585166
-428.174708
-708.334639
-345.164359
109.714047
93.539236
-276.802894
-246.894753
-185.857732
-214.239947
-235.145127
973.540499
3173.314767
3524.430236
877.864967
-2037.263198
-513.168761
3515.579867
4878.536566
2472.609756
481.276917
920.590882
1062.501958
149.388111
537.430978
2437.666061
2551.347514
138.859225
-1841.181765
-1177.861930
101.779234
-4.425184
-1120.639722
-1640.064778
-1106.753799
-932.493102
-1539.506284
-2464.064573
-2521.897151
-1816.461771
-1217.383401
-1093.936025
-1273.995239
-1321.146338
-1333.964113
-1569.567018
-1629.383299
-722.830932
798.669431
1359.447070
114.291823
-1009.552342
-373.546574
979.644201
1251.564134
747.856111
1091.952321
1564.073686
773.949437
-495.162840
-270.699192
1152.226380
1397.595208
147.709593
-591.296149
-43.946656
196.996988
-720.542043
-1400.036689
-753.349442
7.477035
-328.684363
-1188.696001
-1234.778953
-804.620541
-786.614619
-982.848645
-73.091834
1358.226329
821.253129
-981.170127
-1173.436746
984.069385
2003.540243
1043.580482
627.307992
1086.153804
623.035401
-156.254776
790.887211
1979.278027
1283.150792
-80.568869
-35.401473
506.454689
489.364323
245.521420
227.973277
70.650353
-200.354024
-242.316977
-365.459168
-339.823619
-316.019181
-611.743552
-997.802715
-745.109445
-249.031049
-549.180604
-1075.777511
-868.251636
-421.155451
-508.285800
-588.091706
-262.764379
-133.213300
-514.236909
-503.097653
24.414809
211.340688
-82.094794
-243.537717
-91.708125
-103.610345
-233.466609
-74.312574
121.005896
361.033984
1874.904719
3326.670285
2399.365330
-838.038310
-1734.366977
1603.289972
4587.389972
3778.039062
1073.030845
433.973226
944.853099
445.417667
-56.764430
1274.300424
2817.011152
1616.565524
-1341.746333
-2219.763893
-487.075435
515.457650
-562.913934
-1773.278078
-1285.744866
-738.395372
-1337.015964
-2234.412778
-2348.246824
-1741.386234
-1409.802613
-1300.851529
-1201.361183
-971.251611
-958.281243
-1444.898900
-1767.632154
-1044.648629
393.993976
1209.295996
601.672443
-468.001365
-527.512462
322.580661
961.943465
795.007210
863.368674
1427.350757
1189.916741
-41.962953
-638.752434
394.909532
1272.621906
594.042815
-416.425082
-293.130298
255.897714
-269.631044
-1318.552265
-1258.278206
-280.770301
20.447402
-732.139077
-1201.971553
-726.645745
-322.275476
-130.924412
167.851810
420.850266
83.773313
-444.807297
-144.047372
558.336158
1043.275296
932.493102
434.125818
59.663689
231.330313
762.047218
935.697545
711.233897
547.502086
418.256192
280.007338
395.977679
590.533187
518.204316
185.247361
86.519979
61.342207
-118.564415
-161.748108
-161.442923
-371.562871
-719.931673
-716.574637
-453.199887
-431.989522
-634.327250
-761.436848
-711.996860
-613.574662
-522.476907
-407.727306
-314.798440
-295.571778
-346.079914
-425.275450
-333.872510
-158.543664
-146.336260
-204.474023
-318.155477
-219.122909
-116.580712
881.832374
2810.754857
3402.813970
1211.432292
-1644.642554
-585.345040
3230.384383
4881.588417
2815.027449
728.476856
876.186449
1030.762707
236.976237
484.481361
2200.689824
2502.670489
234.534757
-1930.601002
-1432.233718
25.635549
-36.927398
-1404.156688
-1944.944702
-1177.556745
-926.847177
-1660.054402
-2448.652725
-2339.396456
-1843.165468
-1572.466276
-1312.601155
-989.104939
-831.476830
-1126.285646
-1654.255885
-1646.015887
-573.595413
874.965709
1347.544850
376.445832
-487.685805
-99.490346
804.010171
1008.179009
745.109445
1172.368598
1623.279597
922.879771
-340.128804
-360.271022
793.023507
1027.863448
1.068148
-562.456157
30.213326
227.057721
-784.783509
-1496.475184
-855.128676
-59.663689
-316.782144
-885.342002
-808.893132
-567.949489
-925.626437
-930.661991
4.577777
817.133130
464.796922
-410.016194
-374.767314
219.275501
685.598348
837.122755
885.647187
771.813142
463.576181
413.220638
630.665029
830.866460
804.162763
650.044283
516.830983
464.033959
368.663612
240.943644
148.930333
144.657742
57.069615
-125.125895
-124.210340
-137.485892
-404.828048
-756.859071
-680.257609
-356.761393
-359.355466
-615.863551
-670.033908
-538.346533
-543.992457
-642.719840
-497.451728
-228.431054
-182.348103
-308.236960
-432.752485
-363.628058
-265.205860
-218.665131
-187.994027
-120.548118
-112.918490
-219.275501
30.671103
1824.854362
3613.086510
2810.907450
-481.734695
-1787.469186
1339.915223
4586.627009
4080.172320
1410.107798
674.306499
1182.287114
580.156893
-61.647392
1174.199708
2643.055640
1456.190749
-1272.164128
-2064.729857
-585.497632
181.585140
-907.010145
-2133.091322
-1731.772903
-926.084214
-1185.186372
-2078.768373
-2510.757895
-2162.236500
-1787.926963
-1419.568536
-992.461976
-673.848722
-778.222029
-1327.097448
-1687.215877
-1126.743424
291.909557
1406.445577
1116.214538
-12.359997
-314.493255
413.220638
1007.110861
840.937569
896.481259
1496.322591
1380.962620
190.740693
-587.176150
163.274034
969.115315
360.576207
-624.866511
-409.405824
292.062150
-226.294759
-1465.193710
-1595.507752
-641.193915
-204.016246
-743.430926
-1017.181970
-612.811700
-532.242831
-1021.607154
-674.459092
1249.580430
2203.436490
577.105042
-1243.476728
-443.128779
1389.812988
1498.458887
941.801248
1193.426370
951.261986
-392.925828
-537.736163
950.346431
1499.527035
425.733228
-204.931801
92.013310
213.629577
66.225169
85.451831
71.565908
-140.537743
-110.171824
-91.250348
-281.838449
-368.511020
-511.948021
-912.503477
-891.140519
-154.576258
82.705165
-626.087252
-1015.503451
-640.583545
-438.093225
-458.540627
-86.977756
258.491788
-154.118480
-622.272438
-349.284358
84.078498
26.703697
-296.487334
-243.537717
-143.437001
-200.354024
-311.288812
603.808739
2908.414092
3763.847954
1360.972995
-1954.100255
-1017.181970
3171.941434
4963.530619
2656.483785
368.053242
849.940530
1266.823389
267.494748
156.254776
1844.386209
2334.971272
226.294759
-1795.556591
-1252.479689
136.417744
-163.121441
-1691.793654
-2284.920914
-1181.676744
-471.053216
-1170.690080
-2393.109035
-2656.788970
-2005.523946
-1431.470756
-1010.010119
-722.983524
-628.528733
-971.099018
-1527.909250
-1577.044053
-571.611710
956.907910
1549.424800
544.908013
-465.407292
-21.973328
952.177541
1001.617529
504.318393
934.781990
1582.842570
988.189384
-249.488827
-391.857680
533.158386
606.250220
-375.682870
-718.100562
99.948123
392.773236
-716.879822
-1665.700327
-1154.210084
-318.613254
-385.448793
-760.979070
-547.502086
-319.376217
-756.553886
-901.211628
-156.559961
634.937620
486.465064
116.885897
474.105067
899.533110
640.583545
198.370321
497.299136
1087.069360
1146.885641
858.943490
658.742059
455.793961
164.342181
144.047372
493.331729
716.727229
460.219145
-44.099248
-387.737681
-315.256218
-121.005896
-84.841460
-182.042918
-283.211782
-403.302122
-653.553912
-722.220561
-569.475414
-454.420628
-466.628032
-422.833969
-338.145101
-426.648783
-546.586531
-451.368777
-240.485866
-127.872561
-81.026647
-78.890351
-154.576258
-248.573272
-228.125869
-177.770326
-64.241466
-87.435534
-199.133284
-305.490294
1020.386413
3343.760651
3541.062824
491.653211
-2294.839430
-175.023660
3951.384204
4739.982526
2014.526907
424.970265
1125.217498
971.709388
-155.339221
319.223624
2259.285365
2151.860206
-442.518409
-2089.449851
-943.021988
299.386592
-578.325782
-2207.861674
-2137.058728
-759.910922
-515.457650
-1608.020341
-2638.325271
-2474.898644
-1856.135835
-1422.467795
-1001.617529
-592.669482
-446.943593
-971.251611
-1658.833662
-1531.724064
-164.036996
1315.653007
1383.098916
217.139205
-304.574739
435.346559
1065.858994
692.465013
372.325833
1157.872305
1658.528477
751.060554
-408.185084
-167.851810
656.910948
205.084394
-792.718322
-576.494672
510.269503
290.078446
-1292.458938
-2014.221722
-1098.818986
-282.754004
-536.668015
-888.393853
-473.952475
-304.879924
-577.257634
44.557026
933.256064
793.176099
-351.878431
-242.774755
949.583468
1382.946323
931.119769
518.662093
404.675455
151.829592
426.191005
1028.168633
997.039752
296.945111
-113.071083
-8.545183
309.915479
532.548016
410.473972
-53.254802
-350.352506
-99.948123
-76.143685
-259.559936
-304.879924
-372.173241
-741.142038
-871.303487
-346.232507
-143.131816
-589.770224
-921.659030
-630.054658
-311.593997
-251.472530
-222.022167
-213.629577
-272.377710
-247.352531
-91.402940
-53.254802
-13.428145
-66.377761
-195.013285
-265.358453
-216.376243
-117.648860
-122.074044
1508.224811
3661.916127
3258.308820
-323.191031
-2377.544595
729.850189
4522.080358
4255.958943
1255.226355
440.992483
1405.682614
959.959762
-223.853278
526.139129
2231.818705
1627.704781
-801.721282
-1694.692912
-327.158437
205.084394
-1237.830804
-2614.826017
-1805.169922
-276.497709
-390.636940
-1766.869191
-2744.834874
-2463.301610
-1856.135835
-1289.864865
-764.793884
-455.488776
-577.715412
-1167.943414
-1607.257379
-1209.753774
112.002935
1219.672290
1002.380492
45.625174
36.469621
870.235339
1049.684184
274.208821
121.768859
1198.614517
1704.001058
760.368700
-297.555482
-77.059240
363.780650
-271.309562
-933.866435
-263.679935
753.502035
101.931827
-1561.479612
-1780.602521
-450.605814
-25.940734
-941.801248
-1172.521190
-90.334792
208.746615
-783.104991
-968.810130
81.026647
612.964292
108.340714
348.521395
1156.498972
945.310876
-15.564441
-21.973328
904.721257
1300.241159
1078.066399
831.934608
598.773185
209.356985
118.564415
371.715463
580.919856
505.539134
185.094769
-162.358478
-250.099197
-90.639977
-198.828099
-433.515448
-359.965837
-176.091808
-390.942125
-686.513904
-565.202823
-436.719892
-634.174657
-661.946502
-254.676974
-86.672571
-381.481387
-543.382087
-320.902143
-126.194043
-105.288863
-77.974795
-54.017764
-129.551079
-150.608851
-107.730344
-78.279981
-107.425159
-212.103651
-343.791026
-79.195536
1996.978763
3940.244947
2765.740054
-1087.527137
-2341.990529
1405.530021
4814.752878
3806.116092
795.464988
463.728774
1423.993720
713.065008
-330.515473
698.568715
2257.454254
1212.195254
-1151.158233
-1522.263326
6.714072
163.426626
-1638.538852
-2813.348931
-1573.381831
46.845914
-331.278436
-1955.320996
-2873.775582
-2368.541634
-1666.768475
-1185.644150
-734.427966
-364.238428
-488.296175
-1252.632281
-1696.829208
-1058.839737
380.108054
1178.014522
663.319835
-60.274059
295.419186
1069.673808
841.242754
-35.401473
119.174785
1320.993746
1613.208488
599.383555
-189.367360
146.488853
273.445858
-563.371712
-914.944958
56.154060
869.777562
-95.370347
-1638.233667
-1730.552163
-739.463520
-375.225092
-800.653134
-731.986485
-169.835513
5.340739
144.962927
333.567325
137.180707
-473.189512
-259.559936
940.275322
1570.177388
1160.618971
334.788065
-202.185135
-245.216235
511.795428
1353.190775
1201.055998
412.152490
-50.050358
-72.939241
56.459245
419.629525
661.946502
301.980666
-187.078472
-28.534808
159.306627
-199.743654
-566.270970
-546.433938
-411.084342
-361.491762
-187.231065
-237.586608
-707.724269
-1008.789379
-738.395372
-285.958447
-95.065162
-88.198497
-228.431054
-432.447300
-390.789533
-97.048865
40.131842
-110.629602
-178.380696
-101.474049
-18.005921
-100.558494
-201.727357
-430.311004
-17.853329
2071.749115
3785.363504
2470.168275
-1136.051570
-1839.198062
1703.238095
4539.018132
3264.565115
733.512410
840.174606
1729.026237
866.420526
-288.094743
616.168736
1996.978763
1091.952321
-892.056075
-1066.774550
235.755497
93.539236
-1871.089906
-2964.415560
-1562.547760
160.527368
-181.279955
-1912.747673
-2854.396328
-2377.544595
-1764.885488
-1432.233718
-970.793833
-372.478426
-390.179162
-1221.808585
-1728.568460
-1071.657512
227.820684
752.586480
289.010299
19.379254
658.894651
1243.171543
677.968720
-238.502163
1.220740
1172.368598
1567.278129
828.424979
215.002910
348.979173
178.685882
-672.017611
-873.287190
183.111066
1075.930103
287.026595
-1189.611556
-1548.967023
-829.035350
-413.525823
-632.038362
-564.439860
-164.036996
-234.382164
-749.839814
-739.158335
-129.398486
154.423665
-22.583698
225.836981
871.608672
941.648655
260.628083
-153.965888
263.374749
876.186449
1166.722673
1093.936025
766.624995
319.223624
87.435534
246.742161
502.029505
601.825036
504.318393
247.047346
-27.161475
-111.850343
-80.416276
-184.636991
-362.712502
-325.174734
-152.592555
-177.159956
-401.471011
-600.146518
-713.065008
-693.533161
-448.164333
-165.257737
-146.031075
-369.426575
-518.509501
-482.650250
-337.992509
-190.435508
-106.509603
-150.608851
-169.682921
-128.177746
-77.974795
-204.474023
-345.774729
-429.242856
205.389579
2253.486848
3766.594620
2275.765361
-1343.577444
-1941.587666
1821.497325
4759.972151
3140.354775
310.983626
704.672418
2061.525414
1073.793807
-534.379127
354.472505
2020.478017
1091.341951
-981.780497
-897.854592
693.990939
357.982133
-2076.479484
-3276.009557
-1564.378871
553.910974
178.838474
-1909.085452
-2943.357787
-2198.400935
-1549.729985
-1688.436618
-1410.565576
-366.679909
-121.158488
-1284.066348
-1972.563954
-1023.285672
289.010299
264.442897
-463.881366
-231.330313
897.701999
1421.857425
591.601335
-408.490269
-219.428094
808.740540
1264.839686
881.069411
660.267984
834.681274
433.362855
-625.782067
-853.602751
260.780676
1105.685651
356.456208
-846.430901
-904.110887
-286.416225
-332.346584
-963.469390
-958.128651
-293.435483
144.505149
307.931775
315.561403
-137.028114
-899.227925
-815.149427
356.761393
1201.666368
925.626437
273.140673
-74.617759
-245.063643
-4.730369
702.536122
983.153830
458.998405
82.247387
397.045827
642.872433
355.388060
94.912569
156.407369
206.762912
330.362881
611.896144
506.912467
-190.130323
-703.604270
-495.468025
-89.266644
6.866665
-93.844421
-219.122909
-479.903584
-717.795377
-557.115417
-237.739200
-227.820684
-407.574714
-338.908064
-65.919984
-1.983703
-168.614773
-281.838449
-270.546599
-174.871068
-22.278513
141.148113
150.303666
-38.300731
-263.679935
-377.208795
149.998481
1526.383325
2640.461566
1815.851401
-468.001365
-1172.978968
909.299033
2982.268889
2307.046834
432.294707
328.073993
1440.931494
1337.473742
152.592555
-37.537768
821.253129
822.626462
-232.093276
-545.518383
418.408785
865.352378
-427.564338
-2055.116527
-1972.106177
-445.112482
401.165826
-407.879899
-1560.564057
-1622.364041
-1093.325654
-1138.187865
-1515.244068
-1185.796742
-431.836930
-461.745070
-1156.956750
-1184.423409
-338.602879
58.748134
-589.770224
-1101.718245
-509.506540
435.499151
555.284307
-31.891844
-316.476958
-62.715540
108.340714
-67.598502
-90.334792
329.599918
636.463546
308.847331
-223.853278
-192.876989
302.896221
436.872484
-9.308146
-299.996963
4.272592
397.045827
267.036971
-114.291823
-155.339221
44.557026
40.437027
-129.856264
45.777766
563.066527
741.142038
258.491788
-332.193992
-285.195485
244.300680
545.365790
377.971758
155.186628
198.217729
310.373256
299.996963
235.755497
248.268086
276.650302
245.063643
245.521420
372.173241
522.171722
449.690259
171.361439
-5.951110
124.820710
344.248803
319.223624
88.961459
-50.050358
2.594073
57.374801
-3.509629
-78.737758
-118.564415
-171.514031
-225.531796
-201.574765
-140.842928
-186.925879
-295.571778
-316.629551
-233.008831
-172.734772
-189.977731
-193.029582
-164.952552
-148.777741
-136.265151
-54.933320
65.309613
84.231090
1.220740
-20.905180
105.136270
228.431054
200.354024
112.155528
117.038489
169.225143
130.161449
47.303692
61.037022
128.940709
92.623681
-47.151099
-114.597009
-52.339246
4.272592
-34.943695
-110.782195
-110.934787
-68.666650
-67.598502
-91.250348
-56.306653
37.995546
69.124427
30.213326
28.992585
113.223676
183.416251
170.293291
157.933294
205.694764
260.322898
235.450312
165.715514
143.894779
185.399954
210.119948
130.924412
0.000000
-53.712579
-17.242959
-15.259255
-136.112559
-259.712528
-281.075486
-274.971784
-327.311030
-383.312497
-348.063617
-311.288812
-366.985094
-448.469518
-439.161372
-347.300654
-278.939190
-291.451779
-345.011766
-339.518434
-248.878457
-174.108105
-209.356985
-265.358453
-228.278462
-138.706632
-109.714047
-131.077004
-114.597009
-78.737758
-72.786649
-89.114052
-55.238505
23.957031
55.085912
3.357036
-46.998507
31.891844
198.065136
283.059189
219.428094
139.622188
188.146620
305.642887
365.916946
366.527316
405.133233
469.679883
450.910999
373.546574
376.751018
486.465064
504.623578
360.881392
237.128830
277.413264
368.205834
311.441404
163.121441
72.328871
82.094794
102.237012
74.159982
18.005921
-35.401473
-78.890351
-117.496267
-111.850343
-62.715540
-26.856290
-98.879975
-202.642913
-189.672545
-61.037022
27.771845
-17.242959
-78.737758
-77.364425
-43.946656
-30.060733
-20.905180
-14.496293
-52.491839
-113.834046
-128.025153
-91.708125
-92.776273
-168.462180
-247.352531
-255.439937
-220.343649
-201.574765
-203.253283
-209.051800
-223.090315
-253.456233
-252.998456
-189.825138
-112.613305
-93.081458
-123.142192
-112.613305
-36.164435
31.586659
32.349622
29.908141
96.285902
167.088847
146.488853
101.474049
166.020700
286.416225
280.159930
159.306627
129.551079
227.515499
282.906596
210.730318
141.148113
139.622188
129.703671
91.708125
83.315535
124.820710
130.008857
82.094794
28.077030
5.798517
12.207404
13.428145
3.662221
-6.714072
3.051851
2.136296
-31.891844
-62.257762
-61.647392
-77.059240
-145.573297
-188.451805
-139.469595
-72.939241
-111.239972
-223.395500
-271.614747
-231.788091
-201.879950
-219.275501
-221.259204
-204.931801
-236.823645
-295.571778
-276.650302
-168.462180
-99.642938
-144.657742
-220.191056
-212.561429
-123.599969
-52.644431
-38.148139
-35.554065
-16.479996
-9.460738
-14.801478
38.148139
132.145152
153.355517
74.159982
31.434066
106.814788
187.994027
171.208846
114.291823
117.343675
150.914037
153.965888
146.031075
171.361439
194.402915
174.108105
163.426626
218.512538
281.075486
251.472530
176.396993
183.568843
277.260672
328.226585
283.211782
233.619201
237.891793
242.927347
202.337728
159.764405
154.576258
142.979224
87.435534
37.232583
34.028140
22.278513
-64.088873
-169.530328
-196.386618
-160.374775
-156.407369
-215.155502
-266.426600
-264.595490
-247.352531
-265.968823
-306.253257
-314.035478
-271.919932
-213.324391
-171.056254
-147.099223
-142.674039
-154.271073
-158.848849
-122.531821
-48.524432
13.885922
29.297771
12.665182
16.022218
46.388137
57.527393
29.755548
16.632588
59.511096
99.185161
74.159982
23.346661
14.496293
20.142217
-20.905180
-69.277020
-40.284434
40.131842
64.394058
7.934813
-43.336286
-34.485917
0.000000
26.093327
55.696282
85.299238
92.013310
90.487385
114.139231
147.709593
143.284409
104.220715
85.451831
126.804413
200.659209
226.142166
158.238479
61.189614
42.878508
98.879975
122.684414
76.601462
25.482957
-0.762963
-37.995546
-73.244426
-53.254802
-12.512589
-44.557026
-139.469595
-189.519953
-153.660703
-101.168864
-97.354050
-139.164410
-187.231065
-205.694764
-182.653288
-149.235518
-151.371814
-181.127362
-191.503656
-170.751069
-155.186628
-161.137738
-165.410329
-151.524407
-135.654781
-127.872561
-102.847382
-54.017764
-26.856290
-50.508136
-67.445909
-10.834071
72.023686
88.656274
52.034061
60.274059
133.671078
194.555507
195.623655
172.582179
178.228104
215.765872
251.014752
259.102158
248.725864
230.719943
205.542171
176.702178
162.663663
164.494774
155.186628
115.207379
58.290356
18.921477
11.749627
16.937774
-1.068148
-42.573323
-66.682946
-54.170357
-40.284434
-60.426652
-88.656274
-83.468127
-51.271098
-31.281474
-34.791102
-34.485917
-11.139256
9.765924
-7.629628
-44.251841
-41.047397
11.597034
46.082952
17.242959
-26.703697
-28.534808
-8.239998
-12.359997
-28.382215
-26.093327
-24.872586
-53.712579
-85.909608
-81.637017
-65.309613
-81.026647
-108.035529
-95.065162
-55.238505
-47.914062
-78.279981
-95.675532
-72.176278
-32.197029
-14.954070
-23.957031
-28.077030
-1.678518
31.586659
32.807399
14.496293
19.989625
47.303692
58.137763
50.813321
51.271098
54.017764
45.777766
48.066655
79.348128
106.509603
91.555533
47.608877
17.395551
27.008882
65.919984
92.165903
70.192575
26.703697
19.074069
39.826657
31.739251
-4.272592
-7.324443
20.294810
8.850368
-38.300731
-43.488878
-7.629628
-25.330364
-108.493306
-146.336260
-94.149606
-52.797024
-97.964420
-162.205886
-158.238479
-114.444416
-106.204418
-131.077004
-133.365893
-104.220715
-82.705165
-78.279981
-64.699243
-37.995546
-19.837032
-11.597034
9.002961
43.946656
72.328871
78.585166
65.614799
54.780727
72.176278
112.308120
129.551079
100.100716
60.121467
56.611838
75.685907
74.617759
49.287395
33.265177
36.164435
25.788142
-9.613331
-31.739251
-8.850368
28.229623
26.856290
-9.765924
-29.908141
-8.392591
28.077030
44.099248
41.199990
47.914062
70.650353
81.331832
68.666650
68.971835
106.051826
133.060708
101.168864
50.965913
61.037022
111.545157
105.136270
31.434066
-12.207404
15.259255
37.385176
0.000000
-46.693322
-54.933320
-55.238505
-79.653314
-104.831085
-104.831085
-97.506642
-104.220715
-113.986638
-111.392565
-107.425159
-113.528861
-115.665156
-95.370347
-70.497760
-69.734797
-78.585166
-60.274059
-21.973328
-5.493332
-14.496293
-13.733330
9.765924
31.891844
33.722955
19.531847
8.087405
15.869626
37.690361
48.524432
42.420730
43.183693
52.034061
38.300731
8.850368
12.970367
54.475542
75.228129
49.897765
20.294810
21.362958
34.791102
34.333325
25.940734
25.940734
27.466660
9.613331
-23.651846
-39.674064
-26.856290
-20.294810
-41.810360
-57.832578
-48.219247
-47.608877
-72.328871
-77.974795
-47.914062
-28.534808
-41.352582
-49.592580
-40.894805
-36.622213
-28.382215
3.509629
25.025179
2.899259
-16.632588
18.311107
71.260723
80.721461
55.391097
44.251841
56.001468
66.377761
66.988132
66.988132
61.342207
38.300731
6.408887
-5.798517
7.019258
14.343700
-6.408887
-40.589620
-62.562947
-65.767391
-59.968874
-55.848875
-63.631095
-78.432573
-74.922944
-48.677025
-26.551105
-20.294810
-7.324443
17.548144
22.583698
8.850368
21.362958
67.293317
97.048865
93.234051
89.419237
99.185161
98.574790
86.825164
86.825164
98.727383
100.253308
80.874054
54.780727
36.164435
31.891844
31.128881
17.090366
-8.545183
-30.823696
-39.826657
-39.826657
-46.998507
-75.380722
-102.999974
-92.318496
-55.085912
-52.034061
-85.146646
-91.097755
-56.764430
-44.099248
-71.718501
-80.721461
-42.115545
-2.899259
-2.288888
-19.531847
-24.872586
-15.259255
-4.119999
0.152593
0.152593
8.545183
27.771845
36.164435
19.684440
-1.220740
4.730369
29.450363
35.859250
17.853329
9.155553
23.651846
28.534808
4.119999
-17.395551
-2.594073
25.940734
19.837032
-10.071109
-20.142217
-6.103702
-6.866665
-28.382215
-35.248880
-21.057773
-16.785181
-33.112584
-45.167396
-41.962953
-35.248880
-30.823696
-29.297771
-35.401473
-39.063694
-23.957031
-7.477035
-15.106663
-23.041476
5.493332
44.404433
41.657767
14.191108
14.648885
41.199990
54.170357
55.848875
72.634056
82.552572
55.085912
19.989625
28.839993
65.309613
66.682946
24.414809
-7.019258
3.814814
20.447402
7.324443
-15.259255
-17.853329
-16.937774
-37.079991
-51.576283
-26.398512
6.714072
-10.528886
-61.037022
-65.767391
-6.561480
44.251841
37.537768
11.444442
16.327403
41.962953
54.780727
59.205911
75.533315
91.402940
77.974795
44.404433
33.570362
62.868133
89.419237
62.105170
-1.983703
-30.365918
1.831111
30.518511
-0.305185
-51.271098
-59.816281
-43.031100
-54.780727
-82.247387
-76.906648
-54.475542
-69.429612
-110.782195
-110.171824
-62.715540
-38.453324
-66.072576
-90.334792
-67.751094
-27.314067
-14.343700
-25.788142
-29.145178
-12.817775
7.782220
14.191108
10.376294
15.106663
29.297771
27.466660
1.373333
-11.291849
12.970367
37.232583
21.057773
-9.613331
-7.477035
14.954070
14.038515
-7.171850
-8.850368
10.834071
20.142217
7.019258
-3.662221
3.662221
14.191108
11.902219
4.577777
7.019258
11.444442
1.983703
-12.359997
-7.629628
10.528886
12.054812
-4.272592
-11.597034
-3.662221
1.220740
1.373333
10.681479
25.177772
27.161475
18.158514
19.684440
32.959992
42.115545
41.810360
38.758509
39.063694
45.014804
51.728876
47.914062
31.891844
20.905180
27.924438
36.011843
23.957031
4.882962
0.305185
3.204444
-6.866665
-21.362958
-25.330364
-32.044436
-54.322949
-69.429612
-50.813321
-26.245919
-36.317028
-72.328871
-88.503682
-70.192575
-42.573323
-27.314067
-27.466660
-33.112584
-28.687400
-4.119999
23.499253
31.281474
26.245919
32.502214
48.524432
59.053319
69.887390
86.519979
87.435534
59.663689
39.368879
59.816281
92.165903
80.721461
32.959992
3.051851
10.376294
23.194068
11.597034
-11.902219
-23.957031
-30.518511
-46.388137
-63.631095
-64.699243
-53.254802
-50.355543
-61.494800
-71.565908
-69.124427
-58.137763
-47.914062
-43.946656
-45.167396
-42.725915
-28.077030
-7.782220
-0.152593
-7.477035
-9.918516
3.357036
16.022218
14.954070
15.717033
25.025179
22.736291
3.204444
-4.730369
14.496293
29.145178
11.139256
-20.294810
-27.771845
-12.359997
-1.831111
-9.765924
-22.888883
-30.060733
-33.112584
-34.638510
-31.891844
-21.210365
-11.597034
-13.885922
-25.330364
-29.450363
-18.463699
-5.645925
-2.288888
2.136296
14.954070
21.820735
11.597034
2.288888
14.496293
35.706658
43.794063
41.505175
44.404433
49.134803
48.524432
53.865172
68.514057
72.634056
58.595541
51.728876
65.919984
77.517018
68.514057
54.628135
52.034061
49.134803
34.638510
21.668143
20.599995
18.768884
4.882962
-8.545183
-8.239998
-4.730369
-20.294810
-52.949616
-70.650353
-51.576283
-21.973328
-21.057773
-47.608877
-64.241466
-57.832578
-50.965913
-52.797024
-43.794063
-17.853329
-2.899259
-12.970367
-25.025179
-17.242959
-2.594073
-0.305185
-1.831111
12.970367
35.401473
36.927398
13.122960
-7.477035
-5.188147
8.392591
12.665182
9.918516
8.239998
-0.610370
-22.888883
-38.453324
-27.161475
-11.139256
-22.125920
-47.456285
-48.219247
-28.687400
-28.534808
-51.271098
-57.069615
-35.554065
-21.973328
-33.722955
-40.437027
-19.226662
3.967406
2.746666
-9.002961
-2.594073
19.837032
32.807399
29.602956
29.602956
42.878508
57.069615
55.696282
45.014804
40.131842
43.488878
47.914062
48.677025
49.287395
46.235544
34.485917
14.496293
-0.610370
1.220740
12.970367
12.207404
-7.019258
-25.482957
-31.128881
-35.096288
-43.031100
-43.336286
-31.128881
-27.161475
-45.319989
-61.799985
-51.576283
-30.671103
-25.635549
-32.654807
-27.924438
-12.054812
-4.577777
-6.714072
-4.119999
7.782220
19.837032
27.771845
34.638510
39.216287
39.216287
38.453324
39.674064
41.352582
44.862211
51.881469
55.543690
44.862211
29.755548
28.382215
36.317028
32.959992
18.463699
12.817775
16.937774
11.444442
-5.645925
-12.817775
-7.324443
-10.681479
-27.161475
-33.265177
-21.668143
-12.817775
-21.515550
-36.774806
-41.047397
-30.213326
-15.106663
-5.951110
-7.477035
-12.512589
-9.002961
2.594073
9.308146
6.561480
10.223701
26.093327
35.248880
24.567401
12.207404
17.242959
26.551105
18.463699
4.272592
9.155553
22.736291
14.496293
-14.038515
-30.365918
-23.346661
-19.837032
-30.518511
-35.248880
-28.229623
-31.434066
-55.696282
-72.328871
-61.799985
-43.794063
-43.946656
-54.475542
-52.491839
-41.047397
-39.368879
-46.693322
-43.946656
-25.635549
-6.714072
0.457778
1.525926
6.561480
14.496293
18.768884
23.041476
34.638510
51.576283
61.037022
55.696282
43.946656
40.437027
48.066655
57.527393
57.679986
47.608877
34.638510
26.856290
24.262216
21.820735
17.395551
9.918516
1.220740
-8.087405
-14.496293
-15.717033
-15.106663
-19.837032
-27.161475
-28.534808
-25.330364
-26.856290
-32.502214
-29.755548
-20.294810
-19.226662
-27.466660
-24.262216
-6.408887
4.882962
-2.746666
-10.223701
0.000000
16.174811
18.768884
15.717033
24.109624
37.995546
38.300731
26.703697
23.957031
34.180732
41.505175
37.690361
33.875547
34.333325
33.722955
25.330364
15.411848
10.986664
10.071109
9.308146
6.408887
2.899259
-2.288888
-9.613331
-16.937774
-21.973328
-22.583698
-18.311107
-12.817775
-12.817775
-18.311107
-22.888883
-21.515550
-18.768884
-16.174811
-11.597034
-2.899259
1.525926
-3.357036
-8.239998
-6.561480
-2.594073
-2.441481
-1.068148
4.730369
5.645925
-5.188147
-16.785181
-15.411848
-8.087405
-9.308146
-18.311107
-22.888883
-20.447402
-19.379254
-23.499253
-27.619252
-29.908141
-31.739251
-32.044436
-26.398512
-20.294810
-20.294810
-25.482957
-26.856290
-21.057773
-14.191108
-9.460738
-5.645925
-3.204444
-2.746666
-1.068148
7.019258
17.395551
19.379254
14.801478
15.717033
26.856290
35.401473
34.333325
32.654807
37.079991
40.742212
36.164435
31.281474
36.469621
44.404433
42.573323
30.213326
20.294810
19.074069
20.905180
20.294810
15.259255
6.714072
-2.441481
-9.155553
-12.817775
-14.496293
-15.411848
-15.564441
-20.905180
-31.586659
-38.605916
-34.028140
-23.804439
-20.905180
-27.161475
-30.823696
-27.314067
-21.820735
-15.869626
-8.087405
-1.831111
-1.678518
-3.204444
4.119999
17.548144
24.414809
21.668143
20.447402
27.466660
35.096288
34.333325
28.382215
26.245919
28.839993
29.145178
22.888883
17.395551
16.937774
14.038515
2.899259
-8.087405
-7.324443
-2.441481
-7.171850
-20.752587
-27.008882
-21.668143
-17.090366
-21.515550
-25.635549
-21.515550
-15.564441
-14.801478
-15.259255
-10.376294
-1.831111
3.509629
3.967406
2.899259
6.408887
14.038515
18.616292
15.869626
12.665182
17.395551
24.262216
19.226662
3.662221
-3.204444
6.561480
15.106663
4.577777
-12.359997
-15.564441
-10.986664
-17.090366
-30.365918
-31.281474
-19.226662
-18.463699
-36.317028
-46.082952
-33.112584
-22.125920
-33.570362
-47.456285
-35.554065
-10.986664
-7.324443
-23.041476
-29.450363
-15.564441
-3.051851
-4.425184
-2.288888
13.122960
24.567401
17.395551
8.087405
16.174811
31.891844
34.943695
27.619252
29.602956
42.115545
44.404433
31.739251
20.599995
23.957031
32.807399
32.959992
25.482957
19.379254
14.038515
6.103702
-1.678518
-2.288888
1.525926
0.305185
-7.629628
-14.801478
-15.106663
-13.275552
-16.785181
-22.278513
-21.210365
-12.359997
-4.272592
-5.493332
-13.733330
-19.837032
-17.090366
-7.019258
3.509629
7.477035
5.951110
1.678518
-2.288888
-1.983703
5.645925
16.479996
20.599995
14.954070
10.376294
13.580737
18.311107
14.648885
7.477035
10.376294
21.057773
25.025179
15.259255
4.577777
0.610370
-0.305185
-2.288888
0.457778
8.697776
7.934813
-8.697776
-28.382215
-29.908141
-15.259255
-4.577777
-10.528886
-21.362958
-22.736291
-19.074069
-21.515550
-26.703697
-20.599995
-5.951110
1.678518
-3.967406
-7.629628
-0.762963
5.035554
-0.152593
-3.967406
9.002961
27.161475
27.924438
10.681479
-0.610370
4.730369
11.291849
8.239998
4.882962
8.545183
7.934813
-6.103702
-19.379254
-17.090366
-7.934813
-9.155553
-20.447402
-24.719994
-17.548144
-14.648885
-22.736291
-30.671103
-25.482957
-12.359997
-6.408887
-8.850368
-10.528886
-5.493332
-0.610370
0.915555
3.662221
11.444442
20.294810
21.668143
16.632588
15.717033
22.125920
29.145178
28.534808
22.125920
20.905180
25.940734
27.619252
21.668143
14.648885
13.122960
14.191108
10.376294
1.373333
-2.746666
-0.152593
2.136296
-4.119999
-13.428145
-16.174811
-11.902219
-10.223701
-15.259255
-18.616292
-14.038515
-8.392591
-10.528886
-15.106663
-13.885922
-7.477035
-5.188147
-7.477035
-7.019258
0.610370
5.951110
1.068148
-5.645925
-2.441481
6.103702
8.392591
4.425184
3.814814
8.392591
9.460738
3.509629
-0.152593
3.051851
7.171850
5.188147
1.525926
2.899259
5.188147
1.373333
-5.951110
-7.171850
-1.678518
1.983703
1.373333
-1.678518
-4.272592
-7.171850
-8.239998
-4.272592
1.983703
3.357036
-1.068148
-4.882962
-4.882962
-1.983703
-0.457778
0.152593
0.762963
1.220740
1.525926
2.746666
4.272592
4.425184
2.136296
0.305185
3.814814
9.002961
10.681479
5.798517
0.152593
-0.915555
1.831111
4.425184
3.967406
0.915555
-3.357036
-6.408887
-7.171850
-5.798517
-4.577777
-6.561480
-10.071109
-11.902219
-9.918516
-8.087405
-9.002961
-10.223701
-9.613331
-6.408887
-2.136296
0.915555
0.762963
-0.457778
-0.915555
1.068148
5.645925
9.918516
10.528886
8.392591
5.645925
5.188147
7.019258
9.308146
10.986664
10.681479
9.155553
6.408887
4.119999
3.509629
4.577777
6.103702
5.493332
3.662221
1.831111
-0.762963
-3.509629
-4.577777
-3.662221
-2.288888
-2.441481
-4.119999
-4.119999
-3.662221
-5.645925
-7.782220
-6.103702
-2.136296
-0.152593
-1.068148
-1.373333
-0.762963
-1.678518
-3.509629
-1.831111
4.119999
7.477035
3.967406
-1.525926
-1.373333
2.746666
4.119999
1.525926
0.305185
1.678518
2.441481
0.305185
-1.373333
-0.762963
-1.373333
-4.425184
-5.798517
-1.983703
1.373333
-1.831111
-9.460738
-11.291849
-7.171850
-2.136296
-1.373333
-3.357036
-5.798517
-7.171850
-6.866665
-4.119999
0.762963
3.357036
0.305185
-2.899259
-1.678518
2.594073
4.119999
2.288888
1.525926
3.509629
6.256295
7.019258
6.103702
3.814814
1.983703
2.594073
6.256295
9.002961
7.324443
3.967406
1.068148
0.610370
1.678518
3.509629
4.882962
3.662221
0.152593
-2.899259
-3.204444
-0.915555
0.000000
-1.831111
-2.899259
-2.136296
-0.915555
-0.305185
-2.441481
-3.967406
-2.441481
0.762963
2.899259
2.746666
1.220740
-0.762963
-0.305185
1.525926
2.899259
3.967406
4.425184
3.204444
1.220740
-0.305185
0.610370
1.831111
1.831111
0.457778
-1.068148
-0.762963
-0.305185
-1.983703
-4.119999
-4.272592
-2.746666
-2.136296
-3.051851
-4.425184
-5.035554
-4.730369
-5.188147
-5.798517
-4.730369
-2.594073
-2.288888
-3.967406
-5.188147
-4.119999
-2.136296
-0.915555
-0.915555
-0.457778
0.457778
1.373333
0.762963
0.915555
2.594073
4.425184
4.425184
3.051851
3.662221
5.493332
5.035554
2.899259
1.831111
3.051851
4.425184
4.119999
2.288888
0.000000
-0.610370
-1.220740
-1.220740
-0.915555
-0.915555
-1.678518
-3.204444
-4.119999
-3.051851
-1.983703
-2.288888
-2.746666
-2.136296
-1.068148
-0.762963
-0.305185
0.152593
0.762963
1.068148
1.373333
1.983703
2.594073
3.357036
3.204444
3.204444
3.967406
4.272592
4.119999
3.814814
3.509629
3.051851
2.746666
3.204444
3.357036
2.746666
1.068148
-0.457778
-1.983703
-2.746666
-2.136296
-1.373333
-2.594073
-4.882962
-6.561480
-7.171850
-6.103702
-5.798517
-5.798517
-5.340739
-4.882962
-5.188147
-5.493332
-4.577777
-3.509629
-2.288888
-1.068148
0.610370
2.136296
2.746666
2.441481
2.136296
3.814814
5.798517
7.171850
8.239998
7.934813
6.866665
5.951110
6.103702
5.951110
6.103702
5.951110
5.493332
4.119999
1.525926
-0.457778
-1.373333
-1.525926
-2.136296
-2.441481
-3.204444
-5.188147
-7.019258
-7.782220
-7.171850
-6.714072
-6.256295
-6.103702
-6.103702
-5.951110
-5.645925
-5.035554
-3.662221
-2.288888
-1.220740
-0.457778
0.457778
0.915555
1.525926
1.678518
2.899259
3.814814
4.730369
4.272592
3.967406
4.119999
3.509629
2.899259
2.288888
1.831111
1.525926
1.068148
0.152593
-0.762963
-1.525926
-2.288888
-3.357036
-3.662221
-2.746666
-2.899259
-3.509629
-3.662221
-4.119999
-3.509629
-2.441481
-1.831111
-1.220740
-0.457778
-0.152593
0.305185
1.220740
2.746666
3.814814
4.577777
4.882962
5.188147
5.340739
5.340739
5.340739
5.951110
6.408887
6.408887
5.645925
4.425184
3.662221
2.746666
2.136296
2.288888
1.983703
0.762963
-0.457778
-1.525926
-2.288888
-2.136296
-2.746666
-3.204444
-3.509629
-3.967406
-4.425184
-4.730369
-5.188147
-5.035554
-4.577777
-4.577777
-4.119999
-4.119999
-3.814814
-3.357036
-3.204444
-2.288888
-0.915555
-0.762963
-0.305185
0.305185
0.915555
1.373333
1.983703
2.746666
3.357036
3.509629
3.662221
3.814814
3.357036
3.967406
3.814814
3.967406
3.509629
2.746666
2.288888
1.983703
0.915555
0.000000
0.152593
-0.457778
-0.762963
-1.831111
-2.441481
-3.051851
-4.272592
-4.730369
-5.493332
-5.798517
-5.798517
-5.951110
-5.798517
-5.493332
-5.188147
-4.882962
-4.425184
-3.509629
-2.288888
-1.068148
-0.305185
0.305185
1.373333
2.288888
2.899259
3.814814
4.577777
4.577777
4.730369
4.882962
4.425184
4.119999
3.662221
3.051851
2.441481
1.373333
0.915555
0.457778
-0.915555
-1.831111
-2.136296
-2.136296
-2.288888
-2.288888
-2.594073
-2.441481
-2.594073
-1.678518
-0.610370
-0.610370
0.000000
0.610370
1.068148
1.678518
2.899259
3.967406
4.577777
5.340739
5.340739
5.493332
5.951110
5.951110
6.256295
6.714072
6.408887
5.340739
4.730369
3.662221
3.051851
2.594073
2.136296
1.831111
0.915555
-0.305185
-1.525926
-2.441481
-3.204444
-3.967406
-3.967406
-4.730369
-5.340739
-5.188147
-5.340739
-5.188147
-5.340739
-5.035554
-4.577777
-4.272592
-4.272592
-4.272592
-3.662221
-3.662221
-3.662221
-2.594073
-2.594073
-2.136296
-2.136296
