-13.580737
1.373333
12.665182
-14.038515
-1.983703
16.022218
-13.733330
-4.425184
17.242959
-11.749627
-5.035554
16.327403
-10.528886
-5.493332
13.885922
-8.850368
-4.425184
10.071109
-6.256295
-2.899259
5.798517
-1.983703
-0.305185
0.457778
1.220740
0.610370
-5.951110
4.272592
1.068148
-11.139256
9.460738
1.678518
-15.564441
15.106663
2.746666
-20.752587
19.531847
4.577777
-26.093327
20.447402
9.308146
-28.229623
15.869626
14.343700
-26.245919
7.782220
18.158514
-19.684440
-2.594073
20.294810
-10.071109
-10.986664
19.226662
-2.288888
-17.700736
16.174811
2.746666
-19.074069
13.885922
4.882962
-17.548144
13.580737
4.425184
-16.479996
12.970367
3.204444
-13.885922
12.207404
1.983703
-11.291849
9.918516
1.220740
-8.392591
5.035554
0.610370
-3.509629
0.610370
1.068148
0.915555
-2.594073
0.152593
3.357036
-5.493332
-0.305185
4.425184
-6.256295
-0.152593
3.357036
-5.035554
1.678518
1.678518
-3.509629
3.509629
-1.068148
-1.831111
5.645925
-3.967406
-0.762963
7.629628
-5.798517
-1.831111
9.002961
-7.019258
-4.882962
10.681479
-3.662221
-9.460738
12.054812
0.915555
-16.174811
13.885922
8.087405
-21.668143
15.411848
12.512589
-27.619252
14.191108
14.038515
-30.976289
12.359997
14.801478
-28.992585
10.376294
14.801478
-24.109624
7.629628
15.564441
-17.242959
4.425184
13.580737
-12.207404
-0.305185
11.139256
-9.002961
-4.119999
10.376294
-7.324443
-6.256295
12.359997
-6.866665
-8.545183
14.496293
-6.561480
-8.545183
16.937774
-4.272592
-8.697776
15.411848
-3.204444
-10.528886
12.359997
-0.915555
-9.765924
10.681479
1.525926
-11.139256
7.171850
1.678518
-13.122960
8.392591
5.951110
-14.038515
10.986664
8.850368
-20.294810
11.902219
12.054812
-26.856290
12.359997
19.531847
-31.434066
9.613331
25.482957
-36.164435
0.152593
30.213326
-29.602956
-4.577777
33.570362
-16.785181
-10.528886
24.109624
-5.493332
-14.038515
8.392591
6.408887
-6.256295
-5.798517
10.986664
3.509629
-20.905180
3.814814
14.801478
-22.583698
-3.204444
26.551105
-11.597034
-13.580737
25.330364
0.457778
-24.872586
12.207404
15.411848
-23.651846
-4.272592
26.398512
-14.038515
-21.668143
27.466660
0.000000
-31.128881
23.499253
18.921477
-30.823696
12.054812
30.518511
-27.619252
-7.477035
31.128881
-17.242959
-23.041476
26.856290
-1.220740
-29.145178
16.785181
13.275552
-26.398512
5.340739
23.651846
-15.717033
-5.188147
19.684440
-7.477035
-12.054812
9.002961
-0.152593
-6.714072
-0.762963
3.357036
5.645925
-8.392591
-1.831111
18.616292
-12.359997
-9.918516
28.382215
-9.765924
-19.989625
31.434066
-7.171850
-23.957031
26.856290
-4.425184
-22.278513
24.567401
-5.340739
-13.580737
20.905180
-11.291849
-8.239998
21.057773
-19.379254
-2.441481
23.041476
-20.752587
-0.762963
24.414809
-23.651846
-2.288888
23.957031
-18.311107
-3.814814
19.531847
-13.428145
-5.645925
14.191108
-9.002961
-4.882962
5.951110
-2.136296
-1.983703
0.610370
0.915555
2.288888
-8.545183
4.730369
6.866665
-13.733330
3.204444
14.343700
-16.937774
1.373333
18.311107
-17.853329
-5.188147
21.973328
-14.191108
-10.223701
20.599995
-8.239998
-12.970367
18.005921
-3.051851
-12.054812
11.902219
0.915555
-9.460738
5.798517
1.678518
-3.204444
0.457778
1.983703
3.204444
-4.577777
-3.814814
10.376294
-4.882962
-7.171850
14.801478
-3.814814
-13.885922
17.090366
-0.457778
-14.801478
14.954070
2.136296
-14.801478
12.359997
2.594073
-13.580737
10.834071
4.119999
-12.817775
8.697776
2.899259
-12.512589
9.155553
2.746666
-14.343700
9.918516
5.798517
-15.564441
10.376294
8.087405
-17.395551
6.866665
10.986664
-18.463699
4.119999
14.343700
-16.022218
-1.525926
14.496293
-10.528886
-1.831111
10.528886
-5.188147
-3.357036
4.272592
-1.831111
0.152593
-0.305185
0.762963
1.831111
-5.188147
0.915555
4.272592
-3.814814
3.967406
3.204444
-6.866665
3.204444
1.068148
-12.817775
6.103702
11.749627
-12.359997
-0.457778
13.580737
-12.054812
-6.256295
14.801478
-6.256295
-9.155553
12.359997
-4.577777
-12.817775
11.139256
4.577777
-10.681479
8.087405
3.967406
-14.954070
5.951110
10.223701
-16.479996
4.730369
16.174811
-19.074069
-2.441481
20.752587
-15.869626
-1.678518
23.804439
-20.142217
-11.749627
25.788142
-14.496293
-14.191108
29.297771
-6.866665
-20.142217
25.330364
-2.594073
-23.957031
23.499253
4.882962
-27.619252
18.158514
10.834071
-28.077030
12.359997
18.768884
-22.888883
6.561480
20.142217
-23.041476
-2.746666
26.398512
-11.139256
-11.291849
16.022218
-7.019258
-10.071109
17.242959
-0.152593
-14.496293
8.545183
0.152593
-12.054812
12.970367
3.204444
-18.616292
9.308146
9.002961
-17.548144
10.376294
13.580737
-23.804439
5.340739
23.194068
-22.583698
-4.730369
28.229623
-16.785181
-15.564441
24.872586
-7.324443
-13.580737
25.330364
-3.051851
-24.262216
9.460738
7.629628
-3.967406
2.441481
-3.204444
-1.831111
-4.272592
-0.762963
23.041476
-8.392591
-30.976289
19.684440
6.103702
-24.414809
33.570362
6.561480
-53.865172
21.210365
32.197029
-36.622213
8.697776
24.719994
-38.453324
3.204444
36.011843
-24.262216
-10.681479
24.414809
-16.174811
-7.629628
22.431106
-11.902219
-2.746666
16.785181
-22.431106
-3.357036
23.804439
-18.921477
2.441481
31.891844
-33.265177
-14.343700
39.063694
-12.817775
-15.869626
23.651846
-19.837032
-9.308146
43.183693
-9.308146
-29.450363
15.869626
3.204444
-4.119999
16.937774
-13.275552
-10.528886
16.327403
-3.357036
-2.899259
11.139256
-17.090366
2.441481
18.005921
-18.311107
-6.103702
26.093327
-6.103702
-17.395551
4.577777
2.288888
-2.441481
10.681479
1.068148
-14.191108
5.493332
19.074069
-12.207404
-16.022218
13.580737
4.272592
-10.528886
8.239998
0.762963
-17.548144
13.122960
5.951110
-20.752587
8.087405
12.207404
-18.311107
7.171850
9.613331
-11.902219
8.239998
1.983703
-15.411848
16.785181
-7.324443
-10.528886
18.921477
4.272592
-21.820735
0.305185
5.493332
0.305185
12.207404
-8.545183
-21.362958
9.002961
18.921477
6.256295
-23.041476
-14.191108
27.466660
-13.122960
-12.665182
35.859250
-9.002961
-38.453324
33.875547
-11.291849
-10.834071
39.063694
-20.142217
-30.823696
38.148139
22.736291
-56.917023
3.967406
54.780727
-31.891844
-8.239998
32.959992
-36.011843
-1.525926
58.442948
-30.518511
-36.011843
31.586659
0.000000
-22.583698
7.934813
29.755548
-27.161475
-9.460738
27.771845
-19.226662
5.798517
24.262216
-21.973328
12.665182
1.831111
-25.635549
2.136296
16.327403
-6.103702
4.425184
-23.041476
5.493332
15.564441
-7.477035
12.665182
-13.122960
-12.970367
12.665182
3.967406
-9.918516
6.256295
17.700736
-31.281474
-4.577777
21.668143
-12.970367
-16.022218
24.872586
30.213326
-45.319989
5.645925
13.885922
-7.019258
-2.136296
20.142217
-9.765924
-23.651846
17.242959
16.937774
0.000000
-1.678518
-20.599995
14.648885
5.645925
-11.597034
-12.054812
19.684440
-5.493332
-15.564441
10.834071
-17.548144
-3.204444
28.382215
2.746666
-24.719994
13.733330
29.755548
-7.477035
5.493332
-7.324443
-8.545183
-23.957031
-8.850368
6.256295
15.564441
-0.152593
-25.635549
-1.373333
-1.068148
31.128881
19.226662
4.272592
-2.136296
-20.294810
22.583698
-1.525926
-24.719994
1.525926
16.174811
-7.019258
-26.551105
25.025179
-2.288888
-26.093327
8.239998
10.681479
-22.278513
-4.882962
9.613331
-1.678518
14.954070
9.765924
5.340739
-21.973328
-19.074069
24.719994
18.158514
-21.362958
5.951110
6.866665
-3.357036
7.629628
7.782220
-29.755548
-2.899259
32.654807
17.395551
-11.291849
-29.297771
-9.613331
0.915555
34.638510
12.054812
-48.677025
37.385176
9.460738
-7.171850
23.957031
-32.654807
-21.820735
8.697776
15.564441
7.324443
3.662221
-14.954070
-18.463699
22.125920
0.915555
-23.346661
-8.850368
15.869626
56.611838
-14.038515
2.899259
-9.002961
-33.570362
-57.374801
33.265177
-15.411848
-33.265177
86.367386
-18.311107
-13.885922
45.625174
10.681479
-65.767391
32.654807
2.288888
-48.066655
23.499253
-12.054812
53.712579
16.937774
-17.548144
-42.573323
-65.614799
-8.697776
2.899259
-3.662221
0.305185
45.930359
26.551105
-17.090366
27.924438
47.151099
3.662221
27.619252
-1.678518
-26.703697
32.654807
-5.798517
-49.592580
-31.281474
50.050358
-8.239998
-39.674064
50.355543
-69.582205
-62.868133
-6.408887
15.869626
13.428145
24.262216
-3.204444
14.954070
48.524432
-4.119999
28.839993
46.998507
36.164435
-24.109624
62.715540
4.882962
-77.974795
-41.657767
-32.959992
14.496293
18.005921
41.962953
-4.119999
-37.690361
-46.693322
-42.420730
-19.226662
-25.940734
-17.700736
2.441481
-4.272592
-60.731837
23.499253
60.274059
-32.349622
23.499253
3.204444
-29.145178
66.988132
82.399980
0.762963
25.940734
40.437027
-44.099248
34.638510
48.677025
-29.145178
36.469621
23.957031
-87.282941
-14.954070
18.311107
-56.001468
-65.462206
16.327403
20.599995
24.262216
99.948123
-29.602956
-142.063668
-32.502214
-21.057773
-37.079991
75.838500
25.330364
-84.688868
18.616292
64.546651
-50.813321
28.229623
113.223676
-7.782220
-21.362958
56.306653
41.199990
-25.635549
-9.460738
-24.109624
-74.465167
-8.392591
11.139256
-97.048865
12.054812
121.005896
-15.564441
-45.167396
44.862211
2.441481
-2.136296
56.306653
18.463699
-75.533315
-97.506642
16.785181
41.352582
7.934813
57.985171
51.881469
-48.524432
-15.259255
69.734797
23.194068
-24.262216
-12.665182
-13.580737
-22.125920
-11.444442
-17.395551
-63.783688
-66.072576
23.346661
-17.090366
30.213326
43.794063
-78.585166
-5.951110
70.345168
10.986664
43.641471
87.588126
-20.599995
20.752587
48.219247
-65.157021
-25.025179
13.428145
-74.617759
29.145178
83.620720
-46.235544
-7.477035
-9.918516
-96.896272
-26.703697
2.746666
-43.488878
72.481463
83.468127
-34.485917
6.561480
30.060733
-48.829618
-43.794063
-21.973328
-17.700736
19.074069
46.845914
68.971835
42.725915
-0.152593
-19.837032
-17.090366
-45.167396
-88.656274
-77.211833
-44.862211
26.093327
72.176278
68.971835
43.794063
31.739251
11.291849
-38.605916
-7.934813
-18.921477
17.548144
81.331832
66.835539
64.851836
9.308146
-42.115545
-7.324443
-34.180732
-81.026647
-68.514057
-81.484424
-10.376294
91.555533
15.259255
-39.674064
20.447402
0.762963
4.119999
40.589620
-18.921477
-42.420730
-0.915555
10.223701
28.839993
44.251841
-1.068148
-57.374801
-6.866665
39.368879
13.275552
-32.044436
-45.625174
30.518511
51.423691
-12.970367
6.103702
51.576283
-52.644431
-30.213326
54.628135
31.281474
-5.188147
-37.537768
-24.109624
-54.475542
-32.807399
23.804439
4.119999
-29.755548
41.047397
91.860718
24.414809
52.491839
67.751094
-11.749627
-13.733330
-15.106663
-113.528861
-108.340714
-4.882962
-80.416276
-48.677025
28.534808
-17.548144
11.902219
54.017764
90.792570
86.825164
63.173318
70.039983
24.872586
-13.733330
-47.761470
-36.622213
-30.518511
-77.364425
-0.305185
30.976289
-23.499253
-19.684440
-3.204444
-6.256295
-2.441481
69.582205
10.986664
-93.539236
-9.002961
29.755548
-21.973328
-20.294810
76.754055
60.884429
-8.087405
2.288888
54.017764
60.579244
-27.619252
-45.625174
12.512589
29.602956
1.220740
42.878508
54.170357
55.085912
48.066655
-14.038515
-9.765924
14.648885
-41.199990
-123.294784
-152.287370
-105.288863
-88.351089
-69.887390
2.441481
-2.441481
-0.610370
39.826657
14.648885
-59.358504
-48.829618
0.457778
1.525926
68.819242
103.762937
80.721461
78.737758
62.410355
7.934813
20.294810
-4.730369
-90.029607
-63.631095
-49.134803
-94.454791
-58.137763
4.577777
-21.973328
-1.983703
30.671103
-9.155553
-35.248880
-27.619252
-37.232583
-27.466660
33.265177
22.583698
13.275552
88.503682
73.091834
-3.662221
27.161475
41.047397
-16.022218
-13.580737
-2.441481
-38.758509
-19.531847
15.869626
-18.768884
-25.788142
-1.983703
22.431106
25.635549
-7.782220
23.651846
48.982210
18.463699
3.662221
6.408887
-25.635549
-39.063694
-18.311107
-38.758509
-65.004428
-37.385176
32.654807
40.284434
48.066655
104.678493
72.176278
6.866665
31.739251
18.158514
-30.976289
-1.983703
-24.567401
-55.696282
-24.262216
-32.959992
-30.060733
-11.444442
-49.287395
-52.186654
-28.077030
-76.448870
-34.791102
50.508136
-13.580737
-18.921477
57.985171
29.450363
17.853329
69.124427
3.051851
-57.985171
11.597034
14.038515
-19.684440
28.839993
51.728876
27.008882
45.777766
49.439988
4.730369
-5.645925
-22.583698
-50.508136
-51.728876
-57.222208
-17.853329
9.613331
-36.774806
-40.894805
-5.951110
-39.521472
-45.625174
12.207404
15.106663
-3.051851
38.605916
35.554065
-8.392591
53.865172
72.634056
12.207404
39.063694
46.388137
-14.496293
-22.888883
-8.087405
-33.570362
-16.937774
-25.177772
-78.890351
-39.979249
-6.866665
-28.992585
-11.291849
1.983703
-41.657767
-37.232583
13.733330
-1.678518
10.986664
67.903687
36.011843
-17.548144
21.210365
45.777766
2.288888
27.466660
49.592580
-24.872586
-26.398512
10.071109
-34.943695
-31.128881
37.995546
32.502214
5.493332
40.589620
34.180732
0.610370
19.989625
30.976289
-5.340739
-38.605916
-37.842954
-50.508136
-55.238505
-21.973328
-4.425184
-14.954070
-0.305185
38.758509
34.180732
46.693322
74.312574
28.382215
-12.512589
-25.177772
-48.371840
-55.543690
-48.219247
-50.355543
-29.145178
5.798517
-0.610370
29.297771
59.968874
35.096288
44.557026
43.794063
0.457778
-3.204444
16.937774
-11.139256
-16.785181
16.022218
-5.493332
-11.749627
11.902219
-36.011843
-41.505175
20.142217
-20.447402
-53.254802
-5.035554
-21.210365
-43.641471
12.665182
17.853329
-26.703697
4.730369
13.122960
-45.167396
-25.940734
24.872586
2.441481
-5.951110
8.545183
-0.610370
-1.678518
-7.629628
-11.139256
-17.700736
-20.142217
-24.719994
-37.079991
-35.401473
-30.365918
3.662221
4.730369
-21.973328
-24.262216
-16.022218
10.834071
8.239998
-13.885922
-9.308146
-5.035554
-19.684440
-21.210365
0.000000
5.798517
-3.509629
-0.457778
-17.395551
-67.293317
-77.822203
-102.084419
-164.952552
-167.394032
-148.014778
-173.192550
-163.426626
-97.354050
-59.358504
-9.002961
38.758509
-17.853329
-59.816281
-56.001468
-96.285902
-102.999974
-77.364425
-82.857757
-77.669610
-49.592580
-41.505175
-50.050358
-43.336286
-84.231090
-163.121441
-189.825138
-238.044385
-305.490294
-305.337702
-253.914011
-204.016246
-165.562922
-104.525900
140.537743
695.669457
1312.906341
1791.436592
2174.596497
2541.123813
2715.079326
2529.374187
2137.058728
1637.012927
1092.410099
410.016194
-338.908064
-933.103472
-1343.272259
-1533.860360
-1640.980333
-1671.956622
-1564.378871
-1383.404101
-1169.469339
-1011.841230
-877.559782
-673.543536
-463.270996
-388.958422
-329.447326
-128.940709
77.059240
191.503656
315.408811
415.509526
396.282865
370.799908
256.965862
23.346661
-152.897740
-291.604372
-495.620618
-672.933166
-729.392411
-673.696129
-512.100614
-333.109547
-29.450363
273.903636
308.389553
128.788116
-20.294810
-139.927373
-427.869523
-591.601335
-666.676871
-792.565729
-738.547965
-531.937646
-346.232507
-203.711061
69.429612
291.604372
278.176227
262.916972
345.316951
357.524356
283.059189
252.235493
191.656249
102.389604
35.706658
-37.690361
-132.908115
-237.739200
-287.026595
-346.232507
-405.896195
-421.155451
-370.952500
-252.998456
-241.096236
-189.519953
-9.002961
101.931827
181.737733
295.571778
315.866588
247.657716
205.389579
65.462206
-170.751069
-377.666573
-595.263556
-864.589415
-1237.067841
-1552.018874
-1435.132977
54.933320
2706.381550
4519.028507
4448.835932
3843.653860
4501.022586
4878.841751
3509.933943
1683.401063
606.250220
-173.650327
-1647.846998
-2964.415560
-3297.677699
-2807.550414
-1962.798031
-1693.319579
-1864.070648
-1657.307736
-894.955333
-499.588024
-886.410150
-1018.097525
-654.316875
-579.088745
-885.647187
-676.900573
248.878457
1219.519697
1943.571369
2310.098685
2259.132772
2019.257276
1858.577316
1275.521165
41.352582
-973.998277
-1617.786265
-2424.237916
-3242.896972
-3336.893986
-2712.332660
-2140.568357
-1746.116603
-1289.407087
-734.580558
-290.841409
-61.342207
88.198497
95.522939
97.964420
205.389579
228.125869
263.527342
690.633903
1342.051518
1652.119590
1700.644022
1761.986229
1699.575874
1332.285595
705.130195
57.832578
-400.402864
-725.119820
-1085.085656
-1283.608570
-1097.293061
-704.825010
-377.513980
-203.405875
-45.930359
135.807374
200.354024
102.237012
1.831111
41.505175
139.927373
198.828099
231.025128
346.232507
596.636889
794.854617
742.210186
553.453196
487.838397
421.765821
137.028114
-125.888858
-176.854771
-221.411797
-329.447326
-371.257686
-382.549535
-368.511020
-295.266593
-298.776222
-395.062124
-391.247310
-294.045853
-303.201406
-410.168787
-392.620643
-283.669559
-216.681428
-197.912543
-164.342181
-49.439988
89.266644
149.235518
97.354050
57.832578
-35.554065
-203.405875
-476.393956
-742.210186
-995.971604
-528.122832
1641.285518
3958.098276
4633.778108
3709.219819
3525.650976
4433.576676
3686.178344
1577.654423
-106.814788
-681.478349
-1461.989266
-3035.065913
-3693.350194
-3178.197729
-1993.316542
-1270.180425
-1446.424826
-1375.469288
-724.967227
-122.226636
-509.811725
-1062.501958
-645.466506
-184.942176
-385.601386
-408.490269
579.088745
1808.221773
2525.864558
2735.374135
2475.661607
1967.528400
1314.127081
480.208770
-806.451652
-2020.630609
-2652.974156
-3114.719226
-3545.640601
-3583.025777
-2699.514885
-1594.592196
-1010.162712
-563.219119
-80.568869
324.411771
399.792493
320.596957
282.754004
273.751043
454.878406
581.530226
696.127234
1089.816026
1705.221799
2049.470602
1803.643996
1393.322617
1005.127158
372.936204
-539.109496
-1336.100409
-1756.798082
-1961.424698
-2035.584680
-1937.315074
-1470.992227
-666.219094
129.398486
1185.644150
2293.313504
2731.406729
2446.211244
1815.851401
1219.061919
370.952500
-389.568792
-811.792391
-1282.540422
-1454.054454
-1130.100460
-660.420577
-397.351012
-44.099248
444.349519
474.105067
215.613280
232.398461
360.728799
345.011766
409.711009
533.616164
460.982108
262.459194
76.754055
-195.318470
-605.945035
-795.770173
-850.856085
-1094.393802
-1247.291542
-1071.352326
-713.522786
-499.588024
-233.466609
160.222182
322.428068
362.254725
414.136193
368.511020
136.112559
-150.761444
-474.410253
-908.993848
-1172.826375
-1012.604193
771.355364
3548.539859
5000.000239
4281.441899
3074.434792
3916.135324
4084.597504
1938.078037
-478.682844
-1346.934480
-1282.235237
-2528.000854
-3745.842032
-3363.750276
-1807.001033
-402.233974
-638.142064
-1093.783432
-594.042815
137.028114
-239.722903
-1376.384843
-1098.056024
-61.342207
35.859250
-371.410278
372.783611
2094.790591
3034.760728
2906.277797
2333.750531
1709.952168
898.464962
-176.396993
-1455.427787
-2572.252694
-2918.027423
-3068.025905
-3308.359178
-3180.181432
-2260.506105
-978.270868
-342.112508
-84.383683
82.705165
229.499202
303.964369
116.580712
34.791102
147.557000
587.786521
1003.296047
1046.327147
1284.524125
1799.066220
2069.765412
1550.035171
659.199836
-9.155553
-670.033908
-1497.695924
-2285.226099
-2503.891230
-2152.012799
-1718.649943
-1366.618920
-828.272387
140.385150
983.306422
1341.288556
1370.891511
1901.303231
2814.874856
2695.852664
1828.058805
1076.998251
913.266440
343.943618
-764.946477
-1310.312267
-1550.035171
-1543.473691
-1504.715182
-1403.698911
-1033.204188
-349.131765
495.315433
635.547990
564.439860
1092.715284
1484.267779
1123.233795
688.955384
771.202771
556.199862
-136.570336
-718.253155
-1059.297515
-1228.675250
-1185.186372
-1122.470832
-1267.433759
-1009.857527
-403.149529
-98.879975
-17.700736
318.460662
771.202771
633.259102
263.527342
172.582179
40.284434
-249.336234
-672.017611
-950.499023
-1147.190826
-1102.023430
-994.750864
-127.872561
2507.858636
4775.994369
4750.664005
3034.608135
2999.359255
4080.477505
2668.080819
-48.524432
-1454.664824
-946.379024
-1146.733048
-2749.260058
-3129.368112
-1857.966946
-104.983678
-142.216261
-1487.472223
-1512.497402
-560.930231
-498.519876
-1915.952117
-2068.849856
-276.497709
671.712426
246.742161
419.934711
2186.803901
3604.846512
3303.781402
2203.283897
1391.949284
848.872382
-273.445858
-1778.161040
-2761.467462
-2727.591915
-2506.485303
-2807.550414
-2795.800787
-1992.400987
-842.310902
-381.939164
-459.608775
-345.774729
-211.493281
-105.136270
-191.808841
-124.973302
368.053242
1028.168633
1623.737374
1715.140315
1716.208463
1906.491378
1868.495832
1240.424877
86.825164
-788.598323
-1306.039676
-1833.552137
-2372.661633
-2441.786060
-1712.546241
-918.454587
-603.503554
-374.156944
339.060657
1139.408606
1217.688586
1028.473819
1653.492923
2387.310518
2291.787579
1566.667759
1075.777511
898.312369
267.189563
-480.056177
-1249.733023
-1698.965504
-1577.501830
-1441.694457
-1422.162610
-1083.559731
-64.088873
694.601309
656.910948
824.457573
1337.931520
1472.212968
1046.937518
664.845761
486.465064
157.475516
-276.955487
-743.583519
-1111.789353
-1139.103421
-957.976058
-1085.238249
-1223.639696
-817.285723
-294.351038
-87.588126
83.620720
500.045802
677.968720
458.845812
248.268086
66.377761
-192.114026
-454.420628
-740.684260
-1041.901963
-1210.364144
-1039.307890
-1013.214563
-383.159905
2252.571292
4690.695131
4823.755839
3143.101441
2893.307429
3954.741240
2719.046732
58.595541
-1575.823312
-1082.491583
-847.956826
-2469.710498
-3261.665856
-2036.195050
-41.505175
-113.223676
-1823.938806
-1864.528426
-647.145024
-540.177644
-2036.042457
-2147.892800
14.648885
1354.258923
883.816077
708.792417
2343.669047
3951.841981
3475.905803
1812.036587
850.398307
608.691701
-524.613203
-2329.935718
-3153.630328
-2588.122320
-2134.769840
-2587.664542
-2651.143045
-1729.941793
-597.857629
-378.124351
-676.137610
-502.487283
-145.268112
42.115545
-68.971835
162.663663
1012.299008
1773.125485
2097.384664
1921.292856
1778.771410
1691.335876
1197.698962
330.515473
-749.687221
-1483.047039
-1828.211398
-2106.540217
-2329.020162
-2089.144666
-1149.327122
-324.259179
-130.466634
-42.268138
509.353948
1151.158233
1095.309358
766.472402
810.266465
1506.546292
2756.737093
2860.194845
2013.916537
1277.810053
818.811648
-157.628109
-1988.128395
-2542.954924
-2351.298675
-2386.852740
-2104.709107
-1280.251534
-54.475542
821.710907
1573.839609
1804.712144
1481.368521
1526.078139
1262.093020
327.311030
-311.899182
-55.696282
-48.982210
-738.395372
-975.829387
-787.377582
-838.190903
-1020.996783
-931.882731
-898.464962
-747.703518
-295.876964
-45.930359
159.001442
590.838372
981.933089
678.273906
178.380696
131.687375
-173.650327
-709.707972
-1098.666394
-1329.844114
-1671.651437
-1685.537359
-1436.964088
-145.573297
2772.454126
4889.675822
4602.496635
2818.689670
3074.282199
3964.049386
2003.387651
-733.817595
-1631.061817
-625.782067
-943.021988
-2650.990453
-2733.695617
-1154.973046
422.528784
-440.382113
-2114.475030
-1751.915120
-649.128728
-1058.229367
-2570.421584
-1785.943260
868.709414
1811.731402
1052.888627
1294.137456
3266.243633
4186.224145
2757.500056
983.001237
375.682870
19.074069
-1484.572965
-3054.139982
-3099.459971
-1971.343214
-1614.276636
-2222.510559
-2063.051339
-950.956801
-191.198471
-625.629474
-1043.122704
-621.814660
-154.881443
-56.154060
-55.848875
657.979096
1774.804004
2344.584603
2275.612768
1885.891383
1670.125511
1163.213044
181.585140
-824.762758
-1576.586275
-1872.310646
-1985.534322
-1982.635063
-1786.248445
-1185.033780
-249.488827
218.665131
130.619227
137.638484
590.685779
862.910897
621.051698
534.684312
1240.424877
2404.858662
2319.101646
1744.132900
1518.143327
1271.553758
305.185109
-1348.918183
-1963.255809
-2211.523895
-2254.402403
-1848.048430
-1304.666343
-327.616215
668.050204
1470.534450
1412.549279
1167.790821
1484.572965
1130.863423
230.567350
-221.564389
-15.564441
-116.122934
-517.899131
-511.490243
-526.902091
-657.979096
-772.118327
-927.457547
-1127.964164
-870.540524
-355.998430
-254.676974
-22.278513
505.996911
834.376089
638.447249
384.533238
308.084368
-169.682921
-642.262063
-952.177541
-1304.666343
-1375.927066
-1319.010043
-1179.082670
-1134.373052
719.779080
3883.785702
5000.000239
3996.246415
2478.560866
3071.077756
3188.726615
906.399775
-1347.697443
-1752.983268
-453.047295
-878.933115
-2508.316414
-2302.621650
-462.202848
520.188019
-1267.738944
-2556.688254
-1525.620362
-641.651692
-1510.055921
-2465.895684
-717.795377
1901.913602
2447.431985
1595.202567
1883.449903
3533.128011
3599.353180
1546.983319
-180.364400
-299.539185
-565.355415
-2210.303155
-3266.701411
-2462.843833
-1134.373052
-1249.427838
-1978.972842
-1644.489962
-693.838346
-423.749524
-1126.285646
-1234.626360
-388.348052
330.057696
470.748031
630.970214
1664.021809
2582.628988
2528.916409
1919.309153
1330.912262
896.023481
16.937774
-1022.827894
-1713.766982
-1917.172857
-1720.633647
-1594.439604
-1458.479638
-1140.781939
-540.788014
13.885922
34.791102
-114.597009
12.054812
455.641368
696.127234
745.109445
1211.127107
2846.766700
3698.690933
2567.369733
1238.898952
355.845838
-351.268061
-1978.057286
-2922.452607
-2657.094155
-2367.015708
-1522.415918
-643.177618
195.165877
990.173087
1696.371430
1758.934378
824.762758
678.884276
911.587922
364.543613
-192.266619
109.256269
558.488750
96.285902
-370.952500
-651.265023
-1080.202695
-1313.364118
-1287.118199
-1340.830778
-1189.001186
-346.690284
205.542171
336.771768
753.654628
1184.270817
945.768654
239.112533
-62.410355
-419.934711
-827.204239
-967.589389
-1184.576002
-1404.919651
-1224.250066
-889.767186
-215.765872
2245.704627
4695.425500
4752.189931
2693.411183
1888.790642
2852.717810
1784.722520
-628.376140
-1825.006954
-914.029403
-60.731837
-1180.761188
-2008.423205
-1268.044129
243.537717
-95.217754
-2231.971297
-2577.746026
-1247.444135
-861.690156
-2020.478017
-1710.409946
1088.290100
2912.839276
2351.146083
1581.011459
2397.686812
3229.011050
2054.811341
16.174811
-837.885718
-609.454663
-1192.358222
-2449.873466
-2522.049744
-1179.845633
-469.832476
-1320.383376
-1938.841000
-1465.346303
-864.589415
-1147.496011
-1572.618869
-931.119769
194.555507
866.725711
966.216056
1442.152234
2408.368291
2617.267498
1904.965453
1019.928636
518.967278
-53.559987
-901.364221
-1441.999642
-1540.269247
-1310.159675
-1057.466404
-992.919753
-1015.045674
-868.099044
-472.884327
-299.081407
-404.522862
-324.564364
187.536250
760.368700
1406.750762
2924.588903
3506.729499
2722.403768
1540.727025
488.448768
-378.582128
-1737.418828
-2154.912057
-2198.858713
-2182.836495
-1446.577418
-614.795403
67.751094
395.977679
922.116808
1049.836776
559.556898
594.195408
708.487231
541.093199
429.548041
753.349442
767.998328
231.482905
-167.241440
-708.182046
-1312.143378
-1538.590729
-1321.604116
-1238.288581
-1024.048635
-346.232507
66.530354
346.537692
683.156867
853.602751
589.312446
127.109598
-98.727383
-533.921349
-768.761291
-734.427966
-803.399800
-914.639773
-772.728697
-571.306525
687.276866
3463.240621
5000.000239
3944.822724
1714.224759
1816.614364
2446.211244
614.032440
-1450.697417
-1657.765514
-160.374775
-5.035554
-1394.695950
-1675.771436
-632.953917
261.696231
-1200.903405
-2916.959275
-2176.885385
-801.110912
-1079.287139
-2056.489860
-510.727281
2456.282353
3214.056979
1944.029147
1486.709260
2498.092713
2494.583084
685.293163
-820.184981
-665.608724
-377.513980
-1407.055947
-2353.587564
-1701.559577
-382.702127
-648.060580
-1932.126927
-2213.812783
-1518.753697
-1157.719712
-1606.494416
-1376.232251
-53.254802
1099.276764
1359.141885
1264.992278
1864.681018
2380.901631
1829.432138
811.334613
237.434015
114.902194
-384.380645
-995.208642
-1093.936025
-816.827945
-580.156893
-687.734644
-1015.656044
-1262.245612
-1213.110810
-982.238275
-847.651641
-583.361337
-12.054812
765.404254
1256.599688
2249.977219
3596.301329
3296.304366
1974.242473
581.988004
-143.284409
-1042.054556
-2011.932834
-1916.257302
-1776.177337
-1351.664849
-713.675378
-264.137712
-39.521472
160.832553
591.296149
367.900649
192.266619
702.688714
1001.312344
821.253129
819.574611
1085.543434
694.448716
-28.992585
-637.684286
-1260.567094
-1696.829208
-1583.300347
-1192.053037
-925.168659
-307.168813
240.943644
342.112508
455.336183
652.485764
640.125767
91.250348
-201.269580
-326.548067
-650.654653
-702.383529
-656.605763
-556.962825
-509.353948
-424.817672
-201.269580
1722.922535
4297.464118
4667.958840
2700.277848
1207.464885
2168.340202
1916.562487
-268.868081
-1559.038131
-746.025000
610.980589
-237.281423
-1583.452940
-1443.220382
-354.930282
-447.706555
-2532.731223
-3181.096988
-1632.129965
-579.241338
-1384.014471
-1569.719610
885.494595
3098.239230
2679.067483
1335.947816
1521.042585
2308.267575
1523.484066
-208.288837
-751.213147
21.057773
-90.334792
-1349.528554
-1917.478042
-1045.106407
-468.306550
-1561.174427
-2597.888244
-2388.378666
-1629.688484
-1478.621855
-1573.992202
-629.139103
791.344989
1563.158130
1407.513724
1348.612998
1872.768424
1805.169922
970.793833
258.186603
204.168838
195.165877
-223.700685
-507.370244
-498.672469
-432.905078
-574.663561
-920.133105
-1341.135963
-1553.087022
-1347.392258
-945.463469
-461.134700
154.881443
839.106458
1286.660421
1416.669278
1864.223241
2290.109061
1742.912160
816.370168
106.204418
-270.546599
-761.589440
-1142.613050
-998.870863
-910.977551
-736.716854
-467.390995
-311.899182
-201.422172
25.635549
327.768807
345.164359
491.348026
930.661991
1010.467897
706.045751
530.716905
428.174708
14.496293
-504.928763
-907.620515
-1201.513776
-1294.595234
-1064.333069
-756.248701
-500.045802
-55.085912
255.592529
300.912518
316.782144
378.734721
280.922893
-54.322949
-284.890300
-425.733228
-631.275399
-646.382062
-586.413188
-527.817647
-479.903584
-19.989625
2400.738663
4632.862553
4604.632930
2420.728288
972.930129
1965.849882
1467.787784
-666.066501
-1808.221773
-548.112456
938.444211
-218.665131
-1492.660370
-1078.218991
-46.235544
-792.107951
-3080.233309
-3287.911776
-1496.475184
-535.905052
-1380.657435
-1182.744891
1470.992227
3420.056928
2484.054198
942.411618
1305.734490
1970.732844
935.544953
-684.225015
-594.348001
528.580609
210.577725
-1109.805650
-1542.863320
-610.065034
-497.451728
-2057.252822
-3064.058498
-2620.929719
-1709.494390
-1647.389220
-1521.347770
-187.231065
1229.590806
1660.969958
1231.574509
1223.181918
1668.141808
1402.783355
555.589492
72.786649
349.742135
500.808764
146.794038
-126.041450
-137.485892
-250.709567
-724.814635
-1278.878201
-1635.792186
-1593.066271
-1176.183412
-684.377608
-198.980691
355.082875
983.916793
1281.624867
1490.371482
1883.297310
1659.138847
905.179034
100.100716
-285.958447
-510.574688
-760.521293
-647.450210
-614.032440
-588.702076
-439.161372
-322.580661
-290.078446
-191.808841
154.271073
346.232507
497.909506
842.921272
1039.765668
872.524228
600.604295
398.876938
-14.496293
-476.393956
-838.801273
-1132.541941
-1274.147832
-1111.178983
-795.159802
-586.718373
-256.660677
56.306653
128.177746
183.874028
240.180681
219.885871
-34.638510
-242.469569
-407.879899
-533.616164
-465.712477
-304.727332
-316.629551
505.844319
3260.445116
4948.881734
3989.837527
1512.344810
754.570183
1555.223317
474.715438
-1287.118199
-1698.660319
-62.105170
978.118276
-375.377685
-1328.928559
-713.370193
102.389604
-1317.636710
-3391.522121
-2771.996348
-798.211654
-374.004352
-1335.490039
-528.580609
2081.972816
3119.602188
1629.230706
431.073967
1073.030845
1487.624816
319.071032
-855.739047
-46.693322
1169.164154
495.315433
-1004.974565
-1350.901887
-524.155425
-921.964215
-2476.882348
-3039.796282
-2254.554996
-1316.873747
-1371.501882
-1125.217498
163.274034
1208.380441
1082.033805
358.592504
540.635421
1164.586377
1063.570106
590.685779
656.453170
1232.795249
1296.731530
696.127234
89.419237
-228.278462
-546.128753
-1050.599739
-1568.804055
-1713.309204
-1422.620387
-1055.024923
-773.949437
-385.296201
165.562922
1302.530047
2249.672034
1856.288428
1256.904873
731.528707
384.533238
-165.715514
-478.225066
-159.306627
-302.133258
-381.939164
-330.210288
-512.710984
-728.934634
-702.383529
-505.691726
-568.407266
-116.428119
802.026467
1110.721206
953.856059
1066.316772
1019.928636
395.825087
-68.971835
-341.044360
-742.973149
-1053.193812
-901.516813
-783.867953
-817.438315
-456.099146
-312.509552
-470.748031
-449.995444
-181.585140
-69.124427
-213.171799
-77.669610
30.213326
-101.474049
8.239998
55.238505
92.471088
104.068122
1313.669303
3779.870172
4688.711428
3398.846563
968.352352
630.817621
1302.377454
119.022193
-1359.447070
-1164.891562
618.915402
772.118327
-846.736086
-1417.432241
-758.995367
-554.673936
-2079.683928
-3192.999207
-2037.263198
-209.967355
-130.161449
-912.656070
107.119973
2156.285390
2293.923875
526.291721
32.502214
1008.331601
1136.661940
115.512564
-223.853278
991.088643
1464.888525
315.561403
-956.755318
-1086.001212
-644.245766
-1452.528528
-2596.057133
-2621.234904
-1724.295868
-1179.082670
-1375.774473
-916.623476
107.882936
521.866537
45.014804
-306.711035
229.041425
806.909429
830.866460
800.195357
1258.278206
1704.764021
1504.562589
887.936076
410.321380
72.939241
-421.308043
-856.196824
-1054.261960
-880.153855
-628.376140
-624.103549
-707.571676
-612.353922
-171.514031
-5.035554
-85.451831
48.982210
357.219171
563.219119
517.288760
580.156893
603.961331
411.389527
154.576258
-70.345168
-142.521446
-125.888858
-85.909608
-123.752562
-102.694789
87.130349
213.476984
146.336260
91.708125
158.848849
113.528861
-13.580737
-108.798491
-153.660703
-254.066604
-408.642861
-476.088771
-466.017662
-354.014727
-324.564364
-371.868056
-339.365842
-256.660677
-218.359946
-275.124376
-272.835488
-240.485866
-272.530303
-310.068071
-189.367360
-27.466660
125.736265
287.484373
2081.820224
4473.555926
4740.135119
2633.137124
497.451728
1036.561224
1283.150792
-191.198471
-1200.293035
-297.860667
1223.639696
367.595464
-1368.297438
-1609.393674
-802.636838
-1131.168608
-2993.560738
-3256.477710
-1205.328589
310.678441
-460.829515
-1003.143455
569.475414
2023.682460
1151.616010
-281.228078
276.039931
1418.042611
1210.821921
235.450312
451.216184
1645.405517
1366.161142
-209.356985
-1255.378947
-864.284230
-602.130221
-1618.091450
-2226.325373
-1651.051442
-869.319784
-1091.952321
-1557.512206
-1070.284179
-401.623604
-439.619150
-839.716828
-575.731709
243.537717
722.220561
735.801299
920.896068
1369.670771
1442.762605
1079.897510
663.777613
520.798389
401.318419
219.885871
151.219222
114.291823
154.118480
-96.743680
-605.792442
-999.633826
-1074.098992
-949.430875
-896.176074
-485.549509
45.319989
221.564389
112.002935
74.159982
171.514031
123.599969
176.702178
320.902143
442.976186
544.145050
592.669482
490.432471
265.511045
185.857732
56.611838
-133.060708
-148.777741
-8.239998
19.531847
-118.106637
-149.693296
-225.989573
-388.348052
-521.561352
-554.216159
-513.626539
-438.398410
-333.109547
-316.476958
-289.773261
-221.564389
-168.004403
-187.078472
-216.986613
-245.063643
-279.091783
-289.468076
-199.285876
-69.124427
177.617734
287.331780
1511.734439
3768.120545
4464.552965
2822.657077
521.408759
769.066476
1655.171441
823.694610
-189.062175
238.654756
1536.759618
874.965709
-1079.592324
-1898.251380
-1360.515218
-1238.593766
-2672.048225
-3252.815488
-1591.845531
171.056254
-287.179188
-1281.319682
-442.060631
868.862006
497.909506
-590.380594
45.167396
1455.275194
1663.106254
865.657563
701.315381
1567.278129
1514.481105
261.848824
-773.491660
-555.436899
-124.515525
-856.196824
-1585.589236
-1352.732997
-868.556821
-1257.057466
-1866.817314
-1550.187763
-876.491634
-765.404254
-1043.275296
-794.396840
-144.047372
251.167345
227.820684
301.065110
716.727229
955.839763
927.304955
804.925726
842.768680
892.666445
752.586480
602.130221
400.097678
270.546599
135.502189
-30.365918
-52.339246
-90.945163
39.674064
-108.493306
-509.659133
-722.983524
-783.562768
-691.702050
-625.171697
-371.715463
-182.042918
-188.909583
-127.414783
13.275552
85.451831
163.426626
426.648783
604.876887
614.642810
655.385022
697.958345
502.334690
227.820684
151.066629
-14.191108
-196.081433
-211.645873
-239.265126
-431.379152
-566.881341
-514.999872
-637.379101
-737.937594
-577.105042
-436.567299
-462.202848
-432.752485
-294.656223
-284.890300
-360.118429
-316.171773
-296.792519
-304.879924
-127.567376
138.859225
273.598451
793.023507
2822.504484
4281.899677
3494.522095
1260.261909
347.453247
1483.199632
1632.282558
767.998328
509.659133
1484.572965
1705.526984
-80.263684
-1530.198138
-1404.614466
-854.365714
-1705.526984
-2890.255578
-2212.744636
-512.253206
-305.490294
-1599.627751
-1768.852894
-629.596881
-145.573297
-782.036843
-517.288760
1041.749371
1768.089931
1125.217498
460.676923
959.501984
1441.541864
812.402761
50.813321
92.623681
676.290202
394.756939
-495.925803
-803.399800
-644.856136
-958.739021
-1753.593638
-1837.519544
-1216.162661
-907.315330
-1187.170075
-1266.060426
-893.887185
-613.879848
-556.962825
-422.071006
9.308146
380.108054
539.872458
640.278359
734.275373
844.142013
825.525721
803.857578
756.553886
741.752408
771.202771
724.967227
532.853201
420.239896
804.010171
622.119845
-150.303666
-714.285748
-739.921298
-676.747980
-809.045725
-504.013208
-396.740642
-652.333171
-708.182046
-538.041348
-503.097653
-389.263607
121.768859
319.376217
266.579193
597.857629
962.553835
706.198343
437.025077
546.739123
341.807323
46.998507
108.645899
182.348103
-152.439962
-329.142140
-258.796973
-486.465064
-571.459117
-312.509552
-256.202899
-531.022090
-565.355415
-437.940632
-619.220587
-683.004275
-467.390995
-423.139154
-539.567273
-398.266568
-150.914037
-189.214768
-30.213326
266.274008
1205.175997
2921.231867
3576.311704
2396.771256
529.801350
726.645745
1970.885436
1824.396584
1111.941946
1271.553758
1993.163949
1252.479689
-435.804336
-1117.435278
-618.762809
-517.288760
-1598.559603
-2154.301687
-1196.935999
-249.946605
-1130.405645
-2301.706095
-1977.904694
-1087.984915
-1021.607154
-1202.429331
-195.165877
882.137559
815.302020
89.877015
-45.014804
661.336132
978.270868
698.873900
517.288760
959.654576
1198.461925
550.706530
-118.106637
-179.448844
-195.471063
-742.210186
-995.971604
-657.368726
-426.496190
-742.973149
-1164.281192
-1215.094513
-1233.253027
-1219.061919
-1062.044181
-730.307967
-424.817672
-283.364374
-185.552547
-111.697750
23.194068
193.945137
504.776171
793.023507
929.899028
945.921247
985.900496
1243.476728
1401.104837
1117.587871
505.081356
79.042943
68.056279
85.146646
-74.617759
-242.164384
-394.909532
-676.137610
-929.593843
-901.669406
-646.687247
-427.564338
-348.979173
-339.213249
-256.660677
-3.051851
220.954019
251.014752
254.066604
380.871017
463.423589
350.962876
237.586608
191.045878
64.699243
-114.444416
-159.306627
-42.115545
106.357011
137.028114
24.719994
-142.979224
-239.722903
-240.333274
-289.773261
-329.752511
-326.242882
-331.125844
-396.130272
-495.010247
-543.839865
-524.765796
-527.970239
-429.242856
-212.256244
364.238428
2026.429126
3041.779985
2212.592043
375.682870
-27.314067
1453.901861
2069.460227
1623.584782
1486.251483
2117.069104
1850.489911
226.752536
-707.724269
-170.140698
357.524356
-482.192473
-1353.801145
-883.510892
-28.992585
-762.657588
-2217.627597
-2253.334255
-1385.082619
-1102.328615
-1460.921119
-850.398307
192.114026
75.838500
-842.005717
-1094.546395
-236.671052
389.721385
350.810283
351.878431
821.100537
1068.605660
536.820607
-10.986664
70.192575
398.266568
167.699218
-88.351089
140.079965
354.167319
-50.050358
-701.620566
-825.983499
-769.371661
-810.724243
-805.841281
-563.676897
-443.128779
-617.694661
-781.121287
-627.307992
-348.979173
-381.481387
-322.580661
9.918516
498.367284
562.608749
320.902143
322.275476
471.816179
595.416148
660.878354
760.826478
750.755369
541.093199
210.425133
-27.314067
-34.028140
77.669610
46.693322
-142.979224
-117.496267
-74.159982
-245.216235
-409.863602
-310.220664
-108.951084
-68.514057
0.152593
111.239972
105.594048
-19.684440
-161.900701
-280.465116
-238.654756
-68.361465
-9.765924
-52.797024
-19.074069
53.865172
-92.165903
-231.330313
-71.260723
128.025153
122.226636
29.908141
-21.820735
-91.860718
-193.182174
-257.423640
-258.644380
-244.605865
-172.124402
-178.228104
-172.734772
-66.225169
1087.527137
2482.223087
2172.307609
495.925803
-569.475414
637.989471
1896.725455
1679.891435
1163.518229
1517.685549
1764.122525
591.296149
-565.813193
-208.594022
836.664977
508.285800
-679.189461
-830.561275
44.557026
-43.794063
-1540.421840
-2071.901708
-1276.436720
-701.773159
-1129.642682
-1138.493051
-271.919932
-187.994027
-1097.750838
-1588.335902
-816.827945
46.388137
120.242933
-97.659235
112.002935
423.291747
121.311081
-282.906596
-121.005896
502.487283
568.865044
187.841435
203.253283
473.494697
266.731786
-361.949540
-463.728774
-169.682921
-86.214793
-242.622162
-167.851810
-77.669610
-358.439911
-677.510943
-720.847228
-435.499151
-202.185135
-91.250348
-109.103677
-92.928866
-38.605916
-158.391072
-274.971784
-88.351089
277.108079
314.645848
171.208846
178.685882
247.962901
65.767391
-76.296277
113.681453
304.879924
328.379178
213.629577
183.111066
157.475516
80.568869
-6.256295
-18.463699
136.875522
287.331780
233.619201
52.186654
3.051851
-32.349622
-162.358478
-279.549560
-201.269580
-62.562947
-90.945163
-189.519953
-265.511045
-242.469569
-209.967355
-175.023660
-125.888858
-72.939241
-70.955538
-200.811802
-313.730292
-316.629551
-210.882911
-227.820684
-236.365867
-143.894779
86.367386
324.564364
1278.573016
2345.805343
1967.680993
484.328769
-260.322898
987.579014
2125.461694
1869.258795
1370.738919
1602.527009
1538.590729
322.580661
-563.066527
22.278513
988.189384
573.290228
-463.881366
-583.056151
-48.066655
-448.469518
-1674.550695
-1785.790668
-926.236807
-612.506515
-1209.143403
-1253.090059
-583.208744
-634.632435
-1445.051493
-1640.369963
-749.229444
-19.684440
-65.462206
-301.828073
-126.957006
11.444442
-274.208821
-411.999898
5.493332
622.730216
613.574662
250.709567
179.296252
316.324366
165.562922
-116.122934
25.482957
316.934736
329.447326
99.795531
-9.155553
-82.399980
-299.234000
-446.943593
-395.825087
-180.669585
-31.891844
-61.494800
-253.151048
-408.948047
-481.276917
-481.734695
-376.598425
-124.515525
80.263684
-13.733330
-163.274034
-183.721436
-89.877015
-40.589620
28.992585
193.029582
293.282890
263.985120
156.559961
122.684414
151.676999
209.814763
235.602904
284.890300
326.242882
292.977705
179.601437
50.965913
51.576283
101.321456
117.343675
41.199990
-28.382215
-73.244426
-176.091808
-293.740668
-296.334741
-178.838474
-118.717008
-150.914037
-177.465141
-175.023660
-226.294759
-318.918439
-339.976212
-268.562896
-214.545132
-233.619201
-288.705113
-189.214768
146.641445
1023.438264
1786.401038
1437.116680
369.121390
-34.943695
968.504945
1953.489885
1955.015811
1673.940325
1734.824754
1484.267779
553.453196
34.333325
623.798364
1321.909301
882.747929
-20.752587
-265.205860
-40.589620
-413.831008
-1207.159700
-1230.506361
-730.155374
-726.035375
-1284.218940
-1368.450030
-1001.770122
-1159.703416
-1748.558084
-1744.132900
-975.524202
-414.899156
-481.734695
-692.922791
-600.299110
-512.863576
-608.844293
-495.010247
32.349622
548.112456
472.884327
119.022193
56.611838
237.434015
277.260672
256.813270
457.777664
625.934659
514.999872
331.125844
261.543639
164.189589
-7.171850
-50.508136
77.059240
196.234025
150.914037
-47.456285
-319.528810
-478.377659
-472.884327
-428.479894
-336.619176
-211.645873
-213.476984
-413.373231
-543.229495
-411.389527
-238.044385
-184.179214
-109.256269
13.275552
39.368879
-18.158514
-32.502214
61.189614
198.065136
294.503631
321.817698
312.051774
310.678441
288.094743
207.068097
149.082926
173.650327
182.195510
141.453298
129.703671
176.549586
188.299212
83.925905
-43.488878
-126.804413
-144.047372
-134.739226
-122.379229
-115.512564
-125.888858
-167.088847
-272.225118
-335.398435
-350.505098
-337.382138
-371.868056
-405.438418
-397.198420
-77.059240
804.467948
1514.938883
1192.510815
127.262191
-182.195510
655.232430
1484.115187
1599.322566
1610.309230
1822.260288
1490.066297
564.439860
149.388111
855.586454
1583.300347
1291.085605
525.986536
280.159930
336.161398
-157.628109
-799.432394
-722.830932
-227.362906
-366.527316
-1000.396789
-1148.716752
-872.066450
-1050.599739
-1668.141808
-1752.830676
-1204.870812
-820.795352
-978.576053
-1160.466378
-1039.307890
-974.150869
-1098.208616
-998.870863
-424.207302
113.528861
120.853303
-155.949591
-167.546625
49.745173
134.128856
176.091808
439.313965
715.964267
651.265023
375.988055
418.866563
602.893184
518.204316
338.145101
345.164359
526.596906
421.765821
151.676999
38.148139
2.288888
-95.522939
-217.291798
-245.063643
-191.503656
-228.583647
-425.428042
-595.873926
-594.805778
-439.924335
-372.783611
-367.137687
-247.199939
-167.241440
-219.275501
-265.816230
-129.856264
48.524432
86.977756
78.737758
119.632563
147.862185
193.792544
260.322898
300.912518
316.782144
295.876964
241.859199
161.290330
157.322924
213.782169
197.759951
135.654781
108.951084
83.468127
40.894805
18.768884
34.180732
-0.152593
-102.999974
-171.819217
-176.702178
-181.279955
-205.999949
-223.700685
-229.956980
-284.127337
-367.137687
-478.530252
52.644431
972.624944
1269.722648
513.779132
-356.151023
-12.054812
799.737579
1113.467872
1152.073788
1542.252950
1698.049949
962.706428
111.697750
296.945111
1206.091552
1497.848517
1041.444186
591.601335
612.506515
419.476933
-217.749576
-425.122857
9.613331
271.156970
-307.321405
-864.436822
-768.761291
-658.284281
-1097.750838
-1476.180374
-1245.765616
-902.584961
-966.063464
-1243.934506
-1215.857476
-1081.118250
-1143.223420
-1287.881162
-1119.418981
-626.239844
-346.079914
-433.973226
-563.676897
-433.668040
-276.955487
-222.937722
-42.573323
312.814737
526.902091
395.825087
292.367335
450.148036
554.826529
529.038387
581.835411
739.005742
730.613152
514.542094
417.188045
416.425082
292.214742
170.293291
130.924412
106.051826
17.090366
-111.392565
-239.265126
-342.722878
-353.099172
-322.122883
-365.611761
-354.014727
-270.394007
-319.986587
-439.771743
-411.542120
-241.401422
-159.764405
-169.072551
-83.468127
3.357036
9.460738
8.545183
42.725915
108.798491
203.100690
265.205860
227.210314
178.380696
236.365867
282.143634
212.103651
195.623655
264.137712
250.404382
142.216261
98.269605
148.777741
138.401447
59.511096
-9.002961
-56.764430
-85.451831
-74.770352
-85.909608
-114.597009
-146.336260
-155.339221
-256.813270
-353.862134
-425.428042
-39.368879
719.931673
1067.995290
590.685779
-266.579193
-223.700685
428.632486
820.337574
900.448665
1228.675250
1524.857399
987.884199
83.162942
-5.035554
810.419058
1303.903380
1087.374545
730.460559
694.906494
529.953942
-59.205911
-321.817698
51.271098
472.121364
146.794038
-461.897663
-602.435406
-497.146543
-740.073890
-1116.519723
-1036.561224
-740.989446
-780.663510
-1145.512308
-1236.915248
-1083.864916
-1070.741956
-1241.798210
-1240.577470
-901.516813
-642.262063
-618.152439
-684.072423
-599.688740
-491.958396
-496.230988
-442.518409
-175.023660
148.319963
259.865121
239.112533
303.811776
379.650276
291.451779
295.724371
586.870965
851.161270
784.630916
552.842826
490.737656
441.755446
319.986587
294.351038
372.173241
379.497684
237.281423
75.228129
-54.933320
-134.891818
-151.371814
-179.906622
-244.758458
-239.875496
-222.785130
-297.708074
-360.881392
-292.519927
-205.084394
-229.804387
-218.054761
-102.084419
-37.385176
-69.277020
-89.266644
-42.725915
19.531847
76.143685
113.986638
133.671078
175.481438
222.174760
211.645873
194.555507
242.927347
294.808816
253.456233
184.484399
180.974770
187.383657
165.715514
146.336260
156.254776
121.463674
52.644431
3.509629
-21.973328
-39.826657
-63.783688
-86.825164
-117.648860
-168.004403
-240.638459
-311.136219
-333.262139
105.899233
670.186500
790.887211
249.794012
-252.998456
-43.641471
348.521395
531.785053
707.876861
1099.276764
1203.344886
685.140571
79.195536
121.768859
650.807246
965.605686
887.936076
690.786495
641.651692
385.906571
-58.748134
-184.026621
147.099223
404.522862
116.275527
-279.702153
-407.116936
-452.436925
-680.105016
-864.131637
-814.539057
-715.048711
-813.013131
-1017.181970
-1050.447146
-959.349391
-911.435329
-1031.830855
-1109.347873
-992.004198
-817.285723
-736.411669
-692.922791
-542.619124
-437.788039
-470.442846
-502.182097
-321.665105
-7.477035
172.124402
155.949591
76.296277
100.558494
207.983652
291.604372
387.127311
576.799857
699.331678
615.863551
443.891742
403.302122
450.605814
401.318419
338.908064
332.346584
291.604372
183.111066
91.402940
48.371840
-9.002961
-94.607384
-140.995521
-146.488853
-138.706632
-118.869600
-131.839967
-163.884404
-185.247361
-176.244401
-138.859225
-67.751094
26.703697
65.157021
23.499253
-29.602956
-25.025179
27.466660
88.503682
145.420705
192.571804
204.321431
180.669585
184.331806
232.245868
288.094743
291.756965
244.148088
207.831059
191.808841
188.604398
184.484399
175.786623
148.472556
108.035529
40.894805
5.035554
-8.697776
-25.635549
-59.663689
-100.558494
-138.554040
-173.650327
-223.242908
-262.916972
-307.626590
-285.500670
92.318496
535.752460
619.067994
168.004403
-191.045878
-35.859250
220.954019
316.019181
480.819140
869.167192
988.189384
574.663561
114.291823
143.437001
448.316926
595.110963
568.102081
541.550977
535.752460
328.073993
36.469621
-77.364425
38.605916
114.444416
-46.388137
-252.388085
-343.791026
-400.250271
-523.850240
-637.684286
-684.225015
-706.961306
-773.796845
-828.272387
-815.302020
-756.096108
-685.598348
-732.749448
-823.084240
-824.610166
-709.860564
-585.039855
-511.032466
-421.765821
-345.622136
-348.521395
-363.475465
-281.685856
-149.082926
-30.518511
18.768884
49.439988
85.757016
137.028114
225.074018
303.353999
363.780650
420.087303
431.226560
359.965837
269.783637
230.872535
258.796973
263.527342
242.622162
218.207353
166.020700
101.474049
54.933320
47.456285
29.145178
0.305185
-9.308146
4.577777
26.703697
46.845914
51.271098
43.031100
30.518511
28.077030
48.066655
93.997014
155.796998
175.176253
143.742187
114.749601
106.814788
101.931827
122.074044
177.159956
217.749576
198.980691
160.527368
168.462180
194.402915
185.247361
155.491813
131.992560
122.531821
111.850343
88.351089
72.481463
53.712579
19.074069
-36.317028
-76.601462
-69.887390
-59.053319
-64.546651
-71.871093
-66.530354
-80.111091
-119.632563
-155.796998
-137.485892
-125.278487
-158.696257
-206.457726
-204.016246
27.924438
267.799933
343.638433
174.413290
34.333325
96.133309
146.336260
166.631070
285.042892
513.016169
578.020597
411.236935
246.589568
256.050307
300.912518
301.675481
311.593997
307.779183
273.140673
153.355517
51.423691
-9.308146
-39.368879
-63.325910
-127.414783
-201.879950
-268.562896
-313.425107
-341.196952
-352.946579
-389.416200
-446.180630
-496.536173
-503.555430
-486.617657
-489.059138
-471.510994
-457.167294
-472.273957
-518.509501
-531.785053
-480.819140
-413.220638
-364.848798
-336.466583
-312.051774
-292.825112
-286.721410
-268.562896
-180.516992
-66.377761
2.746666
-25.635549
-41.657767
0.457778
44.862211
87.282941
143.131816
206.457726
200.659209
144.199964
129.551079
158.543664
185.247361
192.876989
184.179214
168.004403
154.881443
161.900701
182.805881
199.896247
216.986613
226.447351
213.171799
209.662170
229.804387
248.573272
235.450312
203.558468
180.059215
159.611812
154.881443
159.459220
143.894779
93.844421
63.173318
70.802945
72.634056
59.205911
60.884429
79.195536
59.358504
27.619252
23.957031
39.826657
36.469621
32.502214
51.881469
46.693322
20.294810
-3.662221
-1.373333
21.515550
38.605916
42.878508
37.995546
30.671103
21.973328
-4.272592
-5.340739
25.177772
41.047397
17.548144
-8.392591
-17.700736
-31.739251
-87.130349
-123.142192
-131.839967
-128.025153
-165.715514
-161.748108
15.411848
188.146620
188.604398
-2.441481
-74.007389
2.288888
42.115545
39.216287
137.943669
310.678441
311.746589
142.979224
37.232583
97.201457
151.219222
147.557000
153.965888
202.185135
225.226611
160.679960
110.782195
93.539236
111.087380
82.247387
-3.204444
-75.228129
-78.585166
-52.186654
-76.143685
-123.294784
-175.481438
-240.333274
-352.031024
-423.139154
-406.201381
-363.017688
-355.998430
-405.743603
-444.502112
-471.968772
-498.214691
-507.217652
-464.339144
-386.669534
-347.148062
-365.764354
-378.429536
-331.888806
-260.780676
-193.487359
-148.777741
-107.882936
-78.279981
-61.647392
-25.940734
27.771845
99.642938
142.063668
149.388111
151.676999
168.309588
204.779208
240.638459
277.413264
307.168813
316.782144
299.386592
282.906596
277.718450
281.533263
269.173266
250.709567
242.316977
224.768833
192.114026
149.693296
134.586633
127.414783
106.662196
79.500721
63.325910
57.222208
45.930359
23.041476
7.782220
9.613331
16.174811
24.109624
21.515550
40.589620
57.527393
58.442948
59.663689
67.598502
90.182200
93.539236
90.029607
81.179239
87.130349
104.983678
110.782195
87.740719
64.851836
66.225169
64.241466
44.099248
22.125920
34.638510
32.959992
-3.967406
-46.235544
-56.764430
-47.151099
-71.108130
-113.834046
-144.352557
-147.251815
-155.796998
-191.808841
-211.188096
-197.759951
-190.740693
-232.856238
-267.952526
-193.029582
-26.551105
78.432573
53.865172
-0.915555
16.479996
57.222208
55.543690
101.321456
236.671052
334.177695
298.318444
221.869575
226.447351
258.796973
247.047346
248.420679
282.906596
280.312523
215.613280
146.641445
133.671078
129.245894
89.571830
34.028140
-29.297771
-77.517018
-121.005896
-162.053293
-190.435508
-214.850317
-252.998456
-313.425107
-373.546574
-394.299161
-380.565831
-374.004352
-384.075460
-404.065085
-411.694713
-416.425082
-410.168787
-380.718424
-327.768807
-288.399928
-275.429561
-260.628083
-228.736239
-162.816256
-93.844421
-39.979249
-18.463699
-9.765924
15.717033
58.900726
98.879975
134.586633
164.036996
171.514031
164.494774
145.420705
139.622188
139.164410
143.742187
150.151074
152.745147
154.271073
145.573297
125.888858
102.237012
94.149606
92.776273
100.405901
111.545157
118.411822
117.038489
104.831085
93.997014
85.909608
86.825164
94.759976
99.490346
95.065162
99.337753
112.002935
121.005896
136.417744
142.674039
134.128856
109.561454
101.321456
107.119973
101.321456
94.912569
106.814788
122.837007
102.694789
68.971835
56.917023
62.868133
53.559987
18.005921
-9.460738
-6.714072
-7.171850
-30.365918
-57.222208
-62.562947
-61.342207
-81.789609
-97.964420
-80.721461
-53.865172
-52.186654
-72.634056
-76.906648
-57.832578
-51.881469
-61.494800
-48.066655
-14.038515
-10.071109
-45.472581
-67.293317
-50.050358
-43.488878
-70.650353
-89.266644
-42.115545
54.170357
148.167371
192.419211
161.900701
90.182200
14.648885
-11.902219
9.613331
59.663689
120.548118
151.219222
121.311081
52.949616
4.119999
-7.171850
8.392591
28.534808
52.491839
38.605916
-12.512589
-46.540729
-55.391097
-68.666650
-103.610345
-115.207379
-116.428119
-134.891818
-150.914037
-130.619227
-115.970342
-148.014778
-175.939216
-163.426626
-146.641445
-163.731811
-165.410329
-145.420705
-141.911076
-167.394032
-176.396993
-144.962927
-129.856264
-137.638484
-137.943669
-119.327378
-99.032568
-93.234051
-90.182200
-70.345168
-51.118506
-56.917023
-70.650353
-65.614799
-29.755548
0.610370
-0.762963
0.305185
24.109624
44.709619
42.268138
36.011843
53.102209
81.331832
92.318496
99.948123
128.788116
151.219222
153.202925
156.407369
161.442923
157.628109
142.368854
136.265151
132.908115
124.057747
119.327378
132.602930
143.284409
127.567376
108.188121
97.659235
99.337753
100.100716
85.909608
79.500721
87.435534
82.094794
57.069615
32.807399
33.112584
47.151099
39.979249
33.112584
44.557026
41.810360
14.038515
-10.223701
6.103702
43.488878
56.764430
43.946656
37.690361
44.709619
37.232583
9.765924
-8.239998
7.019258
27.008882
15.564441
-1.220740
5.951110
9.613331
-8.087405
-29.145178
-38.300731
-42.420730
-45.625174
-39.521472
-39.063694
-59.053319
-82.705165
-95.675532
-97.506642
-90.639977
-85.451831
-88.656274
-92.928866
-93.081458
-95.217754
-101.626641
-98.727383
-86.977756
-89.877015
-99.337753
-83.773313
-53.407394
-44.099248
-46.082952
-24.719994
5.798517
15.106663
10.223701
18.921477
32.654807
30.671103
28.534808
42.420730
61.037022
65.919984
61.647392
60.579244
62.562947
61.799985
52.949616
43.031100
44.404433
48.677025
41.047397
31.281474
32.807399
27.771845
-4.730369
-39.368879
-48.371840
-50.355543
-66.988132
-83.010350
-85.451831
-87.740719
-102.084419
-110.782195
-102.694789
-98.269605
-104.373307
-103.915530
-93.386643
-83.315535
-72.176278
-62.715540
-62.105170
-64.088873
-56.611838
-46.082952
-34.791102
-25.330364
-28.992585
-38.758509
-36.774806
-22.583698
-9.155553
-3.204444
5.188147
16.937774
18.005921
13.580737
17.090366
25.940734
31.128881
40.589620
55.085912
61.647392
59.816281
65.767391
66.530354
72.634056
94.912569
112.765898
103.915530
89.877015
98.574790
122.989599
126.346635
112.002935
101.931827
102.694789
104.525900
93.386643
83.773313
89.877015
95.675532
78.585166
58.137763
58.595541
73.549611
76.754055
65.614799
52.949616
62.410355
61.037022
33.722955
22.736291
43.641471
33.112584
-11.291849
-36.774806
-29.450363
-13.885922
-2.441481
-24.109624
-49.897765
-54.780727
-70.955538
-95.065162
-79.195536
-54.017764
-63.783688
-76.143685
-65.157021
-61.647392
-66.682946
-59.968874
-55.085912
-43.794063
-25.788142
-28.382215
-41.810360
-41.962953
-39.063694
-47.608877
-45.777766
-27.619252
-27.314067
-32.807399
-28.077030
-32.654807
-40.284434
-36.011843
-27.924438
-29.145178
-40.284434
-34.180732
-22.736291
-16.632588
-16.785181
-28.839993
-41.962953
-50.813321
-47.303692
-27.619252
-16.479996
-18.616292
-27.924438
-39.674064
-45.014804
-38.911101
-23.041476
-10.376294
-6.561480
-4.272592
-16.479996
-22.431106
-5.645925
3.662221
10.528886
18.311107
28.839993
40.131842
38.300731
32.349622
27.314067
34.485917
42.573323
42.420730
44.862211
47.456285
52.339246
60.426652
46.693322
33.265177
49.287395
41.505175
20.905180
28.077030
32.197029
21.210365
8.697776
13.122960
21.057773
25.025179
27.161475
27.466660
37.690361
44.251841
35.706658
14.343700
14.496293
18.158514
2.594073
-28.382215
-26.398512
-16.937774
-38.605916
-59.816281
-45.777766
-27.161475
-39.216287
-50.202950
-39.979249
-13.885922
-12.665182
-16.937774
-7.019258
-10.223701
-12.665182
11.444442
30.518511
25.788142
35.248880
28.077030
28.839993
40.589620
34.485917
32.502214
7.171850
2.746666
26.245919
19.226662
6.256295
32.502214
20.599995
-9.155553
0.152593
-0.762963
3.051851
1.983703
-16.479996
-18.921477
-13.275552
-19.074069
-26.093327
-20.294810
-19.531847
-14.038515
-15.259255
-5.645925
7.019258
5.645925
-25.788142
-34.028140
-7.019258
-1.220740
-14.191108
-12.359997
18.311107
14.191108
-8.239998
-17.700736
-20.294810
-19.226662
1.373333
11.597034
-16.174811
-16.785181
-13.885922
-26.398512
-31.586659
3.662221
20.752587
-11.291849
-16.022218
-21.210365
-44.251841
-44.709619
-31.434066
-25.635549
-16.479996
-13.580737
-10.223701
4.425184
-13.580737
-12.054812
9.002961
10.071109
5.340739
11.291849
28.839993
38.453324
38.605916
19.531847
27.619252
46.693322
45.777766
75.533315
77.211833
58.748134
57.527393
42.573323
30.060733
44.099248
59.511096
54.780727
57.679986
54.933320
42.725915
36.164435
16.174811
17.548144
12.817775
-2.288888
-11.291849
-18.005921
-17.548144
-30.823696
-52.644431
-62.105170
-56.154060
-80.568869
-99.185161
-98.269605
-70.039983
-90.945163
-98.269605
-75.380722
-62.257762
-50.355543
-59.205911
-59.511096
-18.768884
-3.051851
-4.577777
2.441481
0.457778
-8.087405
-12.970367
3.204444
22.278513
37.079991
29.908141
41.352582
34.485917
10.986664
34.180732
34.485917
9.613331
29.297771
24.872586
14.191108
16.632588
1.525926
10.681479
-2.288888
-16.632588
-4.272592
-5.493332
-21.057773
-34.028140
-29.755548
-29.145178
-20.905180
9.308146
3.204444
-6.866665
-5.035554
-7.171850
-2.288888
-2.594073
-8.087405
3.051851
10.528886
21.973328
40.284434
52.339246
32.349622
11.291849
12.207404
5.493332
33.265177
47.151099
34.180732
26.856290
19.379254
11.444442
15.259255
-14.496293
1.525926
0.305185
8.697776
24.262216
26.703697
22.125920
19.531847
-6.408887
-20.142217
18.768884
30.518511
18.311107
30.213326
17.090366
3.814814
18.158514
6.408887
5.493332
8.239998
20.447402
21.973328
19.379254
29.297771
13.885922
12.817775
-10.223701
-13.275552
21.362958
22.431106
8.697776
25.330364
22.278513
-12.817775
-8.850368
-21.362958
-28.534808
-9.918516
2.594073
-9.155553
30.518511
-24.109624
-46.693322
-37.690361
-39.368879
-27.924438
-46.388137
-37.690361
-46.235544
-63.020725
-83.162942
-72.023686
-80.416276
-64.699243
-41.962953
-43.031100
-40.589620
-22.278513
-42.573323
-33.722955
-11.139256
0.762963
29.297771
6.714072
13.275552
18.463699
11.749627
13.580737
21.515550
-0.762963
-0.610370
6.714072
0.915555
41.810360
41.047397
6.408887
9.002961
8.545183
9.002961
16.785181
-14.343700
-8.545183
14.496293
-2.136296
-10.986664
-19.531847
-1.068148
-2.136296
7.019258
-3.509629
-30.213326
-24.872586
1.220740
8.087405
28.229623
32.349622
3.967406
-17.090366
-12.207404
10.376294
-11.139256
-4.119999
20.142217
16.632588
33.875547
27.314067
0.457778
-20.752587
-10.681479
-3.357036
-11.597034
12.207404
33.417769
25.635549
-5.951110
40.284434
46.235544
-8.697776
9.002961
35.401473
45.014804
84.841460
90.334792
55.543690
44.709619
44.099248
23.804439
34.028140
64.088873
64.394058
37.385176
37.995546
39.521472
3.051851
-11.139256
6.561480
9.002961
-1.831111
19.837032
-2.136296
9.155553
-3.051851
-31.128881
-43.183693
-42.420730
-32.044436
-24.872586
-7.782220
-27.008882
-32.807399
-22.888883
-49.592580
-54.322949
-14.801478
-21.973328
-40.589620
-84.841460
-44.251841
-23.194068
-68.514057
-35.859250
-22.583698
-54.017764
-81.637017
-86.519979
-64.394058
-28.534808
2.441481
-13.580737
-15.717033
-33.112584
-103.305160
-65.767391
-1.831111
30.518511
12.054812
1.220740
9.308146
27.314067
1.525926
-10.223701
0.000000
-12.054812
5.951110
24.719994
53.254802
54.170357
43.488878
9.460738
-0.915555
4.730369
64.088873
91.097755
58.900726
62.715540
74.617759
42.420730
25.482957
13.580737
19.379254
27.619252
36.469621
57.527393
-21.668143
-27.771845
18.005921
0.915555
-61.952577
-40.437027
-29.297771
-30.671103
2.136296
-9.308146
-37.842954
-28.687400
-14.191108
-55.848875
-52.949616
-20.294810
-27.161475
-28.687400
-16.022218
25.635549
-9.765924
-11.291849
34.943695
10.528886
-23.346661
-18.768884
25.025179
57.222208
40.284434
28.992585
17.242959
6.408887
28.534808
50.508136
32.502214
12.207404
58.595541
55.238505
41.505175
61.189614
20.447402
35.554065
53.102209
-8.545183
-16.937774
26.856290
31.891844
17.700736
43.794063
11.291849
-6.103702
3.204444
-25.177772
-42.420730
-22.888883
-21.973328
2.594073
12.817775
24.109624
34.485917
-29.602956
-57.222208
-42.725915
-37.995546
-23.499253
10.528886
17.395551
-13.428145
2.594073
-14.191108
-73.854796
-53.102209
-35.401473
-31.586659
-25.482957
-28.992585
-27.008882
-49.287395
-60.121467
-50.050358
-69.887390
-67.751094
-38.453324
-20.599995
-7.629628
-22.278513
-55.696282
-31.434066
-64.851836
-55.543690
-39.674064
-50.050358
-39.521472
-0.152593
6.866665
-31.586659
1.068148
18.463699
-6.866665
25.788142
60.579244
47.608877
55.238505
82.552572
86.062201
82.857757
81.484424
48.219247
40.742212
73.702204
73.702204
95.370347
59.663689
32.349622
56.001468
25.788142
-3.967406
12.359997
45.167396
26.551105
30.671103
7.477035
-39.521472
-55.543690
-22.736291
-2.136296
-17.395551
-8.239998
-19.074069
-19.837032
17.853329
-5.493332
-25.635549
-36.774806
-32.502214
-0.915555
11.139256
2.441481
15.869626
-20.294810
-21.820735
-7.019258
-48.677025
-23.194068
10.528886
-39.216287
-1.678518
70.955538
22.736291
19.379254
9.155553
10.376294
-30.671103
3.967406
0.457778
5.035554
50.965913
2.746666
-21.210365
22.583698
-0.152593
-41.505175
19.226662
-9.918516
-18.921477
15.564441
-36.164435
-16.632588
-3.357036
-23.194068
-38.605916
-55.696282
-55.085912
-50.202950
10.834071
53.712579
41.199990
20.599995
-15.106663
-62.410355
-63.020725
-0.610370
38.453324
9.002961
290.383632
222.937722
-42.268138
-34.943695
-93.997014
-113.528861
-24.262216
40.437027
11.444442
25.788142
29.450363
-34.943695
-89.114052
-99.032568
-131.382190
-84.383683
-35.706658
15.259255
-3.509629
-39.979249
-46.540729
-52.949616
-65.462206
-36.011843
-16.479996
-37.995546
-20.294810
-34.180732
13.885922
23.041476
-7.019258
-6.408887
-6.561480
13.122960
37.385176
47.151099
53.254802
25.025179
36.622213
85.146646
57.069615
25.482957
43.794063
38.605916
37.995546
68.666650
65.004428
32.654807
29.755548
37.842954
-37.690361
-3.204444
36.927398
13.885922
-15.869626
18.768884
38.758509
16.632588
38.758509
42.878508
11.902219
-15.106663
37.842954
0.915555
-0.305185
47.914062
-5.493332
-8.239998
10.071109
7.934813
4.119999
-12.359997
30.823696
23.346661
9.613331
25.025179
-8.087405
-80.721461
-48.524432
14.343700
14.648885
-39.979249
-5.035554
34.180732
-13.733330
-30.671103
-34.638510
-48.066655
-26.551105
25.025179
-16.022218
-36.011843
19.989625
-29.145178
-14.038515
-22.888883
-18.463699
-29.450363
-38.911101
-35.401473
-48.982210
-32.502214
-40.894805
-10.986664
-19.684440
-45.625174
-43.183693
-14.648885
-27.314067
-5.340739
27.771845
-16.327403
-3.662221
14.191108
19.226662
-3.509629
9.308146
52.034061
-2.594073
-26.856290
9.460738
9.765924
-4.577777
-0.915555
-25.482957
-2.594073
7.629628
-7.934813
8.392591
47.303692
-30.976289
-48.982210
30.060733
1.220740
8.087405
37.079991
8.850368
35.401473
24.414809
-11.902219
-12.970367
-36.164435
-17.242959
34.333325
29.145178
26.703697
32.044436
20.905180
-12.817775
-35.859250
16.937774
17.090366
-2.746666
-3.051851
-9.308146
-66.835539
-52.797024
-5.188147
-35.859250
32.349622
92.776273
13.733330
10.071109
49.592580
-0.610370
-30.518511
-10.528886
17.090366
71.108130
79.653314
67.903687
54.933320
20.752587
0.152593
-20.142217
-27.924438
23.346661
43.488878
-0.457778
41.352582
51.118506
-25.635549
-70.039983
-5.188147
-5.798517
-4.730369
43.641471
64.394058
37.079991
31.128881
25.025179
-45.930359
-68.361465
-19.989625
-3.051851
-42.878508
21.515550
53.254802
-6.103702
7.019258
40.894805
-27.619252
-58.595541
-54.628135
-81.789609
-32.959992
36.622213
13.580737
-1.983703
2.288888
-11.444442
-40.131842
-67.445909
-41.505175
-35.248880
-25.940734
23.346661
-15.259255
-24.109624
7.782220
-5.798517
13.275552
12.817775
-25.330364
-29.908141
-24.872586
-6.866665
-9.002961
-35.554065
-24.262216
-23.499253
16.174811
17.242959
7.019258
19.379254
-24.567401
-31.891844
-20.142217
26.856290
39.826657
17.548144
27.466660
-21.515550
-54.933320
-33.112584
-42.573323
-25.025179
58.900726
30.213326
-10.071109
31.586659
37.995546
-33.875547
-60.274059
-14.954070
60.121467
64.241466
17.548144
37.079991
-31.434066
-42.725915
-57.832578
-44.099248
-24.719994
22.736291
48.677025
43.183693
46.693322
25.330364
-9.613331
-38.453324
-32.044436
-30.365918
-37.232583
15.564441
106.204418
114.597009
60.579244
16.479996
-4.577777
-47.303692
-5.798517
69.277020
40.284434
-22.736291
53.407394
95.980717
29.297771
8.545183
17.395551
12.512589
11.902219
-7.477035
-76.906648
-64.851836
-14.801478
10.528886
1.678518
-18.005921
-31.281474
14.038515
9.308146
-1.831111
22.888883
-33.722955
23.651846
63.173318
29.145178
-12.054812
-39.979249
-38.148139
-92.165903
-65.919984
49.287395
23.194068
-74.770352
-33.112584
12.512589
36.927398
49.897765
22.888883
12.512589
54.780727
46.998507
4.730369
-13.580737
-26.093327
-41.199990
-28.077030
-23.499253
-17.242959
-36.011843
-46.082952
-32.959992
-6.714072
37.995546
-78.585166
-50.965913
-1.068148
-39.979249
14.496293
45.930359
-24.262216
-98.269605
-106.662196
20.599995
-0.610370
-84.383683
-32.349622
6.408887
24.719994
43.641471
3.509629
-53.712579
-60.426652
11.444442
-5.188147
8.850368
115.359971
68.819242
80.721461
104.373307
41.047397
33.417769
21.210365
-0.457778
5.493332
27.924438
36.317028
88.503682
25.482957
55.238505
23.804439
-112.918490
-73.397019
-9.613331
-94.149606
-53.102209
13.733330
3.662221
-26.093327
-29.145178
18.768884
46.388137
31.739251
37.995546
71.108130
-16.937774
-11.444442
10.834071
-29.450363
27.466660
36.317028
7.171850
33.265177
14.038515
-6.408887
-35.401473
-17.548144
-37.079991
-40.894805
-37.842954
-10.681479
1.373333
-9.155553
84.994053
80.874054
-3.204444
-34.333325
18.311107
-21.820735
-68.971835
-62.410355
-63.631095
46.388137
47.914062
-14.801478
-22.431106
-37.537768
-97.354050
-108.798491
-9.155553
-1.983703
-1.220740
92.471088
30.823696
-111.087380
-70.345168
-33.417769
1.831111
115.207379
117.496267
62.868133
42.115545
-20.752587
-30.213326
-17.548144
-5.340739
32.807399
90.639977
82.399980
36.927398
8.850368
-49.134803
-39.826657
-52.491839
-101.168864
-27.771845
43.794063
-44.557026
10.986664
19.837032
-123.905154
-36.927398
26.551105
-13.428145
35.248880
83.925905
83.315535
9.460738
-47.456285
1.983703
1.678518
5.951110
79.348128
47.761470
8.392591
18.768884
-15.259255
-52.186654
-11.902219
-32.502214
-67.293317
21.210365
36.317028
-45.625174
-65.614799
-18.005921
-53.559987
-86.519979
-51.118506
-1.220740
-27.161475
30.213326
103.762937
14.038515
-46.693322
15.869626
5.340739
-19.989625
73.397019
52.339246
-20.447402
12.512589
61.342207
17.242959
20.142217
36.317028
-21.057773
-14.038515
70.497760
30.671103
30.976289
68.361465
7.324443
-24.414809
44.404433
48.219247
-28.077030
-26.398512
8.087405
-18.768884
-24.109624
36.164435
33.265177
-10.528886
-28.534808
-19.837032
-27.008882
-13.580737
-53.102209
-101.779234
6.561480
29.450363
-41.199990
-7.477035
11.139256
-23.194068
-37.842954
-67.140724
-64.699243
-45.930359
-25.177772
-27.924438
-28.229623
27.314067
70.192575
93.691829
50.660728
36.011843
13.428145
-16.937774
26.245919
-22.583698
-11.902219
89.266644
66.682946
55.085912
88.198497
52.339246
-34.638510
-27.924438
-24.567401
-62.562947
-56.611838
0.152593
57.527393
-19.379254
-43.488878
-19.074069
-56.764430
-76.754055
-23.346661
33.722955
18.158514
-28.534808
-21.973328
16.479996
-80.568869
-33.417769
56.001468
-60.274059
-102.389604
47.608877
74.007389
89.571830
92.471088
5.340739
-23.499253
-10.986664
5.493332
15.259255
4.730369
-17.853329
-0.305185
-16.022218
16.174811
2.136296
8.697776
3.357036
-42.878508
4.577777
-22.125920
-24.872586
16.632588
-35.554065
-29.145178
37.995546
17.242959
17.395551
9.155553
-17.853329
6.256295
61.494800
72.176278
-23.346661
-28.382215
-23.041476
-63.631095
-29.908141
13.580737
23.957031
-9.155553
-1.373333
28.534808
-39.368879
-53.254802
-21.668143
-88.045904
-78.737758
-5.493332
24.567401
34.028140
85.146646
83.773313
60.731837
-19.074069
-84.841460
6.408887
20.905180
25.330364
63.478503
79.958499
77.364425
89.724422
72.481463
52.491839
28.687400
-10.223701
21.668143
29.450363
-14.648885
36.317028
34.791102
-20.447402
-30.671103
14.343700
-38.911101
-72.786649
-9.002961
-33.570362
-104.983678
-50.050358
2.136296
-67.903687
-81.789609
-22.888883
26.856290
33.112584
55.543690
5.645925
-16.785181
-15.717033
-26.551105
-5.340739
41.657767
65.919984
14.954070
-2.899259
44.862211
55.543690
14.648885
20.447402
-3.509629
-34.791102
-16.327403
-11.291849
-61.494800
-46.540729
71.565908
13.580737
16.785181
74.617759
10.834071
-54.322949
-101.168864
-103.915530
-63.020725
-13.275552
28.534808
61.037022
5.340739
15.869626
54.170357
-35.706658
-98.727383
-35.706658
-43.641471
-6.408887
56.306653
67.293317
27.161475
-5.493332
-19.684440
-82.552572
-75.838500
-41.810360
-56.611838
-22.736291
12.665182
67.598502
58.290356
4.730369
20.142217
-25.025179
-55.238505
15.869626
72.634056
25.940734
29.297771
40.437027
12.207404
9.918516
21.820735
6.561480
25.788142
14.801478
36.317028
65.157021
27.466660
-1.220740
-16.022218
-68.819242
-38.148139
43.336286
28.382215
6.561480
-11.291849
23.499253
17.090366
23.957031
21.668143
0.000000
13.885922
-39.216287
-36.927398
29.145178
-5.340739
-40.284434
-2.594073
4.577777
69.277020
78.585166
-9.002961
-45.319989
-22.125920
-28.687400
-25.330364
24.872586
30.976289
39.674064
60.121467
39.063694
7.934813
-25.635549
-62.715540
3.051851
19.837032
7.477035
18.005921
-15.411848
1.373333
50.202950
29.145178
6.256295
71.718501
54.322949
19.989625
-15.259255
-50.050358
-43.183693
12.359997
-1.983703
-5.798517
-2.899259
-40.437027
-1.983703
-3.357036
-23.651846
0.305185
-15.106663
-57.527393
-38.758509
-41.810360
-74.465167
-89.266644
-26.093327
-61.494800
-43.183693
-3.357036
-38.300731
-32.502214
-68.666650
-53.102209
-8.697776
11.291849
-3.204444
23.346661
84.383683
69.734797
-5.798517
-3.662221
-36.317028
-59.816281
-15.411848
109.256269
143.437001
76.448870
72.939241
73.397019
40.742212
21.515550
-3.204444
-27.314067
-7.934813
82.247387
99.337753
27.924438
-18.158514
-21.973328
-84.383683
-129.398486
-81.331832
-62.715540
-35.859250
-16.327403
20.142217
25.177772
-0.305185
-10.986664
-12.054812
-2.136296
23.346661
8.697776
-7.171850
77.517018
69.734797
14.648885
29.297771
-28.229623
-96.133309
-47.914062
-1.525926
-37.690361
58.748134
148.930333
48.219247
10.528886
16.174811
-28.534808
-29.908141
47.151099
51.576283
24.719994
36.469621
-11.139256
-22.736291
13.580737
6.866665
-5.493332
34.333325
59.205911
45.014804
41.810360
63.325910
13.122960
-65.004428
-56.154060
-74.770352
-85.299238
-57.069615
-18.158514
9.460738
-11.139256
-8.392591
-4.577777
-21.362958
-91.708125
-82.705165
-6.256295
41.199990
35.401473
-10.071109
-21.057773
-11.139256
14.343700
2.746666
-17.395551
-21.515550
-8.087405
10.834071
7.324443
-34.943695
-10.834071
41.199990
73.091834
59.205911
38.758509
22.125920
-13.122960
1.678518
-6.714072
-52.491839
-86.214793
-84.536275
-29.755548
6.866665
47.303692
96.896272
22.583698
16.327403
48.524432
26.245919
-15.411848
2.288888
33.570362
18.158514
29.145178
68.971835
28.534808
-29.908141
-31.891844
2.136296
-0.762963
1.678518
5.798517
1.220740
-0.610370
-5.340739
6.866665
-48.829618
-76.601462
-58.137763
-75.075537
-13.885922
83.925905
-13.428145
-44.709619
-19.531847
-78.890351
-50.050358
17.548144
25.788142
51.576283
75.380722
52.186654
36.622213
39.368879
43.488878
13.885922
24.567401
29.755548
-16.632588
-39.063694
-78.279981
-50.050358
-11.444442
-24.262216
-3.204444
30.671103
3.357036
-23.957031
-8.239998
-19.379254
-89.724422
-95.980717
24.567401
88.656274
67.445909
51.728876
7.324443
-52.797024
-72.023686
-85.299238
-43.794063
-32.959992
17.548144
75.380722
86.062201
25.330364
-38.148139
19.226662
-8.697776
-50.355543
-12.054812
17.090366
-13.122960
-23.346661
18.616292
12.207404
-17.548144
19.989625
40.742212
36.622213
33.417769
33.570362
-8.545183
-10.071109
47.303692
70.955538
59.358504
66.682946
55.696282
54.933320
57.679986
52.339246
25.788142
-26.703697
-54.780727
-83.315535
-5.798517
24.262216
15.411848
14.038515
55.085912
27.466660
-4.425184
-48.371840
-93.386643
-49.745173
-65.157021
-40.894805
8.697776
-18.463699
-12.665182
4.119999
-17.090366
-24.414809
-16.479996
22.125920
24.109624
-26.703697
-40.742212
-17.853329
-39.368879
-19.531847
-38.911101
-65.004428
-6.256295
21.210365
-17.395551
-20.294810
-46.693322
-54.780727
7.934813
2.288888
-50.660728
-63.478503
-4.882962
0.000000
9.918516
51.271098
31.586659
23.041476
7.934813
-25.330364
-23.957031
-17.548144
-32.502214
17.853329
50.660728
31.891844
32.197029
37.995546
62.715540
40.284434
19.379254
5.798517
-5.188147
-20.905180
-9.765924
22.888883
0.610370
-27.924438
24.262216
48.524432
7.324443
20.905180
7.171850
6.408887
6.714072
11.444442
4.577777
16.174811
34.943695
38.300731
49.287395
32.349622
16.785181
-0.610370
28.077030
49.897765
34.943695
-7.934813
-11.139256
-12.054812
-18.616292
-16.174811
-62.715540
-54.170357
-19.837032
-24.567401
11.444442
-13.580737
-73.244426
-46.235544
-40.437027
-69.429612
-50.965913
-32.044436
-28.077030
-30.060733
-6.866665
30.060733
8.850368
-34.180732
-37.079991
-18.921477
-13.275552
10.681479
37.537768
32.197029
32.197029
17.090366
-4.119999
-23.499253
-8.697776
38.453324
14.038515
10.376294
28.229623
15.869626
14.496293
8.697776
4.272592
12.054812
-9.308146
-42.725915
-45.625174
-44.862211
-53.407394
-36.469621
13.122960
8.545183
10.071109
39.826657
16.022218
-28.077030
-23.957031
6.256295
-23.651846
-7.629628
30.365918
4.730369
28.687400
81.484424
43.946656
34.485917
82.857757
39.826657
-12.817775
22.431106
11.444442
-38.911101
1.220740
35.859250
29.450363
39.826657
15.564441
-47.608877
-25.177772
14.496293
-26.245919
-33.722955
-20.447402
-21.668143
-0.152593
10.071109
-14.038515
-17.853329
3.814814
-0.762963
-35.554065
-14.801478
-6.256295
-21.210365
-6.103702
9.002961
9.002961
1.220740
26.551105
58.900726
44.709619
33.875547
7.477035
-17.242959
9.460738
2.441481
-13.733330
-16.785181
-11.597034
-28.992585
-37.842954
-13.122960
-1.068148
2.899259
32.044436
3.357036
-36.011843
-26.093327
-17.700736
-22.125920
8.392591
32.044436
6.256295
-10.223701
5.798517
-25.330364
-72.328871
-31.128881
-10.223701
-27.771845
18.768884
23.651846
-26.856290
1.068148
9.765924
-19.226662
-13.885922
-0.152593
-13.122960
-5.493332
-14.954070
-50.050358
-28.839993
16.022218
24.872586
27.619252
33.417769
21.973328
6.256295
0.762963
-11.444442
-23.041476
-5.645925
7.477035
25.330364
19.989625
-3.662221
-21.057773
-16.937774
-10.681479
-3.814814
6.103702
-13.580737
-15.564441
12.207404
28.077030
27.314067
21.668143
5.493332
-0.305185
-6.714072
2.288888
-18.158514
-19.684440
18.463699
11.291849
12.665182
27.314067
22.125920
-1.373333
2.594073
19.684440
-4.425184
5.798517
26.245919
24.414809
-0.915555
-2.899259
22.125920
-15.411848
-26.093327
20.294810
0.305185
-31.739251
-6.408887
2.288888
-10.528886
-17.395551
0.610370
-9.002961
-40.437027
-23.957031
-8.392591
-10.223701
18.921477
38.148139
12.207404
-11.749627
-14.191108
-19.074069
-7.782220
-4.882962
-7.019258
23.194068
56.459245
68.971835
77.211833
56.459245
9.918516
-2.288888
-3.662221
-12.512589
-18.311107
-26.398512
-28.992585
-8.545183
9.765924
1.831111
15.259255
19.379254
-15.259255
-35.859250
-58.442948
-57.374801
-45.167396
-36.469621
-20.294810
-30.823696
-25.940734
3.509629
5.188147
13.733330
32.807399
15.564441
-5.951110
-4.577777
-7.477035
-33.875547
-55.238505
-32.807399
10.834071
34.333325
40.742212
63.631095
79.805906
49.134803
22.736291
8.392591
-35.554065
-70.802945
-56.611838
-30.365918
-16.632588
2.441481
27.771845
33.570362
28.992585
27.466660
31.128881
11.902219
-21.668143
-20.294810
-15.564441
-15.564441
-8.545183
-15.869626
-5.188147
13.122960
2.746666
-3.357036
10.528886
15.869626
1.678518
6.714072
10.223701
-20.599995
-29.755548
-13.122960
-20.599995
-28.839993
-12.054812
-3.204444
-8.087405
3.051851
16.022218
14.801478
12.054812
8.697776
-0.915555
-11.444442
-13.580737
2.594073
34.028140
41.657767
11.444442
-3.509629
14.648885
28.687400
18.311107
-0.762963
-1.373333
1.373333
2.441481
17.700736
8.850368
-13.885922
-5.493332
8.392591
1.220740
3.509629
19.074069
14.343700
2.288888
4.577777
-2.441481
-22.736291
-10.376294
29.450363
28.992585
2.746666
5.798517
3.204444
-19.684440
-39.216287
-34.028140
-16.327403
-15.717033
-4.119999
15.106663
0.305185
-21.515550
-25.482957
-27.619252
-43.183693
-58.595541
-49.592580
-34.791102
-30.365918
-21.515550
-17.090366
-16.937774
8.087405
25.635549
22.125920
9.765924
-1.373333
7.782220
5.340739
-15.411848
-14.038515
-5.188147
-1.831111
10.834071
42.115545
81.942202
71.871093
50.355543
45.472581
9.308146
-7.934813
9.918516
4.882962
-7.782220
-3.204444
10.376294
21.362958
13.275552
1.373333
-5.188147
-7.934813
-10.071109
0.152593
17.395551
2.288888
-11.291849
-2.288888
-12.054812
-36.927398
-37.537768
-9.765924
9.613331
10.834071
-2.288888
-18.616292
-17.548144
-16.632588
-10.071109
-1.068148
-11.597034
-6.714072
9.613331
6.408887
4.882962
15.411848
23.804439
33.722955
37.232583
26.093327
3.051851
-25.177772
-43.183693
-36.774806
-12.359997
1.983703
10.376294
20.752587
27.314067
29.755548
22.736291
9.002961
-6.408887
-18.768884
-26.551105
-27.161475
-26.551105
-25.482957
-21.820735
-12.359997
-0.762963
8.545183
10.071109
5.645925
12.970367
13.275552
2.288888
-1.983703
-10.681479
-21.362958
-10.376294
3.509629
-1.068148
0.000000
14.496293
21.973328
20.599995
20.752587
13.428145
-0.762963
-12.665182
-16.785181
-9.002961
-4.730369
-4.882962
6.256295
16.022218
5.798517
-7.782220
-15.411848
-21.210365
-16.632588
2.288888
12.054812
1.373333
-3.051851
-0.152593
-15.869626
-30.671103
-27.314067
-25.025179
-19.531847
-0.610370
11.902219
9.002961
11.902219
18.616292
9.765924
-1.220740
-6.866665
-18.311107
-24.414809
-16.022218
2.746666
17.395551
16.632588
16.632588
19.837032
13.580737
10.223701
14.038515
4.577777
-9.002961
-8.239998
-1.373333
3.357036
7.782220
9.002961
14.954070
26.398512
18.616292
0.000000
-9.308146
-21.973328
-33.417769
-25.025179
-11.749627
1.678518
22.278513
28.992585
19.684440
14.038515
9.155553
-2.441481
-10.376294
-2.288888
16.937774
24.567401
9.460738
-1.373333
12.817775
19.074069
8.239998
6.714072
10.223701
5.493332
-0.915555
-6.714072
-11.444442
-4.272592
8.545183
9.002961
-4.119999
-10.223701
-0.305185
7.019258
-3.967406
-17.700736
-15.106663
-5.493332
-1.983703
-4.425184
-1.525926
14.801478
28.077030
21.362958
7.782220
0.152593
-7.324443
-15.869626
-23.194068
-29.297771
-27.771845
-19.531847
-14.496293
-10.376294
0.000000
5.645925
3.662221
2.441481
1.068148
-2.441481
-1.373333
-2.441481
-11.444442
-15.259255
-12.207404
-13.733330
-16.022218
-6.561480
8.239998
13.428145
12.817775
15.869626
14.191108
-3.509629
-24.567401
-26.398512
-13.428145
-1.678518
5.340739
9.460738
13.122960
17.853329
15.259255
2.441481
-6.408887
-5.798517
-5.493332
-5.798517
-1.220740
5.951110
9.918516
7.324443
3.204444
4.272592
9.765924
12.970367
9.308146
3.204444
2.594073
3.051851
-5.951110
-16.174811
-16.022218
-12.207404
-12.970367
-10.376294
-6.103702
-3.814814
-0.610370
2.136296
-1.983703
-5.035554
-2.746666
-3.204444
-5.188147
-3.662221
-0.457778
-0.610370
-1.220740
3.357036
14.954070
25.788142
28.534808
26.398512
24.719994
23.957031
20.294810
9.460738
-2.899259
-6.561480
-4.272592
-5.645925
-9.613331
-7.324443
-1.983703
0.762963
3.204444
7.019258
10.681479
9.460738
2.746666
-5.188147
-7.782220
-9.765924
-11.749627
-7.629628
0.610370
4.730369
4.577777
7.629628
10.681479
6.103702
-0.305185
1.373333
5.340739
4.577777
3.509629
7.171850
9.765924
9.308146
7.324443
4.882962
-1.373333
-11.597034
-17.853329
-13.885922
-7.629628
-8.392591
-10.376294
-4.577777
3.509629
1.220740
-6.714072
-10.223701
-9.002961
-8.392591
-7.019258
-4.425184
-4.730369
-8.392591
-12.512589
-16.327403
-15.717033
-12.665182
-10.681479
-9.002961
-5.951110
-2.441481
-0.610370
1.373333
1.983703
0.915555
2.899259
7.324443
8.392591
5.035554
4.882962
8.697776
9.308146
7.019258
6.103702
7.019258
3.814814
0.152593
-1.068148
-0.762963
0.457778
3.509629
8.697776
11.139256
10.681479
9.460738
8.239998
6.408887
2.288888
-2.899259
-6.561480
-6.866665
-5.798517
-7.171850
-8.087405
-5.493332
-2.288888
-2.441481
-1.068148
4.272592
8.087405
6.866665
4.577777
5.798517
5.951110
2.746666
1.068148
1.831111
1.068148
-1.373333
-1.678518
0.762963
3.051851
4.119999
4.119999
4.272592
5.493332
5.340739
2.899259
1.831111
2.899259
2.288888
-1.373333
-3.357036
-1.983703
-1.983703
-5.188147
-7.477035
-6.714072
-6.103702
-7.782220
-7.477035
-4.730369
-2.441481
-1.678518
-1.678518
-1.373333
-1.068148
0.457778
0.457778
0.000000
1.373333
2.746666
4.119999
2.136296
1.831111
3.509629
3.814814
3.357036
3.509629
5.035554
5.340739
4.119999
3.357036
2.746666
2.288888
1.678518
0.915555
-0.915555
-2.136296
-2.746666
-3.357036
-4.119999
-5.035554
-3.662221
-2.594073
-2.594073
-2.594073
-2.288888
-2.441481
-3.509629
-3.814814
-3.357036
-2.746666
-3.051851
-3.204444
-2.441481
-1.983703
-2.288888
-1.983703
-0.610370
0.305185
0.457778
0.457778
1.678518
2.441481
1.983703
1.220740
1.373333
1.220740
1.068148
1.068148
0.762963
0.305185
0.000000
-0.152593
-0.915555
-1.831111
-1.678518
-0.457778
1.220740
2.441481
3.204444
3.509629
2.136296
1.068148
-0.305185
-0.915555
-1.220740
-1.220740
-0.152593
0.305185
0.915555
1.983703
2.594073
2.746666
2.899259
3.662221
4.119999
4.577777
4.425184
4.119999
3.204444
2.441481
1.831111
1.220740
1.220740
0.915555
1.678518
2.288888
2.441481
1.983703
1.373333
0.305185
-0.915555
-2.136296
-2.746666
-3.051851
-2.899259
-2.594073
-2.136296
-1.983703
-1.831111
-1.220740
-1.983703
-1.678518
-1.831111
-1.831111
-1.525926
-1.068148
-0.610370
-0.305185
0.610370
-0.152593
0.457778
0.305185
-0.305185
-0.305185
-0.457778
-0.610370
-0.305185
-0.305185
-0.457778
-0.762963
-0.762963
-0.915555
-1.373333
-1.220740
-1.068148
-1.373333
-0.915555
-0.610370
-1.068148
