2.300173
3.450259
0.000000
0.575043
1.725129
0.575043
1.150086
2.300173
0.000000
1.150086
-1.725129
-1.725129
-0.575043
-1.725129
-2.875216
-4.600345
-4.600345
-5.175388
-0.575043
0.000000
-2.300173
-2.875216
-2.875216
-1.725129
-2.300173
1.725129
2.300173
1.150086
1.150086
1.725129
1.150086
1.725129
1.150086
1.150086
0.000000
0.000000
0.000000
-1.725129
-1.150086
-0.575043
0.000000
-1.150086
1.150086
1.725129
2.300173
1.725129
4.025302
2.300173
1.725129
1.725129
1.725129
0.000000
-0.575043
-0.575043
-0.575043
0.575043
0.575043
3.450259
1.725129
2.875216
4.025302
0.575043
2.300173
1.725129
2.300173
5.750431
5.750431
3.450259
4.025302
2.875216
2.300173
3.450259
5.750431
5.175388
2.300173
1.725129
0.000000
-2.300173
-2.875216
-1.150086
0.000000
2.875216
1.725129
0.000000
0.575043
-0.575043
-1.725129
-1.725129
-4.600345
-2.875216
-4.600345
-6.900518
-5.750431
-7.475561
-5.750431
-4.600345
-6.325475
-6.325475
-5.175388
-2.300173
-1.150086
-2.875216
1.150086
4.025302
4.600345
2.875216
2.300173
-2.875216
-1.725129
-1.725129
-2.300173
-4.025302
-4.600345
0.000000
-0.575043
0.575043
0.000000
-0.575043
0.000000
0.000000
1.150086
1.150086
0.575043
1.150086
0.575043
0.575043
-0.575043
-4.025302
-3.450259
-0.575043
0.575043
-1.725129
-4.025302
-5.175388
-4.025302
-4.600345
-2.875216
-2.875216
-1.150086
1.150086
1.150086
1.150086
-1.150086
-1.725129
-1.725129
-1.725129
-2.300173
-2.300173
-1.150086
-2.300173
-0.575043
1.150086
0.575043
1.725129
5.750431
4.600345
1.725129
4.600345
6.900518
10.350777
9.200690
10.350777
11.500863
8.050604
6.900518
4.025302
0.575043
0.000000
-1.150086
-0.575043
-1.725129
-4.600345
-3.450259
-4.600345
-2.875216
0.575043
-0.575043
0.575043
2.300173
2.300173
0.575043
-1.150086
-2.300173
-1.725129
-2.875216
-2.875216
-5.175388
-4.600345
-5.175388
-6.900518
-4.600345
-2.300173
-3.450259
-2.875216
-0.575043
1.725129
2.875216
2.300173
2.875216
5.750431
6.325475
6.900518
5.175388
4.025302
4.025302
2.875216
1.725129
0.000000
0.000000
0.000000
0.000000
1.150086
0.000000
0.575043
0.575043
1.150086
1.150086
0.575043
-0.575043
0.000000
1.150086
3.450259
3.450259
4.600345
6.325475
2.875216
0.575043
-1.725129
0.000000
-1.150086
-0.575043
-1.150086
-4.600345
-5.175388
-5.175388
-4.025302
-1.725129
1.150086
1.150086
1.150086
2.300173
5.175388
4.025302
2.875216
4.600345
4.025302
2.875216
3.450259
2.875216
2.875216
-0.575043
-0.575043
-1.150086
-2.300173
-1.725129
1.150086
3.450259
1.725129
1.725129
0.575043
1.150086
0.575043
0.575043
-1.150086
0.000000
-1.150086
-3.450259
-4.600345
-6.900518
-4.025302
-0.575043
-0.575043
-1.725129
0.000000
-1.725129
-1.150086
0.575043
0.575043
1.725129
0.000000
-1.150086
-1.150086
-2.300173
-4.600345
-6.325475
-5.750431
-2.300173
-2.875216
-3.450259
-3.450259
-3.450259
-3.450259
-3.450259
0.000000
0.575043
1.725129
1.150086
1.150086
0.575043
-0.575043
-1.150086
0.000000
0.000000
1.150086
1.150086
1.725129
1.150086
1.150086
2.875216
0.575043
-1.150086
-1.150086
0.000000
1.150086
1.150086
1.150086
1.150086
-1.150086
-2.875216
-2.875216
-1.725129
-1.150086
0.575043
0.000000
0.000000
1.150086
2.300173
2.300173
2.875216
3.450259
4.600345
4.600345
3.450259
1.725129
5.750431
5.175388
2.875216
2.875216
1.150086
0.575043
1.150086
1.725129
1.725129
1.725129
0.000000
0.000000
-0.575043
-1.150086
0.000000
0.575043
2.300173
2.300173
2.300173
2.875216
2.300173
2.875216
4.025302
4.025302
1.725129
1.150086
-1.725129
-4.025302
-3.450259
-3.450259
-3.450259
-1.150086
-1.150086
0.000000
-0.575043
0.575043
-0.575043
0.000000
1.725129
1.725129
1.150086
1.150086
1.150086
-2.875216
-3.450259
-1.150086
-2.875216
-1.725129
-2.875216
-4.025302
-2.875216
-1.725129
0.000000
-1.725129
-3.450259
-3.450259
-3.450259
-3.450259
-2.300173
-2.300173
0.000000
-1.150086
-3.450259
-1.725129
-3.450259
-4.600345
-4.025302
-4.025302
-2.875216
-1.725129
-2.300173
0.575043
2.875216
3.450259
4.025302
5.175388
5.750431
5.750431
6.900518
7.475561
7.475561
3.450259
0.000000
0.000000
-1.150086
-0.575043
0.575043
0.000000
1.725129
-0.575043
1.150086
4.025302
4.025302
5.175388
4.600345
2.875216
1.150086
0.000000
-1.150086
0.000000
0.000000
-0.575043
0.000000
-3.450259
-1.150086
-0.575043
-1.725129
-0.575043
-3.450259
-2.300173
-1.725129
-1.150086
1.725129
1.150086
2.300173
2.300173
0.575043
-1.150086
-3.450259
-3.450259
-3.450259
-5.175388
-2.300173
0.000000
0.000000
1.725129
0.000000
-3.450259
-2.875216
-4.025302
-5.750431
-4.600345
-1.725129
-1.150086
-1.725129
-1.150086
0.000000
3.450259
1.725129
0.000000
-0.575043
-2.300173
-4.600345
-6.325475
-5.175388
-2.300173
-2.300173
-2.300173
-1.150086
-0.575043
0.000000
1.150086
3.450259
4.600345
2.875216
3.450259
1.725129
0.575043
2.875216
0.575043
2.300173
1.150086
0.000000
0.000000
-1.725129
0.000000
0.000000
0.000000
0.000000
2.300173
2.875216
3.450259
3.450259
4.025302
7.475561
4.600345
2.875216
4.025302
1.150086
1.150086
-1.150086
-1.725129
0.575043
0.000000
0.000000
-0.575043
-0.575043
1.150086
1.150086
0.000000
1.725129
2.875216
4.600345
4.025302
4.025302
1.725129
-0.575043
1.150086
1.725129
2.300173
2.875216
1.725129
2.300173
0.575043
-1.725129
-0.575043
1.150086
0.000000
0.000000
-0.575043
1.150086
1.725129
2.300173
2.300173
4.025302
5.175388
2.875216
1.725129
-2.300173
-4.025302
-3.450259
-2.300173
-3.450259
-1.725129
-2.300173
-2.875216
-0.575043
-0.575043
1.150086
2.300173
2.875216
1.725129
2.875216
2.875216
0.575043
0.575043
-0.575043
-0.575043
-4.600345
-2.875216
-5.750431
-8.050604
-5.750431
-5.175388
-3.450259
-1.150086
-1.150086
-1.725129
-1.725129
-0.575043
-1.150086
0.575043
0.575043
-0.575043
0.000000
-1.150086
-1.150086
-2.875216
-1.725129
-1.150086
0.575043
1.150086
-2.300173
-0.575043
0.575043
-0.575043
0.000000
2.300173
4.025302
4.025302
3.450259
4.025302
3.450259
1.725129
-0.575043
-3.450259
-2.875216
-6.325475
-6.325475
-6.325475
-5.750431
-4.600345
-5.175388
-2.300173
-0.575043
0.575043
2.875216
-0.575043
2.300173
3.450259
2.300173
4.600345
2.875216
2.300173
4.025302
0.575043
0.575043
0.575043
0.000000
-1.725129
-4.600345
-4.025302
-1.725129
-1.150086
2.300173
3.450259
2.875216
3.450259
3.450259
4.600345
4.025302
4.025302
2.300173
-0.575043
-0.575043
-1.150086
0.000000
0.575043
-0.575043
-2.875216
-2.300173
-2.300173
-1.725129
-1.150086
-1.150086
0.575043
2.875216
4.025302
4.025302
5.750431
4.025302
0.000000
0.000000
0.575043
0.575043
0.575043
-1.725129
0.000000
0.575043
0.000000
0.000000
0.000000
0.000000
0.000000
2.300173
3.450259
1.725129
2.300173
2.875216
4.025302
5.750431
5.750431
5.750431
6.325475
6.325475
5.750431
8.050604
6.325475
2.875216
0.000000
-2.875216
-2.300173
-2.300173
-0.575043
-0.575043
-1.725129
-1.150086
-0.575043
-1.150086
-1.150086
-1.725129
-1.150086
-1.725129
0.000000
1.150086
-1.150086
-1.150086
-5.750431
-5.175388
-6.900518
-5.750431
-6.325475
-6.900518
-4.025302
-5.175388
-2.875216
-0.575043
0.000000
0.000000
0.000000
0.575043
0.575043
0.575043
1.150086
0.575043
-1.150086
-1.150086
-1.150086
-3.450259
-0.575043
1.150086
-1.150086
-1.150086
0.575043
0.575043
-1.150086
0.575043
1.150086
-1.725129
-1.150086
0.000000
-2.300173
-1.150086
0.000000
-1.150086
-1.725129
-2.875216
-2.875216
-4.600345
-6.325475
-4.025302
-4.600345
-1.725129
0.000000
1.150086
0.575043
0.575043
2.300173
1.150086
1.150086
3.450259
2.300173
3.450259
3.450259
4.600345
3.450259
3.450259
2.875216
2.875216
2.300173
2.875216
3.450259
2.300173
2.875216
2.875216
3.450259
2.875216
4.025302
4.600345
5.175388
1.150086
1.725129
0.575043
-0.575043
2.875216
0.575043
-0.575043
-2.300173
-5.175388
-4.025302
-1.725129
-2.300173
-0.575043
-2.300173
-4.600345
-4.025302
-3.450259
-2.300173
0.575043
1.150086
0.000000
-1.150086
-4.025302
-6.325475
-5.175388
-4.600345
-3.450259
-3.450259
-1.725129
0.575043
1.725129
4.025302
4.025302
4.600345
3.450259
3.450259
4.600345
5.175388
5.175388
4.025302
4.025302
5.175388
3.450259
0.575043
2.300173
2.300173
0.000000
0.575043
1.725129
1.150086
0.575043
0.000000
0.000000
1.150086
0.000000
4.600345
2.875216
1.150086
2.875216
0.000000
0.000000
0.575043
-3.450259
-1.725129
-2.875216
-5.175388
-4.600345
-5.750431
-5.175388
-2.875216
-4.025302
-3.450259
-1.150086
-0.575043
2.875216
4.025302
8.050604
8.050604
4.025302
4.025302
1.725129
0.575043
0.575043
-1.725129
-2.300173
-2.300173
-0.575043
0.575043
2.875216
3.450259
3.450259
3.450259
3.450259
4.600345
2.875216
0.575043
1.150086
1.725129
-1.725129
-1.725129
-2.875216
-4.025302
-5.175388
-6.325475
-6.900518
-6.325475
-4.600345
-4.025302
-0.575043
0.000000
1.150086
1.150086
1.150086
-0.575043
0.000000
0.000000
0.575043
-0.575043
-1.150086
0.000000
-0.575043
0.575043
-0.575043
-2.300173
-2.300173
-1.725129
0.000000
1.150086
4.600345
4.600345
2.300173
5.750431
2.875216
3.450259
4.025302
2.300173
0.575043
0.000000
-3.450259
-3.450259
-4.025302
-2.875216
-3.450259
-1.150086
1.150086
1.150086
4.025302
5.750431
5.175388
2.300173
2.875216
0.575043
1.150086
-1.150086
-2.300173
-1.725129
-4.025302
-5.175388
-7.475561
-5.750431
-5.175388
-6.900518
-2.875216
-2.300173
-1.150086
-1.150086
-1.725129
0.000000
2.300173
4.600345
6.900518
5.750431
4.025302
4.025302
1.725129
0.575043
1.150086
-0.575043
-0.575043
-1.725129
-1.150086
2.300173
2.300173
2.875216
2.875216
2.875216
3.450259
2.875216
2.875216
3.450259
6.325475
6.900518
6.325475
5.175388
4.025302
3.450259
1.150086
-2.300173
-2.875216
-4.600345
-4.025302
-5.175388
-8.625647
-9.200690
-10.925820
-9.200690
-8.625647
-5.750431
-2.300173
-1.725129
0.000000
-0.575043
0.575043
0.575043
2.875216
2.300173
4.025302
4.600345
4.025302
6.325475
4.600345
3.450259
4.025302
4.025302
2.875216
4.600345
4.025302
7.475561
7.475561
3.450259
0.575043
-2.300173
-2.300173
-2.300173
-7.475561
-12.075906
-14.376079
-15.526165
-16.676251
-13.801035
-12.075906
-9.200690
-9.200690
-8.050604
-5.175388
-4.025302
0.000000
5.175388
6.325475
9.200690
5.175388
2.875216
5.750431
6.900518
8.625647
9.200690
8.625647
7.475561
7.475561
5.175388
4.025302
5.750431
2.875216
4.025302
1.150086
0.000000
0.575043
-3.450259
-6.325475
-6.325475
-8.625647
-8.050604
-6.900518
-6.900518
-4.025302
-4.025302
-1.725129
1.725129
4.600345
5.175388
6.900518
7.475561
8.050604
9.775733
8.050604
6.325475
5.750431
3.450259
2.875216
0.000000
-4.600345
-4.025302
-3.450259
-4.025302
-1.725129
-2.300173
0.575043
1.150086
-1.725129
-4.025302
-7.475561
-7.475561
-4.600345
-5.750431
-4.025302
-5.175388
-7.475561
-4.600345
-5.750431
-4.600345
-2.875216
-3.450259
-1.150086
0.575043
1.725129
1.150086
1.150086
5.750431
10.925820
14.951122
18.976424
20.701553
19.551467
13.801035
10.925820
3.450259
4.025302
6.325475
5.175388
11.500863
8.625647
4.025302
5.750431
1.725129
3.450259
8.625647
10.925820
14.951122
12.650949
9.775733
6.325475
3.450259
6.900518
13.801035
17.826337
20.701553
23.576769
26.451985
27.027028
21.851639
17.826337
16.101208
20.701553
25.301898
29.327200
32.777459
40.828063
47.153538
46.003451
54.054055
52.328926
57.504314
62.679702
55.779185
52.328926
39.677977
27.602071
28.177114
32.202416
39.677977
47.153538
51.753883
58.079357
66.129961
71.880393
70.730306
75.905695
84.531342
85.106385
87.406558
86.831514
80.506040
62.104659
32.777459
13.225992
7.475561
-5.750431
-35.077632
-167.912597
-322.599203
-412.880976
-583.093746
-646.923535
-615.871205
-552.041416
-430.707313
-413.456019
-505.462922
-691.201856
-783.208759
-679.125951
-482.461196
-289.821743
-92.581946
66.705004
127.084534
95.457162
-12.650949
22.426683
197.239798
435.307658
681.426123
736.055222
612.995989
474.410592
379.528474
379.528474
445.658435
468.660161
465.784945
416.331235
355.376662
315.698685
284.646355
203.565272
177.688331
136.285225
11.500863
-50.028753
-156.986778
-223.691782
-140.310527
-98.907420
-97.182291
-228.867170
-424.381839
-419.781494
-326.049461
-157.561821
-17.251294
-56.929271
-82.231169
20.701553
-1.150086
-43.128236
67.280048
210.465790
374.928128
434.157572
315.698685
216.216221
215.641178
284.071312
361.127093
332.374936
197.814841
150.661303
144.335829
56.929271
32.202416
27.602071
22.426683
-22.426683
-125.359405
-204.140315
-203.565272
-155.261648
-127.659577
-107.533068
-147.211044
-172.512943
-120.184017
-151.236346
-142.035656
-113.858542
-89.131687
-32.777459
-2.875216
-16.676251
-67.855091
-34.502589
-12.650949
-65.554918
-110.983326
-121.909146
-101.782636
-86.256471
-112.708456
-112.133413
-84.531342
-121.909146
-146.636001
-131.109836
-91.431860
-58.079357
-74.755608
-94.882118
-186.889021
-239.217947
-198.389884
-208.740660
-200.690057
-151.811389
-112.708456
-44.278322
-94.307075
-200.690057
-253.018982
-298.447391
-313.973555
-349.051187
-270.845320
-93.732032
35.077632
170.212770
156.986778
63.254746
67.280048
-96.032205
-184.588849
-60.379530
39.102934
159.861993
322.599203
436.457745
441.633133
393.329509
243.818292
136.860268
36.802761
2.300173
82.806212
209.315704
355.951705
392.179423
510.063267
557.216804
507.188051
428.982184
350.776317
313.398512
343.875799
461.759643
588.269134
731.454876
833.237513
895.342172
999.424981
1104.657875
1059.804510
1008.625671
592.294436
152.386433
-76.480738
-50.603796
94.882118
-17.251294
-16.676251
155.261648
140.885570
-355.951705
-993.099506
-1430.132294
-1355.376685
-1350.776340
-1560.667087
-1548.591181
-1323.749313
-857.964368
-591.719393
-575.618185
-374.353085
-228.867170
-294.422089
-556.066718
-706.152978
-377.803344
145.485915
405.980458
565.267408
760.782077
930.994847
968.947694
702.702719
534.215079
533.064992
469.810247
213.916049
-10.350777
41.403106
315.123642
482.461196
325.474418
92.581946
-229.442214
-580.218530
-886.716525
-1180.563570
-1166.762535
-1067.280071
-945.945968
-913.168509
-930.994847
-829.787254
-732.604963
-721.104100
-784.358845
-816.561261
-805.635442
-689.476727
-546.866028
-259.344457
142.035656
471.535376
592.294436
547.441071
464.059815
347.901101
185.163892
124.209319
150.661303
167.912597
177.113288
201.265100
275.445665
369.752740
274.870622
121.334103
-114.433585
-261.644630
-273.720536
-307.648081
-274.870622
-135.710181
-39.677977
-7.475561
137.435311
178.263374
317.423814
331.224850
254.169069
268.545147
212.765962
297.297304
525.589432
800.460053
1028.177138
1300.172544
1431.857423
1564.117346
1632.547480
1736.630288
1874.065599
1962.047200
2071.305397
2284.646403
1878.090901
1075.330675
733.755049
507.188051
826.912038
233.467516
-212.190919
-41.403106
144.910872
-315.698685
-1445.083415
-2222.541743
-2062.104707
-1930.419827
-2706.153026
-3054.054126
-3062.104730
-2270.845367
-1832.087450
-1858.539434
-1334.675132
-727.429574
-313.973555
-683.726296
-1073.605546
-764.807379
-2.300173
280.046010
264.519845
569.867754
1152.961499
1713.053520
1546.866052
1622.771746
1919.494007
2090.856864
1709.603261
999.424981
774.008069
950.546313
1083.956322
962.622219
851.063850
749.281214
669.350217
155.836691
-288.096614
-395.054638
-457.159298
-553.766546
-1117.883868
-1567.567605
-1717.653865
-1678.550931
-1643.473299
-1606.670538
-1328.924701
-1108.108134
-1049.453734
-1257.619351
-1158.136888
-945.370925
-700.977590
-603.220256
-414.031062
-144.335829
41.403106
254.744112
525.014389
977.573341
1173.088009
1116.158738
855.664195
758.481904
725.704445
539.390467
105.807938
-244.393335
-337.550324
-491.661886
-619.321464
-750.431300
-638.297887
-443.933306
-503.162749
-627.372068
-671.650390
-604.945385
-468.660161
-496.837275
-472.110419
-230.017257
21.276596
389.304207
645.773448
824.036822
1091.431883
1117.308825
1017.251318
951.696400
989.649247
1154.111586
1344.450866
1496.262255
1768.257661
1956.871812
2198.964974
2354.801666
2511.788444
2654.974186
2760.782124
2368.602701
1253.594049
665.324915
158.711907
428.982184
-163.312252
-787.234061
-629.672240
-309.948253
-557.791848
-1670.500327
-2506.038012
-2532.489997
-2391.604427
-3207.015602
-3811.385944
-4018.976518
-3341.575697
-2825.186956
-2634.847676
-1922.369223
-997.699851
-354.226575
-378.953430
-607.245558
-405.980458
129.959750
171.937899
144.910872
211.615876
627.372068
1083.956322
1261.644653
1774.583136
2347.326105
2661.874704
2330.074811
1779.758524
1361.702160
1156.411758
970.097780
830.937340
797.584838
747.556084
652.098923
551.466373
455.434168
412.880976
346.751015
-29.902243
-515.813698
-1382.403713
-1968.947718
-2229.442261
-2309.948301
-2115.008676
-1891.891937
-1570.442820
-1311.098363
-1245.543445
-1100.632573
-891.891913
-774.583112
-580.218530
-534.215079
-465.784945
-335.825195
-50.603796
507.188051
1044.853389
1382.978756
1571.017864
1603.220279
1626.797048
1580.218554
1355.376685
1056.354252
456.584255
-123.634275
-495.112145
-688.901684
-739.505480
-689.476727
-519.263957
-397.354811
-373.202999
-384.703862
-460.609557
-458.309384
-495.112145
-552.616459
-599.769997
-608.395644
-329.499720
4.600345
430.132270
917.193811
1382.978756
1821.736673
2067.280095
2141.460660
2273.145540
2251.293900
2121.334150
1968.947718
1953.996596
2151.811437
2520.414091
2876.365795
3440.483118
2759.632038
1998.274918
1341.575650
951.121357
745.255912
-562.967236
-1153.536543
-1148.361154
-1116.733781
-1966.647545
-2716.503802
-2963.197310
-2220.816614
-2548.591205
-3335.250223
-3887.291639
-3990.224361
-3719.954085
-3853.939137
-3600.920154
-2869.465278
-1970.672847
-1535.940232
-1188.614174
-840.138030
54.629098
552.041416
661.874656
497.987361
325.474418
365.727438
297.297304
628.522154
1122.484213
1697.527355
2008.625694
2244.393383
2346.751062
2343.875846
2175.388206
2112.708503
2003.450306
1531.339887
857.389324
411.730890
431.282356
488.211627
511.213353
399.079940
414.031062
269.695234
-223.116739
-756.756775
-1157.561845
-1422.081690
-1819.436501
-2373.778090
-2688.901731
-2645.198452
-2404.255376
-2125.359452
-1752.156453
-1204.715382
-619.896507
-417.481321
-543.990812
-539.390467
-354.226575
-25.876941
121.334103
221.966653
454.859125
752.731473
1211.615900
1506.613032
1656.699292
1672.225456
1375.503195
969.522737
446.808521
60.954573
-203.565272
-482.461196
-462.334686
-437.607831
-297.872347
-145.485915
37.952847
266.244975
261.069586
83.956299
-194.939625
-215.066135
-136.860268
-104.082809
-134.560095
119.033930
580.218530
1086.831538
1397.929878
1682.001190
2110.983374
2491.661934
2606.670562
2386.429039
2332.950026
2535.365212
2863.714846
3086.831585
2967.222612
2068.430181
1779.758524
1250.718834
1224.841892
579.643487
-170.787813
-158.136864
-241.518120
-949.396227
-2189.764284
-2764.807426
-2799.885058
-2751.006391
-3927.544659
-4246.693603
-4380.103611
-4027.027122
-3997.699922
-3960.322118
-3097.757405
-2384.128866
-2067.855138
-2087.981648
-1755.606712
-1037.952871
-267.970104
-200.115013
110.983326
293.272002
614.146075
695.802202
763.657292
1391.029360
1806.210509
2054.629146
1939.620517
2066.130009
2208.740708
2287.521618
2143.185790
2230.592347
2263.944849
2008.050651
1612.420970
1198.389908
1050.603820
813.686046
530.764820
263.369759
-66.129961
-279.470967
-509.488224
-823.461779
-1099.482487
-1488.211651
-1705.577959
-1943.070776
-2326.049509
-2460.609604
-2449.108741
-2274.870669
-1976.423279
-1702.127700
-1041.403130
-577.918358
-336.975281
-106.958024
69.580220
522.714216
754.456602
795.859708
837.262815
1007.475585
1303.047759
1401.955180
1190.339304
1028.752181
1121.909170
1028.177138
634.272585
113.283499
-44.853365
-38.527891
-338.125367
-694.077072
-749.856257
-532.489949
-282.921226
-301.322606
-388.729164
-350.776317
-215.641178
-102.357679
-132.259923
-164.462339
52.903969
351.351360
534.215079
722.254186
1035.077655
1595.744719
2005.750479
2369.752788
2681.426170
3025.877012
3147.786158
3346.751086
3439.908074
3745.831026
2992.524510
2203.565320
1861.414650
1404.830396
1236.917798
-18.401381
-282.346183
-189.189194
-450.258780
-1694.652139
-2887.291615
-3344.450913
-3001.150157
-3700.977661
-4502.587801
-4763.082344
-4694.652210
-4373.203094
-4791.259458
-4214.491187
-3197.814912
-2343.875846
-2234.617649
-2168.487688
-1738.355418
-742.380696
-338.700411
-161.012080
194.364582
460.609557
916.043725
676.250735
966.072478
1619.321487
2278.895971
2577.343362
2413.456066
2520.414091
2798.734971
2917.768902
2746.981089
2565.842499
2411.155894
2085.106432
1568.717691
1087.981624
919.493984
836.687771
642.898233
284.646355
-238.067861
-548.591157
-890.741827
-1211.040857
-1500.287557
-1930.419827
-2129.384754
-2450.833871
-2621.046641
-2674.525653
-2646.348539
-2352.501493
-2102.932770
-1626.222005
-1136.860291
-786.659018
-507.763094
-119.033930
441.633133
983.898816
1101.207617
1129.384731
1326.624528
1561.817173
1642.323213
1552.616483
1395.629705
1309.373234
968.372651
503.162749
197.239798
68.430134
25.876941
-266.244975
-502.587706
-583.668789
-512.938483
-416.906278
-247.843594
-222.541696
-133.985052
-231.742386
-433.007486
-393.329509
-219.091437
104.657852
326.049461
452.558953
821.161607
1165.612449
1429.557251
1816.561285
2202.415233
2714.778673
2894.192133
2910.868384
3212.766033
3537.665409
3989.649318
3161.587194
2780.908634
2392.179470
2076.480785
1392.179446
2.875216
-139.160440
-66.705004
-539.965510
-1986.774055
-2993.674596
-3150.086331
-2993.099553
-3967.222636
-4625.647033
-4611.270954
-4376.653353
-4554.341683
-5000.000118
-4511.213448
-3374.928199
-2813.686093
-2642.323237
-2346.751062
-1627.947135
-658.424397
-488.211627
-165.037382
174.238072
707.878108
908.568164
707.303064
963.772306
1552.041440
2102.932770
2309.948301
2307.073085
2624.496899
2874.640666
2756.181779
2669.350264
2544.565903
2506.613055
2063.829836
1527.889628
1213.341029
967.797608
756.756775
460.609557
207.015531
-44.853365
-337.550324
-925.819458
-1466.360012
-1662.449723
-1710.178304
-2034.502636
-2527.314608
-2642.323237
-2257.619375
-2202.990276
-2428.982231
-2197.814888
-1448.533674
-803.335269
-868.315144
-702.127676
81.656126
855.089152
1167.337578
1286.946551
1624.496876
2016.676298
2020.701600
1732.604986
1650.948860
1592.294460
1495.687212
1050.603820
366.877524
-26.451985
-273.145492
-376.078215
-684.301339
-913.743552
-856.814281
-864.289842
-951.696400
-943.645796
-584.243832
-186.889021
-273.145492
-508.913181
-516.963785
-290.971830
-128.809664
6.325475
324.899375
699.827504
1024.726879
1248.993704
1548.016138
1999.425004
2627.947158
3059.804558
3227.142112
3374.353156
3773.433097
3661.874727
3042.553263
2801.035144
2543.990860
2384.703909
949.971270
7.475561
29.902243
-67.280048
-853.939066
-2098.907468
-2446.233525
-2462.334733
-3135.710252
-4177.688425
-4338.700505
-4219.091532
-4046.003546
-4573.893150
-4579.068538
-3930.994918
-3357.101862
-2917.193859
-2647.498625
-1918.343921
-1126.509515
-751.581386
-653.824052
-376.078215
138.010354
494.537102
422.656709
498.562404
984.473859
1323.749313
1532.489973
1758.481928
2270.270324
2695.802249
2573.318060
2506.038012
2542.840773
2641.173150
2473.835596
2063.829836
1786.083999
1594.594632
1256.469265
941.345623
507.763094
380.103517
377.803344
56.929271
-568.717667
-1294.997155
-1336.975305
-1444.508372
-1930.994870
-2439.333008
-2368.027658
-2033.927593
-2191.489414
-2541.690687
-2113.283546
-1339.275477
-1006.900541
-1078.205891
-774.008069
124.209319
615.296162
822.886736
1096.607271
1642.323213
2079.356001
1898.792454
1583.668813
1422.656733
1385.278929
1279.470991
799.309967
338.700411
-56.354228
-250.143767
-511.788396
-788.384147
-712.478453
-538.240381
-595.169652
-722.829229
-680.276037
-356.526748
-203.565272
-349.626230
-332.949979
-387.004034
-305.922951
-309.948253
-96.607248
358.251877
672.800476
983.323773
1283.496293
1663.599809
2119.033978
2687.751645
3194.939696
3655.549253
3760.782148
3104.082880
3053.479083
2733.755096
2735.480226
2089.131734
860.264540
748.131128
342.725713
-121.334103
-1357.676858
-1799.885034
-1643.473299
-1802.185207
-3058.079428
-3644.048390
-3545.716013
-3381.253674
-3714.778696
-4289.246795
-3671.075418
-3248.418708
-3219.666551
-3320.299101
-2873.490580
-1900.517584
-1370.327807
-1341.575650
-1140.310550
-681.426123
-133.410009
63.829789
12.075906
424.381839
874.640619
1075.330675
1117.883868
1174.238096
1947.096078
2367.452615
2422.656757
2305.922999
2322.024207
2606.095519
2527.314608
2253.594073
1961.472157
1698.102398
1497.412341
1179.988527
741.805653
558.366891
582.518703
445.658435
-192.064409
-856.239238
-1056.929295
-1196.089735
-1672.800500
-2188.039155
-2293.272050
-2243.243296
-2508.338185
-2611.845950
-2248.418685
-1728.579684
-1516.963808
-1285.796465
-702.702719
-81.081083
273.720536
694.652115
1262.794739
1677.975888
1794.709646
1774.008093
1801.035120
1508.913204
1203.565296
1069.580244
895.917215
623.921809
128.234621
-18.976424
-36.227718
-223.116739
-301.322606
-543.990812
-534.790122
-546.866028
-525.589432
-351.351360
-385.278905
-217.366308
-27.602071
-220.816566
-383.553776
-412.305933
-75.905695
165.037382
85.106385
368.027611
848.188634
1365.152419
1824.611889
2387.579125
3109.833311
3401.955227
2834.387646
2922.369247
2623.346813
2660.724617
1897.067325
1069.580244
993.099506
527.889604
-70.730306
-1140.310550
-1390.454317
-1335.250175
-1475.560702
-2557.216852
-2838.412948
-2926.969592
-2709.028241
-2947.671145
-3219.091508
-2559.517024
-2433.582576
-2695.227206
-2953.996620
-2611.270907
-1807.360595
-1687.176578
-1782.633740
-1442.783243
-1058.654424
-684.301339
-561.242106
-142.610699
583.668789
787.809104
812.535959
840.713073
1193.214519
1676.250758
1795.859732
1935.595215
1925.244439
1949.971294
1894.767152
1867.165082
1996.549788
2054.629146
1898.217411
1586.544028
1316.848795
1086.256495
889.591740
565.842452
158.136864
-229.442214
-660.149527
-972.972996
-1422.081690
-1600.920107
-1654.399119
-1736.055245
-2010.925867
-2291.546920
-2171.362904
-1876.365772
-1752.731496
-1717.653865
-1353.651556
-892.466956
-500.862577
-208.740660
393.329509
1148.936197
1548.016138
1589.419244
1583.093769
1690.051794
1678.550931
1442.783243
1152.386456
883.841309
588.269134
190.339280
-140.310527
-251.293853
-114.433585
86.256471
0.575043
-178.263374
-218.516394
-52.328926
47.728581
-113.283499
-152.386433
-120.759060
-109.833240
-282.346183
-286.946528
-78.205867
198.964927
463.484772
667.625088
940.770580
1366.302505
1855.664219
2627.947158
2635.997762
2242.093210
2464.634906
2228.292175
2412.881023
1264.519869
875.790705
1025.301922
679.125951
-166.762511
-1328.349658
-1304.197846
-1180.563570
-1567.567605
-2522.139220
-2401.955203
-2217.941398
-2052.904016
-2560.092067
-2578.493448
-1753.881583
-1514.663636
-1763.082273
-2183.438810
-1879.240988
-1321.449140
-1360.552074
-1620.471574
-1506.037988
-1122.484213
-883.841309
-874.640619
-556.641761
172.512943
582.518703
749.856257
803.335269
1085.106409
1439.332984
1514.663636
1621.046617
1651.523903
1627.372091
1553.191526
1429.557251
1351.926426
1310.523320
1232.892496
1247.843618
1071.880416
894.192086
815.986218
595.169652
430.132270
101.207593
-190.914323
-426.682011
-858.539411
-1023.576792
-1261.644653
-1495.112169
-1763.082273
-1882.691246
-1829.212234
-1867.165082
-1889.016721
-1615.871229
-1185.163915
-956.871788
-706.728021
-292.121916
334.675109
549.741244
648.648664
922.369200
1244.393359
1234.617626
903.392776
878.090878
923.519286
796.434751
377.228301
117.308801
203.565272
174.238072
-82.231169
-220.816566
35.652675
465.784945
588.269134
387.579078
392.179423
588.269134
656.124225
353.076489
22.426683
139.735483
321.449116
154.686605
-84.531342
175.388158
788.959191
1254.169092
1499.712514
1928.119655
2523.289306
2232.317477
2352.501493
2032.202463
2250.143814
1746.981065
603.220256
481.311110
-18.976424
-236.342731
-1402.530223
-1792.409473
-1790.684344
-1767.682618
-2537.665385
-2775.158203
-2465.784992
-2028.752204
-1834.387622
-2195.514716
-1456.584278
-1108.683177
-951.121357
-1178.838441
-1198.964951
-661.874656
-728.579661
-994.249592
-1121.334127
-1001.725153
-829.212211
-945.370925
-943.645796
-380.103517
16.101208
286.946528
489.361714
855.664195
1437.032811
1534.790146
1653.249033
1747.556108
1719.954037
1606.095495
1221.966676
1084.531366
1110.983350
901.092603
746.981041
511.213353
552.616459
611.845903
481.311110
334.100065
294.422089
201.840143
94.307075
-326.049461
-561.242106
-576.768271
-776.883285
-1092.006926
-1519.263981
-1471.535400
-1354.801642
-1469.810271
-1664.749896
-1456.009235
-1109.258221
-835.537685
-879.816007
-620.471550
1.150086
312.823469
488.211627
420.356537
663.024743
752.156430
548.016114
421.506623
345.600928
392.754466
204.140315
-74.180565
-57.504314
96.032205
358.251877
334.675109
365.727438
564.117322
743.530782
856.814281
826.336995
1009.200714
1161.587147
948.821184
645.198405
531.914906
548.591157
611.270860
422.081666
645.198405
840.713073
1177.688354
1362.852246
1813.111026
1837.262838
2070.730354
2070.730354
1822.886760
1579.068467
525.589432
551.466373
49.453710
-454.859125
-1530.764844
-2129.384754
-2173.663076
-2331.224897
-2901.667694
-3029.902314
-2569.292758
-2380.103564
-2161.587170
-2289.246748
-1328.349658
-790.109277
-623.921809
-561.817150
-420.356537
70.730306
-119.608974
-441.058090
-545.140898
-506.613008
-564.117322
-813.686046
-886.716525
-484.186325
-315.698685
-215.641178
-64.979875
335.825195
898.217388
1016.101232
1163.887319
1359.977030
1456.009235
1372.052936
1156.986801
1070.730330
1043.128259
722.254186
413.456019
291.546873
282.346183
333.525022
140.310527
145.485915
193.214496
201.265100
282.921226
135.710181
183.438762
61.529616
-178.838417
-451.408866
-689.476727
-600.345040
-575.043142
-764.232336
-930.994847
-936.745278
-790.684320
-692.926986
-775.158155
-523.864302
-320.299030
-271.995406
-209.315704
-215.641178
125.359405
70.155263
-39.102934
-84.531342
-250.718810
-274.870622
-488.786671
-468.660161
-272.570449
-254.169069
-90.281773
72.455436
329.499720
721.679143
822.311693
1121.909170
1330.074787
1413.456043
1527.314585
1350.201297
1423.231776
1473.260529
1369.752764
1310.523320
1084.531366
1140.885593
1394.479619
1492.811996
1769.407747
1654.399119
1461.759667
1746.406022
1447.958631
1614.146099
824.611865
471.535376
347.901101
-265.669932
-993.674549
-2060.954620
-2311.673430
-2528.464695
-3002.875287
-3749.281285
-3491.661957
-3258.194442
-2810.810877
-2851.063897
-2354.226623
-1236.917798
-832.662469
-515.238655
-416.331235
209.890747
787.809104
672.800476
504.312835
400.805070
262.219673
37.952847
-437.607831
-537.090294
-350.201273
-359.401964
-322.024159
-292.121916
64.979875
610.695817
814.261089
1081.656150
1171.937923
1284.646379
1271.995430
1036.227742
898.217388
705.577935
489.361714
184.013805
-88.556644
-216.791264
-177.113288
-169.637727
-98.332377
-31.627373
1.150086
152.386433
202.990229
438.757917
497.987361
395.054638
257.044284
139.735483
158.136864
9.775733
-227.142041
-303.047736
-261.644630
-328.349634
-423.806796
-457.734341
-177.113288
-75.905695
-173.087986
-201.840143
-144.335829
-138.010354
-355.951705
-572.167926
-526.164475
-612.420946
-884.416352
-1096.032228
-1060.379554
-755.606688
-723.404272
-638.297887
-442.208176
-73.605522
294.997132
496.262231
860.264540
1245.543445
1534.790146
1627.947135
1637.722868
1768.257661
1968.947718
1960.322071
1860.839607
1717.653865
1612.996013
1791.834430
1794.134603
1990.799357
1863.139780
1552.041440
1744.680892
1446.233502
1439.332984
696.377245
349.626230
285.796441
-349.051187
-1209.315727
-2182.288723
-2435.307706
-2749.856304
-3384.128890
-4238.642999
-3956.296816
-3819.436548
-3534.790193
-3637.147872
-3056.354299
-1838.412924
-1360.552074
-913.743552
-608.970687
315.698685
943.645796
947.096055
886.141482
1009.775757
1062.104683
825.186909
337.550324
165.037382
255.319155
108.108111
-6.325475
-161.012080
109.258197
410.580803
587.694091
804.485355
965.497435
1192.639476
1199.539994
1055.204165
840.713073
643.473276
390.454293
131.109836
-255.894198
-518.688914
-580.218530
-608.395644
-556.641761
-584.243832
-407.130544
-178.263374
-46.003451
175.963201
345.600928
491.661886
445.083392
433.582529
573.318012
555.491675
293.847045
167.912597
220.816566
236.342731
1.725129
-174.813115
125.934448
299.597477
243.818292
74.755608
170.212770
265.094888
-5.175388
-308.798167
-426.106968
-473.835549
-832.087426
-1175.388182
-1253.019006
-1072.455460
-1037.952871
-999.424981
-791.259363
-392.754466
-40.828063
198.964927
478.435894
868.315144
1216.216245
1394.479619
1433.007509
1576.193252
1831.512407
1903.392799
1835.537709
1715.353692
1779.758524
1885.566462
1875.790729
1968.372675
2005.750479
1736.630288
1791.834430
1461.184623
1515.238679
931.569890
450.833823
357.676834
-138.010354
-787.234061
-1838.987968
-2242.093210
-2546.866075
-3022.426754
-3914.893710
-3963.197334
-3967.222636
-3833.237584
-3875.215733
-3604.370413
-2502.012710
-2063.254793
-1560.667087
-1175.388182
-339.850497
489.936757
676.250735
860.839583
1036.227742
1198.964951
993.099506
668.775174
501.437620
632.547456
437.607831
225.416912
148.936174
297.297304
661.299613
664.749872
918.918941
1128.809687
1212.190943
1180.563570
1032.777483
1018.401404
890.741827
519.839000
270.845320
-17.826337
-302.472693
-488.786671
-636.572758
-576.193228
-753.306516
-813.686046
-662.449699
-506.613008
-281.196096
-150.661303
86.831514
250.718810
238.067861
357.676834
454.284082
404.255329
294.422089
263.944802
379.528474
262.219673
70.730306
208.165617
420.931580
460.609557
291.546873
300.172520
468.660161
344.450842
140.885570
59.804487
47.153538
-190.914323
-637.147801
-802.760226
-797.009795
-819.436477
-914.318596
-878.665921
-645.773448
-354.801619
-128.234621
174.813115
480.736067
807.935614
1024.151836
1035.652698
1161.587147
1293.272026
1488.211651
1381.253627
1202.415210
1227.717108
1350.776340
1439.332984
1485.336435
1677.975888
1927.544611
1698.677441
1603.220279
1502.012686
1538.815448
1238.067884
567.567581
389.304207
-43.128236
-556.641761
-1514.663636
-1976.423279
-2263.944849
-2619.321511
-3367.452639
-3724.554430
-3639.448045
-3603.220327
-3466.360059
-3449.108765
-2690.626861
-2165.612472
-1761.357143
-1379.528497
-786.659018
-1.725129
281.196096
411.155846
572.742969
830.362297
805.635442
609.545730
466.935031
560.092020
464.059815
216.216221
181.713633
339.275454
690.626813
802.760226
1006.325498
1175.963225
1322.599226
1370.327807
1329.499744
1326.624528
1123.634299
851.638893
577.343314
252.443939
3.450259
-208.740660
-232.317429
-255.894198
-440.483047
-504.887879
-439.332960
-280.046010
-172.512943
-177.113288
-89.706730
61.529616
28.177114
60.954573
-36.227718
23.001726
-36.227718
-266.820018
-406.555501
-449.683737
-264.519845
-117.308801
-81.081083
71.880393
278.320881
377.803344
444.508349
373.778042
562.967236
533.640036
317.998857
135.135138
-62.679702
-45.428408
-221.391610
-355.376662
-284.071312
-266.820018
-179.413460
-143.760785
28.752157
346.751015
531.914906
687.176555
784.933889
882.691223
1033.927569
1058.654424
994.824635
982.748729
885.566438
894.192086
741.230610
626.221981
692.926986
678.550907
924.094329
971.247867
1145.485939
1024.151836
1008.625671
1012.075930
933.295019
661.299613
149.511217
-6.900518
-353.651532
-772.857983
-1610.695840
-1949.971294
-2204.140363
-2382.978780
-2968.372698
-3179.413531
-2969.522784
-2815.986266
-2721.679190
-2819.436524
-2155.836739
-1650.373817
-1269.120214
-1161.012103
-781.483630
-158.711907
94.882118
174.238072
194.939625
491.661886
569.292710
408.855674
188.614151
205.290402
347.901101
271.995406
260.494543
226.566998
564.117322
782.633716
966.647521
1116.158738
1267.970128
1484.186349
1473.260529
1370.902850
1223.691806
1162.162190
1043.703302
784.358845
466.935031
319.723987
309.948253
243.818292
135.710181
37.377804
83.381256
-8.050604
-127.084534
-172.512943
-166.762511
-117.308801
-315.698685
-352.501446
-428.407141
-477.860851
-645.198405
-739.505480
-684.301339
-596.319738
-613.571032
-578.493401
-400.230027
-148.361131
95.457162
145.485915
319.723987
345.600928
469.810247
457.159298
451.408866
538.240381
446.233478
464.634859
304.772865
353.651532
415.756192
419.781494
476.135721
450.258780
577.918358
573.318012
600.345040
645.198405
753.306516
713.053496
651.523880
538.815424
576.768271
603.220256
468.660161
437.607831
308.223124
389.304207
324.324332
262.794716
304.197822
424.956882
609.545730
586.544005
315.123642
399.654984
356.526748
364.577352
-8.625647
-331.799893
-232.892472
-400.230027
-738.355394
-1322.024183
-1461.759667
-1538.815448
-1696.952312
-2290.396834
-2331.224897
-2309.373258
-2204.140363
-2245.543469
-2353.076536
-1805.635465
-1648.073645
-1364.002332
-1268.545171
-963.772306
-464.634859
-359.401964
-160.437037
-52.328926
182.863719
332.374936
309.948253
324.324332
369.177697
372.052913
378.953430
377.803344
380.103517
545.715942
571.017840
776.308241
849.913764
1005.750455
1242.668230
1406.555525
1557.216828
1521.564153
1496.262255
1515.238679
1467.510098
1322.599226
1159.286974
967.797608
795.859708
488.786671
210.465790
27.027028
-121.909146
-371.477870
-614.721119
-808.510657
-882.116180
-1027.027051
-1089.706754
-1051.178863
-1004.600369
-1024.151836
-1096.607271
-953.996572
-737.780351
-520.989087
-416.331235
-212.190919
-13.225992
170.787813
276.595751
424.381839
626.221981
730.879833
767.107551
774.583112
834.962642
868.890187
886.716525
890.741827
906.267992
821.161607
763.082249
678.550907
656.699268
560.667063
403.680286
300.172520
197.814841
142.035656
31.052330
-17.251294
-20.126510
-59.804487
-124.784362
-198.389884
-161.587123
-127.659577
-94.882118
-87.406558
-65.554918
17.251294
87.981601
224.266825
361.127093
437.032788
344.450842
467.510074
434.732615
585.393918
316.848771
188.614151
216.216221
104.082809
-136.860268
-657.274311
-805.060399
-988.499161
-1208.165641
-1783.208783
-1876.940815
-2031.052377
-2068.430181
-2286.371532
-2358.826968
-1918.918964
-1828.062148
-1610.120797
-1520.414067
-1102.932746
-642.323189
-487.636584
-230.017257
-16.101208
259.344457
291.546873
243.818292
248.993680
361.127093
312.823469
319.148944
337.550324
408.280631
610.695817
663.599786
994.249592
1215.641202
1453.134019
1629.097221
1757.906885
1977.573365
2060.954620
2027.027075
1954.571639
1776.883308
1580.793597
1276.020732
929.269717
637.147801
264.519845
-132.259923
-434.157572
-790.109277
-904.542862
-1127.659601
-1199.539994
-1204.715382
-1322.599226
-1158.136888
-1128.809687
-949.396227
-964.347349
-859.689497
-679.125951
-454.284082
-390.454293
-275.445665
-51.753883
201.840143
420.356537
450.833823
732.604963
881.541136
1044.853389
985.048902
967.797608
1083.956322
1023.576792
969.522737
747.556084
618.171377
478.435894
238.067861
53.479012
-151.811389
-286.371485
-353.651532
-482.461196
-539.965510
-510.063267
-488.211627
-350.776317
-399.654984
-303.622779
-217.941351
-178.838417
-131.684879
-168.487641
-120.759060
-122.484189
-157.561821
-133.410009
-100.632550
39.102934
230.017257
460.034513
639.447974
626.797025
918.918941
1005.750455
1285.221422
1050.028777
1041.403130
1016.101232
831.512383
395.629682
-250.143767
-486.486498
-967.222565
-1372.052936
-2196.089759
-2378.378435
-2622.196727
-2697.527378
-2806.210532
-2734.330139
-2230.017304
-1969.522761
-1596.319762
-1297.297328
-730.879833
-232.892472
28.752157
182.288676
285.796441
433.582529
381.253603
264.519845
109.833240
161.012080
125.359405
113.283499
165.612425
327.199548
745.830955
967.222565
1370.902850
1637.147825
1985.623969
2228.292175
2313.398560
2389.879297
2277.745885
2147.786135
1887.291592
1502.587730
1072.455460
642.323189
335.825195
-32.202416
-408.280631
-705.002892
-774.008069
-920.069027
-1059.804510
-1128.809687
-993.099506
-795.284665
-844.163332
-710.178280
-589.994264
-397.929854
-450.833823
-416.906278
-285.221398
-150.086260
-175.963201
-177.688331
21.851639
211.040833
357.676834
385.853948
560.667063
630.247283
703.852806
696.952288
715.353668
684.876382
499.137447
353.651532
98.332377
-102.932722
-327.774591
-487.061541
-622.771723
-806.210485
-872.340446
-923.519286
-843.013246
-763.657292
-600.345040
-454.859125
-352.501446
-239.217947
-127.659577
19.551467
26.451985
63.829789
16.676251
1.725129
-81.081083
-66.129961
61.529616
163.312252
262.219673
418.056364
736.055222
1048.878691
1253.019006
1332.950003
1657.849378
1674.525629
1745.255935
1330.074787
1144.910895
994.824635
627.947111
135.710181
-678.550907
-1009.200714
-1449.108717
-1792.409473
-2419.206498
-2574.468146
-2564.692413
-2495.687236
-2518.113918
-2443.933353
-1862.564736
-1542.265706
-1177.688354
-1033.352526
-596.894781
-194.939625
-80.506040
33.927545
54.629098
244.393335
217.366308
226.566998
185.163892
284.646355
365.727438
474.985635
647.498578
733.755049
1046.578518
1244.393359
1524.439369
1592.294460
1704.427872
1866.014995
1938.470431
1913.743576
1709.603261
1644.623386
1488.786694
1268.545171
918.343898
638.872931
450.833823
198.389884
-81.656126
-391.604380
-404.255329
-583.668789
-595.169652
-804.485355
-800.460053
-642.323189
-718.803927
-607.820601
-696.952288
-430.707313
-385.278905
-301.897649
-338.125367
-201.840143
-146.060958
-136.285225
-110.408283
-127.084534
13.801035
-119.033930
-103.507766
-221.391610
-209.315704
-259.344457
-392.754466
-433.582529
-552.616459
-532.489949
-585.968962
-587.694091
-560.667063
-548.016114
-534.215079
-529.039690
-464.059815
-391.604380
-271.995406
-320.874073
-182.288676
-195.514668
-116.733758
-105.807938
-123.059232
59.804487
56.929271
142.035656
139.160440
261.069586
435.307658
528.464647
634.272585
779.758500
930.419804
1018.976447
1106.958048
1247.843618
1476.710788
1589.419244
1381.828670
1421.506647
1250.143790
1332.374960
1009.775757
654.974139
553.191502
238.642904
8.625647
-695.227158
-937.320321
-1249.568747
-1382.403713
-1937.320345
-2205.865492
-2308.223171
-2302.472740
-2252.443987
-2347.901148
-1936.745302
-1738.930461
-1357.676858
-1203.565296
-803.910312
-346.751015
-30.477287
257.619328
307.073038
532.489949
588.844177
702.127676
688.326641
657.849354
668.200131
605.520428
667.050045
586.544005
742.955739
817.711348
1036.802785
1148.361154
1232.317453
1451.408890
1589.419244
1779.183481
1757.906885
1757.331841
1675.675715
1520.989110
1220.241547
891.316870
589.994264
252.443939
-89.706730
-488.786671
-668.775174
-792.409449
-861.989670
-853.939066
-845.313419
-588.844177
-461.759643
-304.197822
-159.286950
-110.408283
-6.900518
-126.509491
-184.588849
-349.051187
-524.439345
-734.905135
-940.770580
-1120.184040
-1254.744135
-1335.250175
-1330.649830
-1293.272026
-1255.894222
-1062.679726
-874.640619
-612.420946
-454.284082
-277.170794
-72.455436
14.951122
48.303624
9.200690
-6.325475
-62.679702
-207.590574
-334.100065
-414.606105
-393.904552
-372.627956
-285.796441
-192.064409
29.902243
262.794716
513.513526
736.055222
891.891913
1098.332401
1162.737233
1182.863743
1090.856840
1034.502612
961.472133
819.436477
672.225433
584.243832
548.016114
591.144350
648.073621
796.434751
933.295019
879.240964
1085.106409
1042.553216
1179.413484
914.893639
673.950562
596.894781
250.718810
-109.833240
-726.854531
-999.424981
-1338.125391
-1622.771746
-2169.062731
-2196.089759
-2250.143814
-2128.809711
-2051.753930
-1922.944266
-1308.223148
-1069.580244
-664.749872
-466.359988
-39.677977
327.199548
411.155846
483.036239
521.564130
590.569307
489.936757
385.853948
291.546873
349.626230
247.843594
236.342731
335.250152
476.710765
720.529057
777.458328
1050.603820
1230.592324
1427.257078
1502.012686
1529.614757
1585.968985
1462.334710
1297.872371
1037.952871
835.537685
575.618185
303.622779
57.504314
-106.958024
-234.617602
-346.175971
-345.025885
-371.477870
-258.769414
-273.720536
-244.393335
-246.693508
-336.975281
-320.874073
-510.638310
-592.869479
-873.490532
-1002.875239
-1233.467539
-1346.175995
-1499.712514
-1546.291008
-1556.066742
-1544.565879
-1415.756215
-1396.779792
-1138.585421
-1067.280071
-743.530782
-643.473276
-472.110419
-327.774591
-221.966653
-40.828063
-63.829789
20.126510
28.752157
69.580220
3.450259
21.851639
69.580220
155.261648
194.939625
207.590574
427.832098
519.839000
722.829229
799.885010
961.472133
1106.383005
1124.209342
1180.563570
1124.784385
1128.809687
985.623945
864.289842
703.852806
603.220256
480.161023
393.329509
359.401964
337.550324
369.177697
458.884427
589.419220
792.984493
729.729747
844.163332
898.792431
995.399679
989.649247
646.348491
681.426123
434.732615
309.373210
-222.541696
-532.489949
-746.981041
-958.021874
-1395.054662
-1764.807402
-1794.709646
-1861.414650
-1783.208783
-1961.472157
-1565.842475
-1309.373234
-1014.951145
-808.510657
-530.764820
1.725129
192.639453
357.676834
390.454293
553.191502
554.341589
462.909729
310.523297
221.966653
197.239798
-37.377804
-33.352502
-123.059232
79.355954
189.764237
294.422089
537.665338
708.453151
1054.629122
1197.814864
1406.555525
1481.886177
1568.142648
1480.736090
1345.600952
1138.585421
913.743552
669.350217
285.796441
14.376079
-350.201273
-470.960333
-696.377245
-806.210485
-861.414626
-915.468682
-769.982767
-839.562987
-746.981041
-751.006343
-650.373793
-695.227158
-841.863160
-1022.426706
-1113.283523
-1241.518143
-1466.935055
-1573.318036
-1727.429598
-1607.820625
-1693.502053
-1539.965534
-1358.251901
-1061.529640
-748.706171
-513.513526
-164.462339
74.755608
374.928128
535.365165
689.476727
743.530782
730.304790
708.453151
649.798750
564.117322
488.211627
491.086843
515.813698
593.444522
632.547456
772.857983
964.922392
1119.608997
1278.320904
1316.848795
1388.729188
1378.953454
1296.147242
1125.934472
883.266266
679.125951
412.880976
158.711907
-127.659577
-219.091437
-240.368033
-187.464064
-144.335829
70.730306
420.356537
784.358845
963.197263
1182.288700
1458.309408
1563.542303
1518.688938
1128.234644
1012.075930
677.400821
285.796441
-439.908004
-958.596917
-1406.555525
-1735.480202
-2152.961523
-2446.233525
-2359.402011
-2320.874120
-2039.678024
-1898.792454
-1353.651556
-888.441654
-450.258780
-173.663029
81.081083
346.751015
427.832098
414.031062
285.796441
162.162166
-41.978149
-236.917774
-425.531925
-483.611282
-515.238655
-460.609557
-287.521571
-124.209319
170.212770
449.683737
833.812556
1179.988527
1361.702160
1526.739542
1631.972437
1684.301362
1560.092044
1312.823493
1066.129985
820.011520
416.906278
67.855091
-211.040833
-363.427266
-511.213353
-713.628539
-702.127676
-620.471550
-499.712490
-453.709039
-401.955156
-282.346183
-266.820018
-320.874073
-447.383564
-555.491675
-737.780351
-1016.676275
-1279.470991
-1502.587730
-1679.701017
-1803.910336
-1895.342196
-1821.736673
-1691.776923
-1515.813722
-1210.465814
-909.718250
-499.137447
-169.062684
133.410009
428.982184
645.198405
823.461779
937.320321
957.446831
966.072478
934.445105
876.365748
853.939066
761.932163
830.362297
830.937340
876.365748
916.618768
991.374377
1173.088009
1235.192669
1290.396810
1297.297328
1290.971853
1205.290425
1041.978173
846.463505
679.700994
450.258780
146.636001
-78.780910
-274.870622
-308.798167
-392.179423
-374.928128
-251.868896
-120.184017
113.283499
313.398512
619.321464
907.993121
991.949420
1043.128259
1097.757358
1040.253044
970.097780
533.640036
325.474418
-8.625647
-334.100065
-814.836132
-1212.190943
-1415.756215
-1583.093769
-1765.382445
-1948.821208
-1761.932187
-1692.351966
-1401.380137
-1370.902850
-979.298471
-696.952288
-485.336412
-323.174246
-212.765962
11.500863
-12.075906
-47.728581
-130.534793
-109.833240
-238.067861
-330.074763
-412.305933
-354.801619
-261.644630
-253.594026
-61.529616
106.958024
380.678560
578.493401
748.706171
975.273169
1141.460637
1236.342755
1259.344481
1225.416935
1140.885593
1010.350800
756.181732
601.495126
354.801619
192.064409
-24.151812
-204.715358
-269.695234
-321.449116
-297.872347
-318.573901
-309.948253
-258.194371
-238.642904
-310.523297
-358.251877
-502.587706
-568.142624
-770.557810
-1060.954597
-1212.190943
-1421.506647
-1469.810271
-1615.296185
-1687.751621
-1601.495150
-1494.537126
-1247.843618
-1021.851663
-671.075347
-341.575626
-12.650949
304.772865
617.596334
893.041999
1075.330675
1205.290425
1261.069610
1300.747587
1213.341029
1209.890770
1102.357703
1055.204165
976.998298
881.541136
902.817733
848.763677
923.519286
933.870062
1001.150110
998.274894
1001.150110
950.546313
892.466956
765.382422
576.193228
404.830372
117.308801
-121.909146
-414.606105
-594.594609
-750.431300
-906.267992
-920.069027
-910.868337
-744.105826
-592.869479
-348.476144
-43.128236
252.443939
569.292710
767.107551
979.873514
953.421529
1013.226016
893.617042
787.809104
502.587706
119.608974
-72.455436
-378.953430
-535.365165
-938.470407
-1001.150110
-1128.809687
-1102.932746
-1197.814864
-1162.737233
-949.396227
-890.741827
-761.932163
-791.834406
-515.813698
-484.186325
-421.506623
-497.412318
-440.483047
-366.877524
-477.860851
-472.110419
-500.862577
-381.828646
-391.029336
-336.975281
-252.443939
-40.828063
94.882118
216.216221
433.007486
559.516977
763.657292
758.481904
864.864885
901.092603
880.966093
813.111003
657.274311
598.044868
441.058090
342.725713
187.464064
147.211044
62.679702
-3.450259
-51.178840
-57.504314
-20.126510
-69.580220
-53.479012
-109.258197
-114.433585
-202.990229
-263.944802
-315.123642
-430.132270
-524.439345
-647.498578
-681.426123
-744.105826
-789.534234
-792.984493
-733.180006
-631.397370
-575.043142
-489.361714
-343.875799
-119.033930
41.978149
179.988503
252.443939
433.007486
569.292710
656.124225
720.529057
736.630265
840.138030
814.836132
790.684320
797.009795
818.861434
841.863160
779.758500
728.004618
730.304790
711.903410
649.798750
611.845903
506.613008
436.457745
281.771140
136.285225
50.603796
-125.359405
-244.393335
-395.629682
-499.712490
-600.345040
-682.001166
-674.525605
-626.797025
-612.995989
-576.193228
-492.236929
-328.924677
-190.339280
-58.654400
115.008628
273.145492
392.179423
432.432443
531.914906
649.223707
705.577935
579.068444
570.442797
469.810247
473.260506
254.744112
105.232895
87.981601
-35.652675
-181.138590
-474.410592
-507.763094
-571.592883
-641.748146
-889.591740
-903.967819
-947.671098
-951.121357
-1064.404856
-1069.580244
-897.067301
-868.315144
-807.360571
-825.186909
-628.522154
-465.784945
-373.202999
-267.395061
-188.039107
-74.180565
-15.526165
16.676251
87.981601
113.283499
128.234621
120.184017
147.211044
162.162166
216.216221
252.443939
325.474418
365.727438
411.730890
472.110419
537.665338
608.395644
625.646938
649.223707
643.473276
663.599786
637.147801
589.419220
552.616459
530.764820
469.235204
379.528474
283.496269
251.868896
205.865445
115.583672
43.128236
-31.627373
-66.705004
-134.560095
-217.941351
-281.196096
-355.951705
-412.880976
-494.537102
-559.516977
-633.122499
-634.272585
-652.673966
-617.021291
-603.220256
-529.614734
-399.079940
-279.470967
-125.934448
-0.575043
200.690057
323.174246
474.410592
562.392193
688.326641
734.905135
735.480178
744.105826
713.053496
674.525605
557.216804
516.963785
414.606105
326.624505
200.690057
121.334103
83.381256
-14.376079
-67.855091
-140.885570
-152.386433
-209.315704
-242.668206
-267.395061
-290.396787
-316.273728
-368.602654
-373.202999
-421.506623
-406.555501
-433.582529
-410.580803
-405.405415
-367.452568
-285.796441
-209.890747
-101.207593
-5.750431
119.608974
239.792990
382.978732
492.811973
558.366891
612.420946
672.225433
715.353668
634.847629
510.638310
456.009211
361.127093
209.315704
-96.607248
-246.118465
-395.054638
-549.166200
-816.561261
-941.920666
-953.996572
-1017.251318
-1065.554942
-1093.732056
-897.067301
-832.087426
-738.355394
-658.424397
-466.935031
-322.599203
-266.244975
-176.538245
-72.455436
-28.177114
-47.728581
-39.677977
-9.775733
13.225992
-27.027028
9.200690
67.280048
131.109836
225.416912
340.425540
531.339863
660.149527
813.686046
960.897090
1090.281797
1201.265123
1230.017280
1270.270300
1222.541720
1140.885593
987.349075
837.837858
643.473276
465.209902
240.943076
62.679702
-94.307075
-249.568724
-329.499720
-424.381839
-424.956882
-450.258780
-499.712490
-501.437620
-497.987361
-485.336412
-536.515251
-588.844177
-602.070170
-631.972413
-696.952288
-741.230610
-725.704445
-686.026468
-648.648664
-593.444522
-437.607831
-284.646355
-94.882118
89.131687
311.098340
521.564130
675.100649
825.761952
925.244415
965.497435
958.596917
912.593466
817.711348
661.874656
462.909729
316.273728
139.735483
-45.428408
-200.690057
-290.971830
-364.577352
-445.658435
-488.786671
-463.484772
-412.880976
-413.456019
-399.079940
-383.553776
-364.002309
-411.155846
-469.235204
-520.414043
-581.943660
-654.974139
-744.105826
-778.608414
-795.859708
-760.782077
-685.451425
-568.142624
-437.607831
-239.217947
-12.650949
239.792990
472.110419
698.677417
912.593466
1086.831538
1208.740684
1281.196120
1272.570473
1244.393359
1163.887319
1009.775757
828.062124
582.518703
454.284082
217.366308
16.101208
-231.742386
-337.550324
-460.034513
-598.619911
-702.127676
-715.353668
-671.075347
-723.404272
-707.303064
-664.174829
-527.889604
-510.063267
-459.459470
-394.479595
-283.496269
-230.017257
-221.391610
-151.236346
-80.506040
-27.027028
-6.900518
39.102934
116.733758
158.711907
217.941351
273.145492
353.651532
397.929854
465.784945
491.661886
520.989087
534.790122
534.790122
537.665338
462.909729
420.931580
330.649807
267.395061
144.335829
63.254746
-25.301898
-101.207593
-167.337554
-231.167343
-231.742386
-234.617602
-197.239798
-180.563547
-112.133413
-43.128236
21.851639
87.981601
114.433585
196.089711
216.216221
234.042559
202.990229
184.013805
193.789539
165.612425
128.809664
81.081083
104.657852
84.531342
100.057507
85.681428
141.460613
170.212770
163.887295
177.688331
175.963201
194.939625
124.784362
63.829789
-33.927545
-116.158715
-250.143767
-377.228301
-482.461196
-586.544005
-669.350217
-748.706171
-789.534234
-795.284665
-760.782077
-709.603237
-667.625088
-617.596334
-550.316287
-470.385290
-432.432443
-412.305933
-386.428991
-381.253603
-398.504897
-443.358262
-447.958607
-450.258780
-437.032788
-410.005760
-355.376662
-265.094888
-144.335829
15.526165
201.265100
395.629682
566.992538
740.655567
901.667646
1042.553216
1136.860291
1202.415210
1227.717108
1212.765986
1147.211068
1083.956322
1021.276620
928.119631
828.637167
706.152978
638.872931
523.864302
459.459470
368.027611
334.675109
238.067861
135.710181
15.526165
-101.207593
-215.066135
-393.329509
-516.388741
-714.778625
-838.987944
-1023.001749
-1105.807962
-1184.013829
-1212.190943
-1212.765986
-1197.239821
-1106.958048
-1013.226016
-866.014972
-736.630265
-576.768271
-438.757917
-328.349634
-228.292127
-151.811389
-53.479012
-14.376079
28.752157
32.777459
71.305350
93.156989
132.259923
210.465790
282.346183
385.278905
449.108694
571.017840
696.952288
829.787254
921.219113
1007.475585
1080.506064
1119.033954
1129.384731
1110.408307
1096.032228
1036.227742
935.595192
835.537685
733.755049
646.923535
512.363439
393.329509
298.447391
184.013805
82.231169
-56.929271
-110.408283
-205.865445
-297.872347
-423.806796
-496.837275
-565.267408
-652.098923
-721.104100
-774.008069
-779.758500
-839.562987
-839.562987
-838.987944
-772.282939
-756.181732
-712.478453
-645.773448
-585.393918
-523.289259
-494.537102
-413.456019
-368.027611
-334.100065
-332.374936
-304.197822
-278.895924
-273.720536
-261.644630
-252.443939
-213.916049
-197.814841
-167.912597
-149.511217
-99.482464
-51.753883
-13.225992
22.426683
51.178840
98.907420
121.334103
144.910872
155.836691
176.538245
184.013805
194.939625
204.715358
239.792990
272.570449
317.998857
365.152395
424.381839
500.287533
569.292710
645.198405
707.303064
766.532508
809.660744
827.487081
828.062124
821.736650
797.009795
740.080524
665.324915
581.368616
486.486498
364.577352
250.143767
125.359405
5.750431
-132.259923
-266.244975
-391.604380
-538.240381
-659.574484
-797.584838
-895.917215
-1028.177138
-1129.384731
-1215.066159
-1259.344481
-1300.172544
-1306.498018
-1252.443963
-1173.088009
-1068.430158
-959.171961
-775.733198
-585.393918
-398.504897
-225.416912
-27.027028
171.937899
323.749289
448.533651
578.493401
696.952288
779.183457
822.311693
883.841309
940.195537
991.949420
1009.775757
1061.529640
1099.482487
1148.361154
1160.437060
1173.663052
1181.713656
1152.386456
1116.733781
1027.027051
949.971270
815.986218
683.726296
512.938483
351.351360
181.138590
18.976424
-128.234621
-272.570449
-385.853948
-486.486498
-544.565855
-615.871205
-641.748146
-681.426123
-689.476727
-732.604963
-764.232336
-788.384147
-830.362297
-867.740101
-925.244415
-949.396227
-989.649247
-992.524463
-985.623945
-936.745278
-866.590015
-767.682594
-637.722844
-487.061541
-307.073038
-141.460613
39.677977
200.690057
348.476144
449.683737
523.864302
568.717667
571.017840
527.314561
459.459470
378.378387
276.020708
179.988503
91.431860
30.477287
-28.752157
-57.504314
-58.654400
-35.652675
-2.875216
32.202416
77.630824
111.558370
124.209319
116.733758
92.581946
58.079357
8.625647
-53.479012
-106.958024
-151.811389
-180.563547
-189.189194
-169.637727
-124.209319
-53.479012
17.826337
109.258197
193.214496
274.295579
322.024159
351.926403
349.051187
310.523297
246.693508
144.335829
39.677977
-85.681428
-201.840143
-324.899375
-414.031062
-479.010937
-504.887879
-516.388741
-488.786671
-426.682011
-335.250152
-244.968378
-160.437037
-56.929271
40.828063
106.958024
145.485915
181.713633
208.740660
208.740660
171.362856
162.162166
152.386433
145.485915
132.259923
150.086260
201.840143
267.970104
324.324332
419.781494
526.739518
630.247283
700.977590
765.382422
840.713073
861.414626
838.412901
790.109277
738.355394
649.223707
519.263957
396.204725
285.221398
170.787813
46.578494
-56.354228
-115.008628
-159.861993
-201.265100
-223.116739
-223.691782
-212.190919
-219.091437
-236.917774
-248.418637
-268.545147
-305.347908
-376.078215
-427.257054
-486.486498
-539.965510
-611.845903
-638.297887
-650.948837
-651.523880
-635.997715
-602.645213
-523.864302
-462.909729
-380.678560
-302.472693
-202.415186
-127.659577
-56.354228
3.450259
66.705004
117.883844
142.035656
165.612425
182.863719
199.539970
200.115013
202.415186
201.265100
206.440488
194.364582
183.438762
171.362856
158.711907
135.135138
97.182291
62.679702
28.752157
-12.075906
-66.129961
-108.108111
-154.111562
-197.814841
-236.342731
-271.420363
-284.646355
-300.747563
-299.022434
-293.272002
-268.545147
-236.917774
-202.990229
-170.212770
-125.359405
-81.081083
-60.954573
-45.428408
-35.077632
-21.851639
-39.677977
-70.730306
-93.732032
-104.082809
-131.684879
-162.737209
-167.912597
-154.111562
-142.610699
-146.060958
-120.184017
-81.081083
-51.753883
-36.227718
-25.876941
-4.025302
1.725129
-8.050604
-31.052330
-33.927545
-25.301898
-24.726855
-17.826337
14.951122
76.480738
146.636001
224.841868
328.349634
461.184600
575.043142
684.301339
791.259363
891.316870
962.047176
987.924118
1002.875239
983.323773
935.595192
844.738375
751.006343
640.598060
527.314561
397.929854
290.971830
200.115013
116.733758
48.303624
-4.025302
-25.876941
-58.079357
-79.355954
-109.258197
-127.659577
-170.787813
-224.266825
-293.847045
-364.002309
-446.808521
-538.240381
-630.247283
-711.328366
-765.382422
-807.935614
-825.186909
-820.586563
-775.158155
-707.878108
-632.547456
-531.914906
-420.931580
-304.772865
-205.290402
-111.558370
-23.576769
40.253020
78.780910
105.807938
121.909146
114.433585
92.581946
75.905695
66.129961
45.428408
37.952847
41.403106
69.005177
96.032205
129.959750
178.263374
230.592300
271.995406
301.897649
329.499720
338.125367
320.299030
282.921226
244.968378
186.889021
112.708456
32.777459
-31.627373
-91.431860
-154.111562
-201.265100
-215.641178
-220.816566
-222.541696
-214.491092
-178.263374
-139.735483
-116.733758
-94.882118
-54.054055
-30.477287
-34.502589
-46.578494
-51.178840
-60.379530
-96.607248
-131.109836
-158.711907
-171.937899
-193.789539
-207.590574
-201.265100
-175.388158
-150.086260
-124.784362
-88.556644
-44.853365
-2.875216
26.451985
47.153538
70.155263
75.905695
67.280048
55.204142
37.377804
15.526165
-15.526165
-42.553192
-55.779185
-54.054055
-50.028753
-35.077632
-4.025302
43.128236
83.956299
131.684879
185.163892
246.118465
292.121916
320.299030
347.901101
361.127093
356.526748
338.125367
313.973555
280.046010
242.668206
209.315704
178.838417
147.786087
128.234621
127.659577
130.534793
131.109836
136.860268
151.811389
165.037382
162.737209
149.511217
132.834966
112.708456
65.554918
1.150086
-54.629098
-117.308801
-189.189194
-265.094888
-323.749289
-360.552050
-389.879250
-405.405415
-399.654984
-376.653258
-338.700411
-293.272002
-238.067861
-175.963201
-119.033930
-73.605522
-43.128236
-17.826337
-3.450259
-11.500863
-24.151812
-41.403106
-63.829789
-89.131687
-106.958024
-106.958024
-102.357679
-85.681428
-58.079357
-19.551467
21.851639
67.855091
113.858542
144.910872
165.037382
174.813115
166.762511
141.460613
105.807938
58.654400
9.775733
-44.278322
-92.006903
-127.659577
-152.386433
-156.411735
-144.910872
-116.158715
-68.430134
-8.050604
55.204142
124.209319
192.639453
255.319155
301.322606
330.074763
353.651532
353.651532
342.150669
317.423814
288.096614
251.293853
209.315704
174.238072
139.160440
106.958024
76.480738
58.079357
39.102934
26.451985
14.376079
1.150086
-10.925820
-24.726855
-39.677977
-63.254746
-89.131687
-113.283499
-132.259923
-163.312252
-184.588849
-194.364582
-203.565272
-208.740660
-209.890747
-189.764237
-164.462339
-138.010354
-104.657852
-64.404832
-25.876941
4.025302
32.777459
59.229444
77.055781
83.381256
89.131687
85.681428
70.730306
53.479012
34.502589
13.225992
-11.500863
-32.777459
-50.603796
-70.155263
-88.556644
-107.533068
-127.084534
-154.111562
-179.413460
-208.740660
-242.093163
-270.270277
-297.872347
-323.749289
-348.476144
-363.427266
-365.152395
-359.401964
-346.175971
-317.423814
-278.895924
-227.717084
-176.538245
-124.209319
-61.529616
0.000000
50.028753
96.032205
140.885570
181.138590
209.890747
228.292127
241.518120
247.268551
248.418637
240.368033
236.342731
232.892472
230.592300
232.892472
234.617602
235.192645
236.342731
238.067861
236.917774
231.167343
215.641178
191.489366
155.261648
112.133413
66.705004
13.801035
-41.978149
-98.332377
-143.760785
-185.738935
-215.641178
-232.317429
-233.467516
-217.941351
-198.964927
-158.136864
-105.807938
-48.303624
12.075906
73.030479
131.684879
180.563547
216.791264
244.968378
265.094888
280.046010
287.521571
292.696959
293.847045
290.971830
293.847045
299.597477
303.047736
314.548599
325.474418
332.374936
330.649807
318.573901
301.322606
266.244975
221.391610
167.337554
105.232895
39.677977
-33.927545
-105.807938
-178.263374
-240.943076
-290.396787
-324.324332
-334.675109
-327.199548
-310.523297
-282.921226
-240.368033
-197.814841
-154.111562
-117.308801
-87.406558
-66.705004
-57.504314
-57.504314
-67.280048
-86.831514
-107.533068
-131.109836
-150.086260
-165.612425
-171.937899
-170.212770
-155.836691
-134.560095
-102.932722
-69.005177
-43.703279
-13.801035
8.050604
24.726855
27.027028
20.701553
4.025302
-17.826337
-47.153538
-81.656126
-110.983326
-133.985052
-155.836691
-175.388158
-185.738935
-189.189194
-184.013805
-177.113288
-167.337554
-151.236346
-138.585397
-128.234621
-119.033930
-112.133413
-106.382981
-108.108111
-114.433585
-124.209319
-139.735483
-152.961476
-166.762511
-179.988503
-183.438762
-188.614151
-182.288676
-170.212770
-148.936174
-117.883844
-84.531342
-47.153538
-9.200690
32.777459
78.205867
116.733758
153.536519
188.039107
213.916049
232.892472
246.118465
262.794716
266.244975
274.295579
281.196096
282.921226
284.071312
285.221398
287.521571
286.946528
281.771140
266.244975
255.319155
233.467516
217.366308
193.214496
168.487641
143.185742
112.133413
89.706730
69.580220
55.779185
48.878667
47.728581
50.028753
64.979875
85.681428
108.108111
138.585397
166.187468
193.789539
213.916049
228.292127
236.917774
239.792990
230.592300
211.615876
195.514668
166.187468
136.285225
106.382981
77.055781
54.629098
22.426683
6.900518
-17.251294
-34.502589
-52.903969
-81.656126
-97.182291
-124.784362
-158.711907
-201.840143
-241.518120
-285.221398
-320.299030
-359.977007
-390.454293
-411.730890
-430.707313
-439.332960
-443.933306
-422.081666
-401.955156
-377.228301
-339.850497
-294.422089
-246.118465
-206.440488
-152.961476
-109.833240
-73.605522
-36.802761
-3.450259
26.451985
46.578494
67.855091
84.531342
104.082809
112.708456
131.684879
146.636001
162.162166
176.538245
192.064409
207.015531
210.465790
217.941351
219.091437
217.941351
205.865445
189.764237
162.162166
119.608974
77.055781
25.876941
-28.177114
-80.506040
-129.959750
-174.813115
-212.765962
-242.668206
-261.069586
-265.669932
-266.820018
-255.894198
-238.642904
-216.791264
-189.189194
-159.286950
-129.959750
-101.207593
-75.905695
-56.929271
-37.952847
-18.976424
-1.725129
15.526165
36.802761
58.654400
87.406558
113.858542
147.211044
179.988503
208.740660
241.518120
265.669932
280.621053
290.971830
293.272002
286.946528
275.445665
251.868896
222.541696
187.464064
153.536519
117.883844
86.256471
58.079357
36.227718
20.126510
6.900518
5.175388
5.750431
10.350777
17.251294
26.451985
32.202416
37.377804
32.777459
31.052330
27.602071
15.526165
6.325475
-4.025302
-14.951122
-20.126510
-23.576769
-24.151812
-23.001726
-20.126510
-17.826337
-10.925820
-2.875216
4.600345
15.526165
23.576769
30.477287
34.502589
35.652675
36.227718
30.477287
24.726855
11.500863
-7.475561
-29.902243
-59.229444
-87.981601
-118.458887
-150.661303
-179.413460
-205.865445
-227.717084
-239.792990
-253.018982
-255.319155
-255.894198
-249.568724
-235.767688
-220.816566
-204.140315
-179.988503
-161.012080
-140.885570
-117.308801
-96.607248
-74.755608
-61.529616
-44.278322
-28.752157
-14.376079
-1.150086
8.050604
24.151812
41.403106
59.804487
74.755608
86.831514
98.907420
108.108111
110.408283
111.558370
106.958024
101.782636
94.882118
82.806212
69.005177
52.328926
34.502589
12.650949
-4.025302
-20.126510
-35.652675
-44.278322
-45.428408
-47.153538
-43.128236
-33.352502
-17.251294
3.450259
23.001726
50.028753
71.880393
90.281773
110.408283
132.834966
151.811389
168.487641
186.313978
200.115013
210.465790
220.816566
229.442214
237.492818
240.368033
239.792990
241.518120
234.617602
220.241523
205.290402
182.863719
154.111562
115.583672
73.605522
27.602071
-19.551467
-62.104659
-101.207593
-129.384707
-149.511217
-162.737209
-171.937899
-174.238072
-171.937899
-167.337554
-159.286950
-147.211044
-132.834966
-122.484189
-111.558370
-100.632550
-92.581946
-81.656126
-71.880393
-62.679702
-55.204142
-46.578494
-35.652675
-23.001726
-12.650949
-1.725129
9.775733
17.826337
23.576769
27.027028
33.352502
34.502589
30.477287
26.451985
17.826337
6.325475
-8.050604
-21.276596
-35.652675
-50.603796
-60.379530
-71.880393
-74.180565
-75.330652
-72.455436
-63.254746
-55.779185
-43.703279
-32.777459
-16.676251
-6.325475
4.600345
16.676251
25.301898
35.652675
38.527891
44.853365
44.278322
43.128236
40.253020
37.952847
35.652675
30.477287
28.752157
20.701553
14.376079
3.450259
-5.175388
-10.350777
-17.826337
-25.876941
-35.652675
-45.428408
-61.529616
-74.755608
-87.981601
-101.207593
-117.308801
-129.959750
-140.310527
-151.236346
-155.836691
-159.286950
-158.711907
-156.986778
-151.811389
-143.185742
-130.534793
-110.408283
-94.307075
-72.455436
-51.753883
-28.752157
-6.325475
16.101208
46.003451
70.730306
98.907420
119.608974
144.335829
160.437037
172.512943
186.889021
193.214496
201.840143
206.440488
211.615876
209.890747
211.040833
210.465790
205.290402
201.265100
194.364582
187.464064
171.362856
156.986778
132.834966
110.408283
85.106385
55.204142
29.902243
5.175388
-22.426683
-40.253020
-58.079357
-75.330652
-87.981601
-100.632550
-106.958024
-110.983326
-113.858542
-108.683154
-101.207593
-94.882118
-84.531342
-73.605522
-61.529616
-53.479012
-42.553192
-31.627373
-22.426683
-13.801035
-5.750431
1.725129
9.200690
18.976424
25.301898
33.352502
36.227718
41.403106
42.553192
40.253020
39.102934
39.102934
37.377804
27.027028
17.251294
7.475561
-4.025302
-12.075906
-26.451985
-32.777459
-41.978149
-50.028753
-56.354228
-62.679702
-60.954573
-61.529616
-63.254746
-63.254746
-67.280048
-69.580220
-70.155263
-68.430134
-69.580220
-71.880393
-72.455436
-69.580220
-67.280048
-66.129961
-59.804487
-51.753883
-43.703279
-38.527891
-28.752157
-16.101208
-3.450259
7.475561
18.401381
27.027028
31.052330
33.352502
31.052330
28.752157
25.301898
18.401381
12.650949
8.050604
2.875216
-0.575043
-3.450259
-3.450259
-1.150086
-1.725129
0.000000
0.000000
2.875216
7.475561
11.500863
14.951122
18.401381
25.301898
33.352502
36.802761
44.278322
48.303624
51.178840
54.054055
55.204142
59.229444
62.104659
66.705004
70.155263
75.905695
71.880393
74.180565
69.005177
63.829789
60.954573
51.178840
45.428408
35.652675
25.301898
13.801035
2.875216
-7.475561
-18.976424
-29.327200
-40.253020
-50.028753
-59.229444
-67.280048
-71.305350
-75.330652
-74.755608
-72.455436
-69.580220
-63.254746
-60.379530
-53.479012
-39.677977
-31.052330
-18.401381
-5.175388
6.900518
18.976424
28.752157
36.802761
46.003451
54.629098
58.654400
62.679702
63.829789
64.404832
64.979875
62.104659
58.079357
56.354228
53.479012
46.578494
40.828063
31.627373
22.426683
17.251294
8.050604
1.150086
-3.450259
-13.801035
-23.576769
-35.652675
-45.428408
-54.629098
-66.705004
-74.755608
-77.630824
-79.355954
-79.355954
-78.780910
-74.755608
-70.155263
-64.404832
-54.629098
-45.428408
-38.527891
-28.177114
-22.426683
-9.775733
2.300173
11.500863
23.576769
29.327200
37.952847
45.428408
51.178840
54.054055
55.204142
55.779185
48.303624
39.677977
32.202416
25.876941
14.951122
2.875216
-5.175388
-16.101208
-24.151812
-36.802761
-48.878667
-54.629098
-64.979875
-76.480738
-79.930997
-86.256471
-89.131687
-87.981601
-84.531342
-80.506040
-77.055781
-70.155263
-61.529616
-51.753883
-39.677977
-24.151812
-11.500863
4.025302
16.101208
31.052330
44.278322
59.804487
77.055781
90.856816
107.533068
119.033930
129.959750
136.285225
139.735483
144.910872
147.211044
149.511217
147.786087
146.060958
138.010354
125.934448
115.008628
100.057507
83.381256
60.954573
40.828063
20.126510
0.000000
-17.251294
-33.352502
-52.328926
-66.129961
-79.355954
-89.706730
-99.482464
-107.533068
-112.708456
-116.158715
-110.983326
-108.108111
-101.782636
-95.457162
-89.131687
-80.506040
-70.155263
-59.229444
-51.753883
-40.828063
-30.477287
-22.426683
-14.376079
-6.900518
-2.875216
0.575043
6.325475
12.075906
17.826337
22.426683
23.576769
26.451985
31.052330
31.052330
29.902243
25.301898
22.426683
16.101208
7.475561
0.000000
-9.200690
-17.826337
-25.876941
-32.777459
-38.527891
-35.652675
-38.527891
-38.527891
-33.352502
-28.752157
-23.576769
-15.526165
-7.475561
-1.150086
10.925820
18.976424
29.902243
37.377804
44.853365
54.054055
58.079357
66.129961
69.005177
70.730306
73.605522
71.305350
69.580220
66.705004
59.229444
56.354228
49.453710
39.677977
29.327200
18.401381
7.475561
-2.875216
-12.650949
-22.426683
-29.327200
-38.527891
-46.578494
-54.054055
-62.679702
-69.005177
-74.180565
-83.381256
-85.681428
-89.131687
-90.856816
-86.831514
-86.256471
-78.780910
-70.730306
-60.379530
-47.728581
-37.952847
-24.151812
-10.925820
1.725129
17.251294
33.352502
46.003451
62.104659
74.180565
82.231169
94.882118
97.182291
98.907420
102.357679
98.907420
97.757334
92.581946
89.131687
83.381256
80.506040
74.755608
73.030479
65.554918
56.354228
51.178840
39.677977
30.477287
19.551467
10.350777
-2.300173
-13.801035
-27.602071
-39.102934
-51.753883
-62.679702
-69.580220
-79.355954
-83.956299
-87.406558
-89.131687
-89.131687
-85.106385
-80.506040
-74.180565
-67.280048
-57.504314
-46.578494
-38.527891
-27.027028
-18.976424
-12.075906
-2.875216
5.175388
13.801035
17.251294
24.151812
33.352502
40.253020
46.578494
53.479012
57.504314
59.804487
58.654400
58.079357
56.929271
51.753883
46.578494
39.102934
30.477287
21.276596
8.625647
-3.450259
-14.951122
-29.327200
-47.728581
-63.254746
-75.905695
-87.406558
-96.032205
-106.382981
-115.008628
-118.458887
-123.634275
-124.209319
-123.059232
-123.059232
-116.733758
-110.983326
-104.082809
-91.431860
-80.506040
-68.430134
-54.054055
-35.652675
-15.526165
6.325475
26.451985
45.428408
62.679702
81.081083
98.332377
107.533068
117.308801
129.384707
135.135138
138.585397
140.885570
138.010354
134.560095
124.784362
115.008628
106.382981
94.882118
87.406558
78.205867
67.855091
57.504314
47.728581
41.403106
37.377804
29.902243
26.451985
22.426683
20.701553
19.551467
17.251294
18.401381
16.101208
15.526165
16.676251
16.676251
17.826337
19.551467
17.826337
20.126510
22.426683
18.401381
16.676251
13.801035
9.775733
2.300173
-8.050604
-14.376079
-23.001726
-32.202416
-41.978149
-52.328926
-64.404832
-71.880393
-77.630824
-81.081083
-86.256471
-87.981601
-89.131687
-89.131687
-84.531342
-82.806212
-73.605522
-66.129961
-59.804487
-51.178840
-44.853365
-31.627373
-18.976424
-11.500863
0.000000
9.775733
20.126510
32.202416
37.952847
43.128236
51.178840
50.603796
50.028753
50.028753
46.578494
44.853365
38.527891
31.052330
25.876941
17.251294
8.050604
-1.150086
-9.775733
-19.551467
-25.876941
-29.902243
-35.652675
-40.828063
-43.703279
-47.728581
-52.328926
-49.453710
-46.003451
-46.003451
-41.403106
-37.952847
-35.652675
-33.352502
-33.927545
-33.352502
-38.527891
-39.102934
-37.377804
-39.102934
-39.102934
-39.677977
-40.253020
-37.952847
-36.227718
-31.627373
-29.327200
-25.301898
-21.276596
-16.101208
-12.650949
-8.050604
-3.450259
-0.575043
4.600345
10.350777
11.500863
18.401381
27.602071
33.352502
40.253020
44.853365
54.629098
61.529616
64.404832
71.880393
78.205867
77.055781
78.780910
79.355954
80.506040
78.780910
74.755608
73.605522
71.305350
68.430134
66.129961
62.104659
59.229444
53.479012
45.428408
40.828063
34.502589
32.202416
27.027028
19.551467
10.925820
2.875216
-5.175388
-12.650949
-16.101208
-23.001726
-25.876941
-29.327200
-33.352502
-36.227718
-38.527891
-43.128236
-42.553192
-43.128236
-44.278322
-40.828063
-39.102934
-36.802761
-35.652675
-35.652675
-30.477287
-27.027028
-20.126510
-14.951122
-11.500863
-5.750431
-0.575043
1.150086
5.175388
12.075906
15.526165
22.426683
27.602071
31.627373
37.377804
40.828063
40.828063
41.403106
37.952847
38.527891
31.052330
23.001726
16.676251
6.325475
0.000000
-9.775733
-18.401381
-24.726855
-32.777459
-37.952847
-43.128236
-48.303624
-47.728581
-51.178840
-55.204142
-51.753883
-54.629098
-55.204142
-53.479012
-57.504314
-54.629098
-55.779185
-53.479012
-47.728581
-44.853365
-36.802761
-29.902243
-22.426683
-13.225992
-5.175388
4.025302
12.650949
23.001726
27.602071
34.502589
37.377804
40.253020
44.278322
47.728581
43.703279
43.128236
40.828063
36.802761
34.502589
29.902243
24.151812
19.551467
14.951122
7.475561
4.025302
-0.575043
-1.725129
-5.750431
-13.801035
-12.075906
-17.251294
-20.701553
-16.676251
-21.851639
-19.551467
-18.401381
-16.676251
-9.775733
-4.600345
1.725129
12.075906
15.526165
22.426683
29.902243
33.352502
42.553192
44.853365
50.603796
54.054055
51.753883
53.479012
52.328926
47.153538
45.428408
42.553192
35.077632
32.202416
25.301898
18.401381
11.500863
1.725129
-4.025302
-8.050604
-17.826337
-20.126510
-25.876941
-30.477287
-30.477287
-33.927545
-34.502589
-36.227718
-40.828063
-33.352502
-32.202416
-32.202416
-26.451985
-24.151812
-19.551467
-16.101208
-13.801035
-5.750431
-1.150086
-0.575043
9.775733
13.225992
16.101208
21.851639
23.001726
25.301898
27.602071
25.301898
25.301898
22.426683
16.676251
17.826337
12.650949
5.750431
2.875216
-4.025302
-7.475561
-9.775733
-13.801035
-14.951122
-18.976424
-21.276596
-25.301898
-28.752157
-32.202416
-33.352502
-36.802761
-40.253020
-37.377804
-39.102934
-37.377804
-33.927545
-33.927545
-33.352502
-32.202416
-28.752157
-28.177114
-26.451985
-23.001726
-20.701553
-18.976424
-17.251294
-12.650949
-9.775733
-4.025302
0.575043
2.300173
3.450259
2.875216
2.875216
5.175388
2.875216
4.600345
0.575043
-1.725129
-0.575043
-1.725129
-4.600345
-4.600345
-7.475561
-7.475561
-3.450259
-2.300173
-0.575043
0.000000
2.300173
3.450259
4.600345
8.625647
9.200690
13.801035
20.701553
23.001726
26.451985
28.177114
32.202416
37.952847
41.978149
51.753883
54.629098
56.929271
58.079357
58.079357
60.379530
58.654400
56.354228
56.929271
52.903969
49.453710
50.028753
48.878667
48.303624
47.728581
43.128236
37.377804
31.627373
27.027028
24.151812
18.401381
13.225992
10.350777
4.600345
-1.725129
-4.600345
-10.350777
-12.650949
-19.551467
-24.726855
-27.027028
-30.477287
-32.777459
-37.952847
-42.553192
-44.853365
-47.728581
-50.028753
-54.054055
-57.504314
-53.479012
-55.779185
-54.629098
-51.753883
-48.303624
-40.828063
-32.777459
-27.027028
-18.401381
-10.350777
-4.600345
-2.300173
1.150086
8.625647
13.225992
17.826337
19.551467
19.551467
22.426683
23.576769
23.576769
27.027028
25.301898
27.027028
25.301898
19.551467
20.126510
20.701553
14.951122
10.925820
9.775733
8.050604
2.875216
-2.875216
-5.750431
-12.075906
-20.126510
-23.576769
-31.052330
-34.502589
-37.952847
-42.553192
-46.003451
-50.028753
-51.753883
-54.054055
-52.903969
-54.629098
-51.753883
-47.728581
-41.978149
-34.502589
-30.477287
-25.301898
-21.276596
-19.551467
-17.251294
-14.951122
-10.350777
-5.175388
-0.575043
3.450259
9.775733
9.775733
10.350777
15.526165
18.401381
20.126510
23.576769
24.726855
29.327200
32.777459
31.052330
33.927545
33.352502
33.927545
35.652675
34.502589
32.202416
28.177114
27.027028
27.602071
24.151812
24.726855
27.027028
27.602071
26.451985
28.752157
29.902243
29.902243
32.777459
35.077632
37.952847
39.102934
40.828063
42.553192
44.278322
44.278322
43.128236
41.403106
36.802761
29.327200
21.276596
13.801035
4.600345
-0.575043
-5.175388
-12.650949
-14.951122
-20.701553
-24.726855
-29.327200
-35.077632
-41.403106
-44.278322
-52.903969
-55.204142
-57.504314
-62.679702
-60.954573
-64.979875
-64.404832
-62.679702
-58.654400
-51.178840
-45.428408
-42.553192
-33.352502
-27.027028
-17.826337
-5.175388
4.025302
17.826337
27.602071
36.802761
49.453710
55.779185
61.529616
71.880393
71.305350
76.480738
78.780910
78.780910
79.930997
75.330652
73.605522
68.430134
56.354228
50.603796
42.553192
29.327200
18.976424
4.600345
-6.900518
-23.001726
-45.428408
-59.804487
-73.605522
-87.981601
-96.607248
-109.258197
-116.158715
-121.334103
-124.209319
-118.458887
-116.733758
-113.858542
-105.232895
-100.632550
-88.556644
-75.905695
-64.404832
-48.878667
-37.377804
-24.726855
-8.625647
4.025302
18.401381
30.477287
38.527891
50.028753
58.654400
66.705004
77.630824
83.381256
90.281773
92.581946
92.581946
93.156989
89.706730
86.256471
81.656126
73.030479
65.554918
56.929271
45.428408
37.377804
27.602071
17.826337
10.925820
2.875216
-1.725129
-2.875216
-7.475561
-5.175388
-8.050604
-9.200690
-5.750431
-5.750431
-3.450259
-1.150086
-2.300173
-0.575043
-0.575043
0.000000
4.025302
1.150086
5.175388
7.475561
6.325475
12.650949
11.500863
13.801035
15.526165
12.075906
12.650949
12.650949
9.200690
8.050604
4.600345
-1.725129
-5.175388
-11.500863
-14.376079
-20.701553
-25.301898
-27.027028
-33.352502
-36.227718
-35.652675
-38.527891
-38.527891
-39.677977
-39.102934
-35.652675
-37.377804
-36.802761
-32.777459
-30.477287
-24.726855
-19.551467
-14.376079
-7.475561
-2.300173
3.450259
8.625647
10.925820
14.951122
18.401381
16.101208
15.526165
14.376079
13.801035
12.650949
10.350777
7.475561
4.600345
-1.725129
-6.900518
-9.775733
-16.676251
-19.551467
-21.276596
-27.602071
-29.327200
-32.202416
-32.202416
-31.052330
-32.777459
-29.902243
-27.027028
-23.576769
-18.976424
-16.101208
-12.075906
-6.900518
-4.025302
0.000000
5.175388
2.300173
6.325475
8.625647
7.475561
12.075906
16.101208
17.826337
18.976424
18.401381
21.276596
21.276596
21.851639
23.576769
22.426683
23.001726
23.001726
21.851639
25.876941
26.451985
27.027028
31.052330
30.477287
32.777459
35.652675
36.802761
39.102934
41.978149
44.278322
44.278322
43.703279
41.978149
40.828063
39.102934
40.253020
36.227718
30.477287
29.327200
25.876941
21.276596
15.526165
10.925820
5.750431
2.300173
-0.575043
-0.575043
-5.175388
-8.050604
-10.350777
-12.650949
-15.526165
-16.676251
-13.801035
-17.251294
-17.251294
-17.826337
-17.251294
-14.376079
-14.376079
-14.376079
-13.801035
-10.925820
-9.775733
-6.900518
-5.175388
-2.300173
0.575043
-1.150086
-2.300173
-4.600345
-3.450259
-4.600345
-10.925820
-14.951122
-20.701553
-29.327200
-35.077632
-37.952847
-43.128236
-48.878667
-53.479012
-57.504314
-61.529616
-62.679702
-63.254746
-65.554918
-65.554918
-62.679702
-60.954573
-58.654400
-55.779185
-52.328926
-48.303624
-44.853365
-40.253020
-36.227718
-32.777459
-25.876941
-18.976424
-10.925820
-4.025302
3.450259
12.075906
19.551467
28.177114
35.652675
41.978149
43.703279
48.878667
52.903969
52.328926
52.328926
51.178840
46.003451
39.677977
35.652675
36.227718
35.652675
31.052330
29.327200
27.027028
20.126510
15.526165
13.801035
9.200690
6.900518
4.025302
5.750431
4.025302
2.300173
4.025302
0.000000
-2.875216
-1.150086
0.000000
0.575043
1.150086
-0.575043
4.600345
10.925820
17.251294
23.001726
25.876941
27.602071
33.352502
34.502589
36.802761
37.952847
36.802761
35.077632
32.777459
32.777459
27.027028
25.301898
21.276596
14.376079
12.650949
7.475561
4.025302
3.450259
0.575043
-1.150086
-1.725129
-5.175388
-5.175388
-6.900518
-8.625647
-6.900518
-4.600345
-0.575043
0.575043
1.725129
2.300173
1.150086
3.450259
7.475561
10.350777
11.500863
14.951122
17.251294
18.976424
18.401381
18.401381
17.826337
16.676251
13.801035
10.350777
6.325475
-0.575043
-5.175388
-16.676251
-24.726855
-33.352502
-44.853365
-54.054055
-59.804487
-64.979875
-71.880393
-79.355954
-84.531342
-87.406558
-94.307075
-94.307075
-93.156989
-92.006903
-84.531342
-81.081083
-73.605522
-64.979875
-59.229444
-44.853365
-32.202416
-18.401381
-4.600345
8.050604
21.851639
37.377804
45.428408
55.779185
67.855091
74.755608
81.656126
87.406558
91.431860
93.732032
95.457162
92.581946
89.131687
84.531342
77.055781
69.580220
59.229444
47.728581
38.527891
23.576769
12.075906
2.875216
-13.801035
-25.876941
-34.502589
-44.278322
-52.328926
-60.379530
-66.129961
-64.979875
-69.005177
-69.580220
-67.280048
-65.554918
-59.229444
-54.629098
-47.153538
-37.952847
-29.327200
-17.251294
-4.600345
2.300173
11.500863
21.276596
29.902243
37.377804
42.553192
47.153538
50.603796
51.178840
54.629098
55.779185
52.328926
53.479012
51.753883
46.578494
43.128236
37.952847
35.652675
29.902243
24.151812
17.826337
8.050604
-1.725129
-10.350777
-15.526165
-20.701553
-24.726855
-29.327200
-33.927545
-35.652675
-39.677977
-36.802761
-35.652675
-31.052330
-25.301898
-21.851639
-17.251294
-12.075906
-4.600345
0.000000
8.050604
14.951122
17.826337
21.851639
27.027028
28.177114
27.027028
27.027028
23.576769
21.851639
18.976424
13.801035
13.801035
8.050604
2.300173
-1.150086
-6.900518
-10.350777
-17.826337
-23.001726
-26.451985
-28.752157
-31.627373
-35.652675
-42.553192
-41.978149
-39.677977
-41.403106
-37.377804
-35.652675
-35.652675
-31.052330
-31.052330
-26.451985
-17.826337
-14.951122
-4.600345
0.575043
3.450259
10.925820
15.526165
18.976424
23.576769
25.301898
29.902243
31.052330
31.627373
31.627373
28.752157
28.752157
30.477287
28.752157
24.151812
20.126510
14.376079
10.925820
5.750431
1.150086
-3.450259
-8.050604
-12.650949
-14.951122
-15.526165
-17.251294
-18.401381
-17.826337
-15.526165
-14.951122
-8.625647
-8.625647
-8.050604
-2.300173
-2.300173
-0.575043
3.450259
5.750431
8.625647
12.650949
16.676251
20.701553
20.126510
23.001726
24.726855
27.602071
28.752157
27.027028
28.177114
25.301898
24.151812
22.426683
22.426683
19.551467
13.801035
11.500863
5.175388
4.025302
2.300173
0.575043
-3.450259
-7.475561
-11.500863
-16.676251
-17.251294
-18.401381
-18.401381
-20.126510
-17.826337
-17.826337
-20.701553
-20.701553
-18.976424
-20.126510
-20.126510
-19.551467
-16.101208
-11.500863
-7.475561
-3.450259
-2.875216
-1.725129
-0.575043
0.575043
0.575043
-0.575043
-1.150086
-0.575043
0.000000
0.000000
-1.725129
1.150086
1.150086
1.150086
3.450259
1.150086
-1.725129
-1.150086
-4.025302
-5.750431
-5.175388
-9.775733
-9.775733
-10.350777
-13.225992
-11.500863
-13.225992
-12.650949
-12.075906
-9.775733
-6.325475
-6.900518
-1.150086
2.300173
3.450259
6.325475
9.775733
11.500863
14.376079
14.951122
13.801035
12.075906
10.925820
12.650949
11.500863
9.200690
8.625647
6.325475
4.025302
4.025302
5.175388
8.050604
10.350777
7.475561
6.900518
5.175388
5.175388
8.625647
9.775733
10.350777
9.200690
6.900518
6.325475
5.750431
3.450259
2.300173
0.575043
-0.575043
-0.575043
1.725129
2.875216
4.600345
5.750431
4.600345
1.150086
1.150086
-1.150086
-2.875216
-5.750431
-7.475561
-10.925820
-13.225992
-12.650949
-13.225992
-12.650949
-12.075906
-11.500863
-8.050604
-6.900518
-6.325475
-1.150086
2.300173
4.600345
5.175388
7.475561
8.050604
9.200690
10.350777
8.625647
6.325475
3.450259
4.025302
2.300173
4.600345
3.450259
2.875216
4.600345
2.300173
2.875216
2.875216
2.300173
3.450259
1.725129
1.150086
2.300173
-4.600345
-9.200690
-10.925820
-14.376079
-14.951122
-18.401381
-19.551467
-20.126510
-19.551467
-18.401381
-16.676251
-10.925820
-8.625647
-6.325475
-5.175388
-1.725129
1.725129
0.575043
1.725129
1.150086
1.725129
2.300173
2.300173
