-0.153558
0.153558
0.153558
0.153558
0.307116
0.000000
0.460674
0.460674
0.000000
-0.307116
-0.460674
-0.307116
-0.614232
-0.921348
-1.074906
-1.382021
-1.382021
-0.614232
-0.153558
-0.767790
-0.460674
-0.614232
-1.074906
-0.614232
-0.767790
-1.228464
-0.307116
-0.307116
-0.307116
-0.153558
-0.307116
0.307116
0.614232
0.767790
0.614232
0.000000
-0.921348
-0.614232
-0.614232
-0.307116
-0.153558
-0.153558
0.153558
0.767790
0.921348
1.074906
0.921348
0.767790
0.307116
0.153558
0.000000
0.153558
0.460674
1.074906
0.767790
-0.153558
0.460674
0.767790
0.153558
0.460674
0.921348
0.460674
0.921348
0.921348
0.614232
0.767790
0.614232
0.767790
0.153558
0.614232
0.307116
0.460674
0.614232
0.000000
0.153558
-0.921348
-0.921348
-0.153558
-0.153558
0.153558
0.153558
-0.307116
-1.228464
-1.382021
-0.614232
-0.614232
-0.614232
-0.767790
-0.767790
-0.153558
-0.153558
-0.614232
-0.460674
-0.153558
-0.767790
-0.153558
0.460674
-0.307116
-0.153558
-0.153558
-0.153558
0.153558
0.307116
-0.460674
0.153558
-0.460674
-0.614232
-0.307116
-0.307116
-0.921348
-0.460674
0.000000
0.614232
0.921348
0.614232
0.767790
0.460674
0.153558
-0.153558
0.307116
-0.153558
0.000000
-0.307116
-0.153558
0.153558
0.153558
0.307116
0.000000
0.000000
-0.153558
-0.307116
-0.307116
0.000000
0.000000
-0.153558
-0.460674
-0.767790
0.153558
0.460674
0.153558
0.460674
0.307116
0.307116
0.460674
0.460674
0.153558
0.153558
0.000000
0.460674
0.000000
0.767790
0.153558
-0.767790
-1.074906
-1.228464
-0.921348
-0.767790
-0.307116
-0.153558
1.074906
1.228464
0.614232
0.921348
1.074906
0.460674
0.000000
0.153558
-0.153558
0.460674
0.153558
1.074906
1.074906
1.228464
0.307116
-0.153558
0.000000
0.307116
-0.153558
-0.307116
0.153558
-0.460674
0.000000
0.153558
0.307116
0.921348
0.614232
-0.153558
-0.614232
-0.460674
0.153558
-0.153558
0.000000
0.307116
-0.153558
-0.460674
-1.228464
-0.921348
-0.767790
-0.767790
-0.614232
-1.382021
-1.074906
-0.307116
-0.767790
-0.767790
-0.767790
-0.921348
-0.614232
-0.614232
-0.767790
-0.460674
0.307116
-0.153558
-0.767790
-0.614232
-0.153558
-0.153558
0.153558
0.307116
0.153558
-0.153558
-0.307116
-0.307116
0.921348
1.228464
1.074906
0.460674
-0.153558
0.153558
0.767790
0.614232
0.767790
0.921348
1.228464
1.228464
1.228464
0.614232
0.153558
0.614232
0.153558
0.307116
0.307116
0.153558
0.307116
0.307116
0.000000
0.767790
1.228464
0.153558
0.000000
1.074906
0.614232
0.153558
0.000000
0.153558
-0.614232
-1.535579
0.000000
-0.460674
-0.614232
-0.767790
-0.153558
0.000000
0.153558
-0.307116
-0.767790
-0.307116
-0.614232
-1.074906
-0.460674
0.000000
-0.307116
-0.614232
-0.307116
-0.307116
-1.074906
-0.153558
0.460674
0.767790
0.460674
0.767790
0.767790
0.767790
0.460674
1.228464
-0.153558
-0.460674
0.614232
-0.153558
-0.307116
-0.460674
0.000000
-0.153558
-0.460674
-0.460674
-0.614232
-0.767790
-0.614232
-0.614232
-0.153558
1.074906
0.921348
-1.074906
-0.921348
-1.074906
-0.921348
-0.921348
-0.153558
-0.307116
0.460674
1.842695
1.228464
0.614232
-0.153558
-0.460674
-0.921348
-0.767790
-0.614232
-0.614232
0.000000
-0.153558
0.767790
0.000000
0.614232
0.307116
-0.307116
-0.307116
0.921348
0.614232
-0.614232
0.307116
0.767790
0.460674
0.153558
0.307116
0.614232
-0.307116
1.074906
0.307116
0.460674
0.000000
0.767790
-0.307116
-0.307116
-0.460674
0.000000
-1.074906
-1.228464
0.000000
0.000000
0.307116
-0.767790
0.000000
1.074906
1.074906
0.767790
1.074906
0.921348
1.382021
0.307116
-0.153558
-0.153558
0.000000
-0.307116
0.767790
-0.153558
0.307116
0.307116
-0.614232
-0.614232
-0.307116
0.307116
0.307116
1.842695
1.382021
-0.307116
-1.074906
1.228464
-0.614232
-2.303369
-1.228464
-0.614232
-0.614232
0.000000
0.153558
-0.307116
0.153558
-0.153558
0.460674
-0.460674
-0.307116
-1.689137
0.614232
2.764043
3.531833
0.000000
-0.307116
-0.767790
-1.382021
-0.767790
-0.153558
-3.992506
-3.838949
-0.460674
0.153558
0.000000
1.228464
3.378275
1.382021
2.303369
-0.460674
-3.685391
-0.921348
1.535579
-2.303369
-3.838949
0.307116
-1.382021
-4.299622
-2.303369
6.142318
5.835202
6.142318
7.063665
3.071159
-5.220970
-3.071159
0.767790
-1.842695
-3.685391
-0.921348
3.224717
0.921348
-2.917601
-3.224717
-4.606738
-10.288382
-1.996253
4.299622
3.071159
-0.921348
-3.071159
1.996253
11.209730
8.752803
-0.153558
2.303369
-1.074906
-5.835202
-4.146064
-1.689137
-2.764043
1.228464
3.071159
0.460674
-3.685391
-0.921348
6.142318
-2.764043
-3.531833
4.606738
-3.071159
-11.670404
-3.685391
3.071159
0.767790
3.685391
9.981266
8.752803
-2.456927
-1.842695
8.138571
5.835202
-5.220970
-0.614232
3.531833
4.146064
12.438193
13.666657
-3.378275
-1.382021
-5.528086
-10.749056
-2.764043
-0.921348
-5.988760
8.292129
3.378275
-4.299622
2.764043
-4.146064
-14.741562
-1.382021
-4.453180
-8.599245
3.224717
13.666657
-2.303369
4.146064
13.359541
4.760296
-5.835202
1.842695
-1.382021
-10.595498
-4.760296
-10.134824
-2.764043
3.685391
-10.902614
-17.198489
6.756549
-3.071159
-13.359541
5.220970
-3.838949
-0.307116
10.749056
2.303369
-1.842695
1.535579
3.992506
1.228464
-9.674150
-3.685391
1.228464
12.284635
18.734069
-3.992506
1.228464
9.827708
-12.745309
6.295876
7.831455
-13.820215
4.760296
9.213476
-21.651670
-5.067412
35.625442
11.056172
-7.677897
4.299622
5.528086
6.449434
25.797734
21.037438
6.602991
-5.681644
-13.820215
-16.891374
-11.056172
-17.659163
-12.284635
-11.823961
-17.352047
0.614232
-10.288382
-18.426953
-13.820215
-8.906361
8.445687
0.460674
19.041185
33.014957
0.307116
8.752803
8.445687
-22.880133
-29.022451
-11.823961
-9.520592
-19.655416
-3.531833
25.183502
2.456927
22.726575
37.007464
16.123584
15.662910
0.153558
-23.187249
-14.280889
9.520592
4.606738
0.460674
-0.460674
3.838949
-3.071159
6.910107
19.808974
20.423206
18.734069
4.913854
-2.456927
-5.528086
-22.419459
-0.460674
15.509352
-24.569271
-10.902614
3.685391
-9.827708
3.838949
-0.921348
-37.621696
-26.258408
12.591751
29.329567
16.430700
8.752803
8.599245
-27.793987
-28.868893
5.067412
6.295876
-2.917601
-2.456927
-4.606738
-5.220970
13.359541
-5.220970
-35.471884
-14.895120
23.647923
15.816468
10.749056
17.044931
-16.891374
-19.808974
6.295876
18.887627
10.134824
6.602991
6.142318
21.805228
3.685391
-22.265901
-23.033691
-19.348301
26.258408
12.131077
-3.224717
9.520592
1.996253
-13.820215
9.213476
3.224717
-2.610485
13.513099
-6.142318
-15.048678
-12.438193
11.056172
-9.213476
-13.820215
-21.344554
2.303369
7.677897
19.501859
19.655416
-9.520592
-1.382021
-2.917601
-13.205983
-14.741562
10.441940
-3.685391
-23.187249
1.382021
9.827708
-37.621696
-30.558030
7.063665
24.876386
26.719082
25.644176
41.921318
-4.913854
-7.063665
10.441940
-27.486871
7.985013
19.962532
-6.449434
10.749056
-25.029944
-29.636683
16.891374
32.093610
25.029944
25.337060
12.591751
-35.471884
-5.835202
24.722829
-6.910107
10.595498
37.161022
-4.146064
-48.677867
-44.224687
9.213476
3.378275
-11.056172
35.471884
34.089863
-3.224717
-12.745309
-53.438164
-59.119807
-22.265901
-11.516846
-5.528086
-3.224717
-3.992506
22.880133
28.408219
-37.775254
0.921348
30.250914
-12.591751
-36.853906
38.696601
46.681614
-70.943769
33.014957
28.561777
-46.220940
13.052425
40.539297
-18.426953
23.340807
14.127331
-29.176009
17.198489
29.636683
21.651670
34.089863
93.670344
21.958786
-48.217194
-2.764043
-35.779000
-44.378245
-27.947545
-22.112344
-5.528086
30.558030
33.014957
-18.426953
-68.026168
-16.123584
75.089833
49.599215
-25.490618
-4.299622
58.966249
-50.059889
-101.962473
6.142318
-14.434446
-29.022451
21.037438
-10.288382
-22.265901
8.445687
-11.670404
-39.617949
-22.880133
40.385739
18.119837
25.644176
60.041155
15.355794
-35.164769
27.793987
44.071129
23.494365
-9.827708
-84.303310
-6.449434
3.224717
-28.408219
18.426953
-6.142318
-55.434417
-8.445687
30.404472
4.453180
46.681614
23.494365
-25.797734
17.198489
33.014957
2.610485
24.262155
28.868893
-9.059919
28.868893
12.131077
-9.981266
-2.610485
-26.258408
-63.572988
-22.419459
8.292129
-0.460674
-26.104850
-11.363288
-2.610485
-5.528086
40.692854
60.041155
76.011181
7.217223
-27.179756
3.378275
-15.048678
-52.056142
-27.026198
-34.550537
-31.786494
23.647923
-7.985013
-36.546790
-4.299622
7.985013
42.074876
56.816438
-10.902614
-21.651670
-1.996253
-11.516846
-1.689137
-4.146064
-11.977519
90.906301
86.299563
4.146064
-3.531833
-22.726575
-88.910048
-89.677838
-22.419459
44.378245
19.655416
-1.689137
-24.722829
-18.119837
85.992447
26.258408
-112.097297
-95.666597
41.921318
-0.460674
-17.812721
25.029944
57.737786
38.543043
-4.453180
16.430700
-17.659163
-38.389485
-14.895120
-31.325820
12.284635
195.479259
188.415594
91.827649
146.647834
136.820126
-2.303369
-77.700318
-95.820155
-112.404413
-62.498082
-93.056112
-100.887567
-100.580452
-93.823902
-53.284606
-79.235898
-86.606679
-57.584228
-31.632936
-41.153528
-39.771507
-20.423206
5.528086
37.007464
13.359541
13.973773
56.969996
62.651640
24.722829
24.415713
63.726546
31.632936
49.752773
30.097356
-74.782717
12.745309
123.614143
47.142288
40.232181
70.175979
8.138571
-42.381992
-40.385739
-91.674091
-43.610455
-5.067412
-81.539267
-17.198489
17.352047
16.430700
7.831455
-24.108597
-18.273395
2.764043
3.838949
-7.217223
58.505576
148.183413
145.265812
97.662851
101.962473
64.801451
5.988760
-52.516816
-40.385739
-7.370781
0.307116
72.479348
82.307057
30.865146
3.378275
6.295876
-66.490589
-105.801422
-45.760267
-14.588004
19.808974
75.396949
40.232181
-37.621696
-22.880133
-1.074906
-36.086116
-15.970026
-54.820185
-87.835142
-33.322073
20.730322
48.677867
8.138571
-109.947486
-132.213387
-56.048649
-65.569241
-91.520533
-70.943769
-44.838919
-48.677867
-44.224687
-36.700348
-8.292129
9.367034
-1.074906
11.670404
2.456927
27.640429
45.453151
-2.149811
27.486871
18.273395
-26.565524
6.756549
35.932558
72.018674
121.157216
77.700318
14.434446
38.389485
11.977519
-32.247168
-43.764013
-45.453151
8.138571
-15.970026
-40.078623
33.782747
24.569271
-37.468138
-19.962532
20.423206
-11.209730
1.842695
67.719052
68.333284
68.179726
80.003687
-14.280889
-50.059889
10.902614
45.146035
78.468108
8.292129
-14.127331
16.891374
-15.662910
7.217223
47.910078
-69.254632
-79.235898
22.880133
-13.820215
-44.685361
-21.498112
13.666657
14.741562
14.434446
13.973773
19.194743
1.996253
-1.228464
26.258408
49.752773
11.209730
-39.003717
9.213476
-8.906361
-10.902614
23.340807
19.808974
-3.531833
9.520592
11.516846
-31.479378
-12.591751
0.614232
-49.752773
-57.123554
-27.026198
-18.119837
5.374528
-39.925065
-55.895091
-21.344554
-55.127301
-106.722769
-50.981237
1.535579
-30.865146
5.835202
51.134794
50.827679
13.820215
7.831455
-17.966279
-90.599185
-75.396949
-28.254661
-6.449434
-19.348301
4.299622
31.325820
-11.823961
-32.861399
25.490618
28.715335
-51.902584
-47.449404
-4.453180
-35.779000
-31.018704
-5.681644
-30.711588
-12.898867
48.984983
84.303310
60.962503
41.767760
35.164769
51.134794
64.955009
81.078593
84.456868
55.280859
44.685361
39.771507
28.101103
48.524309
78.468108
100.887567
124.842606
103.805168
97.048619
18.734069
9.213476
46.528056
-41.767760
-92.134765
-64.340777
-36.700348
-60.194713
-63.265872
-66.490589
-74.936275
-71.711559
-45.913824
-36.853906
-21.651670
11.823961
38.543043
69.254632
59.273365
24.876386
-5.220970
-40.692854
-72.632906
-69.254632
-90.445627
-115.782688
-109.640370
-91.520533
-42.074876
9.520592
-12.745309
-43.610455
-15.970026
-23.494365
-26.258408
27.486871
29.943799
-23.647923
-16.891374
12.284635
9.367034
-11.670404
-39.310833
-14.434446
24.722829
42.228434
54.359511
67.872610
58.812692
58.352018
56.969996
13.359541
-0.767790
-40.078623
-89.217164
-54.973743
-9.520592
-12.745309
-24.569271
-26.411966
-15.662910
-19.501859
-28.868893
-21.958786
-26.719082
-5.835202
16.737816
16.277142
47.910078
70.790211
34.243421
46.988730
52.670374
24.722829
53.898837
50.674121
0.767790
8.292129
30.558030
-1.382021
-25.029944
-31.940052
-28.715335
10.902614
17.966279
-12.131077
19.962532
45.913824
29.176009
1.074906
-9.059919
-8.292129
-45.913824
-36.086116
18.273395
24.876386
27.640429
53.284606
39.157275
14.741562
33.168515
31.325820
0.614232
-10.595498
-24.108597
-23.033691
-9.827708
2.610485
31.479378
31.632936
14.895120
10.441940
8.138571
-9.367034
-25.951292
-31.632936
-61.883850
-93.977460
-96.587945
-87.988700
-78.314550
-50.059889
-23.494365
-27.793987
-42.842666
-16.277142
21.498112
29.636683
23.801481
17.044931
25.183502
41.614202
46.835172
40.539297
38.389485
32.861399
36.086116
19.501859
-41.921318
-57.277112
-9.981266
13.973773
19.655416
40.539297
49.752773
32.247168
-1.074906
-27.947545
-46.220940
-57.891344
-49.752773
-43.610455
-40.846412
-15.509352
10.441940
13.973773
-0.767790
-7.524339
4.453180
0.614232
-12.745309
12.898867
54.205953
35.471884
-17.966279
-33.322073
-22.419459
-13.205983
7.370781
12.131077
6.756549
20.423206
26.565524
25.797734
22.726575
7.370781
-5.528086
-10.441940
-34.704095
-62.344524
-77.853876
-80.771477
-58.352018
-28.868893
-16.584258
-31.479378
-50.827679
-44.071129
-24.415713
-11.977519
19.962532
66.029915
97.662851
126.071070
127.913765
107.337001
116.089804
112.250855
62.344524
26.258408
11.363288
0.460674
-11.363288
-36.853906
-48.370752
-21.651670
6.142318
5.067412
-9.520592
-22.265901
-19.808974
-15.202236
-4.453180
25.644176
45.760267
30.097356
-3.531833
-15.816468
3.531833
36.853906
71.711559
88.602932
61.883850
15.970026
-10.288382
-32.247168
-63.726546
-83.381962
-81.385709
-78.621666
-72.018674
-38.850159
-4.606738
6.449434
10.134824
21.037438
35.932558
33.014957
19.194743
16.430700
13.973773
9.213476
-3.224717
-24.415713
-40.692854
-49.138541
-50.059889
-43.764013
-39.771507
-24.722829
7.831455
26.872640
36.086116
52.977490
67.719052
60.962503
29.483125
2.917601
-2.764043
10.749056
35.471884
48.831425
40.385739
23.033691
-3.378275
-42.842666
-70.175979
-72.479348
-90.138512
-121.003658
-109.333254
-85.224657
-82.767730
-58.044902
-12.591751
-2.456927
-9.520592
27.486871
58.352018
20.423206
-10.134824
40.385739
76.625413
51.134794
53.131048
59.273365
17.812721
-10.902614
3.224717
-9.981266
-69.254632
-85.071099
-53.438164
-45.146035
-31.786494
19.655416
41.460644
22.112344
38.389485
77.700318
83.074846
78.160992
92.595439
69.101074
6.756549
8.445687
37.314580
29.790241
51.595468
99.812662
83.689078
7.524339
-34.243421
-36.853906
-58.198460
-83.996194
-71.097327
-48.984983
-22.112344
50.674121
132.213387
167.992388
157.243332
130.063576
82.614172
-1.074906
-59.887597
-76.471855
-114.861340
-169.527967
-179.355675
-136.666568
-75.396949
-4.606738
47.756520
38.235927
-0.767790
-1.074906
25.337060
24.262155
1.689137
-22.726575
-51.749026
-86.913795
-113.479319
-107.951233
-71.711559
-29.636683
-11.516846
-19.194743
-22.726575
10.134824
62.958756
82.307057
81.078593
87.835142
71.558001
48.524309
70.483095
105.801422
92.441881
64.647893
58.505576
28.254661
-14.434446
-1.689137
17.352047
-25.183502
-51.595468
-25.644176
-25.490618
-37.314580
18.580511
74.014928
34.089863
-12.284635
3.224717
2.303369
-29.176009
-23.801481
-1.842695
-39.157275
-84.303310
-59.887597
-34.704095
-48.370752
-19.194743
35.625442
22.112344
-5.374528
28.715335
62.958756
49.138541
36.700348
39.464391
19.194743
0.153558
16.584258
34.243421
17.044931
-13.666657
-36.700348
-67.411936
-78.775224
-52.516816
-38.389485
-54.513069
-56.969996
-38.389485
-14.895120
24.262155
66.797704
86.606679
84.456868
70.175979
39.310833
-4.606738
-33.936305
-50.367005
-72.172232
-84.917542
-66.644147
-39.003717
-36.239674
-35.471884
-21.037438
-3.685391
18.887627
33.322073
19.501859
-6.602991
-12.131077
-11.516846
-26.411966
-29.636683
8.445687
59.426923
80.464361
88.910048
107.490559
116.243362
93.363228
41.614202
-11.977519
-43.149782
-39.003717
-29.483125
-42.689108
-46.528056
-20.269648
2.456927
-11.363288
-40.078623
-47.142288
-47.142288
-58.352018
-69.561747
-58.812692
-29.329567
-5.835202
3.224717
9.367034
20.730322
24.569271
29.636683
39.310833
38.235927
34.857653
40.078623
41.460644
15.355794
2.456927
26.411966
41.767760
35.011211
36.853906
57.891344
68.026168
73.247138
77.393202
52.363258
14.127331
-4.453180
-21.190996
-58.044902
-72.632906
-44.838919
-27.179756
-27.486871
-5.067412
39.617949
62.344524
62.190966
61.576734
57.891344
60.962503
68.486842
68.793958
49.752773
21.958786
-12.898867
-51.134794
-64.033662
-51.441910
-31.172262
-21.651670
-6.602991
6.602991
15.202236
17.044931
10.902614
10.134824
6.910107
5.528086
-12.284635
-17.966279
-0.614232
16.277142
8.752803
-12.591751
-16.430700
-24.415713
-46.988730
-81.539267
-97.355735
-97.662851
-87.528027
-66.490589
-43.764013
-23.340807
-4.299622
13.513099
-1.074906
-31.786494
-42.535550
-37.161022
-44.531803
-60.194713
-62.651640
-67.258378
-71.558001
-50.213447
-6.756549
20.269648
31.940052
46.220940
50.213447
37.314580
27.333314
9.827708
-29.636683
-66.337031
-79.389456
-91.827649
-103.958726
-70.790211
-18.119837
5.374528
-4.453180
-6.602991
-12.438193
-27.486871
-21.805228
-1.689137
14.741562
29.176009
61.116061
60.501829
24.108597
-8.599245
-25.183502
-69.715305
-134.823872
-156.168426
-137.895031
-103.958726
-79.389456
-47.756520
-35.932558
-24.262155
2.764043
32.707842
50.213447
63.112314
89.524280
74.782717
33.168515
-5.988760
-10.134824
-12.898867
-37.007464
-66.951262
-84.917542
-56.662880
-7.985013
38.850159
64.340777
94.745250
113.939992
109.179696
108.104791
113.325761
109.179696
99.812662
126.071070
189.183384
323.700140
558.029559
801.111780
947.759614
1062.313838
1212.493505
1289.579591
1200.515985
1031.602250
840.576171
558.183117
215.902465
-93.977460
-366.542806
-612.542628
-770.707307
-839.347707
-904.456274
-933.171609
-851.632343
-734.467633
-636.190551
-499.370425
-325.849951
-216.823813
-165.074787
-77.546760
5.835202
20.883880
-7.677897
-50.827679
-141.733980
-266.269470
-377.752536
-499.216867
-631.123139
-711.433942
-733.699844
-757.194209
-753.048144
-655.078178
-492.460318
-363.778763
-265.501681
-167.531714
-109.486812
-92.748997
-99.044872
-101.041125
-117.011151
-138.355705
-140.198400
-148.490529
-134.823872
-89.677838
-47.602962
-27.179756
-10.595498
34.089863
78.007434
108.872580
152.483036
200.853787
240.625294
268.419281
279.014779
270.569093
243.389337
211.756401
161.696512
100.426894
75.550507
78.468108
79.696572
79.850129
101.501799
112.097297
115.168456
151.408130
183.655298
175.056053
174.134705
225.269500
225.115942
132.213387
25.951292
-66.029915
-173.981148
-319.554076
-465.127004
-666.902139
-951.752120
-1380.793008
-1549.553186
-422.437897
1999.938628
4287.798395
5000.000127
4723.902949
4787.322379
4845.367280
3898.989688
2096.373015
582.752387
-554.651284
-1850.680309
-3076.840470
-3639.630325
-3241.454583
-2386.443966
-1812.444381
-1750.560531
-1714.013741
-1245.047788
-812.014394
-790.516282
-804.797170
-519.793631
-265.655238
-292.681436
-129.756460
499.216867
1323.515896
1864.193408
1906.421841
1577.347173
1095.021680
596.111928
-134.516757
-1063.542302
-1818.279583
-2293.387854
-2683.885698
-3004.514680
-2854.488571
-2188.200664
-1466.017666
-968.029262
-612.696186
-262.891196
6.142318
141.273306
203.003598
261.048500
382.666390
502.595142
567.550151
643.254216
891.403849
1209.422346
1269.309943
1080.587233
806.639866
527.010855
142.962443
-336.445449
-687.171787
-829.059325
-867.448811
-874.358918
-759.651136
-444.089566
-38.850159
455.606412
1315.223767
2032.800027
2068.732585
1688.676681
1216.332453
684.714860
-58.352018
-550.198104
-799.269085
-1114.830654
-1105.924293
-756.579977
-400.479111
-80.617919
401.554017
766.254127
686.096882
577.070743
674.733594
656.767315
507.355438
506.280533
456.220644
173.981148
-107.337001
-328.306879
-576.763628
-855.317733
-981.542361
-1065.692113
-1192.530972
-1019.624730
-622.677452
-241.085968
44.685361
312.336853
544.516460
555.726190
543.902228
556.340421
476.643850
342.434209
203.157156
39.003717
-204.999852
-380.977252
-506.894764
-685.943324
-906.606086
-1042.811979
-1189.613371
-1412.579502
-1591.628062
-1457.725537
-137.127242
2283.713703
4439.360083
4994.625599
4568.655870
4708.086481
4761.678202
3603.544209
1607.444530
53.438164
-876.201613
-2048.923611
-3221.799167
-3650.072265
-3085.593273
-2130.462878
-1698.197273
-1727.373282
-1573.047551
-1028.070417
-722.950788
-885.261532
-826.602398
-369.306849
-18.887627
55.434417
440.711292
1336.568321
2243.020849
2718.436235
2587.604869
2029.728868
1242.130187
358.864909
-681.490144
-1793.710313
-2569.331474
-2981.480989
-3238.383424
-3298.117464
-2861.552236
-1969.994829
-1144.928010
-591.044516
-208.224568
84.456868
276.864968
319.400518
356.407982
475.415386
700.070654
912.594845
1014.864434
1163.662079
1390.620717
1546.789143
1396.916592
962.654734
428.733772
-144.344465
-735.388981
-1279.137651
-1567.519465
-1547.864048
-1369.736837
-1144.313779
-809.096793
-295.752595
237.707693
594.115675
769.632402
867.141695
914.898214
1186.542213
1839.777695
2405.178035
2398.728601
1914.713970
1363.287403
611.314164
-329.381784
-1020.238962
-1464.021413
-1764.687862
-1792.635407
-1414.575755
-879.733446
-301.587797
443.168219
973.557348
1043.579769
931.943146
840.422613
605.478963
284.082191
157.550448
53.591722
-204.385620
-466.201910
-589.969611
-693.774779
-817.235364
-846.257815
-888.946922
-916.280236
-746.752269
-403.703828
-76.932529
191.793869
488.928485
665.059444
652.314135
581.370366
477.872313
282.239496
-7.063665
-302.969818
-599.950877
-886.336437
-1104.081598
-1225.238814
-1308.313660
-1281.287462
-1200.362427
-1133.257607
-1015.939340
-511.040829
1269.617059
3693.836278
4957.771693
4414.330139
3604.619114
3881.791199
3650.379381
1873.867558
-104.880074
-971.561095
-1247.965389
-2247.474029
-3243.757952
-3092.349822
-2031.418006
-1162.894290
-1327.354845
-1635.699191
-1237.369891
-666.748581
-751.819681
-1101.163997
-569.392846
454.531506
885.722206
931.943146
1530.204885
2595.743440
3082.061440
2643.192844
1752.403226
859.310240
-110.408160
-1286.508432
-2382.758575
-3022.634517
-3091.735590
-3008.046512
-2954.915465
-2583.151689
-1754.553037
-836.737222
-336.138334
-118.239615
136.820126
363.318089
480.175683
526.243065
729.860895
1113.755748
1437.763005
1559.380894
1492.429632
1430.238665
1309.388566
917.355141
240.471736
-510.733713
-1085.347529
-1513.620628
-1842.695296
-1929.609091
-1646.448247
-1092.104079
-592.426538
-223.426805
194.711470
691.471410
1007.954327
1072.602220
1055.096615
1099.628418
1127.422405
1479.684323
2562.421367
2914.222610
2115.260642
1009.797022
217.898719
-671.355319
-1954.331919
-2207.548964
-2076.103367
-2092.380508
-1489.512031
-537.606353
236.939903
768.096822
1570.437066
1797.702819
1056.017962
711.433942
620.681199
51.902584
-419.673854
-199.318208
-122.692795
-525.475275
-642.025753
-594.576349
-780.381458
-918.430047
-739.381487
-801.418896
-892.171639
-405.239407
81.385709
302.048471
581.216808
973.557348
925.186596
421.977223
146.187160
-102.576705
-514.419103
-854.703501
-1062.928070
-1205.276281
-1278.062746
-1155.062835
-1052.486130
-942.077970
-676.269174
-473.726249
-339.363050
951.445004
3470.716590
4988.483282
4385.000572
3184.945261
3420.656701
3606.461810
1980.283211
-170.449315
-1235.066522
-1179.324989
-1740.118591
-2990.080233
-3293.050052
-2258.837317
-1000.890662
-1155.062835
-1875.249579
-1429.777992
-499.523983
-440.557734
-1003.040473
-482.325494
1014.250202
1731.212230
1515.002649
1597.002590
2490.095576
3079.297397
2431.590001
1116.366233
130.831366
-514.572661
-1520.070061
-2688.185321
-3167.746771
-2774.638442
-2401.492644
-2457.234177
-2233.653814
-1444.365996
-597.186834
-276.097178
-237.554135
36.700348
408.003450
650.010766
732.164264
975.246485
1472.927773
1792.942523
1745.186003
1399.373519
1048.954297
666.748581
72.940022
-583.213061
-1199.901753
-1579.343426
-1712.017488
-1712.017488
-1581.493238
-1225.085256
-595.190581
-45.299593
225.883732
399.711321
675.040710
947.759614
1013.021739
978.010528
1035.134082
1173.489788
1263.474741
1173.029114
1552.931461
2061.054688
1582.107469
444.703798
-463.898541
-702.988255
-1237.830565
-1724.302123
-1393.998991
-1058.167774
-671.355319
-87.835142
433.340510
600.718666
773.164235
1110.377474
620.374083
-77.700318
-5.067412
59.887597
-331.685153
-396.793720
88.142258
76.164739
-315.868685
-363.471647
-404.471617
-642.639984
-613.771091
-433.801184
-592.733653
-474.033365
101.655357
367.157038
296.520385
451.306790
607.321658
122.846353
-418.598948
-553.883494
-750.744775
-955.744627
-978.624760
-886.489995
-846.564930
-718.036934
-482.018378
-566.782361
-545.130692
-373.452913
-426.123287
-703.141813
-54.513069
2466.447653
4683.210094
4846.442186
3421.578048
2961.057782
3698.443017
2644.881981
48.677867
-1833.174703
-1597.923937
-1238.905471
-2662.234029
-3645.926201
-2650.410067
-612.849744
-166.763924
-1438.223678
-1575.504478
-432.879837
94.131018
-908.755897
-1329.043982
446.546493
2179.140745
2063.511615
1271.613312
1941.586610
3344.645520
3037.836753
1149.688307
-290.224509
-569.239288
-1194.680783
-2721.968068
-3617.517982
-2957.525950
-1858.665322
-1834.403167
-2160.099561
-1570.744182
-407.849892
50.674121
-383.587737
-390.651403
275.175831
798.347737
717.115586
662.448959
1382.175030
2099.597732
2071.803744
1465.864108
940.695949
656.306641
-20.576764
-935.167863
-1590.246040
-1761.923819
-1667.792801
-1681.613015
-1574.122456
-1149.381191
-417.063369
193.329448
349.344316
377.291862
557.568885
835.969433
916.433794
852.553690
1005.650958
1315.684441
1509.935237
1307.238754
1576.118710
2236.724973
1705.414496
269.647745
-908.755897
-1214.796874
-1745.032445
-2311.968364
-1763.152282
-1102.699577
-510.426597
265.041007
856.546197
912.748403
902.613579
1259.942909
747.827174
-133.595409
-21.651670
165.996135
-274.100925
-385.583991
231.258260
204.385620
-392.033424
-532.692498
-665.980791
-1080.740791
-1035.594756
-567.396593
-544.670018
-365.314342
379.595231
672.430225
498.295520
625.287937
745.984479
98.737756
-552.194357
-592.272980
-814.010647
-1090.875615
-950.677215
-669.051950
-659.224242
-605.632521
-355.640192
-436.104553
-636.804783
-623.445242
-789.441376
223.580363
2992.076487
4972.052582
4435.060461
2815.331296
3261.417116
3871.963490
1977.826284
-620.374083
-1802.770231
-1215.257548
-1380.946566
-2825.312562
-3365.682958
-2090.691371
-152.943710
-440.404176
-1944.043537
-1562.298495
-123.921259
-107.490559
-1481.834134
-1052.639688
1354.995274
2596.971904
1953.257014
1414.422197
2432.050675
3380.731636
2383.987039
340.745072
-740.763509
-758.729788
-1527.133726
-3069.162573
-3476.858907
-2229.661308
-1294.186329
-1760.388239
-2080.863663
-1278.676977
-254.138393
-315.715127
-850.557437
-472.651343
503.823605
1067.074134
885.875763
1049.722087
1971.223293
2438.346550
1919.627824
1000.583546
527.164413
129.756460
-745.216689
-1567.673023
-1888.302004
-1635.545633
-1347.624493
-1315.684441
-1176.253830
-710.666152
-52.363258
223.887478
121.157216
158.011122
485.089537
1045.422464
1410.429691
1486.287314
1509.167447
1620.957629
1655.508165
1139.707040
559.258022
279.629011
-118.700289
-810.785930
-1341.789291
-1297.718162
-1116.059117
-932.864494
-550.658778
-104.572958
302.662702
633.887182
761.647389
609.164353
574.306701
730.321569
551.273009
129.756460
-7.985013
42.996224
-201.468019
-494.149455
-498.295520
-510.887271
-663.984538
-749.362754
-671.201761
-524.553928
-241.239526
85.531773
186.265783
279.321895
511.194387
550.812336
303.584050
124.535490
86.453121
-193.483006
-585.362872
-708.823457
-634.501414
-619.606293
-631.430255
-582.905945
-502.441584
-442.400429
-401.246901
-620.220525
-925.954386
-1186.542213
-276.864968
2506.986950
4756.150116
4722.213811
2942.016598
2712.140360
3554.712784
2087.005980
-660.913379
-2122.017191
-1266.085226
-863.763420
-2287.859768
-2976.567134
-1861.122249
11.670404
-152.483036
-1865.575429
-1899.204618
-604.096941
-297.595290
-1664.721642
-1580.879006
1047.879392
2889.039108
2369.091919
1403.212468
2147.507809
3151.930303
2138.601449
35.011211
-1014.096644
-847.179162
-1388.470905
-2777.248927
-3088.971548
-1738.890127
-618.531388
-1147.845611
-1847.302034
-1375.264922
-486.164442
-612.081954
-1280.673231
-875.894497
324.467930
1086.575993
1003.808262
1157.366204
2085.931075
2492.091830
1813.058613
754.430166
232.026049
-79.696572
-890.482502
-1586.407092
-1629.249757
-1120.205182
-729.553779
-756.272861
-753.969492
-534.381636
-182.887508
-70.483095
-149.872551
7.370781
407.542776
782.531269
1003.501147
1283.283716
1623.414556
1702.496895
1417.186240
941.310180
583.366619
338.748819
-96.127271
-675.501384
-1006.265189
-935.474979
-808.636119
-730.935801
-472.037112
-94.898808
181.966160
350.265664
437.486575
428.119540
437.793691
483.861073
384.048411
184.269530
156.168426
151.561688
-127.145975
-412.456630
-464.205657
-483.707515
-590.583842
-636.036993
-587.052010
-499.831099
-291.452973
-30.250914
76.625413
179.662791
378.059652
395.718815
198.550418
79.543014
39.157275
-172.138452
-462.209403
-569.546404
-606.246752
-637.572572
-647.860954
-634.962087
-623.291684
-550.505220
-539.295490
-765.639895
-1160.437363
-641.411521
2014.219516
4591.996677
4916.464607
3155.769252
2377.076932
3324.222314
2407.481404
-219.280740
-1956.635288
-1260.403582
-310.340599
-1520.530735
-2620.159153
-1934.522945
-224.194594
-149.565435
-1998.095932
-2379.840975
-1085.347529
-436.411669
-1517.306018
-1750.099857
736.771002
2995.608319
2795.215206
1594.545663
1864.807639
2835.140271
2023.893667
-11.977519
-1049.107855
-683.179281
-886.182879
-2206.934733
-2763.889386
-1643.837762
-489.849833
-1033.137829
-2025.275688
-1860.200901
-1040.201494
-994.594786
-1550.474533
-1083.197718
277.018526
1230.766900
1235.066522
1256.103960
2009.766336
2355.885936
1671.017517
628.051980
153.097267
10.134824
-604.864731
-1194.373668
-1175.946715
-670.741088
-343.509115
-556.801095
-811.707278
-852.707248
-727.864642
-721.875882
-773.778466
-449.156978
151.101014
705.598740
1019.931846
1340.100154
1751.328321
1912.564159
1657.504419
1095.021680
614.999555
660.452706
920.579858
605.632521
-22.112344
-351.954801
-496.299266
-954.055489
-1346.242472
-1094.714564
-806.025634
-655.231736
-287.767582
139.891285
363.778763
534.074520
754.583724
610.546375
370.842428
493.842339
381.898600
-97.662851
-265.808796
-80.464361
-196.861281
-494.763687
-500.906005
-589.662495
-820.920754
-712.048174
-423.205686
-348.115853
-171.831336
204.078504
257.516668
93.516786
187.033573
200.853787
-182.426834
-459.291802
-466.816142
-597.954623
-747.520058
-596.111928
-499.063309
-606.246752
-543.441554
-453.917275
-679.340332
-962.654734
-440.404176
1898.129713
4254.629880
4694.726940
3223.948978
2160.253118
2886.275065
2290.777369
38.850159
-1507.017636
-928.104197
62.958756
-1001.351335
-2125.395466
-1714.167299
-529.774898
-528.239318
-2181.136998
-2631.368882
-1446.208691
-624.059474
-1295.721909
-1518.227366
680.568796
2886.735739
2800.282618
1637.234770
1693.436977
2443.260404
1735.358295
44.685361
-735.235423
-302.509144
-355.025960
-1479.991438
-2115.721315
-1395.688129
-576.763628
-1245.969136
-2344.522648
-2345.136880
-1612.204826
-1383.710609
-1667.178569
-1037.591009
356.715098
1291.882960
1331.193793
1249.040295
1796.320798
2023.125877
1377.261176
519.947189
240.471736
329.535342
-51.134794
-527.932202
-573.999585
-303.891166
-232.179607
-659.838474
-1103.006692
-1304.474711
-1241.515956
-1153.527255
-986.456215
-428.733772
550.198104
1520.223619
1843.463086
1890.144700
1845.152223
1634.010054
989.834490
190.872521
-103.190937
-255.059741
-393.415446
-454.070832
-382.819948
-299.898659
-397.868626
-417.984716
-492.306760
-499.063309
-269.033513
-25.490618
170.449315
416.909811
808.329003
916.894468
704.370277
506.741206
265.655238
-119.314520
-491.231854
-633.119392
-719.265397
-751.512565
-607.014542
-460.520266
-381.130810
-267.344376
-86.299563
-46.220940
-66.029915
48.063636
148.183413
186.112225
234.790092
288.381814
233.254513
83.689078
-51.595468
-314.179548
-546.512713
-618.838504
-672.430225
-734.928307
-760.572483
-672.430225
-741.684857
-1057.707100
-1080.280117
1024.999258
3950.585156
4932.895307
3366.757863
1807.376969
2618.316457
2497.927031
390.958519
-1317.987810
-804.950728
691.932084
-46.681614
-1561.223589
-1663.493178
-592.580096
-464.512772
-2441.724825
-3235.312266
-1872.792652
-670.280414
-1293.418540
-1837.474326
258.898689
2695.709660
2746.690896
1392.770528
1190.841835
2013.605284
1572.893993
30.865146
-592.887211
240.318178
512.422850
-715.580007
-1707.717865
-1226.467277
-461.134498
-1266.853016
-2560.885787
-2659.623544
-1892.140953
-1546.021353
-1777.433171
-1106.538525
305.426745
1179.171431
1031.909366
689.168041
1128.497311
1413.654408
951.445004
390.344287
459.598918
882.804605
691.471410
221.123435
45.913824
115.168456
-8.292129
-550.198104
-1030.373786
-1238.598355
-1099.014186
-702.681139
-209.299474
286.232003
564.018318
626.823516
486.318000
354.872402
385.737549
478.793661
458.984687
363.932321
438.254365
464.973446
299.437986
128.067323
50.213447
-29.483125
-175.516727
-169.220851
-116.243362
-84.917542
75.243391
279.321895
340.284398
263.505427
234.790092
105.033632
-170.909989
-299.284428
-292.681436
-319.861192
-375.756282
-316.022243
-296.059711
-358.097119
-303.584050
-204.999852
-169.681525
-183.808856
-150.793898
-101.808915
-33.475631
146.647834
244.003569
196.093491
119.621636
46.374498
-107.951233
-350.726338
-424.741266
-510.426597
-658.917126
-886.336437
-1075.826937
-1213.568410
66.029915
2942.630829
4550.228917
3628.113480
1616.504448
1596.695474
2123.706328
734.621191
-876.508729
-860.078029
821.381428
1190.381161
-305.887419
-1122.815667
-613.924649
-100.273336
-1688.369565
-3334.817812
-2494.395199
-869.905738
-861.613609
-1830.564218
-756.887093
1690.672934
2374.466447
1120.972972
369.767523
1110.070358
1404.901605
385.583991
-379.134557
387.119570
1311.077703
554.651284
-835.815875
-1052.486130
-348.883643
-773.164235
-2227.511497
-2740.087905
-2068.732585
-1449.586966
-1671.171075
-1489.819147
-309.419252
599.336645
493.995897
-55.741533
196.707723
787.138007
696.078148
358.404235
522.250558
1190.227603
1334.725626
849.636089
468.198163
334.295638
157.704006
-378.827441
-881.883257
-929.793335
-644.482680
-360.246930
-180.584139
-18.273395
154.018615
128.374439
-126.685302
-267.958608
-150.179667
141.426864
329.074668
409.539029
583.827293
645.250469
501.213120
286.232003
189.029826
173.213358
108.872580
151.868804
223.887478
242.314431
301.741355
339.363050
240.778852
55.741533
-33.782747
-103.498052
-253.524161
-306.040977
-248.610307
-263.505427
-313.565316
-300.052217
-325.235720
-381.898600
-339.363050
-222.812573
-196.861281
-191.486753
-68.640400
28.715335
75.704065
164.460555
266.883702
326.157067
283.160844
127.913765
-70.790211
-168.299504
-262.430522
-508.737460
-663.216749
-725.100599
-812.014394
-1128.957985
-880.040562
1524.830357
3935.075804
4107.521372
2108.043418
826.755956
1676.852719
1369.276163
-205.614083
-972.021769
308.344346
1726.144818
678.572543
-766.561243
-866.373905
-188.262036
-892.785871
-2920.672044
-3044.746860
-1330.579562
-343.816231
-1176.714504
-1389.085137
468.505279
1885.537961
1155.830624
-75.243391
274.868715
1142.317525
781.302805
-146.187160
132.981177
1398.145056
1404.594489
53.438164
-904.609832
-577.224301
-384.969759
-1484.598177
-2333.927150
-2012.069705
-1229.538436
-1214.796874
-1521.912756
-896.317703
-36.393232
115.475572
-441.325523
-561.100718
101.348241
446.392935
307.730114
290.685183
857.467544
1363.594519
1169.497281
738.306582
506.126975
420.441643
95.820155
-340.437956
-426.583961
-92.902554
110.101044
-158.625353
-352.108359
-114.093550
86.760237
-204.692736
-524.553928
-380.670137
-130.217134
-23.647923
64.033662
228.801333
369.613965
367.924827
265.194565
91.366975
137.741473
341.666419
352.876149
285.003539
413.070862
589.816053
464.052099
247.842517
190.104731
109.486812
-38.235927
-101.041125
-93.823902
-166.917482
-258.284457
-343.969789
-453.763717
-460.673824
-385.430433
-365.314342
-393.108330
-299.284428
-177.512980
-213.906212
-210.067264
-84.917542
50.059889
136.973684
171.831336
285.310655
345.198252
207.456779
-47.449404
-232.179607
-190.565405
-183.501740
-494.303013
-758.115556
-692.546315
882.804605
3201.836634
3803.476648
2289.395347
503.209374
843.647330
1216.639569
118.546731
-616.688692
157.704006
1557.691757
1145.388684
-361.321836
-937.778348
-609.471469
-722.643672
-2203.402900
-2891.035361
-1535.886529
-91.213417
-428.426656
-1244.740672
-361.321836
943.920665
667.055697
-384.355527
-183.655298
872.669781
1057.399984
411.842399
258.898689
1081.355023
1341.175059
344.891136
-726.021947
-776.542509
-330.610248
-804.797170
-1546.174911
-1471.392194
-963.268966
-971.407537
-1523.601894
-1440.834163
-812.475068
-494.149455
-684.100629
-751.512565
-192.254543
319.707634
371.456660
326.771299
616.381576
959.430017
907.066759
702.834697
626.977074
643.868448
480.943472
209.606590
148.797645
380.516579
646.325375
376.524072
-242.007316
-556.954653
-572.924679
-632.658718
-723.718577
-475.876060
-180.737697
-169.374409
-111.943739
80.464361
154.939963
81.846383
138.048589
242.928663
292.220762
457.141991
637.572572
625.441495
520.407863
502.441584
366.082132
165.689019
144.190907
119.314520
-79.696572
-220.662762
-146.187160
-179.816349
-317.404265
-303.891166
-257.977341
-298.823754
-297.748848
-186.112225
-169.681525
-247.688959
-249.531655
-258.745131
-238.936157
-119.007405
-19.348301
29.022451
73.247138
75.396949
-95.359482
-221.276993
-144.037349
-90.599185
-175.823843
-318.632728
-434.261858
-206.688989
1408.433438
3459.660418
3717.484201
2054.758813
595.958370
864.531210
983.999288
215.748908
-116.550477
627.437748
1444.519554
696.078148
-686.403998
-1166.426122
-842.111750
-1145.235126
-2391.204262
-2473.664877
-989.220258
7.985013
-600.872224
-1153.680813
-377.906094
270.569093
-212.524191
-666.134349
85.838889
1096.250143
1130.954238
584.748641
540.370395
1024.999258
837.965686
-77.546760
-643.254216
-307.115883
49.138541
-443.168219
-933.478725
-843.033098
-725.868389
-1214.489758
-1768.219694
-1522.219872
-922.576111
-666.287907
-739.688603
-601.947130
-211.142169
-86.913795
-216.977371
-213.906212
136.973684
511.655060
667.823487
748.287848
884.033068
1025.306374
946.684708
674.887152
456.834875
570.774868
736.617445
540.984627
176.284517
-47.910078
-198.703976
-513.190640
-755.505071
-677.036963
-567.857267
-529.774898
-435.183206
-292.067204
-221.891225
-166.610366
-49.138541
17.966279
150.179667
451.613905
692.853431
715.887122
708.823457
689.782272
501.673794
312.183295
275.022273
241.239526
84.456868
-33.782747
-96.895061
-269.187071
-426.891077
-442.861103
-420.748759
-424.894824
-360.093372
-248.149633
-192.100985
-149.872551
-138.816379
-178.741444
-174.595379
-153.404383
-150.793898
-85.071099
62.037408
132.827619
-52.056142
-234.636534
-217.130929
-167.531714
-167.224598
-304.044724
-367.464154
58.966249
1760.234681
3507.724054
3274.776657
1536.807877
363.318089
907.066759
1148.152727
548.201851
537.452795
1380.332335
1805.994948
544.823576
-952.519910
-1229.077762
-848.254068
-1221.706981
-2244.095754
-2008.844988
-618.377830
-79.696572
-1000.276430
-1554.159924
-904.609832
-541.752417
-994.748344
-939.160369
309.879926
1288.351128
1058.474890
456.374202
429.348004
753.048144
447.467841
-127.606649
-175.823843
347.348063
536.838563
-40.385739
-439.022154
-461.288056
-691.778526
-1356.377296
-1687.141101
-1223.242561
-752.280355
-723.565019
-821.995660
-692.546315
-600.872224
-788.212913
-872.823338
-574.153143
-60.501829
305.887419
534.842310
741.991972
876.969403
841.651076
686.711114
620.374083
660.913379
785.755986
964.958103
1338.718132
1397.684382
702.681139
-165.228345
-574.460258
-500.138215
-528.392876
-456.527760
-220.048530
-272.258230
-521.022095
-699.149307
-739.074372
-713.430195
-424.280592
-17.812721
158.471795
421.055875
796.812157
765.179222
376.984746
295.138363
420.288085
326.771299
329.381784
558.490233
518.411610
91.059859
-168.606620
-319.554076
-535.456541
-467.123257
-234.790092
-173.827590
-260.280711
-212.984865
-292.220762
-511.347945
-404.318059
-149.565435
-121.310774
-182.733950
-88.910048
-61.269619
-202.850040
-236.172114
-234.943650
-303.430492
-284.235749
-147.876297
-206.688989
-261.355616
166.303250
1434.077614
2831.454880
2886.582181
1678.695414
544.670018
800.958222
1378.028965
1185.927981
1124.044130
1642.302182
1872.639094
771.782213
-630.662465
-994.901902
-766.714801
-910.752150
-1520.530735
-1469.395940
-671.815993
-342.434209
-1078.437422
-1730.905115
-1422.560768
-1066.613460
-1258.560887
-1144.160221
-58.352018
829.519999
646.171817
138.816379
38.850159
217.284487
123.614143
49.906331
315.868685
703.756045
789.441376
316.022243
-127.145975
-269.801303
-388.040918
-737.692350
-929.179103
-601.332898
-339.055934
-515.647567
-853.935712
-979.238992
-1076.287611
-1258.560887
-1198.673290
-835.969433
-394.029677
-102.576705
59.119807
88.602932
63.572988
218.666508
523.018348
832.130484
1072.141546
1268.542153
1280.826789
1068.149040
876.662287
757.347767
559.104464
274.868715
119.621636
-2.917601
-209.760148
-375.909840
-455.145738
-546.359155
-647.093165
-556.954653
-398.482858
-300.973565
-180.277023
-27.793987
48.984983
54.205953
157.704006
275.329389
335.984776
408.771240
438.561480
324.467930
183.501740
134.823872
70.483095
-25.490618
-35.318327
19.808974
-0.614232
-78.314550
-126.071070
-195.632817
-234.790092
-214.059770
-157.089774
-74.936275
-2.456927
7.831455
-208.685242
-357.943561
-339.670166
-347.808737
-433.954742
-443.936008
-320.475424
-291.145857
-376.370514
-444.703798
-290.838741
272.258230
1639.231024
2678.818286
2268.050793
977.549854
422.437897
1112.834401
1517.459576
1439.452142
1654.433260
2120.481612
1858.051090
518.104494
-497.067056
-490.310507
-198.703976
-567.089477
-1126.501058
-886.489995
-350.726338
-657.074431
-1591.781620
-1811.062360
-1420.871631
-1377.721850
-1612.819058
-1151.838118
-141.119748
138.816379
-311.261947
-620.220525
-385.276875
-98.891314
-49.445657
216.516697
680.722354
936.549884
616.688692
97.662851
-64.955009
21.805228
-34.704095
-190.411847
-58.966249
147.722740
-13.513099
-489.389159
-793.587441
-886.336437
-1029.145323
-1092.871868
-896.624819
-556.954653
-430.422910
-462.670077
-398.636416
-222.351899
-172.599126
-171.217105
118.853847
492.920992
689.628714
645.557585
693.314105
773.317792
657.535105
577.224301
535.763657
504.130721
402.014690
269.954861
118.546731
-28.101103
-20.423206
-11.823961
-77.700318
-74.014928
28.101103
-40.692854
-203.617830
-169.220851
-54.973743
-48.984983
-46.681614
110.254602
163.846323
72.786464
22.726575
-2.456927
-71.097327
-134.209641
-95.359482
-71.097327
-5.374528
116.704035
84.610426
-55.587975
-66.029915
49.292099
22.112344
-9.520592
107.490559
189.336942
46.220940
-140.351958
-159.239585
-186.265783
-240.932410
-269.647745
-251.067234
-302.662702
-389.883613
-484.321747
-500.445331
-290.992299
350.726338
1453.118799
2116.028431
1658.579324
575.228048
244.771358
946.991824
1491.661842
1512.852838
1652.590564
1968.919924
1556.923967
360.246930
-377.906094
-95.820155
326.771299
60.348271
-407.849892
-386.044664
-219.127182
-721.722324
-1518.534482
-1599.305959
-1132.950491
-1025.920606
-1275.912934
-992.444975
-374.527819
-420.134527
-1060.164027
-1316.759347
-907.527433
-518.565168
-369.921081
-72.018674
378.980999
508.276786
117.625383
-278.861221
-227.726427
123.153469
299.591544
278.554106
358.864909
450.539000
209.145916
-268.726397
-463.744983
-400.786227
-394.951025
-493.842339
-461.595172
-326.157067
-266.115912
-380.516579
-584.441525
-597.493950
-362.550299
-96.434387
-3.224717
112.404413
236.479230
121.771447
-58.352018
49.445657
331.070921
454.992180
476.183176
488.621369
357.329329
119.621636
22.880133
71.865117
152.329478
288.688930
376.677630
314.640222
200.239555
117.625383
-1.689137
-80.157245
72.479348
267.497934
266.730144
206.996105
195.018585
62.344524
-170.295757
-237.861251
-159.393143
-111.329507
-60.194713
16.891374
-22.265901
-177.205864
-267.958608
-300.973565
-259.052247
-113.786435
48.984983
63.880104
23.187249
65.876357
14.127331
-88.449374
-73.861370
51.134794
-7.370781
-152.636594
-175.823843
-154.632847
-114.400666
62.344524
739.227930
1390.927832
1506.249846
962.654734
402.782480
553.115705
1027.149069
1366.665678
1446.362249
1576.732941
1509.321005
888.486248
133.134735
-52.670374
262.891196
349.497874
110.254602
-93.056112
-86.760237
-344.276904
-930.561124
-1284.205063
-1204.201376
-989.066700
-1048.954297
-1050.336319
-807.100540
-657.074431
-880.194120
-1212.032831
-1148.306285
-827.984420
-551.887241
-405.546523
-236.325672
-114.247108
-205.921199
-391.265634
-419.673854
-134.363199
167.992388
319.246960
318.939844
301.280681
207.303221
-20.269648
-169.067293
-135.438104
9.367034
89.984954
128.835113
91.981207
-86.299563
-334.909870
-471.422880
-417.524042
-256.441762
-100.887567
-13.973773
-33.475631
-177.666538
-329.535342
-394.183235
-297.748848
-76.471855
120.696542
235.557882
240.011062
196.093491
129.756460
71.865117
106.415653
233.408071
358.864909
410.460377
411.074609
376.063398
306.655209
187.801362
127.913765
150.486782
186.572899
216.977371
204.692736
187.187130
113.172203
12.131077
-69.868863
-111.483065
-93.670344
-68.947516
-89.831396
-125.456838
-129.756460
-137.741473
-130.984924
-97.816409
-40.385739
-40.539297
-70.329537
-65.722799
-80.464361
-114.554224
-117.011151
-114.247108
-123.153469
-163.078534
-161.235838
-166.610366
-140.659074
28.101103
225.423058
679.033217
1175.946715
1412.886618
1042.811979
537.145679
641.257963
1088.879362
1423.789232
1503.639361
1595.927684
1484.444619
971.407537
321.550329
81.232151
290.685183
473.726249
386.351780
64.647893
-150.333225
-442.400429
-909.523686
-1207.886766
-1112.987959
-829.212883
-845.797141
-964.804545
-927.489966
-909.063013
-1092.564752
-1287.276222
-1183.624612
-909.063013
-665.673676
-521.329211
-395.258141
-361.321836
-455.913528
-607.168100
-618.070714
-371.149544
-74.936275
143.883791
214.366886
230.644028
143.116001
-33.014957
-91.674091
36.393232
228.187101
303.891166
301.741355
394.029677
314.333106
-35.318327
-306.194535
-178.127212
70.329537
43.303339
-34.089863
0.460674
-115.322014
-397.254394
-474.494039
-335.216986
-198.243302
-119.775194
-58.352018
-81.692825
-130.217134
-31.632936
25.337060
2.610485
146.494276
364.546553
349.497874
211.295727
279.629011
355.333076
257.823783
240.471736
390.037171
420.134527
311.261947
259.052247
195.632817
68.026168
49.752773
140.351958
128.835113
83.381962
98.584198
-15.202236
-244.310685
-324.007256
-244.924916
-220.048530
-212.984865
-131.445598
-85.685331
-134.977430
-152.483036
-132.366945
-147.108508
-123.767701
-84.610426
-100.887567
-115.629130
-74.322044
-43.610455
-92.902554
-16.123584
139.584169
532.846056
1105.770735
1403.212468
1123.276341
532.078267
478.179429
797.579947
1061.238932
1282.362368
1603.912697
1693.283419
1207.272535
508.123228
177.973654
349.344316
550.658778
550.658778
408.771240
283.928633
5.988760
-577.838533
-966.186567
-928.871987
-754.430166
-855.778407
-1000.583546
-933.478725
-948.373846
-1193.605878
-1431.006455
-1383.249935
-1201.744449
-1041.429958
-898.160399
-722.643672
-573.231795
-563.864761
-654.003272
-706.059414
-524.400370
-264.119659
-70.175979
67.411936
196.093491
228.033543
85.224657
-8.445687
50.367005
172.292010
255.981088
365.621458
419.059622
318.325612
128.374439
10.134824
54.973743
133.595409
203.464272
211.449285
138.048589
-16.891374
-209.145916
-311.108389
-260.587826
-133.441851
-76.318297
-80.003687
-115.168456
-169.527967
-261.202058
-286.846234
-166.456808
22.265901
184.269530
244.617801
255.520414
241.239526
204.692736
157.857564
174.595379
298.363080
415.220673
434.261858
384.048411
321.243213
229.876238
131.292040
89.984954
122.539237
171.831336
179.662791
123.153469
-5.988760
-117.318267
-164.460555
-195.632817
-232.179607
-214.213328
-132.981177
-128.681555
-207.763895
-243.542895
-230.183354
-224.655268
-236.479230
-201.468019
-137.741473
-109.026138
-122.999911
-121.617890
-146.494276
-96.434387
-11.209730
273.947367
909.216571
1382.789262
1308.927892
726.943294
496.452824
763.950758
1009.489906
1168.729491
1473.234889
1762.538050
1449.126292
705.445182
231.718933
355.640192
591.044516
627.130632
532.385383
427.505309
235.097208
-306.655209
-785.295312
-855.317733
-619.299177
-596.265486
-857.621102
-961.733386
-927.950639
-1061.085375
-1352.538347
-1401.369772
-1222.321213
-1083.811950
-1085.808203
-1025.920606
-853.321480
-780.688574
-830.441347
-891.096733
-759.651136
-515.340451
-320.782539
-206.228315
-78.928782
60.808945
37.468138
-63.419430
-44.378245
150.640340
327.539089
384.201969
384.355527
341.052188
239.243273
167.224598
260.587826
414.606442
500.291773
406.928544
195.632817
22.112344
-53.745279
-31.479378
-24.722829
-5.528086
12.591751
-52.977490
-185.344435
-233.254513
-191.486753
-157.396890
-140.812632
-79.235898
8.445687
48.524309
112.865087
171.063547
184.883761
175.056053
183.194624
217.130929
255.520414
324.775046
351.340570
295.138363
234.943650
222.351899
187.494246
157.857564
188.569152
199.625324
129.449345
37.775254
8.906361
-18.426953
-60.194713
-76.471855
-99.966220
-153.097267
-167.992388
-149.411877
-176.438075
-210.681495
-213.906212
-231.872491
-265.041007
-247.381843
-177.052306
-138.202147
-124.996164
-114.093550
-109.640370
-161.542954
-146.033602
-55.434417
238.936157
830.287789
1205.429839
1096.557259
634.808529
521.943443
741.684857
872.823338
1023.310121
1373.422227
1642.455740
1317.373579
673.351573
308.037230
408.157008
567.089477
582.752387
573.692469
538.067026
365.775016
-129.910018
-566.014572
-622.677452
-452.381695
-480.943472
-718.958281
-813.242857
-820.613638
-991.984301
-1251.957896
-1264.242531
-1131.261354
-1100.703323
-1175.793157
-1157.059088
-1023.156563
-935.167863
-909.370128
-906.452528
-832.284042
-698.227959
-559.718696
-428.580214
-269.801303
-85.992447
-40.999970
-104.726516
-107.797675
-14.127331
106.108537
192.254543
381.130810
537.759910
466.816142
292.988552
206.842547
292.220762
368.231943
415.834905
476.336734
443.782450
271.643998
77.546760
-29.176009
-26.719082
10.749056
44.071129
44.531803
-23.340807
-88.756490
-132.059830
-150.793898
-109.640370
-26.872640
30.558030
57.891344
105.954980
176.745190
184.115972
148.951203
176.130959
232.640281
253.524161
265.655238
294.677689
314.025990
269.187071
197.782628
145.880044
110.408160
106.876327
117.778941
107.183443
80.617919
39.925065
-43.303339
-117.164709
-129.602902
-65.722799
-42.996224
-73.400696
-90.599185
-111.329507
-151.101014
-187.033573
-156.475542
-128.988671
-109.640370
-86.299563
-65.876357
-78.007434
-80.157245
-66.029915
-70.022421
-107.337001
-147.262066
-169.067293
-28.408219
536.685005
1065.692113
1068.302598
593.040769
376.370514
549.123198
604.864731
630.662465
982.770824
1488.130009
1422.714326
817.542480
335.524102
323.700140
452.074579
441.171965
447.928515
533.153172
536.070773
113.939992
-420.134527
-580.756134
-414.145768
-387.580244
-645.864701
-729.707337
-641.104405
-733.239170
-1032.677155
-1153.527255
-1039.126589
-1011.486159
-1128.650869
-1178.557200
-1041.583516
-879.272772
-806.332750
-835.815875
-846.104257
-777.770973
-720.493861
-682.872165
-554.344168
-283.775076
-102.269589
-118.700289
-179.969907
-151.101014
-71.865117
-1.689137
121.771447
262.430522
350.112106
360.246930
381.130810
501.827352
589.355379
514.419103
354.258171
323.085909
379.134557
344.584020
297.441732
339.516608
315.868685
122.846353
-16.584258
4.453180
41.307086
39.925065
86.299563
111.943739
47.295846
19.808974
50.981237
48.217194
58.966249
149.258319
179.202118
121.771447
159.853817
266.115912
218.205835
107.951233
124.689048
155.707752
88.756490
61.116061
146.033602
160.007375
97.048619
64.033662
23.033691
-23.340807
-2.764043
58.044902
39.925065
17.659163
66.029915
22.419459
-106.415653
-138.048589
-70.790211
-79.235898
-107.644117
-32.707842
42.689108
5.988760
-56.509322
-57.891344
-68.793958
-69.254632
-30.097356
-4.146064
-42.381992
-59.580481
-57.737786
-125.303280
-218.666508
-200.853787
168.760178
647.093165
857.928218
611.007049
268.419281
286.692676
412.456630
424.894824
519.947189
946.224034
1246.429810
956.512416
413.070862
232.640281
383.894853
410.153261
335.984776
372.838682
511.194387
364.085879
-84.456868
-386.812454
-358.557793
-247.996075
-418.752506
-647.860954
-660.299148
-601.179340
-725.254157
-917.201583
-900.463768
-791.437630
-848.868300
-1046.958044
-1092.257637
-949.755867
-791.284072
-757.808440
-769.171728
-714.965775
-686.403998
-711.894616
-713.737311
-547.434061
-307.115883
-192.715216
-210.835053
-218.359393
-167.992388
-109.947486
-44.224687
111.943739
354.258171
502.134468
519.793631
426.430403
364.853669
380.823694
433.494068
492.153202
510.580155
505.359185
433.186952
311.415505
215.441792
226.037290
244.310685
216.670255
166.763924
131.445598
112.404413
71.250885
93.056112
126.838860
122.999911
92.748997
81.232151
95.052366
93.670344
98.891314
108.104791
105.647864
75.857623
59.887597
57.277112
82.921288
132.059830
143.423117
125.610396
93.977460
96.741503
91.366975
77.853876
118.086057
162.924976
157.550448
106.262095
91.059859
97.816409
69.101074
16.277142
0.460674
5.835202
-22.112344
-65.722799
-93.823902
-72.940022
-62.651640
-77.393202
-102.423147
-105.340748
-85.992447
-86.146005
-111.022392
-120.235868
-100.580452
-100.273336
-142.808885
-193.943680
-183.194624
-177.359422
-169.220851
-66.490589
227.419311
517.029588
514.419103
306.808767
187.187130
281.471706
365.007227
409.999703
569.699962
810.632372
834.740969
570.467752
331.378037
304.505398
377.598978
353.490381
313.258200
323.853698
301.434239
137.280800
-100.580452
-202.235809
-195.786375
-248.149633
-410.767493
-524.553928
-531.924709
-550.198104
-629.741117
-678.418985
-664.445212
-693.006989
-778.692320
-851.325227
-838.119244
-776.081835
-712.508848
-669.359066
-652.467693
-636.190551
-624.827263
-597.647508
-533.153172
-427.812425
-329.074668
-278.861221
-244.924916
-188.262036
-98.737756
21.651670
130.370692
187.033573
215.441792
250.145886
295.138363
327.385531
378.520325
463.437867
492.920992
439.636386
360.246930
310.494157
290.531625
274.408041
273.486693
263.658985
233.254513
191.486753
149.565435
123.767701
128.681555
144.805139
126.378186
94.745250
89.831396
113.786435
131.752714
141.733980
164.153439
168.760178
146.647834
123.767701
125.303280
149.258319
182.887508
200.085998
199.625324
193.790122
176.438075
154.632847
138.202147
153.711499
167.378156
135.898778
95.513039
93.056112
86.453121
60.501829
38.389485
30.404472
3.224717
-58.966249
-102.883821
-110.715276
-106.722769
-122.232121
-144.651581
-174.902495
-172.138452
-162.003628
-169.374409
-149.411877
-110.868834
-71.404443
-84.763984
-113.479319
-107.490559
-90.752743
-95.973713
-95.973713
-72.940022
-54.820185
-62.190966
-93.209670
-115.168456
-141.426864
-128.374439
17.505605
264.580333
413.685094
356.868656
249.685213
244.157127
257.977341
215.748908
251.681466
428.426656
560.793602
488.160695
337.059681
266.115912
295.599037
322.778793
266.883702
167.992388
102.116031
80.003687
4.453180
-110.715276
-130.370692
-104.265842
-210.988611
-402.475364
-487.546464
-466.662584
-472.344227
-492.920992
-460.059592
-456.834875
-554.037052
-660.452706
-691.624968
-660.759821
-593.347885
-519.640073
-478.640103
-473.726249
-458.677571
-433.186952
-417.677600
-367.157038
-260.127153
-179.355675
-164.921229
-127.145975
-25.337060
59.734039
90.138512
114.707782
153.557941
173.059800
174.134705
206.842547
260.894942
298.516638
300.359333
257.977341
202.542925
180.737697
204.999852
224.962384
220.048530
210.067264
211.142169
193.483006
178.895002
206.535431
240.625294
258.898689
246.614054
237.707693
223.426805
212.984865
221.584109
233.100955
227.726427
224.808826
223.273247
187.033573
159.546701
148.029855
154.325731
136.666568
114.400666
116.089804
107.183443
80.003687
50.981237
39.617949
21.498112
5.067412
-14.434446
-14.588004
-21.651670
-41.921318
-56.816438
-71.711559
-85.992447
-104.265842
-106.876327
-116.089804
-115.168456
-102.269589
-79.696572
-77.239644
-82.307057
-77.393202
-76.932529
-72.632906
-56.355764
-33.782747
-29.176009
-23.647923
-28.868893
-33.782747
-34.243421
-22.573017
-18.119837
-39.157275
-59.273365
-69.408189
-66.337031
-73.247138
-81.078593
-91.366975
-102.423147
-122.078563
-92.441881
-1.228464
93.977460
159.393143
180.277023
175.209611
132.213387
111.636623
142.348212
183.501740
213.752654
247.996075
274.715157
236.632788
172.138452
140.966190
136.973684
110.254602
72.479348
54.666627
28.408219
-11.823961
-50.213447
-66.797704
-97.048619
-137.741473
-177.359422
-217.130929
-245.846264
-262.430522
-264.273217
-277.172084
-295.906153
-311.108389
-330.149574
-360.707604
-382.819948
-383.894853
-379.748789
-370.228197
-359.786257
-331.531595
-303.737608
-277.939874
-246.614054
-209.913706
-167.685272
-126.378186
-81.385709
-36.546790
-4.453180
12.898867
35.011211
67.258378
95.666597
127.453091
156.782658
169.835083
159.086027
165.689019
186.572899
190.411847
180.430581
180.891255
185.190877
181.966160
197.321955
226.805079
244.617801
241.239526
230.490470
203.924946
175.977401
165.842577
159.546701
145.419370
134.516757
138.509263
133.441851
122.232121
115.168456
103.805168
84.610426
74.168486
67.411936
58.812692
69.101074
95.052366
105.187190
84.303310
63.112314
55.127301
44.838919
33.014957
30.250914
32.400726
23.801481
6.295876
1.689137
6.602991
1.689137
-6.756549
-8.906361
-13.973773
-35.011211
-48.063636
-43.456897
-48.370752
-62.037408
-60.808945
-46.681614
-52.516816
-70.483095
-76.471855
-76.318297
-90.292069
-100.273336
-80.464361
-51.595468
-43.610455
-57.430670
-65.262125
-66.797704
-62.651640
-51.595468
-37.621696
-24.262155
-14.280889
-9.827708
-18.119837
-21.958786
-17.505605
-22.573017
-40.539297
-38.082369
1.689137
41.307086
61.883850
72.018674
80.157245
72.786464
53.745279
41.614202
39.464391
47.142288
63.265872
80.617919
79.850129
68.333284
55.895091
36.393232
7.524339
-15.202236
-14.741562
-8.599245
-12.438193
-23.340807
-35.011211
-54.205953
-81.232151
-104.419400
-118.700289
-126.378186
-129.910018
-131.906272
-143.883791
-161.082280
-175.823843
-183.655298
-185.190877
-177.820096
-164.460555
-153.404383
-138.048589
-113.632877
-95.052366
-96.895061
-101.962473
-94.438134
-81.078593
-67.719052
-49.292099
-29.329567
-23.187249
-28.868893
-33.322073
-23.340807
-1.689137
12.898867
11.670404
5.528086
7.063665
6.142318
4.453180
23.955039
59.887597
80.003687
78.160992
72.018674
72.325790
81.999941
97.355735
110.715276
118.700289
133.748967
152.022362
151.101014
141.887538
145.572928
152.022362
142.041096
129.756460
130.831366
131.599156
124.381932
125.149722
139.584169
150.026109
141.887538
118.546731
103.037379
101.501799
99.812662
90.906301
83.535520
75.396949
60.041155
44.838919
35.779000
26.719082
16.123584
11.823961
7.063665
-7.370781
-21.958786
-28.408219
-38.082369
-53.898837
-60.501829
-56.816438
-50.059889
-40.846412
-33.782747
-31.172262
-27.486871
-24.108597
-28.408219
-32.554284
-27.640429
-22.880133
-27.793987
-34.704095
-33.629189
-23.340807
-14.895120
-17.812721
-26.872640
-31.479378
-39.157275
-53.898837
-62.190966
-57.891344
-56.202207
-66.183473
-72.632906
-71.250885
-73.093580
-78.007434
-83.074846
-92.134765
-96.895061
-85.071099
-69.868863
-67.719052
-64.187219
-51.749026
-48.677867
-56.816438
-48.677867
-25.644176
-17.966279
-25.029944
-25.490618
-15.202236
-4.606738
6.756549
17.044931
22.419459
26.411966
25.490618
21.805228
27.793987
51.134794
72.479348
77.546760
75.243391
75.857623
74.322044
64.647893
52.363258
42.228434
39.464391
38.082369
31.172262
16.891374
3.838949
-14.280889
-39.771507
-54.666627
-59.734039
-71.250885
-90.292069
-93.209670
-88.602932
-89.677838
-93.056112
-84.456868
-81.539267
-91.520533
-97.202177
-97.355735
-93.516786
-84.917542
-71.097327
-67.719052
-58.966249
-45.760267
-38.389485
-32.093610
-6.910107
17.198489
17.044931
23.033691
42.535550
58.352018
55.280859
68.640400
92.441881
104.880074
103.037379
101.348241
100.580452
95.205924
95.666597
90.599185
90.599185
91.674091
87.374469
74.168486
76.011181
83.996194
78.928782
69.715305
60.962503
61.730292
60.348271
60.962503
61.883850
61.883850
56.662880
58.659134
61.116061
51.749026
44.838919
36.086116
24.262155
13.359541
13.359541
18.273395
30.558030
48.063636
48.524309
19.348301
-12.131077
-11.363288
-7.217223
-11.209730
-1.842695
7.524339
-8.445687
-20.423206
-16.430700
-23.647923
-39.771507
-46.374498
-39.003717
-31.325820
-28.715335
-31.018704
-36.239674
-53.438164
-62.037408
-49.599215
-46.835172
-54.052395
-55.895091
-68.947516
-89.831396
-85.224657
-75.857623
-79.235898
-69.715305
-56.662880
-66.797704
-72.632906
-58.044902
-50.520563
-50.674121
-37.468138
-19.348301
-12.745309
-12.438193
-7.524339
3.685391
9.213476
16.891374
37.775254
48.217194
30.558030
14.127331
8.445687
-3.838949
-5.220970
3.531833
2.456927
-3.378275
-2.610485
-4.299622
-7.524339
-13.513099
-23.647923
-25.337060
-19.501859
-13.973773
-16.277142
-20.269648
-20.730322
-14.280889
-21.805228
-47.142288
-46.988730
-23.801481
-23.340807
-32.554284
-14.434446
-2.917601
-12.745309
-19.348301
-15.509352
5.067412
26.258408
35.011211
41.921318
48.063636
42.381992
34.857653
33.014957
27.640429
27.026198
31.172262
35.932558
36.393232
38.696601
30.711588
18.426953
11.977519
9.674150
16.584258
22.112344
24.415713
21.344554
25.337060
14.280889
-6.756549
-14.280889
-6.449434
10.288382
22.419459
23.340807
19.501859
21.651670
9.674150
3.224717
3.685391
5.220970
18.734069
40.692854
44.838919
27.947545
24.876386
25.951292
27.947545
34.089863
43.764013
48.370752
39.003717
43.917571
48.370752
27.179756
12.745309
34.704095
34.089863
17.352047
5.067412
-1.382021
2.764043
0.000000
-9.367034
-14.895120
5.835202
0.614232
-15.970026
-6.602991
-1.689137
-42.535550
-48.524309
-19.194743
-11.977519
-1.382021
-3.224717
-12.898867
-23.187249
-28.561777
-45.299593
-51.902584
-31.786494
-16.584258
-18.426953
-18.887627
9.827708
10.441940
-13.973773
-29.329567
-35.625442
-23.955039
-9.367034
-9.981266
-27.486871
-18.887627
-21.190996
-31.632936
-44.224687
-49.752773
-57.430670
-57.737786
-39.617949
-48.677867
-56.202207
-41.921318
-44.378245
-47.602962
-22.573017
-12.898867
-22.265901
-12.438193
-4.453180
-14.280889
-16.891374
-11.056172
-1.535579
6.295876
17.812721
17.044931
17.659163
10.902614
7.677897
1.996253
13.359541
27.793987
36.239674
49.138541
58.198460
62.190966
58.505576
40.846412
8.445687
7.063665
26.872640
43.917571
45.453151
46.528056
35.164769
21.958786
13.359541
-5.374528
-19.041185
-25.337060
-24.876386
-3.224717
-0.153558
-22.419459
-22.112344
-18.580511
-23.033691
-19.962532
-13.513099
-31.325820
-33.168515
-9.213476
5.067412
4.606738
0.614232
-17.505605
-17.505605
14.127331
42.535550
40.232181
23.801481
36.239674
35.779000
15.816468
14.741562
17.352047
10.749056
25.183502
29.790241
41.307086
52.977490
38.389485
16.737816
21.805228
12.898867
13.052425
17.966279
18.273395
22.112344
15.355794
14.741562
28.408219
20.116090
21.651670
32.400726
-9.367034
-23.647923
0.921348
-3.071159
-17.812721
4.913854
-11.056172
-19.194743
1.074906
-3.992506
-15.816468
-6.910107
-20.116090
-19.348301
-0.153558
-5.681644
-15.816468
-17.812721
-13.359541
-1.842695
-3.071159
-9.981266
-5.681644
-13.052425
-20.730322
-33.936305
-49.599215
-68.179726
-42.074876
-36.239674
-35.625442
-33.629189
-46.681614
-65.108567
-55.127301
-57.891344
-83.074846
-70.022421
-63.572988
-63.112314
-56.662880
-37.928812
-39.617949
-43.610455
-43.303339
-22.573017
-17.505605
-22.880133
-16.891374
-2.303369
27.333314
68.486842
76.318297
72.325790
58.966249
49.445657
41.460644
62.651640
75.550507
70.790211
60.962503
82.460614
80.464361
67.104820
75.089833
62.805198
53.284606
49.906331
38.850159
44.071129
45.913824
33.475631
42.535550
47.449404
20.116090
-4.606738
-33.936305
-30.404472
-22.880133
-40.539297
-38.082369
-46.835172
-54.052395
-52.363258
-44.838919
-40.385739
-33.936305
-64.033662
-57.430670
-15.509352
-16.891374
-21.344554
-30.558030
-17.966279
-9.827708
-1.842695
17.812721
26.104850
-3.838949
-10.441940
14.434446
9.520592
24.876386
34.704095
21.344554
20.423206
13.666657
21.805228
8.906361
6.910107
11.977519
6.142318
-0.307116
35.164769
33.014957
-6.910107
25.951292
1.535579
-40.078623
-35.011211
-1.228464
-15.202236
-26.565524
-3.224717
-2.610485
2.610485
4.453180
23.033691
7.831455
4.760296
17.044931
3.838949
2.764043
20.423206
37.775254
31.018704
55.895091
60.041155
27.179756
6.910107
-11.823961
7.985013
15.816468
17.352047
4.299622
8.445687
19.655416
-12.745309
-32.861399
-54.052395
-56.509322
-69.254632
-62.344524
-69.715305
-64.801451
-61.269619
-96.895061
-97.355735
-106.722769
-92.902554
-75.550507
-65.569241
-54.666627
-52.363258
-36.086116
-33.782747
-24.722829
-32.093610
-11.670404
4.606738
12.591751
28.101103
21.498112
31.786494
4.299622
32.093610
42.842666
53.438164
62.958756
45.146035
47.602962
59.426923
93.823902
76.932529
69.254632
66.490589
93.056112
79.235898
52.823932
83.074846
72.018674
71.711559
51.595468
38.082369
24.415713
33.014957
32.093610
9.827708
12.591751
-7.370781
1.535579
-14.741562
3.224717
2.610485
-17.812721
-25.183502
-24.262155
-29.943799
-50.213447
-31.786494
-39.310833
-27.026198
-11.209730
-10.595498
-25.951292
-33.629189
-13.052425
-15.970026
-11.516846
-15.048678
-5.681644
-14.588004
-3.838949
3.685391
-4.146064
6.142318
-33.168515
-27.179756
-23.801481
-29.790241
-31.940052
-35.011211
-30.865146
-9.059919
-10.134824
-27.947545
-5.988760
-15.509352
-18.887627
-26.104850
-37.314580
-30.711588
-33.168515
-11.056172
-6.910107
-22.726575
-30.558030
-9.827708
-2.303369
23.033691
23.955039
24.108597
31.325820
26.104850
29.943799
42.996224
49.292099
46.988730
49.906331
59.119807
59.273365
31.786494
17.812721
19.808974
29.483125
9.827708
-2.303369
-0.767790
6.756549
-10.595498
-8.752803
-27.333314
-43.764013
-25.183502
3.685391
-13.513099
-28.868893
-36.086116
-46.988730
-39.925065
-40.692854
-36.086116
-28.408219
-17.966279
-31.479378
-26.565524
-32.247168
-47.142288
-37.468138
-35.471884
-11.977519
-9.059919
0.614232
-1.074906
8.599245
16.891374
-7.370781
22.265901
28.408219
29.636683
15.970026
30.250914
32.093610
35.318327
36.393232
27.947545
46.374498
40.692854
36.700348
15.816468
25.029944
35.011211
35.779000
38.543043
28.561777
45.453151
45.453151
20.269648
17.352047
32.247168
-1.996253
-6.142318
-15.202236
-10.288382
-12.591751
-1.382021
-11.056172
-17.966279
-4.606738
-5.681644
-19.041185
-11.670404
16.584258
2.610485
-0.153558
-8.906361
-10.288382
-6.910107
10.134824
13.359541
8.138571
-8.292129
-8.292129
4.606738
-5.681644
5.681644
-5.374528
-14.434446
-45.453151
-37.314580
-26.872640
-42.381992
-14.741562
13.359541
-1.228464
-17.812721
-25.797734
-47.295846
-44.224687
-18.273395
-1.382021
-23.187249
-9.827708
-15.355794
-19.808974
-7.831455
7.677897
-0.767790
-5.374528
2.764043
-19.501859
-31.172262
-20.576764
-15.970026
-10.134824
-9.674150
-4.453180
4.299622
6.910107
30.558030
24.262155
21.651670
7.063665
12.745309
11.363288
5.681644
39.617949
30.404472
23.033691
16.891374
24.415713
13.820215
-9.981266
7.831455
-2.764043
-18.119837
-37.928812
-38.850159
-17.044931
-4.760296
9.827708
-2.764043
5.067412
-14.434446
-30.865146
-9.520592
21.958786
15.816468
0.153558
4.760296
23.340807
22.880133
-14.741562
-5.988760
5.835202
27.333314
11.363288
8.906361
7.063665
9.059919
10.134824
8.138571
7.063665
-6.295876
8.445687
18.580511
23.340807
16.737816
16.584258
-19.348301
-4.913854
11.209730
9.981266
7.831455
9.213476
29.943799
9.213476
6.756549
3.992506
5.988760
14.434446
0.153558
-2.610485
-30.097356
-13.205983
-2.303369
-0.614232
-0.767790
-11.516846
-9.827708
-13.513099
-8.752803
2.303369
13.666657
-15.202236
9.981266
16.123584
-0.460674
-4.146064
0.153558
-3.838949
-23.033691
1.382021
8.906361
19.808974
7.985013
2.149811
3.224717
0.000000
-4.760296
-14.434446
-17.966279
-15.970026
-11.516846
-10.749056
6.602991
0.153558
-20.576764
-37.314580
-27.486871
-21.958786
-8.138571
1.996253
5.067412
-21.190996
-21.498112
-2.917601
7.370781
-10.441940
-20.576764
7.524339
-12.591751
-19.501859
1.996253
9.520592
-13.973773
-19.501859
-3.378275
8.906361
11.209730
3.378275
12.284635
10.595498
15.509352
15.048678
17.659163
11.516846
1.535579
7.985013
-17.659163
-1.228464
4.299622
-1.535579
5.988760
10.441940
12.745309
-1.996253
-5.988760
-25.797734
-13.820215
-12.898867
-20.116090
-17.505605
-10.749056
13.359541
7.370781
11.823961
22.265901
17.044931
-6.295876
-4.146064
13.205983
1.535579
24.262155
22.573017
20.116090
27.640429
30.558030
17.966279
18.887627
6.602991
-8.752803
4.299622
6.449434
10.902614
0.921348
14.741562
16.430700
13.973773
17.966279
2.456927
1.842695
5.528086
-12.591751
0.307116
1.074906
-11.823961
-4.146064
11.056172
10.595498
2.456927
8.445687
-12.898867
-4.453180
4.606738
-12.284635
-13.820215
6.449434
-2.303369
-13.052425
2.456927
-11.977519
-25.337060
-16.584258
-8.906361
-24.262155
-12.898867
-16.123584
-17.966279
-11.823961
3.531833
-3.071159
-11.209730
-1.228464
9.213476
9.367034
-3.531833
17.044931
2.764043
-7.677897
-7.831455
-15.048678
-9.213476
-1.535579
0.921348
-3.071159
3.531833
9.213476
-2.303369
-6.142318
-5.681644
-7.831455
-2.456927
2.456927
-7.217223
-4.453180
4.146064
-9.367034
-0.921348
1.689137
-10.902614
-5.528086
1.382021
-9.367034
-3.378275
-3.378275
-7.677897
7.217223
9.059919
3.531833
3.071159
12.591751
5.374528
6.602991
1.842695
9.827708
6.756549
6.295876
11.209730
-0.614232
3.531833
5.220970
-3.992506
5.835202
4.453180
-6.910107
-1.535579
3.224717
-4.453180
-3.838949
1.074906
-2.917601
-7.217223
6.295876
7.831455
1.228464
3.378275
1.382021
-2.764043
-2.149811
9.059919
4.913854
-0.767790
1.689137
6.295876
-0.153558
11.516846
21.805228
9.367034
11.670404
7.831455
-8.445687
3.685391
8.906361
-5.220970
-5.835202
13.052425
7.524339
3.071159
7.985013
1.689137
1.382021
-2.610485
-0.307116
-9.674150
-1.689137
2.917601
4.606738
5.988760
9.981266
7.370781
-6.756549
-9.367034
-9.367034
-11.363288
-2.303369
-7.217223
-12.591751
-9.213476
-6.449434
-3.838949
-1.689137
-12.898867
-18.580511
-19.655416
-10.134824
-13.666657
-12.591751
-2.456927
-12.898867
-13.820215
-3.071159
6.910107
-6.295876
-4.146064
-1.689137
-12.284635
-7.370781
8.752803
11.670404
3.838949
12.898867
18.273395
5.220970
5.067412
15.048678
10.288382
7.524339
7.063665
15.970026
7.217223
2.456927
17.812721
12.591751
-0.921348
4.913854
6.142318
-8.445687
-1.689137
-4.299622
-14.895120
-19.808974
-16.123584
-13.205983
-6.449434
11.363288
2.149811
-8.599245
-3.531833
-6.295876
-20.423206
-2.764043
-0.307116
-2.764043
2.149811
11.056172
11.209730
4.299622
-2.610485
-5.067412
-4.453180
-3.378275
12.284635
2.149811
3.838949
2.303369
-3.992506
-9.213476
-5.067412
9.367034
10.749056
-0.307116
6.449434
13.973773
-4.760296
3.838949
5.988760
-2.456927
1.228464
5.835202
2.303369
-2.764043
6.449434
9.520592
5.374528
4.453180
6.449434
-8.906361
2.149811
5.528086
-8.138571
-5.528086
4.299622
-1.228464
-0.153558
4.606738
9.674150
9.367034
-0.767790
8.445687
10.134824
-2.456927
-9.520592
-6.295876
-5.681644
3.071159
6.449434
3.224717
-7.524339
3.071159
8.752803
1.996253
1.535579
2.610485
5.988760
9.367034
13.513099
6.142318
1.228464
-8.752803
1.689137
3.071159
-6.449434
-6.449434
-3.224717
0.767790
-6.142318
-10.441940
-9.674150
-4.606738
-9.981266
-9.520592
-4.606738
-8.292129
-20.269648
-19.041185
-2.764043
-5.374528
-0.614232
2.764043
-4.606738
-10.749056
-5.835202
0.921348
7.524339
3.378275
6.142318
12.745309
0.767790
0.614232
1.382021
-4.760296
-4.453180
-3.378275
-8.599245
-8.599245
-2.149811
3.378275
5.528086
6.295876
-0.767790
-7.217223
-10.288382
0.614232
-4.146064
-0.767790
4.760296
4.146064
-2.610485
-7.831455
-1.996253
-6.449434
-8.599245
-0.307116
2.149811
-1.842695
8.292129
4.606738
-6.602991
-0.460674
8.292129
10.288382
14.741562
24.262155
15.509352
6.756549
9.367034
3.992506
1.842695
5.681644
3.071159
1.382021
19.962532
20.423206
10.441940
10.902614
8.445687
-5.528086
-4.606738
1.689137
1.996253
2.149811
6.910107
-0.153558
-5.988760
-5.681644
-14.434446
-11.670404
-11.363288
-10.749056
-12.745309
-7.524339
-2.917601
-2.149811
-7.524339
-7.831455
-0.153558
-4.760296
-3.378275
-2.764043
-4.606738
-3.685391
-4.299622
0.307116
2.917601
-1.074906
1.535579
7.985013
7.985013
11.056172
2.456927
3.992506
4.453180
-3.224717
9.213476
4.453180
2.917601
2.764043
-4.913854
-3.378275
-4.453180
-1.996253
0.921348
1.382021
-3.685391
-1.382021
7.217223
13.205983
9.674150
1.228464
7.370781
5.835202
-2.149811
-3.531833
-4.146064
-11.209730
-16.891374
-10.441940
-9.520592
-4.453180
8.138571
1.842695
-5.374528
0.614232
-6.910107
-11.670404
-3.531833
-4.760296
-0.153558
5.835202
6.142318
7.831455
5.067412
-4.299622
-4.453180
-2.149811
-3.378275
-7.217223
-14.895120
-13.359541
2.303369
-3.224717
-11.823961
-2.149811
-4.760296
-14.280889
-6.449434
5.220970
-4.760296
-17.505605
-17.044931
-2.149811
-1.228464
0.921348
15.662910
23.033691
30.404472
25.183502
1.228464
-10.288382
-8.752803
-15.202236
0.000000
3.838949
-7.524339
2.303369
14.895120
21.651670
42.228434
38.082369
1.535579
7.217223
20.269648
2.456927
-3.071159
13.820215
-1.382021
1.689137
25.337060
14.895120
10.595498
18.426953
-0.614232
-23.955039
-13.513099
-10.441940
-6.602991
-1.074906
2.456927
6.602991
-1.382021
-15.048678
-26.411966
-29.022451
-27.333314
-13.666657
1.842695
0.767790
-13.359541
-20.883880
-4.146064
15.202236
14.588004
9.981266
12.284635
19.041185
15.202236
8.292129
13.205983
0.767790
-11.977519
-10.134824
-5.374528
8.138571
13.513099
6.295876
1.535579
-7.217223
-15.509352
-5.835202
0.614232
1.689137
2.764043
0.153558
6.602991
17.044931
8.292129
2.303369
0.153558
-1.228464
-1.996253
-0.921348
5.528086
1.842695
-1.382021
-9.213476
-6.910107
-6.910107
-13.513099
-18.887627
-15.662910
-7.370781
-8.906361
-9.213476
-8.292129
-2.456927
1.228464
2.917601
4.606738
3.992506
-2.764043
-8.292129
0.000000
4.453180
-2.303369
-1.996253
1.382021
-3.685391
-3.685391
1.996253
5.067412
0.767790
-1.382021
0.153558
5.220970
2.149811
-4.146064
-5.528086
-5.220970
3.224717
0.307116
1.842695
0.921348
-2.456927
-5.067412
1.228464
3.071159
-3.224717
0.000000
0.460674
9.367034
6.142318
8.906361
8.906361
6.449434
7.370781
5.374528
5.988760
6.756549
10.595498
5.067412
6.295876
4.760296
0.614232
-1.074906
-5.374528
-7.063665
-2.149811
-0.921348
-5.528086
-1.074906
4.913854
-0.460674
-5.067412
-5.220970
-7.677897
-3.071159
-0.460674
-0.767790
2.303369
5.374528
-0.921348
-2.303369
-1.228464
-9.520592
-10.441940
-3.224717
-0.921348
-1.689137
0.153558
0.153558
1.074906
4.606738
6.756549
1.382021
-1.228464
-3.071159
-3.071159
-4.760296
-5.681644
-3.224717
0.921348
8.138571
10.902614
10.595498
4.299622
4.606738
3.378275
0.767790
2.456927
0.307116
-6.756549
-1.382021
9.059919
4.146064
3.685391
6.295876
-5.374528
-9.059919
-4.760296
-6.756549
-7.831455
-8.752803
-6.295876
1.382021
6.910107
3.685391
8.138571
0.000000
-8.599245
1.842695
2.764043
-3.224717
-3.531833
2.456927
0.460674
-2.610485
-1.382021
-0.307116
2.456927
-0.614232
2.610485
3.224717
3.685391
-1.382021
-9.674150
-5.835202
-3.071159
-4.453180
-7.831455
1.074906
4.760296
5.374528
3.378275
2.610485
5.528086
1.535579
3.378275
4.453180
0.460674
-2.456927
-0.307116
1.996253
2.610485
-3.838949
-9.827708
-2.149811
-0.767790
-5.988760
-2.610485
-2.149811
-4.146064
-4.146064
-7.831455
-4.453180
1.996253
-5.681644
-7.985013
1.996253
-1.228464
-6.756549
-1.535579
-3.838949
-5.988760
-1.689137
4.146064
8.906361
13.820215
18.580511
14.280889
10.134824
10.134824
1.535579
-13.205983
-7.524339
6.910107
3.992506
0.307116
5.988760
8.292129
1.228464
-5.528086
-7.524339
-7.985013
-5.681644
-4.299622
2.764043
13.359541
10.595498
1.842695
1.228464
1.228464
-8.752803
-13.205983
-7.524339
-7.217223
-9.059919
-2.149811
3.378275
-0.921348
1.382021
2.917601
-4.606738
-3.992506
1.842695
-5.220970
-9.367034
3.992506
10.288382
10.288382
19.655416
22.265901
10.749056
3.071159
1.996253
1.074906
3.224717
0.153558
-11.516846
-8.138571
7.217223
5.681644
-4.146064
3.071159
6.449434
-7.831455
-9.367034
-0.767790
-11.363288
-23.340807
-14.280889
-6.295876
-7.524339
-0.307116
6.295876
1.228464
-0.460674
4.146064
3.071159
3.838949
5.988760
1.842695
2.149811
0.000000
-9.367034
-4.299622
13.666657
19.808974
17.352047
15.202236
6.449434
-3.531833
-14.434446
-28.715335
-24.722829
-6.602991
-3.838949
-2.764043
15.509352
19.348301
7.677897
6.449434
2.149811
-7.524339
1.382021
18.580511
16.891374
12.438193
15.355794
9.827708
-1.228464
-8.445687
-15.662910
-17.044931
-14.434446
-22.880133
-33.475631
-27.179756
-15.202236
-8.292129
-2.149811
-0.153558
-3.685391
-6.449434
-17.198489
-30.865146
-23.494365
-10.134824
-12.284635
-9.367034
-1.074906
-8.138571
-5.988760
9.981266
6.910107
-4.299622
5.988760
21.498112
20.423206
10.902614
8.138571
15.816468
18.734069
15.048678
19.501859
26.719082
18.734069
8.599245
8.445687
7.985013
4.606738
1.074906
-1.842695
-5.988760
-8.138571
1.074906
15.202236
19.041185
19.501859
20.576764
9.367034
-6.449434
-9.367034
-10.749056
-13.205983
-5.067412
7.063665
13.359541
14.741562
8.599245
2.456927
3.838949
3.685391
-6.602991
-18.273395
-15.816468
-6.910107
-3.071159
2.149811
4.299622
-7.831455
-20.423206
-21.651670
-22.112344
-22.419459
-13.513099
-6.449434
-7.677897
-0.153558
13.513099
15.202236
12.131077
12.591751
6.910107
-2.303369
-5.067412
-8.292129
-8.292129
5.067412
13.205983
8.752803
9.213476
10.134824
-0.767790
-9.213476
-11.363288
-20.576764
-23.494365
-9.827708
1.996253
6.142318
13.666657
16.430700
6.295876
-3.992506
-8.445687
-11.823961
-7.677897
5.374528
14.895120
15.509352
13.513099
10.441940
9.674150
11.977519
4.299622
-12.284635
-17.198489
-8.445687
1.074906
12.898867
17.505605
1.535579
-13.973773
-12.131077
-13.205983
-16.123584
-5.988760
0.460674
2.610485
15.816468
16.277142
-6.142318
-16.737816
-13.820215
-17.966279
-14.741562
-1.228464
0.767790
-5.681644
-3.071159
2.149811
1.074906
-0.921348
3.224717
11.670404
15.355794
12.591751
9.827708
5.988760
-2.303369
-8.138571
-9.674150
-5.067412
8.752803
17.505605
10.902614
6.910107
12.284635
6.142318
-6.602991
-8.292129
-9.981266
-16.737816
-9.520592
3.071159
2.149811
-0.460674
-0.460674
-4.606738
-2.917601
3.531833
-5.220970
-17.812721
-14.280889
-10.441940
-9.520592
0.614232
3.685391
-4.299622
0.307116
15.048678
15.970026
9.674150
3.685391
-3.838949
-3.071159
8.445687
11.977519
11.516846
24.722829
36.853906
28.408219
16.430700
11.363288
2.149811
-6.756549
-6.910107
-5.835202
-5.374528
-2.456927
-1.535579
0.767790
6.142318
2.610485
-9.213476
-15.355794
-17.352047
-21.344554
-21.190996
-15.202236
-10.749056
-2.764043
6.910107
3.685391
-5.528086
-3.838949
1.535579
-1.382021
-3.531833
-0.614232
-1.996253
-6.910107
-6.142318
-3.224717
1.074906
9.520592
7.217223
-5.374528
-10.288382
-5.067412
-7.063665
-15.662910
-14.588004
-3.224717
3.071159
-2.149811
-5.681644
0.153558
3.531833
-0.460674
0.307116
4.299622
2.149811
1.535579
5.374528
2.303369
-4.913854
0.153558
9.213476
6.756549
3.378275
5.681644
6.295876
3.838949
1.535579
-0.767790
-1.689137
1.535579
4.760296
7.985013
11.209730
8.906361
7.217223
13.052425
12.438193
-2.303369
-11.056172
-5.988760
0.153558
3.531833
6.449434
6.449434
6.295876
6.449434
-1.689137
-9.981266
-13.820215
-20.116090
-20.116090
-3.378275
8.752803
7.063665
13.052425
22.112344
15.202236
4.146064
0.000000
-9.674150
-17.044931
-7.524339
2.303369
2.303369
5.374528
9.367034
5.220970
2.456927
2.303369
-3.224717
-8.138571
-11.363288
-17.505605
-21.498112
-17.966279
-12.438193
-3.378275
7.217223
9.520592
4.453180
-0.460674
-3.531833
-0.307116
10.441940
16.123584
12.284635
8.906361
5.528086
-1.535579
-4.299622
-0.614232
6.142318
17.505605
25.183502
15.509352
-1.074906
-8.906361
-12.438193
-14.280889
-9.674150
-3.685391
-1.842695
-1.074906
-0.307116
-0.153558
0.460674
0.153558
0.307116
1.689137
-0.307116
-2.764043
-2.764043
-4.606738
-9.367034
-10.288382
-8.138571
-7.524339
-5.528086
-1.382021
2.303369
2.610485
-1.996253
-8.752803
-11.670404
-9.213476
-6.756549
-7.063665
-6.910107
-2.456927
2.610485
4.146064
3.071159
3.224717
4.146064
4.453180
4.146064
0.000000
-2.456927
1.842695
6.295876
5.528086
3.838949
5.681644
8.445687
12.284635
12.745309
6.910107
1.074906
-0.767790
-5.220970
-9.674150
-4.453180
2.303369
2.610485
4.146064
8.138571
8.599245
9.520592
10.288382
3.531833
-4.453180
-7.524339
-8.599245
-7.217223
-2.303369
0.460674
2.303369
6.449434
6.910107
3.071159
1.535579
0.000000
-5.067412
-7.831455
-6.142318
-2.456927
4.146064
7.677897
4.760296
2.917601
2.917601
0.000000
-2.917601
-4.299622
-4.913854
-3.071159
3.838949
9.059919
10.441940
9.981266
7.370781
5.067412
3.378275
-0.767790
-5.988760
-5.835202
-3.071159
-1.535579
-0.614232
0.307116
-0.460674
-1.074906
1.382021
1.535579
-1.842695
-6.756549
-11.056172
-9.520592
-4.299622
-1.382021
-1.535579
-2.149811
-0.460674
1.842695
3.378275
3.071159
-0.153558
-2.610485
-2.456927
-1.842695
-1.842695
-1.228464
1.689137
4.913854
5.528086
0.614232
-6.142318
-8.445687
-5.374528
-1.382021
1.382021
1.842695
0.460674
-1.689137
-5.220970
-8.445687
-9.981266
-8.445687
-5.681644
-2.917601
-1.228464
-1.535579
-1.996253
-2.456927
-2.764043
-3.531833
-4.760296
-5.681644
-4.913854
-3.224717
-1.074906
0.767790
2.456927
3.378275
3.224717
3.531833
3.531833
2.456927
1.074906
0.307116
-1.382021
-1.689137
-0.153558
2.303369
5.681644
6.910107
6.449434
4.453180
2.610485
1.842695
1.842695
2.610485
2.917601
4.606738
6.602991
7.831455
7.677897
6.295876
5.528086
5.988760
7.524339
8.292129
6.295876
3.838949
2.610485
2.149811
2.456927
1.842695
0.460674
1.074906
2.456927
3.838949
2.917601
0.153558
-2.917601
-5.220970
-7.063665
-7.831455
-6.910107
-5.067412
-1.228464
0.614232
1.074906
0.000000
-2.303369
-4.146064
-4.760296
-4.146064
-5.067412
-4.453180
-3.838949
-2.764043
-0.921348
0.307116
0.460674
0.000000
0.307116
0.460674
0.460674
-0.921348
-2.610485
-3.071159
-2.303369
-0.767790
0.614232
0.614232
0.921348
1.382021
1.074906
-0.460674
-2.149811
-3.224717
-2.917601
-1.842695
-1.842695
-1.689137
-1.842695
-0.460674
1.074906
2.303369
1.689137
0.767790
0.153558
-1.074906
-1.074906
-1.842695
-1.689137
-0.307116
0.614232
1.842695
1.689137
1.382021
0.767790
0.921348
0.460674
0.153558
-0.153558
0.153558
0.614232
0.767790
0.614232
0.000000
0.153558
0.614232
0.614232
0.614232
0.307116
0.614232
1.228464
1.535579
0.153558
-0.921348
-0.767790
-0.767790
-0.460674
-0.767790
-0.767790
-0.614232
0.460674
1.074906
1.074906
0.767790
0.614232
0.614232
0.614232
0.767790
0.153558
0.000000
0.000000
0.460674
0.153558
-0.921348
-1.074906
-0.767790
0.614232
2.303369
2.303369
2.149811
1.228464
0.153558
-0.614232
-1.074906
-1.228464
-0.921348
0.153558
1.535579
1.689137
1.689137
1.842695
1.535579
0.767790
0.307116
0.000000
-0.460674
0.767790
0.921348
1.074906
0.000000
-0.307116
-0.153558
0.307116
0.614232
0.614232
1.074906
0.614232
0.307116
-0.460674
-0.460674
0.000000
-0.153558
-0.153558
-0.614232
-0.153558
0.767790
0.767790
0.767790
-0.307116
-1.228464
-1.842695
-2.610485
-2.303369
-1.228464
-0.767790
-0.614232
-0.921348
-1.074906
-1.074906
-0.767790
-0.767790
-1.228464
-1.689137
-2.456927
-2.149811
-1.382021
-1.689137
-1.382021
-0.921348
-0.460674
-0.153558
0.153558
0.460674
0.153558
0.307116
0.307116
0.153558
-0.307116
0.000000
0.614232
0.460674
0.460674
0.460674
0.767790
0.614232
0.614232
0.153558
0.460674
1.074906
1.228464
0.921348
0.460674
0.153558
0.000000
0.000000
-0.307116
-0.153558
0.921348
1.228464
1.535579
0.921348
0.460674
0.614232
0.614232
0.460674
0.460674
0.614232
0.767790
0.921348
0.307116
0.307116
0.614232
1.074906
0.460674
0.614232
0.307116
0.307116
-0.153558
-0.153558
0.153558
0.307116
0.614232
0.614232
0.000000
0.153558
0.307116
0.307116
0.460674
0.153558
0.000000
0.000000
0.153558
0.000000
-0.460674
-0.307116
-0.153558
-0.614232
-0.460674
-0.460674
-0.153558
0.153558
-0.153558
-0.307116
-0.307116
-0.307116
-0.767790
-0.767790
-0.614232
-0.614232
-0.614232
-0.307116
-0.153558
0.153558
0.153558
0.307116
0.307116
0.153558
-0.307116
-0.614232
-0.153558
0.153558
0.153558
0.000000
0.153558
-0.460674
-0.307116
0.000000
-0.153558
0.000000
0.307116
0.614232
-0.153558
0.000000
-0.307116
-0.614232
-0.307116
-0.153558
-0.460674
-0.460674
-0.153558
-0.460674
-0.153558
-0.153558
0.153558
0.307116
0.000000
-0.307116
-0.614232
-0.460674
-0.767790
-0.307116
-0.307116
-0.614232
-0.153558
-0.307116
-0.153558
0.307116
0.614232
0.767790
0.153558
-0.307116
-0.460674
-0.307116
-0.460674
-0.614232
-0.307116
-0.153558
-0.460674
-0.460674
-0.460674
0.000000
0.307116
0.000000
0.000000
-0.153558
-0.460674
0.000000
-0.307116
-0.614232
-0.153558
0.153558
0.614232
0.307116
0.921348
1.382021
0.921348
1.074906
1.228464
1.382021
1.228464
1.382021
1.842695
1.689137
1.382021
1.074906
1.996253
1.535579
1.382021
1.996253
2.149811
1.535579
1.074906
1.689137
1.074906
0.921348
0.767790
0.767790
0.614232
0.460674
1.074906
0.921348
0.153558
0.000000
0.307116
-0.153558
-0.307116
-0.153558
-0.307116
-0.921348
-1.228464
-0.767790
-1.074906
-1.228464
-1.074906
-0.460674
-0.921348
-0.921348
-0.767790
-0.921348
-1.074906
-1.382021
-0.921348
-1.074906
-1.074906
-0.767790
-0.767790
-1.074906
-1.074906
-0.614232
-0.460674
-1.074906
-1.228464
-1.228464
-1.074906
-1.228464
-0.921348
-1.228464
-0.767790
-0.921348
-1.228464
-0.614232
-0.767790
-0.614232
0.000000
0.000000
-0.614232
-0.614232
-0.614232
-0.921348
-0.460674
-0.153558
0.000000
-0.307116
-0.307116
-0.153558
-0.153558
-0.153558
0.000000
-0.460674
-0.614232
-0.307116
-0.153558
0.307116
0.767790
0.921348
0.921348
1.074906
0.921348
1.074906
0.921348
0.767790
1.074906
1.074906
1.074906
0.460674
0.921348
0.921348
0.921348
0.921348
0.307116
0.153558
1.074906
1.074906
0.767790
0.460674
1.074906
0.460674
0.153558
0.307116
0.614232
0.614232
0.614232
-0.153558
-0.153558
0.460674
0.307116
0.614232
0.000000
0.000000
0.153558
0.460674
0.153558
0.153558
0.460674
0.614232
0.153558
-0.307116
0.153558
0.307116
0.153558
-0.307116
-0.153558
-0.460674
-0.307116
-0.153558
-0.460674
-0.460674
-0.614232
-0.307116
-0.307116
0.000000
-0.307116
-0.460674
-0.614232
-0.460674
-0.614232
-0.153558
-0.460674
-1.074906
-0.614232
-0.460674
-0.460674
-0.460674
-0.460674
0.000000
0.000000
-0.307116
-0.307116
-0.614232
-0.614232
-1.074906
-1.074906
-0.460674
-0.614232
-0.460674
-0.307116
-0.307116
-0.614232
-0.767790
-0.614232
-0.153558
-0.614232
-0.614232
-0.153558
-0.460674
-0.307116
0.000000
0.153558
0.307116
0.767790
0.460674
0.000000
0.153558
0.307116
0.460674
0.307116
0.307116
0.921348
0.614232
0.614232
1.074906
0.767790
0.153558
0.460674
0.460674
0.460674
0.307116
0.000000
0.153558
0.153558
-0.153558
0.000000
-0.153558
-0.307116
0.307116
0.153558
0.307116
0.000000
0.153558
-0.153558
-0.153558
0.000000
0.000000
0.153558
0.153558
0.000000
0.153558
-0.153558
0.000000
0.460674
-0.307116
-0.460674
0.000000
0.153558
0.307116
-0.153558
-0.307116
-0.307116
0.460674
0.460674
0.307116
0.000000
0.000000
0.153558
-0.460674
-0.307116
-0.307116
-0.460674
-0.153558
0.000000
0.000000
-0.460674
-0.307116
-0.307116
-0.307116
-0.153558
-0.307116
0.000000
0.460674
-0.153558
-0.153558
-0.460674
-0.460674
-0.153558
-0.460674
-0.153558
-0.153558
0.000000
0.153558
0.460674
0.307116
0.307116
0.000000
0.460674
0.153558
0.153558
0.767790
0.460674
1.074906
0.921348
0.767790
0.614232
0.307116
0.307116
0.153558
0.153558
-0.153558
-0.460674
-0.614232
-0.614232
-0.460674
-0.307116
-0.460674
-0.460674
-0.307116
-0.153558
-0.153558
-1.074906
-0.767790
-0.460674
-0.614232
-0.460674
-0.307116
-0.153558
-0.153558
0.153558
0.000000
-0.460674
-0.307116
0.153558
0.153558
0.153558
-0.153558
-0.307116
-0.153558
-0.307116
0.153558
-0.153558
0.153558
0.153558
0.307116
0.000000
-0.153558
0.307116
0.460674
0.614232
0.000000
0.000000
0.153558
-0.307116
-0.307116
-0.153558
-0.153558
0.000000
0.153558
0.460674
0.000000
0.153558
0.307116
0.000000
0.000000
0.153558
0.153558
0.921348
0.460674
0.307116
0.000000
0.000000
0.000000
0.000000
0.153558
-0.153558
0.000000
-0.153558
-0.460674
-0.460674
0.153558
0.460674
0.460674
0.000000
-0.460674
0.000000
-0.153558
0.614232
0.614232
0.153558
0.153558
0.000000
0.000000
0.000000
-0.460674
-0.307116
-0.460674
-0.307116
-0.460674
-0.460674
-0.307116
-0.153558
0.000000
0.153558
0.614232
0.307116
0.000000
-0.153558
-0.153558
0.000000
-0.460674
0.000000
0.000000
0.000000
0.153558
0.307116
0.307116
-0.153558
0.000000
0.000000
0.000000
-0.153558
0.153558
0.153558
0.153558
-0.153558
-0.460674
-0.307116
-0.460674
-0.153558
0.153558
0.153558
-0.460674
0.000000
0.307116
-0.153558
-0.153558
-0.307116
-0.153558
0.153558
-0.307116
-0.767790
-0.614232
0.000000
0.000000
-0.153558
0.000000
0.307116
0.307116
0.153558
0.000000
-0.153558
0.000000
-0.153558
0.153558
0.000000
0.000000
0.000000
-0.307116
-0.460674
-0.460674
-0.307116
-0.153558
-0.460674
0.000000
-0.307116
-0.460674
-0.460674
-0.153558
0.307116
0.000000
0.153558
0.153558
-0.153558
0.153558
0.460674
0.460674
0.460674
0.307116
0.460674
0.460674
-0.307116
0.000000
0.307116
0.153558
0.153558
0.000000
0.000000
0.153558
0.153558
0.000000
0.460674
0.153558
0.614232
0.307116
0.307116
0.460674
0.460674
0.153558
0.153558
0.153558
0.153558
0.307116
-0.307116
0.153558
-0.307116
-0.460674
-0.614232
-0.153558
-0.307116
-0.307116
-0.307116
-0.307116
-0.153558
-0.460674
0.000000
-0.307116
-0.153558
0.307116
0.000000
0.307116
0.000000
0.000000
0.153558
0.000000
-0.153558
0.153558
0.153558
0.460674
0.460674
0.460674
0.000000
-0.460674
-0.614232
-0.460674
-0.460674
-0.153558
-0.307116
-0.460674
-0.614232
-0.614232
-0.307116
0.000000
0.307116
0.153558
-0.153558
-0.460674
-0.460674
-0.153558
0.307116
