0.000000
0.000000
0.307853
0.000000
0.000000
-0.153927
0.153927
0.153927
0.153927
0.153927
0.307853
0.153927
0.000000
-0.153927
0.000000
-0.307853
-0.307853
0.000000
0.153927
-0.307853
-0.153927
0.000000
0.153927
0.000000
0.307853
0.461780
-0.461780
-0.153927
0.000000
0.000000
-0.307853
0.153927
-0.153927
-0.153927
0.000000
-0.307853
-0.307853
-0.307853
-0.153927
-0.153927
0.000000
-0.153927
-0.307853
-0.153927
-0.153927
0.000000
0.153927
0.307853
0.000000
0.307853
0.153927
0.153927
0.153927
0.307853
0.153927
-0.307853
-0.307853
-0.307853
-0.307853
0.153927
-0.307853
-0.153927
-0.153927
-0.307853
0.153927
0.153927
0.307853
0.153927
0.307853
0.461780
0.461780
0.153927
0.000000
0.000000
-0.153927
0.153927
0.000000
0.000000
0.307853
0.615707
0.307853
0.153927
0.153927
-0.307853
-0.153927
0.000000
0.153927
0.153927
-0.307853
-0.307853
-0.307853
-0.307853
-0.153927
0.000000
0.153927
-0.153927
-0.153927
-0.153927
0.000000
-0.307853
-0.153927
-0.461780
0.307853
0.461780
0.153927
0.153927
0.307853
0.461780
0.153927
0.615707
0.307853
0.000000
0.000000
-0.153927
-0.307853
-0.153927
0.153927
-0.307853
-0.153927
-0.307853
0.000000
0.000000
0.000000
-0.153927
-0.153927
-0.153927
-0.153927
-0.153927
-0.307853
-0.461780
-0.461780
-0.307853
-0.461780
-0.153927
-0.307853
-0.461780
-0.153927
0.153927
0.153927
0.000000
0.153927
0.000000
0.307853
0.153927
0.307853
-0.153927
0.000000
0.000000
0.000000
-0.307853
-0.307853
0.000000
0.000000
-0.153927
-0.153927
0.307853
0.461780
0.307853
0.000000
0.000000
0.000000
0.461780
0.461780
0.307853
0.000000
0.153927
0.000000
0.000000
0.769633
0.615707
0.153927
0.307853
0.000000
0.153927
0.461780
-0.153927
0.000000
-0.461780
-0.615707
-0.307853
-0.307853
0.153927
0.000000
0.307853
-0.153927
0.000000
0.307853
0.000000
0.615707
0.000000
0.153927
0.307853
-0.307853
-0.153927
0.153927
0.000000
-0.153927
-0.153927
-0.307853
-0.307853
-0.153927
0.000000
-0.307853
-0.307853
-0.153927
-0.461780
0.000000
0.000000
0.000000
-0.153927
0.000000
-0.153927
-0.307853
-0.153927
-0.307853
-0.153927
-0.153927
0.000000
0.000000
-0.153927
0.307853
0.307853
0.153927
0.307853
0.307853
0.307853
0.461780
-0.153927
0.000000
0.000000
-0.307853
-0.153927
-0.153927
-0.307853
0.000000
0.153927
-0.461780
-0.307853
0.000000
0.307853
0.307853
0.153927
0.000000
0.153927
0.461780
0.307853
-0.153927
0.000000
0.307853
0.000000
0.461780
-0.153927
-0.153927
0.000000
0.000000
-0.307853
-0.307853
0.000000
-0.307853
-0.307853
-0.307853
-0.307853
0.000000
0.000000
0.153927
-0.153927
-0.461780
-0.153927
-0.153927
-0.153927
0.461780
0.153927
0.461780
0.153927
-0.307853
-0.153927
-0.307853
0.153927
0.153927
0.000000
0.153927
0.000000
-0.461780
0.153927
0.307853
0.153927
-0.307853
-0.307853
0.307853
-0.153927
-0.307853
-0.153927
-0.153927
-0.461780
-0.153927
-0.307853
0.000000
-0.153927
-0.153927
0.153927
0.153927
-0.461780
-0.615707
-0.153927
0.153927
0.000000
0.153927
0.153927
0.461780
0.307853
0.461780
0.461780
0.769633
0.153927
0.615707
0.153927
-0.153927
-0.153927
0.000000
0.307853
0.153927
0.307853
0.000000
0.307853
0.000000
0.153927
0.307853
0.000000
0.000000
0.153927
0.307853
-0.153927
-0.153927
-0.153927
-0.153927
0.000000
0.000000
0.153927
0.307853
0.153927
0.000000
0.000000
0.000000
0.000000
-0.153927
0.000000
0.153927
-0.153927
0.000000
-0.307853
-0.615707
-0.307853
-0.615707
-0.307853
-0.307853
-0.307853
-0.153927
-0.153927
-0.615707
-0.461780
-0.307853
-0.307853
-0.461780
-0.153927
-0.153927
-0.307853
-0.153927
-0.307853
-0.153927
0.307853
0.153927
0.000000
0.153927
0.153927
0.153927
0.000000
0.153927
0.461780
0.153927
0.307853
0.307853
-0.153927
0.307853
0.461780
0.000000
0.153927
0.000000
0.000000
0.307853
0.000000
0.000000
0.307853
-0.153927
0.000000
0.000000
-0.153927
0.000000
0.000000
0.153927
0.153927
0.000000
0.000000
0.000000
0.153927
-0.153927
0.153927
0.307853
-0.153927
0.000000
0.000000
0.153927
0.153927
0.461780
0.153927
-0.307853
-0.153927
-0.153927
-0.153927
-0.461780
0.000000
-0.307853
-0.307853
-0.153927
-0.461780
-0.153927
-0.153927
0.000000
-0.153927
0.153927
-0.153927
-0.153927
0.153927
-0.153927
-0.307853
0.000000
0.461780
0.307853
0.153927
0.000000
-0.153927
-0.307853
0.153927
-0.153927
-0.307853
0.153927
0.000000
0.307853
0.307853
0.000000
0.153927
0.000000
0.000000
0.307853
0.307853
-0.153927
-0.461780
0.000000
0.000000
0.307853
0.153927
0.153927
0.000000
0.307853
0.307853
0.000000
0.153927
0.000000
0.153927
0.307853
0.000000
-0.307853
-0.461780
-0.461780
0.307853
0.153927
0.461780
0.307853
-0.307853
0.000000
0.000000
-0.153927
0.000000
-0.307853
-0.307853
-0.461780
-0.153927
0.307853
0.153927
-0.153927
0.000000
0.307853
0.000000
0.000000
0.153927
-0.153927
-0.307853
-0.153927
-0.307853
-0.615707
0.307853
0.000000
-0.307853
0.000000
0.000000
0.000000
-0.153927
-0.307853
-0.153927
-0.153927
-0.307853
0.000000
0.000000
-0.307853
-0.153927
-0.461780
0.000000
-0.307853
-0.461780
-0.461780
-0.461780
-0.307853
0.000000
0.000000
0.000000
-0.153927
-0.153927
0.307853
0.461780
0.307853
0.307853
0.769633
0.000000
0.153927
0.153927
0.307853
0.000000
0.000000
0.000000
0.307853
0.461780
0.000000
0.153927
0.307853
0.307853
0.000000
-0.153927
0.153927
0.153927
0.615707
0.615707
0.307853
0.000000
-0.307853
-0.153927
-0.307853
-0.153927
-0.153927
-0.461780
-0.615707
-0.769633
-0.461780
-0.461780
-0.615707
-0.307853
-0.307853
-0.307853
0.307853
0.461780
0.461780
0.461780
0.000000
0.307853
0.461780
0.307853
0.307853
0.153927
0.461780
0.153927
0.307853
0.000000
-0.153927
0.153927
0.307853
0.615707
0.461780
0.153927
0.153927
0.000000
-0.307853
0.000000
0.000000
0.307853
0.307853
-0.153927
0.000000
0.000000
-0.307853
-0.461780
-0.615707
-0.769633
-0.461780
-0.615707
-0.615707
-0.307853
-0.461780
-0.307853
-0.461780
-0.307853
0.000000
-0.153927
0.153927
0.153927
-0.307853
0.000000
-0.153927
0.153927
0.000000
0.000000
0.153927
-0.153927
0.153927
-0.153927
0.153927
0.615707
0.461780
0.615707
0.461780
0.769633
0.769633
0.461780
0.307853
0.461780
0.307853
0.461780
0.461780
0.307853
0.000000
0.000000
-0.153927
0.000000
-0.307853
-0.769633
-0.615707
-0.153927
0.000000
-0.153927
0.000000
0.153927
0.307853
-0.153927
-0.153927
0.153927
0.000000
0.000000
-0.153927
-0.307853
-0.153927
-0.153927
-0.307853
-0.307853
-0.461780
0.000000
0.461780
-0.153927
-0.153927
0.000000
0.000000
0.000000
0.000000
-0.307853
-0.153927
-0.307853
-0.461780
-0.307853
0.000000
-0.153927
-0.307853
-0.153927
-0.461780
-0.153927
-0.307853
-0.153927
-0.307853
-0.153927
0.000000
-0.307853
0.461780
0.461780
0.000000
-0.153927
0.615707
0.153927
-0.153927
0.000000
-0.153927
0.307853
0.615707
0.615707
0.461780
0.000000
-0.153927
-0.307853
0.153927
0.153927
-0.153927
0.000000
0.461780
0.461780
0.307853
0.461780
0.153927
0.153927
-0.153927
0.153927
0.307853
0.000000
-0.307853
0.153927
0.461780
0.153927
0.153927
0.000000
0.000000
-0.153927
0.153927
0.000000
-0.153927
-0.153927
-0.307853
-0.307853
0.000000
-0.307853
-0.769633
0.000000
-0.153927
-0.307853
-0.461780
-0.153927
0.000000
-0.153927
0.000000
-0.153927
-0.461780
-0.461780
-0.769633
-0.615707
-0.307853
-0.153927
0.153927
0.153927
0.000000
0.000000
-0.153927
-0.153927
0.153927
-0.153927
0.000000
0.307853
0.153927
0.000000
0.153927
0.153927
0.153927
0.615707
0.461780
0.153927
0.153927
0.153927
0.307853
0.307853
0.153927
0.000000
0.000000
0.307853
0.307853
0.461780
0.153927
0.000000
0.153927
0.307853
0.153927
0.153927
0.000000
0.307853
0.000000
0.000000
0.153927
-0.153927
0.153927
-0.307853
-0.307853
0.000000
-0.153927
-0.153927
-0.461780
0.000000
-0.461780
-0.307853
-0.153927
-0.153927
-0.307853
-0.461780
-0.153927
0.153927
0.153927
-0.153927
-0.153927
0.153927
0.000000
0.000000
0.153927
0.000000
-0.307853
-0.153927
0.000000
0.000000
0.000000
-0.153927
0.153927
0.000000
0.000000
0.307853
0.153927
0.000000
0.461780
0.307853
0.153927
0.307853
0.307853
0.307853
0.000000
0.461780
-0.153927
-0.153927
0.000000
-0.307853
-0.153927
-0.307853
-0.153927
0.000000
-0.153927
-0.153927
-0.307853
-0.153927
-0.153927
0.000000
-0.307853
-0.153927
0.000000
-0.153927
-0.153927
-0.307853
-0.461780
-0.153927
0.000000
-0.307853
-0.307853
0.000000
0.307853
0.307853
0.307853
0.307853
0.153927
-0.153927
0.153927
0.461780
0.307853
0.153927
0.153927
0.153927
0.000000
-0.153927
-0.307853
-0.461780
-0.153927
0.153927
0.000000
-0.153927
0.153927
0.153927
0.153927
0.153927
0.307853
0.307853
-0.153927
0.000000
-0.307853
0.153927
0.153927
0.153927
0.000000
0.153927
0.153927
0.307853
0.307853
0.153927
0.000000
0.000000
0.000000
-0.307853
-0.153927
-0.307853
-0.307853
-0.307853
0.000000
0.000000
0.153927
-0.153927
-0.153927
-0.307853
-0.153927
0.000000
-0.153927
-0.461780
-0.307853
0.000000
0.000000
-0.307853
-0.307853
0.000000
0.000000
-0.461780
0.153927
0.153927
0.000000
0.000000
-0.153927
0.000000
-0.153927
-0.153927
0.153927
0.307853
-0.153927
-0.153927
0.307853
0.000000
-0.153927
0.153927
0.307853
0.769633
0.153927
0.153927
0.461780
0.307853
0.769633
0.615707
0.615707
0.615707
0.461780
0.307853
-0.307853
-0.461780
0.000000
-0.307853
-0.307853
0.000000
-0.769633
-0.307853
0.000000
-0.615707
-0.153927
-0.153927
0.307853
0.000000
-0.307853
-0.307853
-0.307853
0.000000
-0.307853
-0.461780
-0.461780
-0.461780
0.000000
-0.461780
-0.461780
-0.307853
-0.307853
-0.153927
-0.461780
-0.153927
-0.307853
-0.307853
-0.153927
-0.153927
-0.153927
-0.461780
-0.153927
0.153927
0.615707
0.307853
0.461780
0.153927
0.153927
0.307853
0.307853
0.153927
0.000000
0.153927
0.000000
0.461780
0.000000
0.307853
0.000000
0.153927
0.461780
0.307853
0.307853
0.000000
0.307853
0.307853
0.461780
0.769633
0.307853
0.000000
0.307853
-0.153927
0.000000
-0.153927
-0.461780
-0.461780
-0.461780
0.153927
0.307853
0.153927
0.153927
-0.307853
-0.153927
-0.615707
-0.615707
-0.153927
-0.153927
0.153927
0.307853
0.000000
-0.153927
0.153927
0.153927
-0.153927
0.000000
0.153927
-0.153927
0.000000
-0.461780
-0.307853
0.307853
0.153927
0.000000
0.307853
0.153927
0.000000
0.153927
-0.153927
-0.461780
-0.153927
0.000000
-0.307853
-0.153927
-0.153927
0.000000
0.461780
0.307853
-0.153927
0.153927
0.153927
0.153927
0.153927
-0.153927
-0.461780
-0.461780
0.000000
0.153927
0.153927
0.307853
0.000000
0.307853
-0.153927
0.153927
0.000000
-0.461780
-0.307853
-0.307853
-0.307853
-0.307853
-0.153927
-0.153927
-0.153927
0.153927
0.307853
0.307853
0.153927
0.307853
0.000000
0.000000
0.461780
0.307853
0.000000
0.307853
0.307853
0.153927
0.461780
0.461780
0.461780
0.307853
0.000000
0.000000
-0.461780
-0.307853
0.153927
0.307853
0.000000
-0.153927
0.000000
0.307853
0.307853
0.153927
0.153927
0.153927
0.153927
0.615707
0.461780
0.153927
0.307853
0.307853
-0.153927
0.000000
0.000000
0.461780
0.000000
-0.153927
-0.153927
-0.615707
-0.153927
-0.153927
-0.307853
-0.461780
-0.153927
-0.307853
-0.769633
-1.539267
-0.769633
-0.307853
-0.615707
-0.769633
-0.461780
-0.307853
-0.153927
-0.153927
0.153927
-0.153927
-0.307853
0.153927
0.307853
0.000000
-0.153927
0.461780
0.000000
0.000000
0.000000
-0.307853
-0.307853
0.153927
0.153927
0.000000
-0.153927
-0.153927
0.000000
0.153927
-0.153927
0.307853
0.153927
0.000000
0.461780
0.615707
0.615707
0.615707
0.461780
0.153927
0.307853
0.153927
-0.307853
0.000000
-0.153927
0.153927
0.000000
0.000000
0.307853
0.461780
0.461780
0.461780
0.307853
0.153927
-0.153927
0.153927
0.153927
0.153927
0.153927
-0.307853
-0.769633
-0.615707
0.000000
0.000000
0.307853
0.153927
0.153927
0.307853
0.000000
0.000000
0.000000
0.000000
-0.307853
-0.461780
0.000000
-0.615707
-0.461780
0.307853
0.000000
0.307853
0.000000
0.000000
-0.307853
-0.307853
-0.153927
-0.153927
-0.307853
-0.307853
0.153927
0.461780
0.461780
0.153927
-0.153927
0.307853
-0.153927
-0.153927
0.153927
0.307853
0.307853
0.000000
0.307853
-0.307853
0.000000
0.153927
0.307853
0.153927
0.000000
-0.153927
0.153927
0.307853
0.307853
0.153927
0.153927
0.153927
0.000000
0.000000
-0.461780
-0.307853
-0.153927
0.307853
-0.153927
0.000000
-0.307853
0.000000
0.307853
0.153927
-0.153927
-0.923560
-0.615707
-0.153927
0.000000
0.153927
0.000000
0.000000
0.000000
0.000000
-0.615707
-0.307853
0.153927
-0.153927
0.000000
-0.461780
0.000000
-0.153927
-0.461780
-0.153927
-0.153927
-0.153927
-0.307853
0.000000
0.153927
0.153927
-0.461780
-0.307853
0.000000
-0.461780
0.307853
0.000000
0.153927
0.000000
0.000000
0.153927
0.153927
0.615707
0.153927
0.307853
0.615707
0.461780
0.307853
0.153927
0.307853
0.307853
0.153927
0.153927
0.153927
0.000000
0.000000
-0.153927
0.153927
0.000000
0.307853
0.000000
0.000000
-0.307853
0.000000
0.153927
0.153927
-0.153927
-0.153927
0.000000
-0.153927
-0.307853
-0.153927
0.000000
0.000000
0.153927
0.307853
-0.153927
0.000000
0.153927
0.153927
0.153927
0.000000
-0.307853
-0.615707
-0.307853
-0.153927
0.153927
0.153927
0.153927
0.000000
0.153927
0.307853
0.153927
0.153927
0.153927
0.153927
0.307853
0.923560
0.615707
0.153927
0.615707
0.615707
0.461780
0.461780
0.153927
0.307853
0.153927
0.153927
0.153927
0.000000
0.000000
0.000000
0.000000
0.307853
-0.153927
-0.153927
-0.153927
-0.153927
0.000000
-0.153927
-0.153927
-0.769633
-1.077487
-0.615707
-0.615707
-0.307853
-0.153927
-0.461780
-0.769633
-0.769633
-0.307853
0.000000
-0.307853
-0.615707
-0.307853
-0.307853
-0.307853
-0.307853
-0.461780
0.000000
-0.153927
-0.307853
-0.461780
-0.153927
0.000000
0.307853
0.615707
0.153927
-0.307853
-0.153927
0.000000
-0.461780
-0.461780
-0.307853
-0.307853
-0.307853
-0.461780
0.153927
0.153927
-0.153927
-0.153927
0.307853
0.153927
0.307853
0.461780
0.307853
0.307853
0.615707
0.461780
0.307853
0.461780
0.153927
0.461780
0.307853
0.307853
0.461780
0.461780
0.307853
0.000000
0.307853
0.153927
-0.153927
0.153927
0.153927
0.307853
0.153927
0.307853
0.461780
0.000000
0.307853
0.307853
0.769633
0.461780
0.153927
0.615707
0.307853
0.153927
-0.307853
-0.153927
0.000000
-0.153927
-0.153927
0.153927
0.307853
0.307853
0.000000
0.000000
-0.153927
0.153927
-0.153927
-0.307853
0.000000
-0.307853
-0.461780
0.000000
-0.153927
-0.153927
0.153927
-0.153927
0.000000
-0.153927
0.153927
0.153927
0.000000
0.153927
0.153927
0.153927
0.000000
-0.153927
-0.307853
0.153927
0.153927
0.153927
-0.153927
-0.461780
-0.153927
0.000000
0.000000
-0.153927
0.461780
0.461780
0.461780
0.461780
0.307853
-0.307853
-0.461780
0.000000
0.000000
-0.153927
0.000000
0.000000
-0.153927
-0.153927
-0.153927
0.153927
0.153927
-0.153927
-0.615707
-0.307853
-0.153927
-0.461780
-0.307853
0.000000
-0.615707
-0.307853
-0.615707
0.000000
-0.615707
-0.461780
-0.307853
-0.769633
-0.769633
-0.923560
-0.769633
-0.615707
-0.153927
0.000000
0.153927
-0.153927
-0.307853
0.000000
0.153927
-0.153927
-0.307853
-0.307853
-0.307853
0.000000
0.000000
0.000000
0.307853
0.153927
-0.307853
-0.153927
-0.153927
-0.153927
0.153927
0.307853
0.307853
0.153927
0.000000
0.461780
0.307853
0.307853
0.307853
0.307853
0.153927
0.153927
0.307853
0.461780
0.153927
0.461780
0.615707
-0.153927
0.307853
0.000000
-0.153927
0.000000
0.461780
0.615707
0.615707
0.615707
0.307853
0.307853
0.153927
0.153927
-0.153927
0.000000
0.307853
0.615707
0.307853
0.461780
0.461780
0.461780
0.769633
0.923560
0.307853
0.615707
0.153927
-0.153927
0.153927
-0.153927
0.000000
0.000000
-0.153927
-0.307853
0.153927
0.000000
-0.153927
0.000000
-0.153927
0.153927
0.153927
-0.153927
0.000000
-0.153927
0.000000
0.000000
0.153927
0.461780
0.615707
0.615707
0.769633
0.461780
0.153927
0.461780
0.307853
0.307853
0.307853
0.153927
0.000000
0.000000
0.153927
0.153927
0.000000
-0.307853
-0.153927
0.000000
-0.153927
-0.307853
-0.153927
-0.615707
-0.307853
-0.307853
-0.307853
-0.461780
-0.307853
-0.923560
-0.923560
-0.769633
-0.769633
-0.923560
-0.769633
-0.769633
-0.923560
-0.615707
-0.615707
-0.769633
-1.077487
-0.615707
-1.077487
-0.769633
-1.077487
-1.077487
-1.231413
-1.385340
-0.615707
-1.077487
-1.077487
-0.923560
-0.769633
-0.307853
-0.769633
-0.923560
-1.077487
-0.769633
-0.461780
-0.461780
-0.307853
-0.307853
-0.153927
0.000000
-0.153927
0.000000
0.000000
-0.153927
-0.153927
0.153927
0.615707
0.769633
1.077487
0.923560
0.615707
0.769633
0.769633
1.077487
1.077487
0.923560
0.615707
1.077487
1.231413
0.923560
1.231413
1.385340
1.231413
1.385340
1.385340
1.385340
1.077487
0.923560
0.769633
0.769633
1.077487
0.923560
0.615707
0.461780
1.077487
0.923560
0.461780
0.461780
0.000000
0.615707
0.461780
0.307853
0.000000
0.307853
0.307853
0.461780
0.307853
0.153927
0.307853
-0.153927
0.153927
0.153927
-0.615707
-0.615707
-0.153927
-0.153927
-0.307853
-0.461780
-0.461780
-0.461780
-0.307853
-0.307853
0.153927
0.000000
0.153927
0.307853
0.461780
0.769633
0.615707
0.615707
0.461780
0.307853
0.615707
0.307853
0.461780
0.153927
0.769633
0.923560
0.769633
1.077487
0.769633
0.769633
0.923560
0.461780
0.461780
0.153927
0.307853
0.615707
0.153927
0.153927
-0.615707
-0.307853
-0.153927
-0.153927
-0.615707
-1.385340
-1.539267
-1.693193
-1.539267
-2.154973
-2.462827
-2.462827
-2.616753
-2.616753
-2.770680
-2.924607
-2.770680
-3.232460
-3.078533
-3.540313
-3.540313
-3.232460
-3.386387
-3.540313
-3.232460
-3.386387
-3.232460
-3.232460
-3.078533
-2.770680
-2.924607
-2.462827
-2.154973
-2.154973
-1.847120
-1.077487
-1.231413
-0.769633
-0.153927
0.000000
0.000000
0.307853
0.615707
1.077487
1.693193
1.847120
2.154973
2.154973
2.462827
2.616753
2.924607
3.078533
2.924607
3.232460
3.694240
3.848167
3.848167
4.002093
4.156020
3.694240
4.156020
4.002093
4.156020
4.156020
4.156020
3.848167
3.694240
3.386387
3.386387
3.386387
3.078533
3.386387
2.770680
2.924607
2.462827
2.001047
1.385340
1.539267
1.847120
1.385340
0.923560
0.461780
0.307853
0.153927
0.000000
-0.769633
-1.231413
-1.539267
-1.693193
-2.308900
-3.078533
-3.232460
-3.540313
-4.002093
-4.617800
-5.695287
-6.157067
-6.157067
-6.003140
-5.695287
-5.849213
-6.310993
-6.003140
-5.233507
-4.309947
-3.540313
-2.154973
-1.385340
0.000000
2.154973
4.156020
6.003140
9.081674
11.544500
13.699474
16.008374
17.855494
19.394760
22.781147
25.243974
26.167534
27.091094
27.091094
26.321461
26.937167
26.321461
23.396854
19.856541
15.546594
11.082720
6.003140
0.000000
-6.310993
-13.699474
-20.626174
-28.938214
-37.558108
-45.254441
-52.796848
-59.723548
-65.572762
-73.576949
-81.888989
-85.429302
-88.199982
-90.508882
-90.662809
-94.818829
-96.512022
-92.356002
-88.969616
-84.197889
-79.272235
-76.193702
-70.498415
-61.724595
-53.874335
-45.716221
-37.404181
-30.323554
-21.703661
-12.468060
-3.386387
5.541360
14.776960
23.242927
31.554967
39.251301
46.639781
52.027215
59.415695
66.804175
70.960195
74.808362
78.040822
80.657575
86.198936
91.124589
92.356002
94.203122
94.972756
95.434536
99.744483
101.437676
99.898409
99.590556
97.743436
96.665949
98.820922
97.435582
94.049196
91.894222
87.892129
86.506789
86.506789
82.196842
77.579042
72.807315
66.650248
61.724595
57.106795
48.640828
40.482714
30.631407
20.626174
10.159160
-1.231413
-13.545547
-25.705754
-38.481668
-50.949728
-65.264908
-78.502602
-89.739249
-100.821969
-109.441863
-117.907830
-128.374843
-133.608350
-134.993690
-134.839763
-130.221963
-124.834530
-118.831390
-104.670136
-86.352862
-65.572762
-41.252348
-13.391620
16.470154
48.640828
80.195795
111.442909
139.457564
168.703631
193.639752
209.955979
221.808332
225.040792
221.346552
217.960166
205.184252
181.633471
154.542377
122.063850
87.892129
51.719361
11.236647
-29.707847
-70.036635
-107.748669
-145.460704
-184.096298
-217.190532
-245.513040
-272.296280
-292.460674
-314.780041
-338.638675
-350.798882
-360.958042
-366.807256
-369.885789
-368.038669
-362.805162
-354.493122
-342.332915
-326.478468
-306.006221
-282.609367
-253.979006
-219.961212
-183.480591
-144.075364
-103.592649
-62.494228
-19.548687
22.319367
62.186375
98.974849
132.530863
162.546564
187.944465
209.186345
226.580059
240.279533
250.592620
256.749686
262.444973
266.908847
269.679527
270.603087
270.295233
268.294187
263.830313
256.749686
247.514086
236.739219
223.193672
206.723519
187.328758
167.780071
147.615677
127.913063
109.134009
93.125636
78.964382
66.804175
57.260721
50.487948
44.946588
40.944494
36.634548
31.862821
25.705754
18.317274
12.006280
1.539267
-9.543454
-21.087954
-32.940307
-43.561248
-52.796848
-59.723548
-64.957055
-68.805222
-69.728782
-68.343442
-66.496322
-64.187422
-60.801035
-57.106795
-55.567528
-55.259675
-56.491088
-60.647108
-65.726688
-72.037682
-78.964382
-87.430349
-94.510976
-100.206263
-104.054429
-105.593696
-105.131916
-102.669089
-97.589509
-92.971709
-87.584276
-83.890035
-81.581135
-82.196842
-89.431396
-100.668043
-115.598930
-132.376937
-147.769604
-159.160177
-165.317244
-161.776931
-143.459657
-109.287936
-58.030355
9.235600
89.585322
179.786351
274.913034
368.346523
455.622945
531.816647
591.848048
630.329716
644.337043
633.562176
599.852235
545.362194
473.786292
390.050183
298.155961
201.336085
105.593696
15.854447
-65.418835
-135.147617
-192.408338
-237.508853
-273.065914
-300.003081
-320.167475
-334.482655
-346.181082
-358.495216
-372.810396
-391.281597
-413.600964
-439.152791
-466.089958
-492.719272
-516.731833
-536.896227
-551.827114
-557.368474
-551.365334
-531.970573
-499.030266
-452.698338
-394.821910
-327.402028
-252.747593
-172.551798
-89.739249
-8.158114
68.189515
136.840810
195.179018
241.664873
276.914080
300.310934
312.778995
315.703601
309.392608
297.386328
282.147587
265.985287
251.516180
240.279533
233.968539
231.967493
235.046026
243.050213
255.210420
270.141307
284.918267
297.848108
308.161194
313.394701
312.163288
303.697321
287.996801
265.215653
235.507806
199.950745
161.930857
123.141336
83.736109
46.639781
14.623034
-12.468060
-34.633501
-50.334021
-59.415695
-64.187422
-66.188468
-66.650248
-66.496322
-67.265955
-69.728782
-73.730875
-81.273282
-91.894222
-104.362283
-117.599976
-131.299450
-144.537144
-154.850231
-162.700491
-168.395778
-170.858604
-169.781118
-165.317244
-160.391591
-152.849184
-144.229290
-136.071177
-128.836623
-121.909923
-114.829296
-108.364376
-101.283749
-93.587416
-84.043962
-73.884802
-61.570668
-47.409415
-33.248161
-20.318321
-9.081674
-1.385340
0.769633
-4.002093
-15.392667
-33.709941
-58.338208
-85.891082
-113.443956
-137.302590
-153.464891
-156.697351
-143.921437
-110.981129
-54.182188
24.782194
120.832436
229.812519
350.644956
473.940219
588.615588
687.436511
769.017646
826.894074
851.830195
841.671035
801.034394
732.998805
639.411389
526.429213
402.210390
271.680574
140.535050
14.930887
-97.435582
-195.486872
-276.914080
-340.331869
-387.895210
-422.682637
-448.080538
-464.704618
-475.941265
-484.715086
-496.721366
-514.730786
-537.204080
-562.755908
-592.155902
-623.556942
-651.879450
-674.352744
-689.283631
-694.824991
-686.512951
-659.729710
-613.705635
-551.827114
-475.171632
-384.200970
-283.994707
-179.170645
-72.345535
33.248161
130.068037
213.804145
283.379000
337.561189
374.195736
394.052277
400.363270
395.283690
378.967463
354.800976
329.864855
306.006221
284.148634
266.293140
256.287906
252.285813
250.746546
254.594713
262.752827
273.065914
280.762247
285.533974
286.919314
283.225074
273.989474
259.212513
241.049166
218.268019
192.100485
164.239757
137.148663
109.595789
83.890035
60.954962
40.482714
22.319367
7.080627
-4.309947
-13.853400
-22.011514
-29.399994
-35.557061
-42.637688
-50.795801
-58.953915
-67.265955
-78.040822
-90.354956
-101.899456
-113.905736
-125.758090
-136.686883
-145.768557
-153.157037
-159.314104
-163.008344
-163.624051
-162.854417
-160.237664
-155.773791
-149.154944
-142.074317
-134.685837
-126.065943
-116.368563
-107.132963
-97.743436
-86.045009
-73.576949
-60.647108
-46.947635
-31.708894
-17.855494
-6.464920
2.001047
5.695287
3.232460
-7.234554
-26.629314
-54.643968
-90.354956
-130.068037
-169.935044
-205.799959
-230.736079
-237.508853
-222.885819
-180.709911
-104.977989
-0.615707
126.681650
271.834500
430.994678
592.771608
741.618699
867.992495
970.969438
1040.544293
1063.633294
1040.698220
978.203991
881.538042
752.239639
598.312968
431.302531
258.288953
86.506789
-74.500509
-215.959119
-336.175848
-433.919284
-506.110893
-555.521354
-586.922395
-606.009302
-612.936002
-611.704589
-609.857469
-612.936002
-624.942282
-644.029190
-668.041750
-696.518184
-728.842785
-759.320266
-781.485706
-793.030207
-790.259527
-769.017646
-722.377865
-649.724476
-558.753814
-449.619805
-322.938155
-185.481638
-45.562294
91.740296
220.884772
333.097315
422.990491
488.101472
527.352773
540.128687
529.661673
500.107753
457.623992
405.134997
347.720349
297.232401
260.443927
233.660686
217.498385
215.651265
228.427179
251.362253
276.452300
300.003081
323.707788
339.100455
338.484749
325.862762
303.851248
271.064867
228.427179
182.095251
135.917250
92.356002
54.028261
24.012561
3.848167
-7.080627
-7.850260
-3.078533
3.386387
10.928794
19.702614
25.551827
23.242927
15.238740
3.078533
-14.469107
-38.943448
-64.649202
-87.738202
-111.288983
-133.916203
-153.464891
-167.933998
-179.478498
-188.560171
-193.639752
-197.180065
-200.566452
-203.952838
-205.338179
-206.877445
-207.339225
-204.568545
-199.488965
-193.485825
-185.019858
-171.782164
-155.312011
-138.380077
-118.061756
-94.049196
-68.343442
-44.638734
-20.934027
2.308900
21.549734
33.556014
36.326694
29.861774
12.929840
-14.161254
-51.103655
-94.818829
-138.534003
-175.784258
-201.643938
-209.032419
-190.407291
-134.224057
-38.019888
88.969616
239.048119
411.138137
603.392549
793.030207
960.964204
1098.882501
1204.476197
1267.740059
1269.895032
1214.789284
1112.120195
970.969438
792.414500
588.461662
372.502543
155.158084
-51.873288
-239.971679
-399.439710
-532.278427
-634.639663
-704.214518
-745.159012
-766.862673
-778.407173
-776.406126
-765.939113
-756.395659
-758.242779
-771.326546
-787.950627
-808.115020
-833.820774
-864.452182
-887.079402
-893.698249
-884.154796
-858.910822
-809.654287
-727.457445
-617.553802
-487.023986
-339.254382
-176.246038
-6.310993
160.083737
316.011455
453.314045
561.216641
634.793589
676.045937
685.281537
655.111910
594.003022
519.348586
437.151744
343.410402
247.206233
175.938184
134.685837
108.826156
94.049196
105.747623
149.616724
198.873258
237.508853
274.759107
316.011455
340.947575
334.482655
307.545488
274.913034
234.430319
179.632425
120.062803
68.805222
33.402088
11.698427
0.153927
0.615707
17.855494
51.719361
86.198936
112.366470
133.146570
156.389497
169.473264
156.543424
128.990550
101.745529
70.498415
21.703661
-33.863868
-74.346582
-104.362283
-139.303637
-175.168551
-195.179018
-200.258598
-207.647079
-220.422992
-227.503619
-225.040792
-223.039746
-227.811472
-234.122466
-235.046026
-228.888959
-219.037652
-211.803099
-206.107812
-190.253365
-164.547611
-138.534003
-120.062803
-98.513069
-66.342395
-36.018841
-18.163347
-4.925653
10.005234
8.465967
-18.625127
-47.717268
-69.267002
-116.984270
-201.951792
-263.368533
-257.519320
-245.974820
-277.529787
-262.752827
-100.514116
129.144477
278.761200
405.288924
667.272117
1012.067859
1230.181951
1304.682460
1413.970396
1582.674027
1618.692868
1464.766197
1280.669899
1145.522282
951.112897
639.103536
324.939202
71.729828
-177.323524
-436.536038
-630.945423
-751.777859
-871.071029
-976.049018
-990.056345
-936.028084
-927.869970
-964.350591
-937.105570
-841.517108
-805.652194
-878.305582
-937.875204
-907.397723
-880.768409
-951.728604
-1040.390366
-1020.379899
-931.872064
-885.386209
-861.835428
-746.390426
-539.974760
-345.719302
-179.786351
21.703661
257.519320
456.700432
611.704589
756.549586
864.298255
887.695109
861.065795
837.668941
770.249059
609.395689
429.609338
322.168521
235.199953
80.503649
-69.113075
-88.507836
-26.475387
-22.935074
-51.565435
27.552874
189.637658
264.292093
236.123513
255.826126
345.565375
349.567469
232.275346
141.920390
134.839763
103.746576
6.157067
-55.259675
-32.786381
12.621987
49.102608
99.744483
167.626144
243.204139
330.942342
392.820863
382.507776
346.950715
351.722442
332.019828
210.571685
72.807315
20.780101
-15.238740
-130.837670
-241.972726
-250.438693
-230.120372
-268.909893
-308.930828
-283.840780
-249.669060
-261.367487
-283.225074
-283.071147
-283.071147
-294.769574
-304.928734
-318.936061
-326.632395
-302.004128
-265.677433
-260.443927
-256.287906
-192.254412
-111.904689
-90.816736
-92.048149
-32.016747
50.026168
67.419882
41.098421
41.714128
51.873288
18.779054
-40.174861
-110.365423
-212.110952
-302.158054
-308.161194
-286.765387
-339.716162
-358.495216
-145.306777
198.257552
400.517197
504.417699
818.582034
1316.996593
1624.080301
1647.938935
1705.815363
1923.005895
1991.041484
1742.142057
1408.275109
1187.698190
955.268917
571.683654
142.382170
-214.881632
-509.497280
-768.401939
-955.730697
-1083.643761
-1203.244784
-1266.508645
-1208.632217
-1087.338001
-1043.468900
-1064.249000
-1014.376759
-874.765269
-800.726540
-896.776783
-1018.378852
-1005.295085
-934.796670
-993.134878
-1140.596629
-1149.832229
-987.285665
-844.903495
-797.032300
-676.661644
-391.743377
-81.119355
140.227197
339.716162
587.692028
813.194601
954.499284
1040.236440
1076.101354
1024.228066
909.398770
798.417640
654.957983
420.219811
175.784258
35.710988
-53.566481
-199.950745
-321.860668
-284.456487
-162.084784
-109.903643
-80.349722
63.109935
248.129793
313.702555
295.231354
326.632395
366.653329
298.617741
174.398918
102.823016
60.185328
-10.774867
-55.105748
-32.786381
8.927747
60.647108
168.549704
297.386328
365.575843
414.524524
503.801993
552.288894
487.177912
395.437617
353.569562
271.218794
100.975896
-41.098421
-98.820922
-166.240804
-278.453347
-335.560142
-318.474281
-314.472188
-334.790508
-320.167475
-285.841827
-284.918267
-292.306747
-280.300467
-279.838687
-292.768527
-277.375860
-250.284766
-260.751780
-266.908847
-203.644985
-115.906783
-84.813595
-80.657575
-42.637688
15.084814
61.724595
107.286889
149.154944
147.923530
103.284796
49.102608
-6.003140
-78.348675
-189.945511
-325.093128
-415.755937
-450.235511
-548.902507
-720.222892
-667.118190
-211.495245
268.448113
368.654376
403.441804
925.714997
1675.645736
1975.802743
1906.227888
2085.244606
2454.976469
2369.701093
1821.106439
1401.656262
1263.430112
986.054252
426.838657
-130.837670
-565.680514
-961.887764
-1255.271998
-1332.543187
-1355.016481
-1487.701271
-1577.748373
-1439.676150
-1210.479337
-1138.903435
-1146.137989
-999.599799
-753.163199
-717.913991
-958.193524
-1130.129615
-1019.764192
-875.688829
-1000.523359
-1220.946351
-1180.771490
-929.871017
-764.707699
-685.589391
-435.612478
-19.856541
314.318261
509.959060
728.688858
1008.527545
1210.325411
1295.446859
1309.300260
1214.635357
981.128598
735.769485
580.149621
384.200970
40.790568
-292.306747
-425.607244
-462.241792
-573.222921
-633.562176
-458.855405
-191.176925
-94.357049
-77.117262
118.831390
407.905677
496.721366
392.513010
356.648096
393.590497
312.163288
136.071177
54.951821
72.653389
56.337161
36.788474
99.590556
219.653359
348.951762
505.033406
634.023956
649.570550
636.640709
686.359024
683.588344
501.647019
285.072194
180.555985
58.184281
-178.554938
-361.573749
-362.189456
-355.262756
-460.856452
-531.662720
-458.085772
-355.108829
-330.018782
-321.091035
-295.847061
-289.843921
-301.542348
-293.230307
-277.529787
-273.989474
-249.669060
-216.420899
-202.875352
-167.780071
-62.956008
28.014654
8.773820
-30.323554
29.399994
120.062803
105.901549
28.630361
-6.772774
-39.097374
-147.615677
-286.919314
-382.661703
-469.476345
-555.367427
-596.773702
-648.339136
-748.391472
-646.184163
-99.282703
548.748581
795.339107
849.521295
1363.020668
2217.929396
2641.073813
2519.779597
2498.999496
2743.742903
2624.757586
1957.485469
1305.606020
986.208178
636.025003
-10.005234
-696.518184
-1202.321224
-1547.578746
-1757.996504
-1795.400685
-1781.085505
-1840.347273
-1835.421620
-1618.385014
-1305.759946
-1149.062596
-1116.891922
-991.903465
-764.707699
-688.975777
-890.004009
-1078.256327
-981.898231
-772.250106
-804.574707
-998.214459
-942.339077
-578.764281
-243.358066
-83.890035
145.152850
562.140201
944.340124
1121.663648
1203.860490
1322.845807
1395.345269
1312.994500
1091.340094
784.718166
419.911957
56.645015
-223.193672
-476.864825
-805.190414
-1115.044801
-1195.086670
-1077.948474
-1010.836446
-974.509751
-714.373678
-276.452300
1.077487
125.912017
436.689964
875.996682
1036.080419
927.716043
934.796670
1049.318113
947.264731
696.210331
584.613495
532.278427
344.180035
184.404151
214.265925
248.899426
205.646032
258.135027
376.196783
337.869042
250.284766
341.409355
414.216670
222.270112
-12.929840
-41.868054
-86.814642
-324.939202
-496.721366
-459.009332
-455.007238
-589.693075
-628.174743
-509.189426
-419.450177
-388.510916
-307.699414
-216.882679
-198.565405
-155.158084
-34.633501
58.338208
93.587416
152.233477
217.960166
220.115139
241.972726
346.027155
400.978977
294.769574
135.455470
48.486901
4.925653
-53.874335
-145.460704
-270.141307
-417.449131
-560.139154
-689.899337
-803.805074
-879.844849
-942.954784
-1010.220739
-1046.239580
-1072.253187
-1119.046895
-908.936990
-141.766464
757.011366
1079.179887
1081.334861
1732.752530
2919.219307
3501.369975
3263.553269
3163.347006
3466.120767
3261.860076
2303.974405
1432.903376
1068.251094
642.489923
-230.428226
-1158.452123
-1800.326339
-2173.444588
-2354.000573
-2342.302146
-2286.580691
-2328.294819
-2309.669692
-2041.375505
-1593.141040
-1287.750526
-1206.939024
-1101.037474
-830.126534
-660.037563
-860.604015
-1077.178841
-862.451135
-448.234465
-420.527664
-680.817664
-558.907741
27.091094
529.045967
702.367398
906.935943
1306.221726
1603.300200
1639.165115
1578.825860
1536.957805
1378.567261
1031.462619
560.754861
24.782194
-508.727646
-932.641697
-1189.237457
-1400.732702
-1671.489716
-1892.682341
-1832.343086
-1432.595523
-973.894045
-703.290958
-451.312998
63.109935
643.721336
881.691969
959.424938
1311.301306
1679.339976
1501.708598
1043.776753
999.753725
1176.153690
944.647977
481.944405
356.186316
413.447037
233.198906
59.723548
166.086878
274.297327
179.016718
123.141336
146.692117
26.321461
-57.568575
66.188468
48.179048
-322.784228
-543.669000
-352.338149
-278.761200
-520.272146
-594.618728
-363.420869
-324.785275
-520.426073
-470.399905
-184.558078
-70.036635
-161.469077
-158.236617
-53.566481
44.484808
170.396824
286.919314
320.321401
357.263802
475.171632
481.636552
339.562235
286.919314
312.932921
147.153897
-170.858604
-325.247055
-356.032389
-525.351727
-794.877327
-967.429124
-1063.941147
-1172.921230
-1244.343205
-1237.570431
-1192.469917
-1144.290869
-1110.888781
-919.711857
-154.850231
1021.919166
1760.613258
1811.101206
2189.606889
3409.321826
4325.031589
4150.016965
3699.627527
3783.055782
3608.656864
2508.389023
1266.970425
597.851188
80.349722
-889.850082
-1927.931549
-2627.528266
-3036.973210
-3225.533381
-3144.567953
-2872.271672
-2716.343955
-2583.505239
-2259.797450
-1699.966150
-1181.387196
-978.050065
-892.774689
-659.421857
-333.559095
-368.500449
-634.331809
-494.566392
67.881662
376.350709
174.091064
199.181112
790.105600
1399.963069
1569.128480
1567.589213
1730.905410
1802.635239
1573.900206
1159.991389
747.467912
292.922454
-292.152821
-925.253217
-1551.734766
-2080.318953
-2413.262341
-2469.907356
-2342.917852
-2223.932536
-2072.622619
-1693.809083
-1003.294039
-258.904660
304.774808
757.011366
1235.415458
1699.504370
1985.192270
2132.192240
2233.014210
2245.944050
2063.848799
1720.592323
1399.809142
1161.684583
931.872064
598.005115
196.410432
-144.691070
-353.723489
-466.243885
-586.922395
-705.138078
-752.855346
-707.139125
-655.419763
-629.252229
-505.495186
-258.596807
-64.495275
-73.730875
-111.442909
18.779054
188.868025
178.093158
39.405228
-13.391620
-13.545547
-94.664902
-207.954932
-202.259645
-89.431396
-30.169627
-53.874335
-42.483761
113.905736
348.951762
501.185239
531.816647
517.347540
488.409326
370.193643
159.314104
-50.487948
-254.594713
-504.879479
-789.643820
-1023.920213
-1162.300289
-1237.262578
-1266.816499
-1297.909686
-1289.905499
-1206.477244
-1081.642714
-906.628090
-704.830224
-545.516120
-469.014565
51.411508
1337.468840
2548.102104
2771.295777
2599.359686
3423.329153
4716.467112
4922.728851
4056.737402
3502.909242
3472.431761
2651.540827
1038.851100
-268.448113
-837.515014
-1467.998657
-2579.810998
-3535.541696
-4000.708094
-3947.757320
-3694.547947
-3290.798290
-2851.029792
-2511.929337
-2084.474973
-1500.631111
-703.598811
-207.185299
-131.453377
-46.947635
314.472188
592.001975
280.916174
99.898409
574.454334
1183.080390
1105.809201
703.598811
971.739071
1617.923234
1860.511667
1495.705458
1139.519142
973.586191
595.850142
-39.097374
-773.173666
-1351.476167
-1899.609041
-2448.203695
-2895.668526
-3171.197267
-3108.395185
-2770.987923
-2186.220502
-1583.443660
-1061.016540
-468.091005
324.323495
1304.990313
2020.595404
2328.140892
2441.892702
2608.441359
2730.197356
2555.952365
2356.925179
2202.844582
1866.360880
1185.543217
575.685748
408.521384
245.666966
-172.243944
-688.206144
-982.975718
-1191.854210
-1379.182968
-1309.762040
-1147.523329
-1036.850053
-961.118131
-684.050124
-349.721395
-62.802082
377.428196
780.562146
869.685689
674.968450
685.281537
829.972608
707.446978
388.664843
107.902596
-82.504695
-366.807256
-543.361147
-506.572673
-386.817723
-290.921407
-254.902566
-182.710958
-32.786381
299.079521
571.837581
563.371614
387.741283
247.668013
99.128776
-223.193672
-510.882620
-696.364258
-880.614482
-1155.989296
-1323.461513
-1252.655245
-1116.430142
-976.972578
-908.783063
-753.778906
-595.696215
-441.461691
-284.918267
-214.111999
-232.121419
-237.970633
571.067948
2038.450898
2947.849668
2675.091608
2562.571211
3798.140596
4933.657645
4660.899584
3526.152169
3075.608804
2856.417225
1539.728486
-250.284766
-1478.003891
-1895.606948
-2631.222506
-3719.791921
-4453.714286
-4505.587574
-3892.035865
-3281.716616
-2591.047645
-2005.510591
-1410.276156
-777.945393
-103.130869
691.900384
926.638557
787.950627
684.819757
915.247983
876.612389
300.310934
229.350739
799.649054
1231.259438
785.179946
396.822957
875.227049
1431.979816
1305.298166
571.837581
77.425115
-286.457534
-903.395629
-1679.032122
-2379.090620
-2733.583742
-3027.891536
-3232.306155
-3245.082069
-2899.978473
-2126.958734
-1248.037445
-287.381094
501.800946
1129.206055
1733.676090
2410.337734
2993.258036
2976.018248
2791.614097
2728.042382
2518.394257
1832.804866
1150.601862
1087.645854
831.050094
30.323554
-740.233359
-855.986215
-839.669988
-1229.258391
-1423.821703
-1353.785067
-1220.176717
-1188.929603
-917.556883
-464.858545
-137.918297
320.629255
700.674204
876.612389
908.629136
1206.939024
1488.163051
1195.548450
748.083619
475.787339
328.171662
-80.195795
-451.774778
-569.374754
-695.594624
-803.343294
-826.124441
-623.710869
-401.286830
-109.595789
176.707818
224.579012
228.119326
355.416682
562.448054
442.231324
152.387404
15.546594
-117.753903
-394.206203
-686.205097
-662.962170
-599.852235
-704.060591
-755.779952
-616.014536
-360.496262
-205.646032
-21.395807
83.890035
44.330881
-2.924607
-82.658622
-219.191579
-537.665860
-968.044831
-1478.773524
-1349.013341
202.105718
2003.355617
2292.429905
1687.190236
2443.431968
4331.034729
5000.000040
3999.938461
3082.689431
2970.938668
2072.314766
53.874335
-1643.321135
-2271.649804
-2585.660212
-3451.343807
-4293.322695
-4464.335226
-3736.723854
-2611.827746
-1639.780821
-849.367368
-312.625068
100.821969
464.858545
1014.992466
1329.310727
878.613436
249.515133
121.140290
219.345506
-254.748640
-624.480502
72.961242
1077.948474
1124.434328
512.883666
679.740177
1481.544204
1643.475061
808.730727
-225.964352
-885.386209
-1518.794458
-2309.207912
-3010.959603
-3282.640176
-3161.038106
-2954.006735
-2638.457060
-1961.641490
-824.893027
428.839704
1487.393418
2233.629916
2517.932477
2542.098964
2836.098905
3257.550129
2868.577432
1677.185002
944.494051
857.217628
213.188439
-906.474163
-1076.101354
-472.400952
-741.310845
-1668.565109
-1549.425866
-553.366381
-205.184252
-523.504607
-432.687871
-46.947635
66.958102
226.118279
594.310875
780.254293
811.809260
1026.229113
1013.607126
596.773702
559.369521
938.029130
693.131797
-278.915127
-743.619745
-516.577906
-566.142294
-914.324423
-877.382022
-560.139154
-485.484719
-381.276363
14.469107
353.569562
548.902507
723.455352
641.874216
195.948652
0.153927
197.333992
3.694240
-647.569503
-944.340124
-745.312939
-754.394612
-947.880437
-672.197770
-171.320384
-31.862821
-106.517256
104.054429
417.449131
348.336055
94.203122
-131.453377
-474.401999
-1197.857350
-1611.612241
-583.997788
1436.597616
2496.844523
1929.778669
1832.804866
3383.769999
4912.569691
4621.956137
3240.464268
2567.804718
2020.903258
381.584216
-1707.046776
-2824.708331
-2934.458047
-3361.912412
-4184.342612
-4577.779182
-3886.340578
-2476.218349
-1206.477244
-274.913034
272.142354
644.798823
861.835428
1178.616516
1528.030059
1251.731685
464.242838
-110.827203
-37.865961
-80.503649
-424.221904
-117.753903
866.915009
1358.864648
719.299331
239.355973
705.753784
1093.187214
382.353850
-1018.532779
-1959.024736
-2431.887468
-2869.347066
-3263.091489
-3248.006675
-2702.336628
-2070.621572
-1441.061490
-645.106676
503.494139
1726.903317
2549.025664
2899.978473
2750.669603
2324.754505
1895.145168
1645.476108
1274.358905
527.968480
-21.395807
-115.137150
-183.788445
-525.043873
-506.264819
3.078533
-9.697380
-720.222892
-1139.980922
-785.333873
-562.448054
-825.662661
-891.543276
-581.073181
-239.663826
96.050242
714.989385
1285.595552
1540.498119
1673.182909
1617.153601
1235.107605
803.651147
658.806150
287.381094
-573.068994
-1208.632217
-1201.243737
-1006.834352
-951.266824
-650.032330
-158.544471
112.058616
272.450207
581.227108
800.572614
648.800916
368.192596
34.171721
-473.324512
-895.083589
-906.474163
-811.347480
-953.729651
-1016.069952
-716.682578
-314.933968
-94.203122
174.244991
480.405139
546.285754
330.942342
145.614630
169.935044
-14.623034
-437.305671
-885.232282
-1131.361029
-1294.985079
-998.060532
648.646990
2738.971176
3457.193021
2728.350236
2873.349159
4407.228431
4992.457633
3641.905025
1761.998598
881.845896
-111.750763
-1936.859296
-3420.712400
-3744.881968
-3258.935469
-3247.698822
-3427.485173
-3082.997284
-1820.798586
-188.098391
660.807197
877.843802
736.385192
635.409296
474.863779
412.061697
505.033406
93.895269
-406.058557
-387.433430
231.659639
577.532868
625.865842
1258.966238
1898.069775
1546.809112
269.217747
-470.553832
-419.758031
-852.445902
-2135.732554
-3442.262134
-3725.948987
-3340.054824
-2913.677947
-2392.328314
-1504.633205
-265.369580
647.723430
1205.091904
1782.162992
2455.438249
2811.316711
2423.575428
1677.031076
866.607155
238.740266
-48.640828
-99.282703
-212.110952
-625.711916
-685.435464
-117.753903
486.408279
581.842815
443.924518
565.680514
359.110922
-346.335009
-793.953767
-529.045967
-282.763294
-716.682578
-990.210272
-570.914021
143.613584
634.947516
971.431218
1215.097137
1097.497161
961.887764
912.015523
702.059544
291.844967
43.099468
-75.424069
-533.355913
-815.349574
-426.684731
145.306777
165.317244
-54.951821
88.969616
224.732939
135.763323
22.011514
-46.485855
-352.492076
-738.232312
-791.798793
-729.458492
-649.724476
-437.305671
-155.465937
-163.470124
-245.051260
64.187422
374.657516
286.149681
24.782194
30.169627
-15.700520
-306.621928
-427.608291
-289.997847
-260.443927
-621.094116
-800.110834
-647.107723
-566.142294
-622.325529
82.042915
2057.691732
3563.248497
3248.930235
2338.607906
3102.545972
4600.098549
4127.851524
1969.799603
403.133950
88.199982
-787.642773
-2418.341921
-3336.668438
-3050.364830
-2504.079077
-2678.324068
-2823.322991
-2191.761862
-819.505594
235.046026
332.943388
117.138196
2.308900
114.521443
256.441833
519.348586
547.209314
96.512022
25.397901
666.810337
1274.358905
1070.559994
853.831242
1238.801845
1163.223849
-19.702614
-1319.767273
-1512.175611
-1350.860461
-2083.243559
-3291.567923
-3677.769939
-2874.888426
-1922.544115
-1422.282436
-925.099290
-5.849213
985.900325
1464.150490
1670.874009
1974.879183
2170.058201
1895.914801
1222.947398
584.921348
131.607303
-33.402088
56.952868
-0.769633
-434.381064
-784.256386
-316.781088
499.492046
523.966387
-168.087924
-411.907770
-8.773820
-140.227197
-784.102460
-623.249089
302.619834
509.805133
-80.503649
97.589509
1087.799781
1512.637392
1131.053175
785.333873
579.072135
193.793678
-24.012561
-98.513069
-432.380018
-709.448025
-481.174772
-273.373767
-424.067977
-96.819876
698.673158
788.720260
158.852324
37.712034
434.227138
279.222980
-240.125606
-383.123483
-417.449131
-710.371585
-770.095133
-413.293110
-224.886866
-225.348646
-83.428255
-25.243974
-176.399964
-87.276422
226.272206
86.352862
-403.287877
-474.709852
-223.963306
-265.985287
-526.890993
-501.954873
-334.174802
-507.958013
-755.472099
-662.654317
-417.603057
-463.473205
-163.470124
1498.783991
3434.565800
3729.489301
2755.903110
3009.266409
4525.598041
4531.601181
2479.296883
582.612448
69.574855
-632.638616
-2292.429905
-3517.994055
-3453.190927
-2741.126149
-2591.201572
-2735.430862
-2248.252950
-914.478350
372.656469
612.782075
357.417729
257.673247
378.043903
458.085772
537.819787
596.773702
256.441833
111.596836
604.470035
1159.221756
1014.376759
623.403016
809.962140
762.244873
-300.772714
-1670.874009
-2087.245653
-1846.350413
-2270.726244
-3256.010862
-3612.658958
-2728.196309
-1531.262519
-907.859503
-462.549645
384.662750
1392.728515
1799.710632
1764.307498
1848.351460
1940.091756
1632.700195
920.019710
267.524553
-145.152850
-259.058587
-138.995784
-169.011484
-530.585233
-861.681502
-601.083649
27.552874
297.078474
84.197889
-36.326694
207.031372
292.306747
92.356002
229.042886
717.760065
707.139125
122.679556
-19.856541
446.233418
631.099349
364.498356
187.020905
86.814642
-132.223010
-90.047102
253.363300
307.699414
122.833483
188.252318
304.774808
163.777977
177.939231
446.541271
267.678480
-347.104642
-595.234435
-421.297297
-413.447037
-555.675281
-494.258539
-425.453317
-470.861685
-295.077427
70.344488
229.658592
149.924577
120.986363
84.813595
-93.433489
-121.448143
-1.693193
-89.585322
-438.998864
-597.081555
-414.986304
-384.354896
-491.487859
-546.901460
-569.836534
-668.503530
-795.031253
-781.639633
-575.531821
757.473146
2955.238148
4005.941601
3198.134434
2617.369106
4002.401288
4959.979105
3524.151122
1141.212335
-125.912017
-608.318202
-1882.215328
-3215.374221
-3591.724931
-2940.307261
-2337.992199
-2480.836149
-2307.976498
-1205.553684
429.455411
1060.400833
644.798823
246.282673
107.286889
354.800976
621.555896
753.317126
343.564329
-5.695287
543.976854
1139.673069
1086.260514
585.690981
558.599887
477.018752
-596.927628
-1997.660330
-2686.482181
-2350.152406
-2284.733571
-3020.656983
-3539.851643
-2782.686350
-1092.571508
-74.346582
244.589480
739.925505
1553.427959
1963.950390
1712.895990
1532.647859
1425.668823
1151.833276
586.460615
-123.295263
-560.293081
-538.897274
-96.819876
2.001047
-483.483672
-947.418657
-755.164246
102.361236
527.660627
98.974849
-345.411449
52.488995
547.209314
193.485825
125.296310
898.162123
1136.132755
200.258598
-193.793678
661.576830
945.725464
267.370627
-108.518303
44.330881
-65.418835
-114.059663
393.282643
579.226061
320.783181
299.387374
438.844938
247.821940
146.538190
365.729769
-15.392667
-827.048001
-999.291945
-588.615588
-531.047013
-700.828131
-458.085772
-229.042886
-243.204139
-79.272235
352.953856
482.560112
245.359113
116.676416
-2.001047
-126.527723
-151.771697
-73.576949
-192.716192
-486.408279
-498.722413
-419.450177
-313.702555
-365.883696
-514.884713
-584.613495
-712.064778
-874.457415
-916.325470
582.920301
3110.242305
4085.521690
2986.023482
2358.002666
4011.636888
4920.112098
3244.312435
853.677315
-290.921407
-737.462679
-2146.199567
-3400.701932
-3536.773109
-2617.984813
-1893.913754
-2164.978621
-2017.516871
-838.284648
838.900355
1307.760993
725.610325
263.676387
-50.026168
136.840810
547.209314
841.363181
390.358037
0.923560
700.982058
1303.912826
1051.319160
350.644956
253.979006
57.876428
-1255.118072
-2770.833997
-3295.570017
-2604.131412
-2313.979638
-2959.702021
-3207.831814
-2006.588077
-142.690024
644.644896
803.651147
1301.603926
1878.675014
1746.144151
1131.668882
986.362105
973.894045
687.282584
123.603116
-341.717209
-394.667983
-161.930857
228.273252
162.084784
-397.746517
-983.591425
-966.813418
-317.396795
-137.764370
-567.527634
-671.735990
73.884802
552.904601
305.852294
729.766345
1698.734736
1653.942075
516.885760
180.248131
799.187274
690.515044
-49.256535
-418.064837
-329.249148
-326.940248
-110.365423
425.761171
635.563223
682.818711
707.600905
532.124500
206.415665
209.955979
247.821940
-444.078445
-1148.908669
-1094.110774
-691.592531
-650.955890
-647.877356
-271.218794
-39.251301
-66.188468
15.392667
363.266943
485.792572
209.955979
-86.198936
-180.248131
-55.259675
6.618847
2.770680
-142.382170
-257.827173
-277.837640
-337.099409
-334.174802
-491.641786
-584.767421
-716.682578
-889.696156
-1049.164186
-474.709852
1869.131561
4027.183482
3981.621187
2583.043459
2885.355439
4585.013736
4120.309117
1666.410135
-389.742330
-874.457415
-1545.731626
-3022.042323
-3603.269431
-2899.824547
-1542.037386
-1323.307587
-1717.821643
-1156.297149
305.698368
1362.866741
839.977841
142.843950
-246.436600
-350.952809
29.399994
603.546475
937.413424
542.899367
669.119237
1331.619627
1457.069863
810.885700
16.624080
-297.078474
-1190.468870
-2740.510442
-3839.546870
-3502.601388
-2406.027787
-2303.050845
-2690.022495
-2088.169213
-235.815659
1136.748462
1194.470963
1184.927510
1515.869852
1536.803879
757.011366
137.610443
292.922454
514.269006
324.631348
-159.621957
-192.870118
224.117232
600.621868
583.536008
38.943448
-650.186256
-1236.031165
-1219.407084
-642.489923
-215.805192
-174.091064
-112.366470
440.692058
972.662631
1222.793471
1420.127463
1284.825919
586.152761
-243.665919
-368.654376
-75.577995
-26.167534
-120.678510
-121.294216
108.518303
447.772685
900.624949
1196.472010
1081.334861
723.147498
212.110952
-160.699444
-276.760154
-234.738173
-395.591543
-835.206114
-1041.621780
-840.285695
-397.592590
-104.670136
-55.875381
-145.460704
-312.471141
-362.651236
-191.484778
116.368563
226.426132
60.801035
-75.424069
61.570668
310.777948
467.937078
399.593637
107.902596
-271.680574
-633.562176
-694.978918
-715.297238
-787.334920
-881.691969
-962.503471
-906.935943
-400.363270
1688.113796
4123.079797
4599.790696
3208.909301
2613.059159
3808.607609
3708.555274
1549.579792
-606.009302
-1276.513879
-1589.600727
-2808.546031
-3336.360584
-2468.829869
-917.402956
-527.044920
-1259.274092
-1103.346375
-0.153927
881.384116
373.887883
-313.856481
-426.530804
-469.168492
-147.615677
534.125547
1422.590289
1568.204920
1287.596599
1221.408131
1031.308693
580.149621
-330.018782
-1103.500301
-1923.621602
-3016.500963
-3773.204475
-3477.049561
-2144.814227
-1416.741076
-1512.791318
-1241.110745
-97.897362
941.877297
927.869970
704.984151
698.673158
599.236528
141.150757
-225.502572
131.761230
713.604045
961.272058
655.727617
358.803069
429.609338
426.530804
147.615677
-447.003051
-1080.411301
-1567.743140
-1399.655215
-432.687871
368.654376
603.238622
724.071058
1109.041661
1233.876191
1051.627013
1069.790360
780.408220
-178.247084
-1008.219692
-839.669988
-320.629255
-114.059663
180.709911
552.288894
674.506670
721.762158
1079.641667
1245.574618
839.208208
328.633442
-93.279562
-450.235511
-567.219781
-282.609367
-140.381124
-419.758031
-597.851188
-469.014565
-278.145494
-260.905707
-297.386328
-422.374784
-682.664784
-765.939113
-550.903554
-140.381124
194.563312
317.242868
351.876369
362.959089
473.478439
554.289941
437.305671
100.206263
-480.251212
-792.106647
-802.419734
-775.174713
-763.476286
-723.301425
-554.136014
-422.836564
965.120224
3546.932270
4807.899555
3680.386693
2309.977545
3056.829750
3526.460022
1729.212217
-563.063761
-1313.764133
-1042.237486
-1905.920035
-2925.376374
-2465.751336
-762.244873
149.308870
-836.899308
-1417.048929
-614.013489
280.454394
-163.162271
-899.085683
-495.182099
2.770680
176.246038
456.700432
1351.322241
2157.897994
2036.911631
1343.779834
457.316138
-146.538190
-780.562146
-1559.277173
-2238.555570
-2852.569059
-3215.682074
-2995.566936
-1952.251963
-979.743258
-726.995665
-603.854329
-224.579012
22.781147
-123.603116
-96.665949
234.738173
246.898380
-114.829296
-126.527723
605.701449
1379.798675
1412.431129
991.903465
689.129704
415.140230
-206.107812
-909.244843
-1163.531703
-1234.184044
-1485.854151
-1568.666700
-670.966357
969.430171
1941.477096
1883.600668
1757.380798
1957.639396
1453.375623
223.347599
-397.900443
-493.642832
-1052.550573
-1679.801756
-1170.458403
-56.183235
525.659580
800.880467
1094.572554
1186.774630
1026.229113
890.311862
630.637569
256.903613
185.173785
165.625098
-130.221963
-286.149681
32.324601
171.474311
-307.699414
-800.880467
-915.555836
-961.579911
-1143.367309
-1150.294009
-827.817634
-485.792572
-308.469048
-106.979036
359.264849
792.568427
806.729680
600.160088
408.829237
219.345506
-98.513069
-282.763294
-316.627161
-480.559065
-529.199893
-529.353820
-439.460644
-309.854388
-143.613584
-117.907830
128.220917
1927.469769
3877.566758
3811.532216
2286.272838
2082.935706
3303.728130
2760.213056
532.432353
-970.661584
-757.011366
-631.253276
-1757.688651
-2370.624653
-1468.152584
-101.283749
-327.709882
-1447.064630
-1228.796611
-102.207309
62.494228
-954.961064
-1168.765209
-212.880585
622.941236
779.330733
776.713980
1217.559964
1687.036309
1602.838420
784.872093
-149.001017
-805.498267
-1381.799722
-1944.401702
-2396.022554
-2502.539810
-2257.026770
-1668.257255
-1265.431159
-1245.574618
-975.125458
-337.407262
-55.721455
-612.320295
-981.282525
-478.558019
233.352833
386.971650
211.957025
626.173696
1318.074080
1425.668823
865.375742
474.248072
537.973714
75.270142
-935.412377
-1543.114872
-1254.194512
-806.883607
-806.421827
-477.634459
526.737067
1623.618521
1880.676061
1441.061490
1216.944257
1135.363122
647.877356
-324.477422
-798.417640
-539.666907
-401.594683
-578.456428
-422.836564
351.414589
798.417640
576.147528
319.859621
466.705665
677.123424
529.353820
366.191549
430.994678
643.259556
611.858515
338.022969
159.621957
49.872241
-248.437646
-849.675221
-1201.243737
-1106.732761
-914.324423
-912.631230
-891.851129
-504.263773
-73.423022
84.967522
39.867008
186.405198
358.803069
212.726659
-14.315180
-0.615707
144.998924
-3.078533
-151.309917
-191.638705
-149.001017
-142.382170
-252.593666
-278.453347
-356.032389
-371.732909
-360.188409
847.520248
3242.003535
4348.736296
3167.349100
1873.287581
2740.664369
3291.106143
1453.529550
-819.967374
-1249.114932
-563.371614
-1088.723341
-2058.461365
-1707.354630
-95.280609
517.193613
-783.178900
-1639.319041
-856.140142
11.544500
-711.449071
-1589.446800
-1056.090887
151.617770
934.796670
1136.594535
1422.744216
1643.628988
1503.555718
771.172619
-186.251271
-788.412407
-1275.436392
-1782.009065
-2318.443512
-2428.501081
-1953.329449
-1095.188261
-538.589420
-970.507658
-1496.167238
-1242.342158
-644.798823
-822.891981
-1373.641608
-1038.851100
-84.505742
485.792572
430.840751
813.348527
1736.446770
1963.796463
984.976765
-142.536097
-204.722472
-5.387433
-514.115080
-1241.110745
-950.497191
255.672200
769.325499
357.879509
250.900473
919.404003
805.960047
-494.566392
-980.666818
-58.030355
483.637599
-122.371703
-105.439769
956.962111
1439.522223
874.611342
398.670077
463.473205
296.462767
-141.458610
-328.171662
-17.855494
478.558019
670.504577
543.976854
450.389438
633.254323
515.038640
-170.088971
-753.317126
-716.374725
-484.407232
-638.487829
-691.746457
-248.283720
173.013578
-28.784287
-432.226091
-336.637628
-150.540284
-377.582123
-720.992525
-540.436540
-112.212543
20.010467
88.969616
303.081614
516.885760
344.641815
56.337161
-125.604163
-205.492105
-222.577966
-457.777918
-575.377895
-486.254352
-271.988427
-140.996830
863.528622
3178.123967
4438.013765
3300.803523
1631.468781
2040.144091
2831.327178
1466.459390
-741.002992
-1310.377746
-285.380047
-190.715145
-1064.402927
-1144.906576
-0.769633
477.942312
-880.614482
-1988.424730
-1540.652046
-657.266883
-960.964204
-1497.860431
-835.360041
397.130810
1206.323317
1248.961005
1268.509692
1303.758900
1014.838539
185.635565
-833.820774
-1200.781957
-1102.268888
-937.721277
-1157.836416
-1495.089751
-1397.192389
-819.505594
-396.976883
-1026.690893
-1936.089662
-2069.390159
-1585.906487
-1424.129556
-1489.548391
-747.160059
410.676357
900.932803
554.289941
539.512980
1234.491898
1384.724328
476.249119
-508.419793
-388.203063
179.016718
96.358096
-220.730846
4.617800
497.952779
315.549675
175.630331
860.142235
1178.000810
195.948652
-744.851159
-176.861744
392.051230
-126.681650
-404.519290
247.514086
591.232342
124.680603
109.749716
460.856452
390.511963
109.287936
153.157037
363.882649
499.030266
837.053234
1002.986185
874.303489
748.853252
577.686795
32.170674
-610.473175
-649.108770
-514.269006
-755.472099
-1081.950567
-875.688829
-384.200970
-281.839734
-413.447037
-398.054370
-330.634488
-508.265866
-576.763235
-234.892099
79.580089
29.861774
0.000000
245.974820
432.687871
384.200970
259.366440
121.909923
-104.977989
-161.315151
-142.074317
-155.927717
-128.682697
-76.655482
-60.185328
424.837611
2229.627823
3825.847397
3356.371051
1637.779775
1300.064659
2270.880171
1817.566126
-42.637688
-1010.066812
-120.062803
491.487859
-261.983193
-769.633353
-70.652342
574.300408
-488.717179
-1880.214281
-1864.513760
-982.667865
-857.525482
-1372.564121
-912.015523
298.463814
1085.183027
900.163169
605.547522
743.465819
738.694092
176.092111
-790.567380
-1218.945304
-967.121271
-508.881573
-410.214577
-758.550632
-1011.298226
-996.521265
-930.178870
-1391.189248
-2019.979698
-2078.933612
-1690.576623
-1502.786085
-1485.392371
-750.546446
418.988397
893.852176
359.264849
-55.567528
360.034482
707.600905
248.745500
-384.970603
-145.152850
503.494139
646.799870
427.608291
543.361147
803.035440
389.742330
-395.745470
-479.635505
425.607244
922.790390
340.485795
-39.097374
639.719243
1060.708687
154.234524
-523.658533
-68.651295
168.087924
-519.502513
-635.101443
338.176895
834.436481
496.105659
418.834471
894.929663
985.438545
573.530774
330.480562
415.448084
580.303548
468.706712
121.602070
-173.937138
-152.079551
-149.154944
-535.049107
-898.623903
-862.297208
-715.912945
-863.990402
-922.944317
-563.371614
-231.351786
-369.885789
-584.921348
-343.718255
56.337161
88.353909
-99.282703
10.467014
277.991567
345.873229
231.967493
215.497339
205.953885
63.109935
5.387433
-15.700520
-23.396854
-93.125636
-107.594743
12.006280
878.151655
2647.692660
3552.473630
2552.873831
1141.828042
1475.233211
2278.576504
1350.090827
-332.173755
-566.604074
501.185239
651.571596
-129.914110
-325.093128
301.234494
244.743406
-1144.444796
-2093.710573
-1583.905440
-713.757971
-961.887764
-1427.515943
-622.941236
684.511904
1018.070999
302.927688
-72.345535
143.767510
191.330851
-308.007268
-878.459509
-787.796700
-328.325588
-77.579042
-274.451254
-491.641786
-549.979994
-838.284648
-1426.900236
-2018.594358
-2080.472879
-1715.512743
-1404.888722
-1383.954695
-1230.797658
-431.302531
360.188409
315.549675
-354.647049
-555.675281
-106.979036
115.137150
-74.500509
-30.785334
615.090976
1084.567321
885.078356
598.774748
730.843832
793.645913
243.665919
7.388480
707.908758
1298.525393
749.776812
25.243974
275.990520
527.506700
-121.602070
-811.347480
-625.250136
-314.010408
-425.915097
-249.053353
335.406215
646.953796
510.420840
510.728693
688.360071
769.017646
801.804027
730.689905
556.598841
488.101472
612.782075
440.999911
-103.592649
-418.988397
-417.910911
-534.587327
-797.340153
-728.996712
-477.172679
-489.178959
-604.623962
-490.564299
-306.775854
-422.682637
-601.237575
-525.813507
-304.466954
-171.012531
-131.453377
-27.398947
70.806268
146.538190
205.646032
219.037652
164.855464
86.045009
108.056523
109.595789
88.661762
154.080597
232.429273
172.551798
395.591543
1649.170348
3081.919798
2910.137633
1311.147380
676.661644
1714.743110
2064.156652
602.468989
-573.684701
170.704678
1184.927510
667.272117
-309.392608
-160.083737
413.754890
-231.967493
-1625.465641
-1909.614275
-856.601922
-199.950745
-868.608202
-1369.023808
-410.214577
855.524435
602.930769
-662.500390
-1020.841679
-324.939202
-26.937167
-590.000928
-879.536996
-346.027155
155.773791
-66.496322
-546.593607
-564.756954
-382.969556
-724.071058
-1556.044713
-1978.881277
-1489.702318
-805.652194
-789.489893
-1191.546357
-1090.570461
-444.540225
-126.835577
-495.336026
-898.777829
-743.311892
-315.857528
-114.521443
-58.646061
248.129793
731.459538
887.849036
606.625009
353.415636
424.837611
597.081555
751.316079
1028.691939
1230.489804
1013.145346
663.731803
636.948563
576.609308
13.853400
-523.966387
-408.059604
-83.274329
-123.295263
-173.321431
90.047102
226.580059
79.272235
134.224057
409.598870
405.134997
255.364346
451.159071
753.778906
685.589391
456.700432
338.022969
46.024074
-429.609338
-563.371614
-323.553861
-269.525600
-449.927658
-399.439710
-143.613584
-86.968569
-209.340272
-247.668013
-255.056493
-321.860668
-259.520367
-28.784287
113.905736
101.899456
151.463844
283.840780
299.233448
200.874305
175.938184
247.821940
293.230307
316.781088
391.589450
459.471112
433.149651
362.805162
318.320355
249.361206
133.916203
102.669089
265.215653
518.732880
646.184163
550.749627
342.178989
233.506759
294.923501
357.109876
276.760154
157.466984
158.236617
205.030325
157.466984
64.341348
54.490041
108.980083
112.058616
31.708894
-71.421975
-115.445003
-63.263862
39.097374
57.876428
-83.428255
-280.300467
-369.116156
-352.338149
-374.811443
-482.714039
-573.684701
-593.079462
-595.850142
-610.011395
-606.625009
-600.775795
-626.019769
-649.416623
-613.859562
-534.587327
-485.022939
-510.728693
-577.071088
-588.307735
-503.032359
-407.289970
-394.667983
-419.142324
-389.742330
-326.786322
-302.619834
-302.773761
-276.914080
-241.972726
-229.042886
-217.344459
-181.171691
-131.145523
-65.880615
22.627221
103.746576
157.928764
227.041839
315.395748
335.560142
266.447067
232.737126
312.778995
412.677404
439.768498
437.613524
458.393625
461.472158
416.063791
368.654376
364.036576
388.818770
406.058557
408.059604
419.758031
453.775825
465.320325
396.361177
273.527694
185.173785
148.539237
99.744483
32.632454
19.548687
68.189515
87.122496
35.249208
-14.776960
-21.857587
-54.490041
-146.230337
-201.490012
-149.924577
-64.495275
-40.482714
-62.186375
-62.802082
-40.944494
-45.100514
-96.204169
-163.931904
-199.181112
-188.098391
-167.164364
-152.387404
-102.823016
-12.775914
41.406274
20.934027
-10.620940
-12.775914
-40.020934
-118.985316
-165.932951
-93.587416
77.886895
242.126653
313.548628
300.926641
292.460674
350.183176
433.303578
457.470065
417.910911
391.127670
428.377924
501.031313
570.452241
644.029190
715.451165
720.222892
613.397782
474.555925
424.529757
462.549645
451.928705
319.397841
169.319338
122.679556
129.914110
59.877475
-98.513069
-252.439740
-377.889976
-518.425026
-647.415576
-688.975777
-673.737037
-705.599858
-788.104553
-819.659521
-764.553773
-715.143311
-749.930739
-835.052188
-882.923382
-858.449042
-794.877327
-737.308752
-697.749598
-673.429184
-668.811384
-677.277350
-665.271070
-626.635476
-603.854329
-616.322389
-607.702495
-526.275287
-402.826097
-295.385281
-209.648125
-114.367516
-9.543454
80.503649
147.923530
203.491058
249.515133
275.066960
297.540254
361.573749
470.861685
555.521354
558.138107
525.351727
531.508793
570.606168
588.923442
582.766375
588.461662
614.783122
634.947516
632.484689
619.246996
603.392549
566.604074
484.407232
384.662750
331.865902
332.019828
316.165381
252.593666
194.409385
178.554938
161.930857
98.051289
11.390574
-50.026168
-76.809409
-79.734015
-73.423022
-74.654435
-86.198936
-96.973802
-111.750763
-146.692117
-189.637658
-215.189485
-245.974820
-309.546534
-352.030296
-303.081614
-209.802052
-180.709911
-219.191579
-240.587386
-226.118279
-226.118279
-232.121419
-179.324571
-60.801035
56.029308
131.453377
188.098391
254.440786
325.708835
384.970603
419.758031
433.457504
438.691011
450.697291
481.328699
536.434447
615.090976
688.206144
705.292004
646.799870
559.831301
501.954873
483.175819
468.091005
419.450177
335.406215
247.052306
186.405198
139.457564
70.036635
-32.786381
-159.160177
-302.158054
-429.455411
-489.025032
-500.107753
-546.285754
-642.797776
-710.217658
-712.526558
-717.452211
-775.328640
-846.596688
-878.305582
-872.456369
-848.751661
-811.193554
-760.243826
-713.604045
-693.593578
-695.902478
-692.670017
-669.273164
-651.109816
-660.961123
-666.964263
-619.246996
-521.349633
-424.221904
-352.492076
-281.377954
-197.949698
-121.140290
-46.639781
68.651295
217.652312
313.702555
313.548628
303.081614
360.188409
432.995724
449.158025
443.770591
476.556972
520.118220
540.744394
569.066901
618.631289
646.184163
634.331809
606.778935
578.302501
560.293081
565.834441
566.758001
519.194660
456.546505
443.000958
442.847031
386.817723
310.624021
282.301514
262.752827
196.718285
127.759137
98.513069
57.414648
-22.011514
-75.577995
-78.040822
-84.505742
-112.828250
-128.528770
-144.537144
-186.251271
-209.340272
-191.638705
-206.107812
-283.686854
-329.249148
-286.765387
-239.817753
-248.899426
-261.983193
-252.901520
-273.681620
-314.010408
-297.232401
-233.660686
-198.719332
-165.471171
-36.942401
156.389497
278.761200
291.998894
279.838687
293.846014
322.168521
357.417729
408.675310
458.855405
496.105659
540.898320
597.851188
648.646990
682.203004
684.819757
613.089929
487.485766
422.990491
479.173725
545.208267
495.028172
374.195736
287.535021
224.886866
121.755996
-7.388480
-124.834530
-248.899426
-383.431336
-466.397812
-470.707759
-457.931845
-484.869012
-545.208267
-626.635476
-716.836505
-781.331780
-808.115020
-837.822868
-887.079402
-901.086729
-847.058468
-774.405080
-732.075245
-712.372631
-707.139125
-732.537025
-766.400893
-758.088852
-702.521324
-648.493063
-617.399876
-579.841768
-514.576860
-434.688918
-360.650189
-296.770621
-244.127699
-187.020905
-86.506789
77.271189
246.436600
334.482655
345.873229
360.496262
404.827144
432.380018
445.155931
491.949639
558.907741
583.228155
591.848048
654.496203
730.997758
723.455352
645.722383
589.539148
576.609308
575.685748
572.607214
558.445961
522.119267
493.796759
493.642832
458.239698
353.261709
261.059633
237.354926
205.953885
131.915157
107.286889
149.001017
135.301543
35.557061
-14.469107
18.625127
0.923560
-111.288983
-202.259645
-214.573779
-217.652312
-235.199953
-232.583199
-232.737126
-274.297327
-303.543394
-260.290000
-203.952838
-216.574825
-275.990520
-318.936061
-333.251242
-324.169568
-279.069054
-224.732939
-207.493152
-206.261739
-144.844997
-5.387433
142.843950
223.039746
208.878492
147.153897
134.993690
238.586339
389.588403
466.859592
458.855405
458.085772
507.034453
555.829207
586.768468
623.864796
637.410343
568.143341
471.785245
476.403045
580.919255
630.483643
528.430260
354.493122
222.577966
142.690024
66.342395
-24.166487
-120.832436
-223.655452
-324.169568
-388.510916
-394.821910
-382.353850
-428.223997
-558.292034
-703.290958
-766.554819
-746.082572
-732.229172
-777.791466
-831.204021
-830.742241
-790.413453
-752.085712
-721.300378
-705.445931
-735.153779
-796.570520
-807.961094
-730.535978
-633.408249
-594.618728
-592.309828
-553.674234
-466.551738
-376.042856
-313.702555
-271.064867
-236.739219
-197.949698
-127.143430
-1.847120
150.540284
261.829267
308.315121
342.794695
414.216670
496.413513
533.048060
526.737067
528.276333
561.524494
605.085742
637.410343
662.654317
682.049077
680.971591
657.574737
637.718196
641.566363
642.028143
600.775795
530.123453
485.022939
481.790479
465.936032
395.129763
304.928734
257.981100
252.439740
235.046026
184.865931
131.761230
94.972756
53.720408
-4.156020
-55.567528
-84.197889
-112.674323
-167.010438
-224.425086
-239.817753
-217.344459
-213.496292
-259.212513
-319.397841
-346.335009
-346.027155
-349.875322
-352.953856
-327.402028
-283.686854
-261.983193
-263.368533
-249.361206
-216.882679
-205.338179
-224.732939
-236.277439
-212.880585
-166.394731
-92.663856
27.860727
159.314104
221.038699
210.879539
214.881632
282.917220
361.111969
392.051230
401.594683
434.842844
487.793619
540.744394
603.546475
677.585204
713.296191
662.654317
559.061667
494.720319
502.724506
519.502513
467.475298
357.879509
265.677433
217.344459
169.935044
86.352862
-18.932980
-128.066990
-248.129793
-366.961183
-433.919284
-434.073211
-439.768498
-513.961153
-623.403016
-688.513997
-698.981011
-717.913991
-779.792513
-850.290928
-886.771549
-887.849036
-867.068935
-828.895121
-785.795653
-767.478379
-785.026020
-795.339107
-748.699326
-658.344370
-587.384175
-563.063761
-540.590467
-475.941265
-386.355943
-311.855435
-255.672200
-201.643938
-151.771697
-98.974849
-3.232460
148.385310
289.382141
351.260662
365.575843
408.367457
484.407232
538.897274
554.443867
566.758001
587.845955
605.239669
624.788356
662.654317
700.982058
702.059544
666.964263
632.330763
634.639663
665.732850
681.279444
648.800916
593.233388
563.371614
547.517167
491.026079
395.283690
317.396795
267.678480
204.260692
130.683743
95.588462
91.894222
53.720408
-26.321461
-85.429302
-104.054429
-133.146570
-203.029278
-275.682667
-313.240775
-323.861715
-335.867995
-354.031342
-362.343382
-350.183176
-331.404122
-329.710928
-340.024015
-335.252288
-308.776901
-287.535021
-281.070100
-267.678480
-244.435553
-236.431366
-246.436600
-238.278486
-199.027185
-161.007297
-149.616724
-142.074317
-96.819876
-4.002093
113.290030
210.417759
248.745500
243.973773
255.210420
320.629255
410.522430
470.399905
492.257492
499.492046
509.805133
529.969527
574.608261
631.099349
644.183116
576.917161
479.173725
445.309858
487.639692
516.270053
451.620851
326.016688
221.038699
157.005204
96.819876
20.010467
-60.031402
-150.078504
-267.216700
-381.892070
-436.689964
-438.998864
-478.404092
-601.083649
-738.540165
-798.879420
-788.104553
-787.488847
-830.434388
-874.149562
-880.768409
-861.373648
-836.437528
-801.342247
-758.088852
-735.307705
-741.310845
-730.228125
-654.804057
-543.669000
-470.399905
-458.085772
-443.308811
-371.117203
-266.754920
-191.484778
-155.619864
-115.291076
-47.563341
36.172768
124.064896
219.961212
300.926641
335.560142
339.870089
372.040763
452.852265
532.124500
563.063761
564.295174
585.998835
648.339136
719.145405
754.856392
740.849065
708.370538
692.823944
696.210331
701.289911
694.978918
669.273164
615.244902
549.056434
504.263773
482.867966
440.692058
352.492076
251.670106
185.481638
156.081644
128.836623
74.346582
-8.619894
-93.895269
-149.616724
-170.242898
-184.250225
-212.572732
-248.437646
-276.606227
-290.767481
-285.226121
-268.755967
-272.296280
-312.317215
-358.649142
-363.882649
-325.862762
-291.075334
-289.843921
-309.854388
-323.092081
-312.163288
-277.375860
-236.431366
-217.036605
-229.350739
-247.668013
-235.815659
-186.405198
-127.913063
-92.356002
-84.351815
-82.504695
-57.106795
11.390574
113.136103
203.183205
236.739219
224.732939
227.965399
288.458581
379.429243
440.230278
452.082631
441.615618
441.769544
467.475298
515.808273
567.835488
589.693075
560.293081
499.184193
460.394672
472.093099
496.105659
461.318232
346.181082
213.342365
126.527723
75.885849
9.851307
-87.738202
-196.256505
-303.543394
-404.211437
-471.631319
-491.795712
-511.652253
-584.459568
-690.668971
-755.779952
-753.009272
-729.458492
-737.154825
-776.560053
-807.037534
-800.572614
-758.550632
-706.677345
-667.118190
-645.260603
-632.792543
-611.550662
-561.832348
-485.792572
-419.450177
-401.132903
-411.599917
-391.281597
-321.706741
-243.819846
-195.332945
-161.161224
-106.825109
-25.090047
76.039775
189.329805
291.998894
360.188409
404.519290
461.933938
541.360100
608.933909
641.720290
651.571596
658.498297
674.044890
700.520278
725.764252
725.302472
697.595671
674.506670
673.737037
677.585204
662.654317
624.634429
569.836534
511.190473
464.088912
428.377924
381.738143
311.701508
241.972726
197.180065
168.241851
135.147617
91.894222
38.481668
-24.474341
-81.735062
-116.214636
-138.226150
-173.783211
-223.347599
-261.521413
-278.453347
-289.382141
-308.776901
-337.561189
-369.885789
-394.206203
-398.824003
-385.278456
-371.117203
-365.883696
-361.265896
-345.873229
-323.092081
-301.234494
-289.228214
-287.688947
-286.919314
-270.603087
-231.351786
-187.020905
-161.007297
-157.159131
-151.155990
-125.296310
-84.813595
-47.409415
-22.781147
-1.539267
30.323554
86.660716
165.779024
245.666966
294.769574
306.006221
309.854388
338.022969
390.665890
440.230278
464.858545
465.936032
464.704618
481.944405
518.578953
550.287847
550.133921
514.115080
463.319278
420.681591
393.282643
369.116156
321.706741
237.816706
135.763323
48.640828
-15.700520
-76.655482
-153.157037
-241.357019
-326.016688
-396.515103
-447.618758
-484.407232
-523.966387
-579.995695
-642.335996
-689.591484
-713.911898
-727.611372
-742.542259
-759.628119
-771.326546
-768.094086
-745.928645
-709.448025
-671.889917
-639.103536
-605.085742
-561.832348
-508.573720
-449.004098
-388.818770
-332.481608
-280.608320
-225.656499
-160.083737
-88.353909
-19.856541
42.329834
101.129823
161.930857
225.964352
291.844967
354.031342
408.521384
455.930798
499.953826
542.745440
580.919255
611.396735
634.639663
653.264790
670.196724
686.974731
698.519231
700.828131
692.208237
677.585204
661.730757
642.643850
615.552756
577.840721
531.662720
483.175819
436.074258
388.664843
335.560142
274.297327
207.647079
143.921437
88.815689
40.790568
-7.696334
-62.340302
-117.292123
-168.857558
-211.803099
-249.053353
-285.687901
-325.708835
-364.960136
-394.360130
-410.368504
-416.679497
-422.220857
-428.839704
-432.841798
-428.839704
-416.063791
-400.209343
-384.970603
-371.578983
-357.571656
-337.253335
-309.392608
-277.375860
-246.744453
-218.729799
-189.791585
-155.619864
-118.677463
-85.275375
-58.492135
-35.710988
-11.698427
12.929840
33.863868
50.641875
64.957055
79.580089
96.665949
117.446050
138.534003
156.389497
171.782164
191.638705
219.961212
252.439740
277.683714
291.998894
302.158054
317.088941
338.330822
360.650189
375.735003
381.738143
380.660656
378.813536
380.198876
381.276363
373.272176
350.491029
316.011455
276.298374
237.508853
197.641845
148.385310
87.584276
18.317274
-51.411508
-115.291076
-175.168551
-234.430319
-295.077427
-354.493122
-409.598870
-456.238652
-494.874246
-528.892040
-560.447007
-588.923442
-610.165322
-622.479456
-626.173696
-624.788356
-619.708776
-610.165322
-594.772655
-571.683654
-542.129734
-507.804086
-470.553832
-430.378971
-386.202016
-337.407262
-284.148634
-228.888959
-174.091064
-119.908876
-64.033495
-5.541360
54.028261
112.674323
168.703631
222.116186
273.681620
323.246008
371.271129
415.448084
455.930798
490.256446
519.348586
545.054340
566.758001
583.074228
593.079462
597.235482
597.389408
592.925535
582.766375
566.911928
545.516120
518.425026
486.408279
450.543365
410.984210
366.653329
318.628208
268.909893
218.575872
168.549704
117.599976
67.112028
18.163347
-28.014654
-71.114122
-111.288983
-148.077457
-181.941325
-211.803099
-238.124559
-259.982147
-277.529787
-292.152821
-304.005174
-313.548628
-319.089988
-321.091035
-321.244961
-320.629255
-318.320355
-312.625068
-304.466954
-294.769574
-282.917220
-268.448113
-251.516180
-233.044979
-212.264879
-189.945511
-164.855464
-140.073270
-115.291076
-89.585322
-62.956008
-36.634548
-12.468060
10.159160
31.247114
50.949728
68.035588
82.812549
95.742389
106.055476
112.982176
116.984270
118.523536
118.369610
116.368563
112.982176
109.441863
105.593696
101.591603
98.513069
96.973802
97.281656
99.898409
103.284796
107.594743
114.059663
121.602070
129.760183
137.610443
146.538190
154.234524
159.775884
163.162271
165.163318
164.855464
160.545517
152.233477
141.458610
127.451283
109.287936
87.892129
63.571715
37.096328
8.158114
-21.857587
-52.950775
-85.429302
-117.599976
-148.385310
-177.323524
-205.492105
-231.043932
-253.825080
-273.681620
-291.383187
-306.006221
-316.473235
-323.399935
-327.094175
-327.094175
-323.553861
-316.473235
-306.314074
-292.614601
-275.836594
-256.595760
-235.199953
-210.879539
-183.942371
-155.927717
-126.527723
-95.280609
-63.417788
-31.247114
0.769633
31.093187
59.723548
87.584276
114.059663
138.226150
159.621957
179.632425
197.949698
213.188439
225.810426
236.431366
245.359113
251.208326
254.132933
254.594713
253.671153
251.362253
246.744453
240.279533
231.967493
222.577966
211.187392
199.027185
185.789491
171.474311
156.235571
139.611490
122.833483
105.285843
87.892129
69.728782
51.257581
34.479574
18.779054
3.078533
-12.006280
-25.705754
-37.250254
-47.871195
-57.414648
-65.726688
-71.883755
-76.501555
-80.195795
-82.196842
-82.504695
-82.196842
-82.196842
-81.735062
-80.195795
-78.194749
-75.885849
-73.269095
-70.190562
-66.958102
-63.109935
-58.492135
-54.028261
-50.180095
-46.331928
-42.175908
-37.404181
-32.478527
-27.091094
-21.703661
-16.778007
-12.621987
-8.312040
-3.848167
-0.615707
1.693193
2.924607
3.386387
3.386387
2.770680
1.539267
-1.077487
-5.233507
-9.851307
-14.469107
-18.779054
-23.242927
-27.552874
-31.247114
-33.709941
-35.095281
-35.249208
-33.863868
-30.939261
-26.167534
-20.472247
-13.083767
-4.463873
4.925653
15.084814
24.628267
34.941354
45.716221
55.259675
63.879568
71.729828
78.656529
84.505742
88.815689
91.432442
92.509929
90.508882
87.430349
83.890035
78.502602
71.421975
63.725642
54.336115
43.561248
31.862821
20.010467
7.388480
-6.003140
-19.856541
-33.402088
-47.101561
-60.801035
-74.500509
-86.968569
-98.974849
-110.057569
-120.524583
-130.068037
-138.380077
-146.384264
-152.695257
-157.466984
-159.929811
-161.776931
-161.623004
-160.237664
-157.313057
-153.772744
-148.077457
-141.150757
-134.070130
-126.065943
-117.753903
-107.440816
-96.512022
-84.813595
-72.345535
-59.415695
-45.562294
-31.093187
-16.162300
-0.615707
15.392667
31.247114
47.409415
64.187422
80.503649
96.665949
112.674323
127.297357
140.996830
153.772744
165.317244
175.168551
182.710958
188.406245
192.408338
194.255458
193.947605
191.176925
186.559125
180.709911
173.013578
164.239757
154.388451
142.843950
129.914110
117.446050
104.824063
92.202076
80.349722
69.574855
58.184281
47.255488
37.250254
28.476434
20.010467
11.390574
3.540313
-3.848167
-10.620940
-17.085860
-24.012561
-30.015701
-37.096328
-43.869101
-49.872241
-55.259675
-60.801035
-66.034542
-70.498415
-73.884802
-76.809409
-80.349722
-82.042915
-82.658622
-82.658622
-83.120402
-82.042915
-80.041869
-77.732969
-74.500509
-71.268048
-67.881662
-63.879568
-60.185328
-55.413601
-50.795801
-46.639781
-42.329834
-38.019888
-34.633501
-31.401041
-27.860727
-24.474341
-20.934027
-17.855494
-14.930887
-12.006280
-8.773820
-6.003140
-3.848167
-2.001047
-0.153927
1.077487
1.693193
2.616753
2.924607
3.078533
2.924607
2.154973
1.231413
0.307853
-0.307853
-1.539267
-2.001047
-2.770680
-3.078533
-2.770680
-2.770680
-2.308900
-1.385340
0.153927
1.077487
3.078533
4.002093
5.541360
6.772774
7.850260
9.235600
10.313087
10.928794
11.544500
11.698427
11.390574
10.774867
10.620940
9.697380
8.158114
6.772774
6.157067
4.925653
3.540313
2.616753
2.001047
1.385340
-0.153927
-0.923560
-1.077487
-1.385340
-1.385340
-1.693193
-1.693193
-1.077487
-1.077487
-1.231413
-1.539267
-2.001047
-3.078533
-3.540313
-4.617800
-5.541360
-6.157067
-6.618847
-7.850260
-9.081674
-10.159160
-10.467014
-11.390574
-12.006280
-12.006280
-11.544500
-10.620940
-9.543454
-8.465967
-7.234554
-5.695287
-4.156020
-3.078533
-1.385340
0.307853
1.847120
3.232460
4.925653
6.618847
8.158114
9.543454
11.082720
12.929840
14.776960
16.316227
18.009420
19.702614
21.395807
22.935074
24.936121
26.321461
28.476434
30.323554
31.862821
33.556014
34.479574
34.479574
34.941354
35.095281
35.249208
36.018841
35.249208
34.325648
33.402088
32.478527
31.862821
31.093187
29.246067
26.783241
25.551827
24.166487
22.319367
20.010467
17.393714
15.238740
13.083767
10.005234
7.234554
4.156020
1.231413
-2.616753
-6.772774
-10.313087
-14.161254
-17.547640
-20.934027
-24.166487
-27.398947
-30.939261
-33.709941
-35.710988
-36.942401
-38.943448
-40.174861
-41.098421
-41.868054
-41.098421
-39.867008
-39.713081
-38.943448
-38.173814
-38.019888
-36.018841
-34.171721
-33.402088
-31.708894
-30.477481
-28.784287
-26.475387
-24.936121
-24.012561
-22.165441
-20.472247
-18.317274
-15.700520
-13.545547
-11.544500
-9.389527
-6.926700
-4.156020
-1.539267
0.923560
3.386387
6.157067
8.619894
11.082720
13.237694
15.238740
16.778007
18.009420
19.856541
20.318321
20.318321
20.626174
20.626174
20.626174
20.472247
19.086907
18.009420
17.239787
16.316227
15.854447
15.084814
13.699474
12.006280
11.390574
10.467014
9.389527
8.465967
7.388480
6.464920
5.541360
4.309947
3.540313
3.386387
2.308900
1.385340
0.461780
0.153927
0.153927
0.307853
0.769633
0.461780
0.615707
0.615707
0.923560
1.077487
1.385340
1.385340
1.231413
1.539267
1.539267
1.847120
1.385340
1.077487
0.769633
0.153927
0.307853
-0.153927
-0.307853
-0.615707
-1.693193
-2.154973
-2.462827
-2.462827
-2.770680
-2.924607
-2.924607
-2.770680
-2.462827
-2.001047
-1.385340
-0.923560
-0.153927
0.461780
0.461780
1.539267
1.847120
2.462827
2.462827
2.770680
3.078533
2.770680
2.462827
2.462827
2.001047
0.769633
0.307853
0.000000
0.000000
-0.461780
-0.923560
-2.001047
-2.154973
-1.847120
-2.462827
-2.462827
-2.616753
-2.770680
-2.924607
-3.386387
-2.770680
-2.308900
-2.616753
-3.078533
-2.924607
-2.770680
-3.078533
-2.616753
-2.924607
-2.308900
-2.462827
-2.462827
-2.616753
-2.462827
-2.616753
-2.924607
-2.924607
-2.924607
-2.462827
-2.462827
-2.308900
-2.154973
-2.154973
-2.308900
-2.462827
-2.924607
-2.770680
-2.770680
-2.770680
-3.078533
-3.078533
-2.616753
-2.308900
-1.847120
-1.231413
-0.615707
0.000000
0.615707
0.923560
1.077487
1.693193
2.001047
2.616753
3.232460
3.540313
4.156020
4.309947
4.002093
4.002093
4.309947
4.309947
3.848167
3.540313
3.694240
4.002093
4.002093
4.156020
4.309947
4.309947
4.309947
4.002093
4.002093
3.540313
3.540313
2.924607
2.308900
2.308900
2.308900
1.847120
1.539267
1.385340
1.077487
0.923560
0.461780
0.153927
-0.307853
-0.615707
-1.231413
-2.154973
-2.462827
-2.770680
-2.770680
-3.078533
-3.232460
-3.232460
-3.078533
-3.078533
-3.232460
-3.078533
-2.924607
-3.078533
-3.078533
-3.078533
-2.616753
-2.462827
-2.308900
-2.154973
-1.847120
-1.847120
-1.385340
-1.231413
-1.693193
-1.847120
-1.847120
-1.539267
-1.077487
-0.769633
-1.077487
-0.615707
-0.307853
-0.153927
-0.307853
0.153927
0.307853
0.461780
0.615707
0.615707
0.769633
0.923560
0.923560
0.615707
0.769633
0.923560
0.769633
0.769633
0.923560
1.077487
0.769633
0.615707
1.077487
1.539267
1.539267
1.385340
1.385340
1.385340
1.385340
1.693193
1.847120
1.693193
2.001047
1.847120
1.693193
1.693193
1.385340
1.077487
0.923560
0.307853
0.307853
0.153927
0.000000
0.000000
-0.153927
-0.307853
-0.153927
0.000000
0.000000
-0.153927
0.000000
-0.461780
-1.077487
-0.615707
-0.923560
-1.385340
-2.001047
-2.308900
-2.001047
-2.154973
-1.847120
-1.847120
-1.693193
-1.231413
-0.923560
-0.923560
-0.153927
-0.153927
-0.461780
-0.307853
0.307853
0.461780
0.307853
-0.153927
-0.153927
0.153927
0.307853
0.615707
0.923560
0.769633
0.769633
0.615707
0.615707
1.077487
0.923560
1.077487
0.769633
0.615707
0.153927
-0.153927
0.461780
0.307853
0.615707
0.461780
0.461780
0.923560
0.461780
0.615707
1.077487
0.923560
0.461780
0.307853
0.615707
0.461780
0.307853
0.000000
0.000000
0.000000
-0.153927
-0.153927
-0.461780
-0.615707
-1.231413
-1.077487
-1.077487
-1.385340
-1.693193
-1.385340
-1.231413
-1.385340
-1.385340
-1.385340
-1.231413
-1.231413
-1.077487
-1.077487
-0.769633
-0.615707
-0.769633
-0.461780
-0.307853
-0.153927
-0.307853
-0.461780
-0.153927
0.461780
0.307853
0.000000
0.307853
0.923560
0.769633
0.461780
0.461780
0.615707
1.077487
1.077487
1.077487
0.615707
0.923560
0.923560
0.923560
0.769633
0.307853
0.000000
0.000000
0.000000
-0.153927
-0.307853
-0.461780
-0.615707
-0.615707
-0.615707
-0.153927
0.153927
0.461780
0.615707
0.615707
0.461780
0.461780
0.769633
0.461780
0.307853
0.000000
0.000000
0.000000
-0.153927
-0.307853
-0.153927
0.307853
0.615707
0.307853
0.000000
0.461780
0.307853
0.307853
0.000000
-0.307853
0.000000
0.461780
0.153927
0.153927
0.461780
0.615707
0.769633
0.461780
0.769633
0.615707
0.769633
0.615707
0.615707
0.615707
0.769633
0.307853
0.153927
0.153927
-0.307853
-0.307853
-0.307853
-0.307853
-0.615707
-0.769633
-0.769633
-0.615707
-0.923560
-0.923560
-0.769633
-0.923560
-1.077487
-0.923560
-0.769633
-0.615707
-0.461780
-0.307853
-0.307853
-0.769633
-0.615707
-0.615707
-0.615707
-0.461780
-0.461780
-0.769633
-0.461780
-0.615707
-0.615707
-0.769633
-0.615707
-0.769633
-0.615707
-0.615707
-0.461780
-0.153927
-0.307853
-0.307853
0.000000
0.153927
0.307853
0.153927
-0.153927
0.000000
0.000000
0.153927
0.307853
0.461780
0.307853
0.153927
0.153927
0.307853
0.000000
-0.307853
0.000000
0.000000
0.153927
0.000000
0.307853
0.615707
0.461780
0.769633
0.769633
0.615707
0.153927
0.461780
0.307853
0.307853
0.153927
0.307853
0.307853
0.307853
0.307853
0.307853
0.615707
0.769633
0.615707
0.461780
0.461780
0.307853
0.000000
-0.153927
0.153927
0.307853
0.153927
0.000000
0.153927
0.000000
-0.153927
-0.615707
-0.461780
-0.615707
-0.615707
-0.307853
0.153927
0.153927
0.153927
0.307853
0.769633
0.615707
0.461780
0.307853
0.153927
0.461780
0.461780
0.461780
0.615707
0.769633
0.615707
0.615707
0.615707
0.461780
0.307853
0.615707
0.461780
0.307853
0.153927
0.000000
0.307853
0.000000
0.153927
0.461780
0.461780
0.153927
-0.153927
-0.307853
0.000000
-0.307853
-0.307853
-0.307853
-0.461780
-0.307853
-0.461780
-0.461780
-0.615707
-0.461780
-0.307853
-0.461780
-0.461780
-0.923560
-0.923560
-0.769633
-0.461780
-0.307853
-0.615707
-0.769633
-0.923560
-0.923560
-1.077487
-1.077487
-1.077487
-1.385340
-1.077487
-1.231413
-1.077487
-1.077487
-1.231413
-1.693193
-1.231413
-0.923560
-1.077487
-0.769633
-0.923560
-1.231413
-1.385340
-0.769633
-0.615707
-0.615707
-0.461780
-0.307853
-0.153927
0.000000
0.307853
0.461780
0.769633
0.923560
0.769633
0.923560
1.077487
1.539267
0.923560
0.615707
1.077487
1.231413
1.539267
1.385340
1.385340
1.539267
1.077487
1.231413
1.539267
1.693193
1.847120
1.231413
1.539267
1.231413
1.231413
1.385340
1.539267
1.385340
0.923560
0.461780
0.769633
0.307853
0.307853
-0.153927
0.000000
0.000000
-0.307853
-0.769633
-0.461780
-0.307853
-0.153927
-0.307853
-0.307853
-0.153927
-0.307853
-0.153927
-0.153927
-0.461780
-0.769633
-0.923560
-1.231413
-1.231413
-1.077487
-0.923560
-0.769633
-0.923560
-0.461780
-0.307853
-0.153927
0.000000
0.153927
0.153927
0.153927
-0.307853
-0.307853
-0.153927
-0.307853
-0.461780
-0.307853
-0.153927
-0.769633
0.000000
-0.307853
-0.153927
-0.307853
-0.153927
-0.307853
-0.307853
0.000000
-0.461780
-0.307853
-0.461780
-0.307853
-0.153927
-0.615707
-0.461780
-0.153927
-0.307853
-0.153927
0.000000
0.153927
-0.153927
0.153927
0.461780
0.461780
0.307853
0.461780
0.153927
0.307853
0.615707
0.615707
0.153927
-0.153927
-0.153927
-0.153927
-0.153927
-0.153927
-0.307853
-0.307853
-0.615707
-0.461780
-0.153927
-0.153927
-0.461780
-0.461780
-0.307853
-0.153927
-0.307853
0.307853
0.461780
0.307853
0.000000
-0.153927
0.000000
-0.153927
-0.153927
-0.461780
-0.307853
0.000000
-0.307853
-0.153927
0.307853
0.307853
0.461780
0.615707
0.769633
0.923560
0.923560
0.461780
0.153927
0.615707
0.615707
0.615707
0.769633
0.769633
0.307853
0.461780
0.307853
0.000000
0.307853
0.307853
0.615707
0.615707
0.461780
0.307853
0.307853
0.307853
0.307853
0.307853
0.153927
0.307853
0.153927
0.153927
0.000000
0.153927
-0.153927
-0.153927
-0.153927
-0.461780
-0.769633
-0.769633
-0.615707
-0.615707
-0.461780
-0.461780
-0.307853
-0.153927
-0.307853
-0.307853
-0.615707
-0.461780
-0.461780
-0.461780
-0.461780
-0.461780
-0.307853
-0.461780
-0.615707
-0.615707
-0.461780
-0.307853
0.000000
-0.307853
-0.307853
-0.307853
-0.153927
0.000000
0.000000
0.307853
0.307853
0.000000
-0.307853
-0.307853
-0.461780
-0.615707
-0.307853
0.000000
0.153927
0.307853
0.307853
0.923560
0.615707
0.461780
0.769633
0.615707
0.615707
0.153927
0.153927
0.153927
0.153927
-0.153927
-0.307853
-0.153927
0.153927
0.000000
-0.307853
-0.307853
-0.307853
-0.461780
-0.461780
0.000000
-0.153927
-0.307853
-0.461780
0.000000
0.307853
0.153927
-0.153927
-0.153927
-0.153927
0.000000
-0.307853
-0.307853
0.000000
0.000000
0.307853
-0.153927
0.000000
0.000000
0.461780
0.615707
0.769633
0.769633
0.615707
0.769633
0.615707
0.615707
0.923560
0.923560
0.615707
0.000000
0.153927
0.307853
0.153927
0.307853
0.153927
-0.153927
-0.153927
-0.153927
0.000000
0.153927
0.153927
-0.153927
-0.153927
-0.153927
0.000000
-0.307853
0.000000
0.000000
0.000000
0.153927
-0.153927
-0.153927
0.153927
0.153927
-0.153927
-0.307853
0.000000
0.153927
0.000000
0.000000
0.000000
-0.153927
-0.153927
-0.461780
-0.769633
-0.153927
-0.461780
-0.615707
-0.769633
-0.461780
-0.307853
-0.153927
-0.461780
-0.769633
-0.615707
-0.461780
-0.461780
-0.153927
0.000000
0.153927
-0.307853
-0.307853
0.000000
0.153927
0.000000
0.000000
0.000000
-0.307853
0.000000
-0.153927
-0.461780
-0.307853
-0.307853
0.153927
0.153927
0.153927
0.615707
0.307853
0.461780
0.307853
0.000000
0.153927
0.461780
0.307853
0.307853
-0.153927
0.000000
0.000000
-0.153927
0.000000
-0.307853
0.000000
0.000000
0.307853
0.000000
0.000000
0.153927
0.307853
0.153927
0.153927
0.461780
0.461780
0.307853
0.153927
0.000000
0.153927
-0.153927
-0.153927
0.000000
0.000000
0.000000
-0.153927
-0.153927
-0.307853
0.000000
0.000000
-0.153927
0.307853
0.000000
0.153927
0.000000
0.000000
0.000000
-0.307853
-0.461780
-0.307853
-0.461780
-0.615707
-0.461780
-0.307853
-0.153927
0.153927
0.307853
0.000000
0.461780
0.307853
0.307853
0.307853
0.307853
0.307853
0.153927
0.307853
0.615707
0.769633
0.769633
0.769633
0.153927
0.000000
0.461780
0.769633
0.615707
0.769633
0.769633
0.461780
0.615707
0.769633
0.769633
0.615707
0.615707
0.307853
0.153927
0.000000
0.000000
-0.153927
0.153927
0.153927
0.307853
0.307853
0.153927
0.000000
0.000000
0.000000
-0.153927
-0.461780
-0.615707
-0.923560
-0.769633
-0.769633
-1.077487
-0.923560
-1.231413
-0.769633
-0.769633
-0.615707
-0.615707
-0.923560
-0.923560
-0.923560
-0.923560
-0.923560
-0.307853
-0.923560
-0.769633
-0.923560
-0.923560
-0.923560
-0.769633
-0.461780
-0.461780
-0.615707
-0.615707
-0.307853
-0.307853
-0.769633
-0.769633
-0.615707
-0.615707
-0.769633
-0.769633
-0.307853
-0.153927
-0.153927
0.153927
0.153927
0.000000
0.000000
0.461780
0.769633
0.461780
0.461780
0.307853
0.461780
0.615707
0.615707
0.769633
1.077487
1.077487
1.231413
0.769633
0.769633
0.769633
0.769633
0.769633
1.077487
0.923560
0.923560
1.077487
1.077487
1.385340
1.077487
1.231413
1.077487
1.077487
0.923560
0.923560
0.923560
0.923560
0.615707
0.769633
0.461780
0.461780
0.307853
0.307853
0.153927
0.000000
0.000000
0.000000
0.307853
-0.153927
-0.153927
-0.461780
-0.461780
-0.769633
-0.769633
-0.615707
-0.615707
-1.077487
-1.077487
-1.077487
-1.077487
-0.769633
-0.461780
-0.615707
-0.769633
-0.615707
-0.461780
-0.769633
-0.923560
-0.615707
-0.461780
-0.307853
-0.615707
-0.461780
-0.461780
-0.307853
-0.615707
-0.461780
-0.153927
-0.307853
-0.153927
-0.307853
-0.307853
0.153927
0.000000
-0.307853
-0.307853
-0.307853
-0.461780
-0.307853
-0.307853
-0.153927
-0.153927
-0.153927
-0.615707
-0.461780
-0.769633
-0.461780
-0.153927
-0.461780
-0.307853
0.000000
0.000000
-0.307853
0.000000
-0.153927
-0.307853
-0.153927
-0.153927
-0.307853
-0.307853
-0.461780
-0.769633
-0.615707
-0.153927
-0.153927
0.000000
0.153927
0.000000
0.461780
0.307853
0.307853
0.769633
0.461780
0.615707
0.461780
0.461780
0.461780
0.615707
0.461780
0.153927
0.153927
0.307853
0.153927
0.307853
0.307853
0.307853
0.461780
0.461780
0.461780
0.153927
0.461780
0.923560
1.231413
0.769633
0.923560
0.923560
