-27.234615
46.513050
-28.611646
-89.813028
33.660760
74.971693
-41.616940
-23.868539
20.655466
11.628263
9.639218
25.092566
-7.956180
-28.305639
51.256157
142.905226
-52.480185
-130.511946
165.855744
166.008748
-151.473420
-44.524005
203.953604
-19.431439
-101.441290
144.894271
22.338504
-125.156826
103.277332
77.419748
-91.802073
33.201750
102.665318
-91.802073
38.556870
83.845893
-39.933902
-2.295052
-25.704580
38.403867
50.950150
-90.272038
-30.447687
13.158297
4.743107
-42.840967
-34.578781
74.665686
-0.612014
-77.113741
-37.179839
106.490404
5.202117
-149.637378
84.304903
46.360047
-184.369162
41.463936
133.113005
-112.457539
-97.922211
51.256157
119.495698
-27.387618
-169.527827
84.151900
147.648333
-91.802073
-204.718622
81.856848
171.057862
-68.545547
-158.664582
108.326446
113.834570
-119.495698
-20.961473
120.413718
-87.364972
-100.523269
217.111902
12.087273
-142.752223
-22.644511
133.266009
68.698551
-176.106976
-52.786192
158.970589
102.971325
-188.653259
-62.119402
243.734503
40.086905
-189.877287
7.650173
90.884052
-55.693257
0.000000
49.420116
-29.682670
-172.740900
54.469230
179.779059
-125.615836
-161.724651
123.626791
48.808102
-195.538414
65.332475
175.953972
-183.910152
-9.792221
160.653627
-148.872361
-48.502095
98.840231
13.770311
-92.261083
18.207411
39.627895
-34.272774
-40.239908
72.217630
9.333211
-106.184397
75.430703
65.485478
-77.113741
-23.562532
70.075582
63.496433
-125.921843
-15.453349
197.374456
-178.708035
-92.414086
304.629877
-74.512682
-155.757516
173.658921
85.222924
-252.608703
49.267112
253.220717
-88.742003
-188.959266
219.559957
82.162855
-341.656713
213.745826
231.800233
-262.094917
-81.244834
345.022789
-77.878758
-248.477610
284.280418
69.769575
-218.794940
104.960370
63.343430
-271.428128
251.231672
65.332475
-323.755309
100.370266
202.576573
-210.991763
-153.615468
216.040877
5.202117
-170.598851
-24.327549
85.834938
26.316594
-6.426145
-105.113373
-72.982648
172.434893
149.790382
-283.821408
-159.888610
436.671858
56.305271
-449.065138
140.151164
252.455699
-240.827437
13.464304
22.491508
37.944857
36.108815
-40.086905
-136.632085
25.398573
172.434893
-148.413351
-229.046171
174.117931
207.778691
-164.937724
-242.663478
171.822879
330.487461
-349.765896
-149.637378
425.043596
141.987206
-400.869050
-87.670979
482.113884
26.469598
-526.637889
124.544812
370.268359
-158.052568
-156.216527
89.507021
-28.458642
146.271302
-75.430703
-286.881477
224.456067
213.286815
-229.352178
-313.657081
398.727002
105.878390
-541.173218
85.222924
433.764793
-131.735974
-305.394895
89.660024
299.580763
-90.578045
-205.483639
89.201014
238.838392
-43.758988
-141.834202
-4.131093
247.253582
43.299978
-438.048889
208.390705
405.612157
-331.864492
-221.395998
409.131237
-6.732152
-258.269831
91.190059
124.697815
-119.036687
-80.020807
87.211969
112.151532
4.590104
-189.571280
-40.086905
302.793836
-76.195720
-463.294459
367.667300
305.853905
-345.481800
-337.678623
353.743986
278.160280
-529.238948
29.070656
363.689211
-195.844421
-239.756413
370.115356
-20.961473
-392.453860
247.253582
230.423202
-427.338648
19.584442
249.395630
-9.486214
-93.179104
-77.266744
-5.049114
169.221820
-97.922211
-150.708402
295.602674
-50.797147
-231.035216
145.659288
124.238805
-198.139473
120.872729
30.141680
-221.549002
42.075950
348.235862
-58.753326
-273.723180
46.666054
243.581499
-44.064995
-380.213584
238.685389
382.967646
-399.645022
-30.294684
217.570912
-190.795307
-4.437100
230.576205
-177.637010
-221.855009
287.340487
128.522902
-177.484007
-363.383204
388.475770
252.608703
-487.469005
-61.354385
378.683549
66.097492
-570.549881
311.056022
461.917428
-486.856991
-160.347620
367.208290
-64.414454
-23.409528
-124.697815
148.413351
123.626791
-329.110430
205.636642
153.309461
-285.810452
29.835674
37.026836
-37.026836
213.286815
-205.024629
-21.267480
85.681934
-33.354753
62.119402
-51.562164
-99.452245
65.944489
172.128886
-195.232408
-50.032130
292.542604
17.289390
-544.233287
223.538047
549.435404
-490.223067
-235.013306
545.763321
-155.145503
-237.002351
234.401292
-45.442026
-124.238805
81.703845
92.720093
-77.419748
-147.342326
229.658185
38.403867
-360.782145
229.811188
148.260347
-111.539518
-212.980808
58.294316
446.158072
-367.361294
-220.018967
256.892800
249.089623
-300.498784
-131.735974
228.128150
-59.824351
108.020439
-153.156458
-48.349092
155.451509
139.539150
-506.900444
294.378646
366.749280
-528.014920
0.153003
231.953237
137.703109
-290.553560
-125.921843
362.159176
170.292845
-507.512458
-136.020071
645.980584
-202.270566
-331.099475
320.083226
-50.338136
-29.529667
85.069921
-205.789646
103.583338
134.490036
-163.713696
-146.424306
273.723180
226.139105
-511.949558
65.179471
387.710753
-450.289166
60.436364
346.858831
-149.790382
-356.192041
370.727370
174.729945
-451.207186
185.746193
32.130725
-166.161751
93.791117
405.765161
-551.577452
-84.304903
731.815521
-377.306518
-504.911399
487.316002
327.427392
-665.412022
102.971325
672.603185
-584.167188
-264.083962
659.750895
-223.691050
-431.775748
455.950294
175.647965
-402.399085
-21.879494
189.571280
120.719725
-327.580395
60.283361
272.040142
-184.063155
-86.599955
9.180207
373.175425
-327.580395
-279.078300
512.561572
-38.709874
-339.973675
169.527827
72.370634
-1.989045
31.671715
-130.970957
-96.698183
293.154618
-13.617307
-472.321663
465.436508
25.092566
-235.166309
75.583706
-179.320048
353.743986
-44.524005
-376.694504
310.291005
84.151900
-333.241523
229.658185
68.698551
-186.358207
50.338136
87.976986
-44.983016
-2.142048
8.721197
-90.578045
193.090359
-54.622233
-105.725387
-93.638114
167.232775
170.139841
-270.204100
-26.775604
136.785088
155.298506
-327.427392
-100.523269
561.063667
-432.081755
-255.974779
638.636418
-81.703845
-532.146014
139.233143
799.137041
-687.138513
-519.599730
857.890368
-2.295052
-506.900444
141.834202
453.655242
-589.675313
145.812292
567.489812
-638.483414
-204.412615
568.101825
62.272406
-575.598995
446.770086
231.188219
-596.407465
95.015145
193.090359
242.969485
-220.783984
-652.865739
757.673105
431.775748
-971.571934
-111.539518
1123.657368
-325.438347
-1306.190489
1071.942200
798.525028
-1241.011017
-366.290269
1294.562226
28.152636
-1374.277026
318.247185
1443.893597
-905.627445
-1263.961535
1466.844115
666.483047
-1552.832057
208.849715
1013.800888
-604.210641
-634.964335
620.582010
518.834713
-671.073150
-79.102786
492.671123
-68.698551
-755.072047
637.565394
534.594069
-1050.215710
-26.010587
922.763832
-5.355121
-874.873751
4.743107
1035.374375
-398.114988
-1019.309012
796.382979
856.513337
-1300.223354
-102.665318
1399.828603
-635.117338
-1197.558036
849.322174
1155.482086
-1319.348786
-623.948086
1517.947269
188.806262
-1867.101152
832.797801
1572.569502
-1737.813233
-522.659800
1687.628100
54.928240
-1793.812497
754.154026
1363.413780
-1350.408487
-476.299753
1141.558772
110.468494
-1337.250190
548.058373
1138.804710
-1031.396285
-607.117706
1037.057413
316.870154
-1396.156520
492.977129
984.118217
-815.967421
-427.185644
577.741043
570.396877
-1014.259898
-174.576941
1252.027266
-334.924561
-1258.759418
987.943304
846.109102
-1161.143214
-397.961984
1192.049912
-129.440922
-1195.874998
868.753613
695.400699
-945.102337
-589.369306
1188.530832
130.511946
-1145.842869
137.856112
1085.100497
-411.273285
-1115.395181
1101.777874
670.614140
-1457.816912
-459.163366
1969.307459
-319.165205
-2112.059682
1638.513991
1200.618105
-2124.452962
-216.499888
2137.458255
-618.133955
-1618.470539
1205.820223
844.885074
-1345.818383
-304.323870
1440.527521
-377.918532
-975.550024
550.812435
422.289534
-351.295931
-486.550984
736.558629
33.966767
-850.852209
374.705459
748.951908
-728.296442
-607.270710
1221.426575
-25.398573
-1381.774195
703.050872
1512.745152
-1696.043290
-703.050872
2185.501340
-491.600098
-1434.254380
1057.253869
637.106383
-1113.406136
-41.463936
726.307397
-2.142048
-429.633699
-225.068081
260.564883
16.830380
-96.086169
-74.818689
307.077933
-74.206675
-205.330636
-26.928608
-60.130358
436.977865
-40.698919
-554.484518
29.682670
617.674945
132.653995
-737.629653
-28.305639
686.679502
-265.613997
-493.589143
212.980808
616.756924
-145.047275
-478.747808
183.757149
452.125207
-593.959409
58.447320
545.304311
-207.931694
-451.819200
146.424306
711.007052
-773.126454
-27.234615
511.949558
-372.563411
-552.342470
767.771333
200.434525
-874.567744
328.957427
456.868314
-595.642447
118.424674
501.239316
-301.416805
-290.247553
421.830523
96.392176
-449.524148
257.198807
305.700902
-631.751262
172.128886
418.158440
-380.366587
91.802073
12.240276
-47.890081
-20.043453
44.524005
63.343430
-148.872361
129.287919
-24.480553
-188.653259
53.551209
254.903755
-226.904123
-369.656345
569.325853
136.632085
-719.422242
160.041613
852.688250
-601.762585
-577.588040
1085.559508
-138.009116
-1037.516423
845.956098
783.224682
-1152.575021
-342.727737
1296.857278
-110.009484
-1135.438634
516.386658
620.276003
-703.203876
-268.521062
825.759642
-289.482535
-689.280561
646.745601
154.227482
-649.652667
171.516872
363.383204
-441.414965
82.162855
496.496209
-406.530178
-157.746561
583.402171
-266.991028
-279.996321
438.507900
-8.415190
-340.432686
196.456435
126.074846
-470.026611
268.674066
124.238805
-332.782513
41.463936
313.657081
-141.834202
-179.167045
491.447095
-45.289022
-670.002126
86.140945
880.075869
-621.806038
-507.359454
1036.598402
-56.305271
-903.944407
230.576205
896.906249
-605.893679
-846.415109
883.747952
475.075725
-911.747584
138.162119
800.514072
-474.310708
-339.208658
4.437100
306.312915
157.134547
-398.880005
178.402028
285.963456
-381.437611
-116.129622
470.179615
-182.686124
-333.547530
70.381589
374.246449
69.922579
-339.820672
360.323135
197.374456
-598.396509
-134.337033
652.406729
-212.827805
-396.125943
669.084105
-88.895007
-800.667076
498.026243
599.008523
-953.976537
-371.951397
1069.494145
-130.817953
-909.605535
806.175200
549.282401
-879.310851
-450.136162
575.751998
197.374456
-501.086313
70.534592
486.550984
-177.943017
-358.334090
103.583338
530.615979
-455.032273
-527.708914
866.458561
71.911623
-620.429007
493.589143
362.159176
-547.905370
-103.889345
300.957794
49.879126
-159.735606
-5.967135
279.384307
-91.649069
-106.184397
-118.118667
-144.741268
153.462465
-173.199910
-201.505549
449.983159
-139.539150
-251.537679
242.357471
73.135651
-447.688107
186.817218
383.579660
-509.960513
175.494962
649.193656
-341.350706
-621.806038
625.478121
317.635171
-605.893679
-129.746929
588.757292
58.906330
-469.108591
320.389233
132.041981
-377.306518
114.905594
355.733031
-606.199686
197.527459
528.779938
-647.663622
68.392544
498.791261
-495.272181
-479.971836
659.750895
55.846261
-604.363644
157.899565
474.157705
-295.602674
-322.684285
302.028819
265.613997
-353.590983
-256.892800
645.674577
-48.808102
-412.191306
411.273285
-143.058230
11.934269
63.955444
-247.559589
394.442905
-49.267112
-316.411143
277.701269
157.746561
-515.162630
236.237333
452.125207
-610.789789
-47.890081
513.020582
-170.751855
-502.769351
595.642447
126.074846
-957.648620
520.670755
561.522677
-632.057269
-192.937356
712.384083
-209.155722
-479.971836
245.723547
271.122121
-200.893535
-286.881477
243.275492
0.918021
-4.437100
-73.747665
26.775604
179.473052
-363.230200
92.108079
194.008380
-102.971325
104.348356
-108.785456
-126.533857
329.110430
100.676273
-431.316737
69.157561
498.026243
-432.693769
-307.230936
722.788318
14.994339
-849.934188
642.308501
361.088152
-895.529217
279.537311
634.964335
-462.835449
-328.192409
394.595908
34.272774
-263.777955
71.605617
54.775237
-410.202261
412.344309
-76.348724
-362.159176
327.121385
236.543340
-560.910663
70.687596
585.391216
-387.863756
-31.977722
397.655977
-242.357471
-142.293212
283.362397
-182.839128
179.014041
92.261083
-212.674801
-113.987573
206.554663
42.228953
-48.043085
-166.008748
24.174546
287.034480
-412.497313
-26.469598
642.308501
-357.110062
-586.309237
748.645901
69.463568
-521.435772
373.175425
148.413351
-321.613261
-40.392912
263.318945
7.956180
-187.735238
-42.075950
160.500623
-163.713696
-41.157929
284.586425
-237.308357
-240.521430
207.625687
140.763178
-206.248656
-59.824351
335.689579
-187.276228
-347.011834
229.199174
200.281522
-251.231672
-51.562164
224.762074
-122.555767
-15.759356
133.572016
-46.819057
-49.267112
61.660392
198.139473
-252.761706
103.889345
381.896622
-631.598259
111.233511
571.773908
-425.655610
-173.352914
380.060580
-146.271302
-184.675169
213.745826
-121.484743
-31.212705
191.254318
-219.865964
-176.565986
322.378278
-15.147342
-237.002351
122.402763
-64.108447
88.742003
165.243731
-402.552088
175.341959
384.803687
-546.681342
36.414822
532.605024
-330.334458
-244.652523
536.583114
-72.676641
-509.501503
446.464079
322.837288
-665.412022
181.768104
585.238212
-572.844933
-182.839128
595.642447
-144.741268
-599.161527
421.677520
360.476138
-693.717661
62.578413
734.875591
-464.365484
-444.628038
754.919043
-176.871993
-607.729720
581.719133
214.663846
-559.533632
35.343798
599.161527
-356.957059
-458.704356
656.537822
85.681934
-758.438123
354.968014
577.894047
-667.554071
-189.112269
589.216302
-337.678623
-501.698326
636.188363
-82.621865
-516.386658
318.400188
341.503710
-560.298649
-131.735974
685.608478
-159.276596
-542.550249
391.994850
461.458418
-632.057269
-116.741636
792.098882
-272.346148
-699.990803
719.116235
225.527092
-650.264680
294.225642
378.989556
-374.399452
-61.048378
345.022789
-7.650173
-279.843318
242.969485
119.036687
-221.549002
-75.124696
71.146606
-18.054408
-286.422466
162.030658
165.090727
-345.787807
-1.989045
434.070800
-221.855009
-191.254318
438.813907
1.989045
-331.558485
113.375560
254.750751
-359.405114
-100.829276
442.485990
-240.521430
-287.952501
443.863021
-15.453349
-485.479960
244.193513
210.379750
-309.984998
35.955812
271.275124
-297.285712
-66.097492
297.132708
-144.129254
-43.146974
181.156090
-100.523269
-200.893535
153.921475
187.429231
-206.095653
37.791853
195.079404
-178.708035
-104.195352
276.018231
77.878758
-273.111166
18.513418
259.034848
-172.893903
-49.420116
205.636642
-198.292477
17.289390
49.267112
-47.890081
31.824718
65.485478
-68.545547
-52.174178
59.518344
178.555031
-99.758252
-244.346516
232.259243
171.516872
-290.553560
-73.441658
282.750383
-182.533121
-230.729209
243.734503
32.130725
-190.336297
21.267480
100.370266
-44.677009
-58.141313
208.849715
-103.277332
-105.419380
268.980072
0.000000
-147.189323
204.106608
78.337769
-245.111534
-2.142048
152.544444
-94.403131
-123.626791
23.103522
-6.885155
24.633556
-107.102418
-95.780162
186.358207
-99.605249
-166.926769
161.265641
27.540622
-115.058598
238.532385
-81.703845
-115.976618
117.506653
7.803176
-5.814131
43.452981
190.183294
-103.889345
-169.527827
221.395998
182.533121
-169.374824
-53.398206
119.954708
-159.123592
-105.266376
242.663478
-80.632820
-182.380117
-19.278435
-48.196088
-84.457907
220.171971
85.222924
-337.831627
-50.644143
154.686492
-94.403131
44.830012
212.980808
-154.992499
-128.981912
73.900668
116.435629
0.000000
43.452981
10.404235
-228.740164
15.300345
195.844421
-18.819425
-0.765017
40.851922
-255.821775
-135.561060
261.176896
101.441290
-126.839864
43.299978
40.851922
-86.140945
31.212705
239.756413
39.321888
-169.527827
42.381957
201.811556
26.775604
-1.836041
107.867435
-51.868171
-228.587161
25.704580
174.117931
-38.556870
4.131093
53.704212
-142.446216
-117.047642
182.380117
12.087273
-274.488197
29.376663
120.260715
-164.172706
10.557238
236.390337
-78.337769
-236.696344
-32.895743
52.939195
-19.278435
15.300345
29.988677
-28.611646
-8.109183
2.448055
54.469230
102.971325
56.458275
-84.916917
-40.086905
142.446216
65.485478
-12.087273
67.933534
50.491140
-84.610910
-41.616940
15.606352
9.027204
-1.530035
-31.824718
-23.409528
21.879494
31.671715
-29.223660
-46.972060
18.972428
16.371370
-80.326813
42.228953
89.201014
-47.890081
-67.780530
5.508124
9.180207
-60.436364
5.967135
19.584442
-31.059701
-20.043453
6.426145
5.661128
-9.027204
-57.529299
-81.091831
29.682670
34.425777
-26.010587
-40.086905
2.907066
10.557238
-73.594661
-91.649069
-5.508124
45.289022
-61.201382
-24.633556
38.097860
19.278435
-7.803176
-71.605617
-92.261083
-57.835306
-25.092566
-101.747297
-8.874200
80.785824
-59.824351
-142.599219
-27.234615
-18.666421
-125.615836
-74.206675
-20.655466
-98.687228
-142.293212
-68.086537
-51.409161
-93.485111
-103.124328
-80.938827
-121.025732
-125.309829
-91.037055
-109.397470
-112.457539
-102.206307
-88.282993
-87.976986
-105.419380
-92.108079
-106.796411
-152.850451
-136.785088
-36.720829
-35.037791
-90.578045
-47.125064
11.781266
75.889713
188.653259
371.645390
515.315634
740.995729
1069.800152
1220.049544
1197.711040
1230.300775
1372.287981
1419.260041
1324.397900
1228.923744
1188.989843
1001.407608
701.367834
523.118810
351.295931
7.344166
-406.683181
-591.052344
-670.920147
-843.967053
-978.457090
-1022.981095
-1129.930509
-1250.191224
-1209.186299
-1119.373271
-1047.767654
-1012.729863
-942.195271
-873.496720
-799.749055
-683.772437
-631.598259
-639.095428
-588.145278
-497.261226
-463.141456
-389.393791
-266.685021
-242.969485
-309.525988
-236.084330
-88.895007
-88.435997
-99.911256
-6.579149
48.961105
-5.967135
-11.322256
-0.459010
-79.102786
-194.467390
-269.286079
-269.745090
-299.733767
-350.071903
-364.454228
-391.841846
-413.568337
-381.284608
-255.821775
-134.490036
-144.282257
-64.261451
111.233511
124.697815
91.802073
239.603409
416.628406
396.737957
335.383572
410.967278
508.430478
475.228729
383.120649
393.524884
319.624216
58.294316
-262.247921
-342.268727
1042.106527
3681.110105
4952.415806
3099.237968
404.847140
444.322031
2174.026081
2498.087397
1779.277169
1950.029024
2232.473400
1227.699717
487.928015
1170.629428
1216.377461
-917.867722
-2763.242383
-2254.352894
-772.208433
-206.248656
-675.510250
-1292.420178
-2103.644492
-3007.129889
-3117.904390
-2247.467739
-1501.269893
-1652.284302
-1906.882050
-1382.386209
-466.201525
-76.654731
-228.740164
-483.184908
-743.137777
-708.405993
58.447320
1355.763608
1937.788748
1320.419810
519.905737
272.652155
296.367691
189.571280
150.708402
191.866332
-22.797515
-414.180351
-436.977865
-147.189323
-314.728105
-1124.881395
-1819.976088
-1794.883521
-1173.689497
-343.645758
713.302104
1178.432604
232.718254
-947.091382
-977.692072
-151.320416
156.063523
221.855009
578.506060
523.577820
133.266009
289.176528
627.467166
69.310565
-648.887649
-483.031905
266.991028
821.781553
1160.684204
1071.330186
264.848979
-359.405114
-329.875447
-35.343798
201.658553
340.891696
83.845893
-423.054551
-460.234390
-216.346884
-386.792732
-879.769862
-919.091749
-613.390848
-327.427392
48.349092
344.257772
137.091095
-386.486725
-542.550249
-248.018599
190.030290
379.907577
337.678623
162.489668
71.605617
68.698551
54.316226
-11.169252
-137.244098
-354.356000
748.339895
3523.363544
4958.994954
3079.347519
92.108079
165.396734
2159.031742
2416.230549
1462.407015
1587.869848
2227.118279
1399.063585
372.716414
694.788686
879.922865
-870.589654
-2774.564639
-2487.683162
-908.993521
-18.972428
-581.413126
-1452.002780
-2141.589349
-2737.537803
-2833.776975
-2249.303780
-1379.632147
-1095.810739
-1218.825516
-829.584729
63.037423
500.780306
187.582235
-265.767000
-557.391584
-466.201525
245.723547
1409.620824
2016.126516
1477.248350
638.330411
167.691786
-9.486214
-245.570544
-386.027715
-270.051097
-273.876183
-503.075357
-635.423345
-481.042860
-621.194024
-1356.834632
-2131.032110
-2095.994319
-1376.878084
-704.121896
-262.400924
554.331515
1416.658983
744.361805
-570.243874
-621.041021
528.626934
852.382243
474.157705
1082.805445
1591.694934
723.247328
-108.479449
287.646494
237.461361
-578.353057
-586.156233
282.750383
675.357247
500.933309
472.933677
28.764649
-583.555174
-581.260123
-249.854641
-91.802073
99.605249
216.040877
-268.827069
-670.614140
-425.808613
-311.974043
-746.197846
-710.701045
-125.309829
64.567458
57.682302
338.137634
442.638993
9.792221
-235.931326
76.501727
349.459889
364.913238
335.689579
208.390705
45.289022
37.179839
19.431439
-230.117195
-298.509739
-347.317841
823.158584
3576.302739
4999.999880
2827.197827
-648.428639
-317.635171
2328.253563
2628.446340
1185.776770
1242.694055
2350.898074
1679.671920
290.553560
281.832363
610.024772
-817.956466
-2704.030046
-2627.681323
-914.348642
420.912503
-221.855009
-1660.546489
-2538.174302
-2747.789034
-2570.458031
-2159.949763
-1324.550903
-787.202772
-752.929998
-534.594069
13.311301
290.553560
5.202117
-370.421363
-618.592965
-438.660903
490.376071
1900.455905
2438.722057
1399.216589
132.500991
-294.225642
-157.899565
-296.826701
-506.900444
-210.685756
26.928608
-377.612525
-871.201668
-773.126454
-714.067121
-1503.105934
-2431.989905
-2280.822492
-1105.143950
-163.560693
550.200421
1533.094611
1277.425839
-498.332250
-1651.672288
-406.530178
1237.338934
1266.715597
1099.176815
1315.217692
781.541644
-104.501359
141.987206
434.682813
-276.018231
-804.645166
-155.757516
699.225786
904.556421
834.327836
26.163591
-1018.390991
-1092.291660
-368.432318
151.626423
366.137266
495.119178
-117.047642
-998.653546
-932.250046
-273.570176
-317.176161
-703.815889
-418.005437
53.398206
261.788910
337.831627
328.804423
0.000000
-286.422466
-62.884420
387.098739
682.854416
632.363276
241.745458
-197.068449
-200.740532
72.370634
80.020807
-130.817953
-261.176896
-1.224028
2049.787276
4589.950623
4417.209723
950.763464
-1466.691112
528.167924
2963.064894
2498.087397
1129.165492
1575.323565
2307.292089
1114.630164
-287.952501
-127.910888
204.259611
-1162.673249
-2762.783373
-2391.443989
-283.668404
853.606271
-563.052711
-2543.682426
-3264.787706
-2729.122613
-2098.901385
-1684.415027
-979.834121
-460.999408
-373.787439
-472.933677
-364.454228
-92.414086
29.682670
-135.102050
-423.666565
-70.993603
1191.590901
2427.399801
2100.278416
555.555542
-427.032641
-306.006908
7.038159
-283.056390
-372.563411
146.424306
273.111166
-590.899340
-1407.325772
-1169.252397
-799.290045
-1514.275186
-2472.841827
-2057.131442
-483.337912
383.273653
405.153147
841.212991
842.743026
-441.567969
-1400.899627
-70.687596
1761.681772
1679.365913
962.544730
1030.325261
912.818608
181.921107
85.069921
325.897357
-124.085801
-563.358718
-6.732152
640.319456
539.490180
272.958162
-303.252846
-1114.630164
-1091.679646
-177.024997
323.296299
128.216895
71.452613
-138.162119
-827.901691
-958.107630
-268.674066
-32.436732
-451.513193
-385.568705
134.490036
250.925665
66.097492
65.332475
44.064995
-121.943753
30.447687
429.480696
600.232551
510.725530
165.243731
-240.827437
-377.459522
-104.807366
57.988309
-155.145503
-176.871993
25.857584
1682.884993
4034.548084
4312.555360
1359.129684
-1450.319742
104.501359
2982.190326
3003.304803
1311.698613
1295.480247
2364.668385
1593.836982
-155.604513
-490.223067
224.303064
-382.355632
-2100.737426
-2561.430827
-836.928895
932.862060
-29.376663
-2423.880722
-3526.729620
-2773.646618
-1848.893741
-1692.065200
-1180.727656
-403.317105
-134.796043
-533.829052
-813.672369
-435.447831
93.332107
217.264905
-178.861038
-181.768104
870.283648
2256.341939
2269.653240
792.251886
-394.289901
-439.272917
-19.431439
-137.091095
-295.755677
152.238437
440.037934
-301.110798
-1571.039468
-1771.320989
-1022.981095
-1028.489219
-2087.273122
-2388.689927
-1052.816768
277.089256
100.523269
-472.168660
459.928383
1088.313570
-140.304168
-1092.138656
375.623480
2285.718602
1618.623542
368.432318
774.044475
1161.143214
301.569808
-150.096389
375.470477
390.005805
-118.118667
-75.430703
198.598484
61.966399
103.277332
-52.786192
-878.392831
-939.594212
12.546283
333.547530
-289.329532
-370.880373
-61.507389
-630.221228
-1065.210048
-331.405482
244.040509
-179.014041
-435.447831
-123.320784
-4.896111
-34.578781
231.341223
373.481432
92.108079
66.403499
386.639729
382.661639
217.723915
116.588632
-49.420116
-255.821775
-119.648701
97.769207
82.468862
-98.687228
509.195496
2624.009240
4171.027165
3095.106875
-31.671715
-912.206594
1667.431644
3367.300020
2162.550822
785.978744
1650.754267
2412.711469
913.583625
-703.356879
-370.268359
372.716414
-656.690825
-2372.165554
-2298.570893
-259.646862
739.618698
-971.724938
-3096.483906
-3307.628673
-2096.453330
-1679.977927
-1855.166882
-1145.383858
-181.003086
-120.107712
-863.092485
-1047.002637
-319.930223
385.568705
349.918900
-128.828908
54.316226
1215.153433
2174.332088
1640.350033
392.300857
-153.462465
22.491508
25.857584
-326.968382
-140.457171
504.299385
525.719869
-608.494737
-1830.533326
-1659.781471
-816.120425
-1003.396653
-2048.716252
-2030.508841
-659.597891
161.418644
-427.644655
-637.412390
819.486501
1385.905288
-161.877655
-1260.136449
322.225275
2250.680811
1528.810514
340.279682
788.426800
1200.312098
270.510107
-322.990292
244.652523
532.452021
83.386883
-215.581867
-160.194617
-7.650173
444.016024
211.603777
-914.042635
-1106.367977
-103.583338
286.728473
-367.514297
-364.301224
130.511946
-453.196231
-1153.340038
-591.358351
161.724651
-56.611278
-429.786703
-314.575102
-140.304168
80.326813
442.945000
408.213216
-80.632820
-54.316226
280.302328
182.074111
24.786560
249.395630
259.952869
-166.467758
-287.493490
117.965663
88.435997
279.078300
2308.975127
4238.654692
3414.119077
333.700534
-824.841622
1300.988371
3044.615735
2304.232020
1010.128805
1463.631043
2347.378994
1313.228647
-479.512825
-500.321295
481.501870
-175.647965
-2158.725735
-2578.414210
-624.407097
715.903162
-528.779938
-2479.879986
-3058.998060
-2393.127027
-2054.224376
-2058.814480
-1332.201076
-278.925297
26.316594
-708.405993
-1252.333273
-727.990435
146.424306
381.437611
25.398573
10.710242
764.864268
1677.223865
1768.719931
1081.734421
354.049993
98.075214
20.349459
-312.892064
-328.957427
406.836185
996.511497
236.543340
-1376.725081
-1939.471786
-1189.754860
-833.103808
-1533.859628
-1942.684858
-1126.105423
-254.750751
-493.895150
-1028.948230
-130.817953
1236.114907
784.448710
-832.491794
-860.797433
1003.243649
1794.271508
920.162774
622.724059
1082.652442
664.034991
-234.248288
-113.834570
537.654138
593.806406
171.363869
-219.712960
-424.737589
25.398573
645.368570
89.201014
-891.245121
-671.532161
68.545547
-150.402395
-554.943528
-42.228953
155.604513
-681.171378
-1114.171154
-536.277107
-73.594661
-132.041981
-196.609439
-276.171235
-307.383940
95.933166
470.791629
194.314387
-41.310933
286.728473
383.273653
-81.091831
-108.020439
386.792732
469.108591
88.282993
34.272774
132.347988
359.864124
2018.727575
3951.008198
3694.421405
1009.669794
-590.287326
794.393934
2418.372597
2312.647210
1520.548328
1729.398043
2189.785437
1229.535758
-442.791996
-723.094325
393.524884
444.934045
-1380.091157
-2592.643532
-1344.288349
263.777955
-308.760971
-1905.046008
-2534.808226
-2256.953953
-2387.465899
-2642.828665
-1814.773970
-406.071167
263.165941
-460.081387
-1466.538109
-1431.959328
-516.845668
149.178368
134.796043
151.167413
587.380261
1049.756699
1110.040060
991.003373
868.906616
651.335705
288.258508
-252.761706
-511.031537
19.890449
944.184316
1017.013960
-216.040877
-1407.937786
-1481.379444
-1121.056309
-1255.546345
-1474.647292
-946.938378
-287.187484
-460.540397
-1203.678174
-870.742658
745.432829
1288.136081
-73.441658
-1206.279233
-250.313651
1091.067632
1031.090278
826.830667
1276.354815
1013.953891
-145.047275
-558.309604
66.862509
664.034991
788.426800
493.130133
-232.718254
-455.338280
372.410408
647.510618
-249.701637
-592.276371
-41.004926
-136.326078
-772.514440
-356.192041
457.480328
52.021174
-845.650091
-984.118217
-702.744865
-461.152411
-77.266744
56.458275
-182.839128
-105.266376
241.439451
30.141680
-289.176528
194.008380
643.226521
126.686860
-331.711489
58.294316
441.261962
302.028819
180.697079
249.854641
188.959266
1141.099761
2952.354652
3554.423245
2024.082696
317.635171
566.724794
1602.405176
1829.921312
1505.247983
1662.841540
2244.407670
1934.881682
396.890960
-756.143071
-237.461361
578.506060
-216.958898
-1705.529504
-1613.115418
-351.907945
-273.111166
-1348.725449
-1955.690152
-1764.435834
-1838.948516
-2495.027328
-2576.578169
-1636.218939
-384.497680
-44.830012
-799.137041
-1425.839190
-1150.585976
-564.123736
-420.606496
-297.744722
301.569808
924.599874
904.556421
587.227257
547.599363
706.722955
785.213727
493.283136
-39.933902
-221.242995
253.679727
808.011242
571.773908
-159.582603
-525.107855
-625.478121
-1040.117482
-1552.526050
-1356.834632
-526.790893
-70.534592
-509.807509
-998.653546
-339.820672
666.636050
402.858095
-714.220124
-859.114395
30.294684
351.754941
171.057862
635.576349
1201.536126
694.023668
-243.887506
-539.184173
-237.002351
298.662743
739.159687
622.418052
125.921843
229.046171
647.969629
246.182558
-328.498416
17.748401
391.229832
-164.325710
-567.183805
-10.251231
408.825230
40.086905
-401.634067
-579.424081
-683.772437
-475.534736
-93.944121
-35.037791
14.076318
369.503342
364.148221
-218.641936
-326.968382
253.220717
423.054551
-28.152636
-158.205572
111.998528
215.275860
82.162855
66.709506
94.862142
520.058741
1756.785661
2673.276352
2214.112986
903.179390
447.076093
1054.958817
1533.553622
1435.019397
1279.414884
1574.558547
1864.500093
1306.955506
200.893535
-185.899197
353.590983
462.223435
-495.884195
-1241.929038
-766.853312
-155.298506
-538.113148
-1262.278497
-1430.888304
-1217.907495
-1477.095347
-2052.694342
-2138.070269
-1531.717580
-781.082634
-683.925440
-1085.559508
-1227.393710
-929.036974
-758.132116
-865.234534
-729.673473
-176.718990
282.903387
274.794204
144.129254
208.543708
441.873976
610.177775
434.070800
99.605249
35.802808
296.214687
429.174689
219.100946
121.484743
258.575838
154.992499
-396.890960
-867.376582
-767.465326
-341.350706
-169.374824
-394.901915
-509.501503
17.442394
510.878534
173.964927
-469.567601
-457.021318
-55.540254
-200.128518
-365.831259
154.533489
652.559732
419.994482
-38.403867
-213.439819
-202.576573
-10.098228
272.346148
253.067713
114.905594
475.993746
814.131380
399.645022
28.458642
334.465551
477.217774
-10.710242
-254.444744
151.014409
374.093446
222.926033
87.058965
-89.354017
-275.865228
-168.303800
-40.392912
-162.030658
-97.616204
288.105504
344.563779
-61.813396
-128.522902
178.861038
158.205572
-160.500623
-240.215423
-100.217263
-87.364972
-184.675169
-238.226378
-283.821408
-205.636642
-8.874200
492.671123
1329.447014
2001.591188
1747.452451
737.170642
337.219613
800.361069
1144.771844
984.730231
1101.165860
1643.563105
1681.201955
939.441209
263.012938
248.324606
533.370041
444.781041
-154.380485
-647.204611
-505.064402
-218.641936
-397.043964
-784.295706
-802.197110
-731.815521
-1253.557300
-1869.855214
-1873.374293
-1382.692216
-972.030945
-870.283648
-913.277618
-1049.297689
-1128.706482
-1049.756699
-910.523556
-768.230344
-513.479592
-227.210129
-111.539518
-113.528563
-74.512682
114.752591
363.995218
470.332618
270.357104
-58.141313
-39.933902
264.542972
359.405114
223.997057
250.466655
408.825230
233.177264
-242.969485
-462.835449
-277.089256
-91.955076
-179.626055
-312.433053
-248.171603
73.135651
294.837656
166.314755
-58.141313
-43.452981
147.648333
11.016249
-196.762442
48.196088
446.005069
384.191674
7.497169
-99.452245
35.649805
68.545547
39.780898
133.878022
255.515769
390.311812
429.327693
233.483271
93.332107
252.914710
396.125943
183.298138
2.448055
193.549370
316.564147
119.036687
-38.250864
9.333211
1.683038
-89.048010
-124.850819
-105.878390
-60.742371
49.573119
86.293948
-36.414822
-48.961105
114.752591
125.615836
-83.539886
-145.047275
-4.590104
19.431439
-151.167413
-287.952501
-353.743986
-386.792732
-368.432318
-318.400188
-236.849347
201.964560
1142.782799
1832.063361
1599.345107
748.798905
303.864860
558.156601
859.267399
888.644062
968.511865
1412.833896
1658.557444
1130.695527
315.187116
83.386883
451.054183
532.758028
-29.529667
-563.511722
-453.196231
-167.844789
-301.875815
-649.499663
-709.324014
-573.303943
-856.972347
-1478.319375
-1802.533694
-1485.816544
-867.529585
-614.308869
-789.038813
-991.768390
-962.697734
-875.791772
-937.605167
-926.588919
-600.997568
-183.145135
-40.545915
-201.046539
-316.105136
-106.031394
204.259611
234.095285
-27.540622
-196.762442
-53.398206
130.817953
110.162487
82.774869
254.291741
427.491651
245.417541
-188.500256
-368.585321
-130.664950
108.173442
55.234247
-93.638114
-44.217998
75.889713
54.775237
207.778691
579.424081
721.411287
354.968014
-110.621497
-190.489300
2.142048
268.980072
467.578556
379.142560
83.998896
-31.977722
13.770311
-48.961105
-27.081611
242.969485
352.366955
118.118667
59.518344
328.651420
434.070800
296.367691
220.630981
163.560693
4.896111
-3.672083
102.512314
41.157929
-40.545915
28.764649
9.945225
-223.538047
-260.411879
-59.212337
-28.764649
-124.544812
-63.037423
105.113373
101.900301
30.600691
8.262187
-63.190427
-56.458275
14.535328
-50.491140
-259.340855
-327.580395
-246.947575
-289.635539
-421.371513
-417.699430
-366.137266
-134.490036
673.827212
1615.563473
1742.862347
959.025651
340.891696
403.776116
603.292620
633.740307
765.476281
1189.448853
1510.603103
1222.497599
508.889489
103.277332
331.864492
566.571791
167.844789
-423.513561
-436.824862
-137.550105
-222.773029
-498.485254
-463.906473
-274.335193
-571.926912
-1247.590166
-1611.738387
-1417.270996
-924.752877
-609.565762
-602.374599
-735.487604
-818.415477
-900.272325
-1011.964846
-984.271221
-707.640976
-385.109694
-274.029186
-298.509739
-341.503710
-287.646494
-89.048010
76.348724
33.660760
-156.675537
-193.702373
-30.294684
96.392176
190.183294
363.383204
494.507164
365.219245
7.497169
-248.630613
-161.724651
119.648701
234.860302
140.151164
60.130358
122.555767
104.654363
27.540622
351.754941
774.962496
737.323646
234.554295
-46.513050
102.053304
210.379750
238.073375
259.034848
150.249392
-63.955444
-87.670979
-33.201750
-28.917653
132.500991
373.940442
227.057126
-141.222188
20.655466
408.978233
347.011834
131.582971
215.581867
289.329532
50.185133
-83.386883
-2.907066
-25.398573
-49.573119
-18.513418
-154.992499
-289.482535
-132.653995
13.005294
-126.992867
-156.216527
104.807366
150.249392
-110.009484
-126.839864
96.239173
124.850819
-29.682670
-138.774133
-188.806262
-250.466655
-237.308357
-240.062420
-356.804055
-405.153147
-387.251743
-518.222699
-637.412390
-8.874200
1183.634722
1840.478551
1363.413780
440.649948
154.227482
421.371513
682.701413
753.542012
974.172993
1487.346578
1636.983957
987.025283
240.674433
253.526724
744.973819
703.662886
28.611646
-396.890960
-237.002351
-49.879126
-180.850083
-368.738325
-355.427024
-368.585321
-850.087192
-1519.477304
-1759.692727
-1341.687290
-766.088295
-628.079180
-843.814050
-1065.822062
-1137.427679
-1145.383858
-1080.969404
-896.906249
-613.237844
-365.066242
-286.575470
-350.836920
-367.667300
-130.970957
182.533121
230.729209
10.557238
-139.080140
-1.836041
238.991395
352.825965
438.201893
562.440698
601.456578
347.623848
-47.890081
-161.877655
87.823983
323.602306
253.220717
104.348356
85.834938
96.239173
-77.419748
1.224028
531.993010
841.672002
471.862653
-87.517976
-89.813028
180.697079
248.018599
223.079036
223.691050
74.818689
-127.910888
-171.210865
-113.987573
36.567826
294.378646
346.399820
-62.119402
-285.657449
108.479449
411.732295
231.953237
87.823983
238.991395
192.172338
-112.610542
-127.757884
55.693257
80.173810
15.300345
-120.107712
-336.760603
-314.269095
-18.054408
74.818689
-154.380485
-171.669876
93.179104
47.125064
-201.046539
-127.757884
114.905594
108.173442
-118.271670
-253.832731
-280.608335
-275.865228
-242.357471
-342.574734
-483.337912
-466.048522
-464.824494
-658.220860
-676.275268
174.882948
1436.396428
1962.881314
1369.533919
440.037934
203.494594
604.210641
943.419299
1013.953891
1295.939257
1836.194454
1855.472889
1054.805813
342.880741
491.447095
921.845812
716.668180
-14.535328
-415.404378
-215.734870
-53.245202
-287.799497
-585.391216
-641.390480
-756.602081
-1331.895069
-1944.367896
-1926.772499
-1297.775299
-740.536718
-722.482311
-1050.521717
-1292.420178
-1327.457969
-1250.956242
-1089.537597
-820.710528
-429.480696
-131.582971
-101.441290
-234.860302
-222.926033
74.818689
366.290269
349.612893
135.102050
80.020807
307.077933
550.965439
593.959409
599.008523
681.477385
584.932205
105.725387
-355.886034
-264.848979
245.570544
524.648844
351.448934
77.113741
-9.945225
-82.315858
-304.323870
-307.842950
110.162487
480.277843
298.050729
-102.359311
-105.572383
181.615100
246.029554
20.349459
-188.500256
-188.959266
-58.600323
17.595397
45.136019
197.986470
434.376806
345.175793
-96.698183
-253.679727
129.593926
470.485622
369.962352
167.691786
209.767736
254.444744
100.064259
-79.867803
-103.889345
12.699287
49.726123
-119.648701
-298.815746
-192.937356
37.485846
-11.934269
-278.466287
-277.395262
-26.469598
24.480553
-163.101682
-228.281154
-108.785456
-90.884052
-264.848979
-401.940074
-355.580028
-240.980440
-225.986102
-360.935148
-468.343573
-457.633332
-427.032641
-441.414965
175.035952
1537.072701
2466.721689
1888.062625
486.091974
93.179104
780.929630
1291.502157
1250.191224
1443.281584
2043.973145
2090.333191
1102.542891
124.085801
174.423938
781.694648
742.525763
-115.976618
-656.843829
-328.345413
-19.125432
-387.863756
-879.004844
-983.047193
-1064.598034
-1667.584647
-2229.719338
-2038.618024
-1289.972122
-679.182333
-720.799273
-1205.208209
-1599.804117
-1593.683979
-1315.982710
-968.970876
-583.402171
-117.965663
177.637010
110.315490
-97.769207
-133.419012
177.331003
536.277107
533.370041
233.177264
115.670611
483.643919
892.622152
858.043371
632.516280
544.233287
372.257404
-121.331739
-509.195496
-136.020071
621.194024
821.781553
289.023525
-304.017864
-481.501870
-500.474299
-613.696855
-503.993378
-42.381957
324.520326
167.844789
-247.712592
-245.876551
138.009116
301.416805
-5.202117
-293.919636
-122.555767
245.111534
369.962352
331.864492
375.776484
394.136898
157.440554
-203.341591
-181.309093
282.597380
650.417684
488.846036
75.889713
-43.452981
89.201014
78.490772
-77.266744
-29.376663
103.889345
16.983383
-279.996321
-428.868682
-293.001615
-155.298506
-226.139105
-430.092710
-418.005437
-163.713696
-26.469598
-162.489668
-254.903755
-177.178000
-143.517240
-316.717150
-369.809349
-155.451509
56.611278
0.459010
-176.871993
-322.990292
-360.782145
-418.617451
-18.666421
1481.838454
2952.048645
2799.504202
888.491059
-311.362029
448.912135
1567.673392
1640.503036
1505.859996
2114.966748
2505.278559
1450.013736
-84.151900
-229.046171
746.350850
1071.330186
14.535328
-982.588183
-652.406729
60.742371
-228.281154
-1086.783535
-1447.106670
-1399.063585
-1864.806100
-2566.479941
-2314.177245
-1232.136817
-404.082123
-628.079180
-1487.805589
-2071.972777
-1954.619128
-1381.774195
-785.213727
-320.389233
66.709506
288.105504
115.211601
-161.877655
-135.714064
303.405850
757.979112
717.280193
332.017496
251.690682
748.186891
1252.027266
1048.073661
451.819200
159.888610
64.414454
-241.898461
-455.644287
103.430335
942.501278
885.124983
-139.386147
-901.955363
-859.267399
-581.872136
-530.921986
-408.366219
-44.983016
79.714800
-186.817218
-475.534736
-418.617451
-123.014777
-1.836041
-243.122489
-384.956691
10.251231
613.849858
681.171378
289.788542
144.741268
256.739796
184.063155
110.927504
456.103297
919.091749
846.415109
266.532017
-194.467390
-203.188587
65.485478
187.582235
24.939563
-70.687596
18.513418
-74.512682
-466.354528
-645.674577
-373.940442
-245.570544
-493.742147
-582.178143
-237.920371
87.517976
-50.338136
-391.076829
-514.703620
-413.262330
-319.318209
-296.061684
-169.680831
128.522902
274.641200
-44.064995
-425.655610
-301.569808
1090.149611
2966.736977
3536.521841
2015.820509
106.643408
241.133444
1765.965868
2491.202241
2185.654343
2256.494943
2614.829032
1832.675375
30.753694
-626.549145
459.775380
1368.615898
501.392319
-1109.887057
-1397.227544
-480.430846
-288.105504
-1296.857278
-2086.508105
-2043.514134
-2033.874917
-2571.376051
-2503.901528
-1360.812722
-388.781777
-744.361805
-1975.121590
-2641.910644
-2133.327162
-1023.440105
-168.915813
174.729945
223.844054
179.932062
-2.907066
-160.806630
107.867435
738.547673
1202.454147
1032.773316
469.720604
328.651420
850.699205
1277.119832
816.732439
-177.790014
-586.462240
-289.482535
-115.517608
-256.127782
-121.331739
197.986470
-210.532753
-1381.927198
-1883.319518
-954.741554
233.177264
660.362908
470.026611
109.091463
-435.753838
-963.462751
-689.127558
308.913974
1103.154905
1135.132627
485.938971
-199.363501
-155.910520
400.410040
583.708178
190.795307
43.911991
423.819568
580.801112
472.933677
618.898972
632.975290
49.879126
-597.937499
-574.986981
45.901036
579.118074
584.779202
-61.354385
-859.114395
-1043.024547
-721.717294
-486.091974
-299.886770
-6.885155
-59.518344
-516.845668
-761.039181
-442.332986
-72.523637
-36.108815
-123.167781
-128.369898
-87.058965
46.666054
112.457539
22.338504
-140.457171
-180.238069
-280.455332
-347.011834
-279.231304
892.928159
3290.492286
4537.317435
2743.810944
-679.641344
-1188.530832
1621.683611
3688.301267
3081.948578
2266.287164
2654.456927
2327.641549
142.446216
-1219.284527
140.457171
1832.828378
1085.406504
-1197.864043
-1755.408630
-151.014409
517.304679
-1266.256587
-3061.446115
-2994.736609
-2101.961454
-2024.694710
-1978.640670
-925.364891
-321.001247
-1359.129684
-3072.921374
-3441.812702
-2033.721913
-153.768471
710.242034
384.038670
-275.253214
-458.857359
-200.740532
-48.349092
183.451142
694.941689
1198.935067
1173.230487
615.991907
383.732663
896.753245
1133.602592
146.730313
-1239.786989
-1121.974330
405.918164
1113.559140
292.695608
-526.178879
-637.412390
-1101.930877
-1956.608172
-1556.198133
253.220717
1093.974698
49.573119
-1120.903306
-1006.150715
-356.498048
-234.248288
-280.608335
89.966031
598.549513
723.247328
433.764793
208.390705
438.813907
585.391216
180.391073
-77.113741
638.330411
1611.891390
1435.784414
392.912870
-162.948679
-83.386883
-0.459010
91.343062
377.612525
552.954484
217.417908
-345.940810
-668.013081
-626.702148
-343.186748
-262.706931
-552.648477
-669.084105
-264.236965
37.179839
-219.253950
-582.943161
-571.008891
-427.185644
-363.230200
-119.342694
225.833098
250.160648
-78.031762
-399.339015
-374.093446
-177.637010
-42.075950
-11.016249
1178.279601
3514.948354
4381.253911
2041.372086
-962.085720
-444.322031
2517.671839
3804.583892
2762.171359
2183.053285
2593.408549
1937.176734
-78.184765
-851.923233
513.020582
1597.356062
524.495841
-1220.967565
-1109.581050
225.374088
-67.474523
-2243.642653
-3524.587571
-2826.585813
-1699.868376
-1505.553989
-1442.210559
-1010.281808
-1225.863675
-2322.286428
-3170.384575
-2619.725143
-968.817872
413.262330
516.386658
-198.598484
-614.614876
-276.324238
146.883316
146.730313
228.128150
741.607743
1293.185195
1255.699349
770.066385
570.702884
660.056901
206.707667
-783.989699
-1063.374007
82.009851
1166.498335
494.507164
-1108.816033
-1749.135489
-1377.490098
-1250.344228
-1458.122919
-955.200565
146.424306
579.118074
365.372249
-14.076318
-361.088152
-704.580907
-695.859710
20.655466
1065.975065
1761.987779
1469.598178
173.046907
-838.152922
-414.945368
435.753838
722.023300
818.262473
1126.564433
971.571934
149.025364
-198.904490
154.686492
338.902651
241.745458
279.078300
330.793468
311.515033
150.708402
-382.508636
-1114.171154
-1188.071822
-466.048522
20.043453
-84.304903
-185.287183
-292.389601
-695.859710
-948.315409
-553.413494
90.425041
391.229832
318.859199
163.407689
-69.157561
-152.697447
-112.916549
-114.905594
-106.643408
36.108815
100.523269
-26.469598
-170.445848
1088.313570
3555.035259
4192.294645
1449.554725
-1758.009689
-694.329675
3233.115991
4654.212074
2669.298262
1258.912421
1732.917122
1564.919330
-166.926769
-610.024772
1177.055573
2028.825803
195.538414
-1862.970058
-1252.639280
644.450549
193.702373
-2431.224887
-3654.334500
-2454.022402
-994.369449
-976.774052
-1391.566416
-1344.900362
-1787.386352
-2738.761830
-2935.677276
-1707.977559
-18.972428
668.778098
-17.289390
-951.528482
-1008.139760
-136.479081
635.729352
501.851330
157.746561
416.016392
1079.133363
1240.092996
598.549513
63.190427
134.337033
3.519079
-624.560100
-654.854784
493.436140
1124.881395
-287.646494
-2141.589349
-2006.487298
-573.609950
23.715535
-523.730824
-830.349746
-593.041389
-728.143439
-1016.707953
-431.010731
712.996097
851.923233
-133.878022
-581.413126
478.441801
1480.614426
1104.072926
280.914342
191.560325
599.467534
809.694280
963.462751
1162.061235
928.424960
181.003086
-306.006908
-28.305639
738.853680
1051.592741
409.131237
-425.043596
-527.249903
-120.719725
-49.267112
-276.171235
-362.312180
-433.305782
-654.395774
-593.194392
-265.920003
-207.319680
-492.977129
-717.433197
-574.068960
-141.375192
314.116091
396.125943
1.377031
-309.525988
-139.539150
141.222188
230.117195
232.412247
211.450774
32.895743
-120.107712
-114.599587
-99.605249
-257.963824
-37.179839
1938.094754
4041.433239
3384.130400
-77.419748
-1857.767941
737.017639
3821.261269
3475.932473
1551.455026
1404.724713
1988.738898
929.189977
-655.313794
-89.660024
1407.631779
1027.877205
-830.196743
-1380.397164
16.371370
611.248800
-1267.633618
-3279.935048
-3011.107979
-1400.746623
-599.008523
-994.063442
-1322.714862
-1589.552886
-2261.850064
-2633.801461
-2035.098944
-779.399596
178.402028
199.210497
-464.059477
-869.212623
-488.693033
305.853905
460.081387
3.672083
110.009484
934.545098
1450.625749
829.431725
-133.878022
-281.832363
-35.955812
-315.187116
-615.991907
24.633556
861.868458
134.337033
-1669.879699
-2189.938440
-1038.587447
-256.586793
-771.290413
-1221.579578
-596.101458
-70.687596
-117.659656
99.452245
463.906473
114.140577
-578.965071
-98.534225
1363.107774
2170.353998
1686.863083
683.007420
-133.419012
-27.387618
885.430990
1492.854703
1250.038221
664.953012
270.204100
-70.228585
-104.654363
413.262330
632.516280
45.442026
-335.383572
-34.884788
159.582603
-102.512314
-439.119914
-713.302104
-933.474074
-643.685532
-11.322256
65.638482
-426.267623
-768.077340
-839.529953
-664.494002
-187.582235
283.515401
281.220349
-10.098228
-11.781266
150.555399
138.009116
141.528195
202.576573
86.599955
71.758620
180.850083
236.237333
-76.960737
-305.853905
-508.430478
-607.576717
-777.563554
519.905737
3585.023936
4624.988414
1538.755739
-2659.200034
-1737.966236
2986.474423
4853.728578
2362.220330
647.357615
1614.645452
1965.635376
114.293580
-754.919043
909.605535
1695.278273
-65.944489
-1643.869112
-399.798026
1448.024691
141.987206
-3184.154886
-4023.531835
-1903.209967
34.884788
-190.030290
-1284.004988
-1668.655672
-2133.480165
-2593.408549
-2248.079753
-1002.937642
121.025732
240.062420
-495.731192
-981.364155
-504.299385
322.990292
429.480696
-369.044332
-497.261226
716.515176
1853.330841
1412.068879
-155.757516
-947.397388
-485.938971
-203.800601
-454.573262
-98.840231
811.530321
502.463344
-1465.467084
-2588.206431
-1386.823309
61.507389
-326.050361
-1307.873527
-966.828827
131.735974
-23.715535
-810.153290
-63.802440
1473.117257
1325.927934
-92.108079
159.735606
1857.461934
2037.393996
592.429375
253.067713
1086.324525
1111.417091
471.556646
476.146749
778.634578
447.382100
-63.802440
-161.571648
104.195352
468.802584
391.382836
-304.629877
-582.178143
12.240276
223.385043
-379.754573
-627.467166
-255.515769
-337.831627
-739.159687
-580.954116
-311.056022
-480.124839
-471.556646
-106.796411
-70.381589
-264.848979
-136.020071
61.507389
33.966767
130.817953
389.852801
359.711121
178.555031
97.769207
-74.512682
-229.199174
-130.970957
31.212705
-202.270566
-329.569440
-312.280050
-436.824862
-809.694280
588.451285
3513.724326
3926.527645
603.751630
-2466.874692
-460.081387
3716.300899
4282.566683
1560.176223
483.337912
1674.010792
1859.144972
282.903387
-107.561428
1233.207841
1199.241074
-662.045946
-1458.428926
122.402763
1208.574285
-683.925440
-3338.841378
-3283.301124
-1219.284527
36.720829
-551.424449
-1620.000573
-2003.274226
-2204.167761
-2066.770659
-1388.353343
-569.478857
-197.680463
-319.165205
-637.259387
-629.303207
-114.599587
442.791996
325.285344
-467.425553
-465.589511
780.929630
1709.354590
967.287838
-565.347763
-999.112556
-311.974043
-52.939195
-331.864492
-107.255421
359.405114
-295.143663
-1765.506858
-1982.159749
-632.822287
104.807366
-745.126822
-1420.484069
-692.034623
237.155354
-114.293580
-817.803463
-438.813907
1217.142478
2281.740513
1560.023219
444.781041
474.769718
1101.165860
1025.429150
1159.919186
2075.491856
1955.078138
90.272038
-737.629653
396.584953
1022.522084
159.735606
-441.414965
-21.267480
222.467022
98.534225
-16.524373
-370.727370
-748.033888
-546.222332
-182.839128
-6.120138
214.510843
79.561796
-765.629285
-1318.889775
-667.401067
104.348356
80.173810
-91.955076
-48.655098
-224.456067
-278.772294
59.671347
169.986838
-45.595029
60.895375
503.228361
505.982423
104.195352
-165.549737
-335.536575
-488.387026
-325.132340
-69.616572
8.874200
-194.467390
-516.998672
-899.048297
-1009.363787
-782.612668
-151.779427
2202.178716
4058.722630
2571.376051
-1401.817647
-2142.201362
1902.291946
4747.544181
2972.245101
650.111677
1363.260777
2464.579640
1343.523331
-272.958162
243.734503
1203.066160
409.743250
-834.480839
-280.608335
1135.591637
278.619290
-2700.510967
-3950.702191
-2123.381938
-57.223292
0.765017
-1315.829706
-2058.814480
-2195.599568
-2162.550822
-1780.348193
-1103.154905
-453.961249
-218.794940
-371.645390
-517.304679
-166.161751
200.893535
4.896111
-615.532896
-548.976394
802.197110
1986.290843
1422.779121
-414.027347
-1383.763240
-641.390480
210.991763
46.666054
-179.779059
191.101314
76.501727
-1132.990578
-1922.488402
-1122.892350
-71.299610
-409.896254
-1217.295482
-855.901323
291.624584
418.464447
-643.226521
-1123.045354
-244.499520
903.638401
2080.846977
2782.979829
1987.361867
187.123224
-597.784496
623.948086
1997.613098
2218.550086
1642.798088
556.167556
-531.380996
-345.481800
463.141456
333.547530
-355.274021
-373.634435
123.779794
195.079404
112.610542
-131.582971
-865.081530
-1081.581418
-121.943753
696.930734
556.014553
46.972060
-574.527971
-1186.082777
-1064.445031
-11.169252
540.102193
36.567826
-334.618554
-181.615100
-122.402763
-139.386147
-133.725019
-262.247921
-231.035216
227.210129
600.232551
298.815746
-335.995585
-753.542012
-862.174464
-604.669651
-48.196088
137.703109
-207.013674
-590.287326
-716.821183
-770.219388
-626.396142
-517.304679
291.165573
2834.541993
4213.715129
2031.579865
-1767.495903
-1394.167475
2809.755433
4621.775341
2408.886383
858.808388
1938.859772
2400.930203
711.313059
-541.938235
447.841110
1167.110349
67.780530
-921.386801
-132.347988
778.634578
-733.345556
-3345.726533
-3618.990702
-1623.213646
-177.637010
-517.151675
-1562.624278
-1950.029024
-2039.995055
-2010.312385
-1584.962782
-882.370920
-256.586793
60.436364
19.431439
-81.244834
81.856848
137.550105
-111.080508
-435.906841
-2.601059
1279.108877
1884.390542
803.115131
-899.201300
-1262.125494
-263.624952
236.543340
-231.494226
-326.509371
138.774133
-197.986470
-1425.227176
-1837.877492
-897.365259
-256.433789
-834.021829
-1189.754860
-314.728105
547.293356
-9.333211
-1140.793755
-904.250414
559.227625
1488.417603
1553.291067
1814.161957
1956.761176
864.775523
-276.936252
579.577085
2393.739041
2402.001228
946.326364
219.712960
332.935516
224.456067
19.125432
61.201382
-45.289022
-208.390705
61.201382
305.241891
-27.081611
-515.009627
-757.673105
-679.488340
-130.052936
544.386290
494.660167
-287.493490
-893.999183
-974.785007
-713.914117
-122.708770
309.831995
-94.250128
-698.001758
-502.616347
47.278067
-67.627527
-503.228361
-546.375335
-171.516872
206.095653
424.584585
241.133444
-320.083226
-681.324382
-602.680606
-227.822143
170.139841
271.887138
-121.331739
-584.932205
-607.729720
-299.580763
-138.468126
-324.673330
-469.720604
-441.108958
1572.569502
4188.163552
3553.352221
-442.791996
-2613.605005
682.242402
4604.638954
4065.760789
1309.250558
876.403786
1739.496271
1110.805078
-366.902283
-75.430703
1169.099394
587.074254
-1087.701556
-1129.165492
390.464815
389.852801
-2180.605229
-4026.438901
-2730.346640
-347.317841
375.011466
-746.044843
-1902.903960
-2071.666770
-1764.129827
-1297.775299
-774.044475
-190.642304
223.385043
207.472684
-192.172338
-195.385411
284.586425
415.863389
-160.653627
-589.063299
333.853537
1732.611115
1564.154312
-235.013306
-1542.886832
-1045.625606
-87.058965
-138.162119
-487.469005
-229.046171
-166.467758
-1094.586711
-1950.182027
-1502.493920
-515.009627
-523.118810
-1147.678910
-904.556421
142.140209
522.965806
-251.690682
-887.114028
-335.689579
677.346292
1334.955138
1745.616409
2010.312385
1486.428558
1047.461648
1591.694934
1988.126884
1447.871687
877.015800
1249.732214
1319.960799
758.744129
495.272181
278.160280
-637.106383
-931.638033
-30.294684
378.377542
-186.358207
-672.297178
-770.372392
-928.883970
-628.232183
117.200646
67.168516
-518.987717
-482.266888
-268.521062
-512.867579
-508.889489
-208.543708
-350.224907
-642.002494
-248.783617
204.565618
-1.071024
-297.744722
-212.674801
-125.768839
63.802440
428.409672
363.383204
-38.403867
-147.954340
10.404235
-61.048378
-106.796411
-34.884788
-232.718254
-529.850962
-399.339015
-168.150796
-402.093078
-666.483047
-580.648109
-346.246817
-444.169028
-425.655610
-373.634435
1158.695159
3431.561471
3211.083493
51.868171
-1949.876020
805.410183
4223.048340
3686.618229
1096.881763
778.328572
1858.991969
1480.308419
39.015881
-56.764282
834.480839
370.268359
-983.353200
-985.801255
326.050361
345.787807
-1901.985939
-3609.963499
-2528.994095
-388.628774
231.800233
-829.890736
-1891.887711
-1886.838597
-1399.522596
-959.484661
-661.433933
-274.029186
59.518344
118.118667
-62.425409
82.774869
517.610686
407.295195
-296.367691
-694.941689
236.084330
1549.924991
1298.693319
-483.031905
-1667.584647
-1066.434076
-144.435261
-391.841846
-984.730231
-724.777363
-367.973307
-985.342245
-1803.451715
-1498.056820
-525.107855
-421.218509
-1019.309012
-807.705235
342.268727
902.873383
158.358575
-557.085577
81.091831
1199.088071
1601.028145
1396.462527
1588.634865
2048.257241
1806.205777
1448.177694
1230.300775
1148.596931
919.703763
969.276882
1198.323053
963.615755
268.521062
-359.864124
-748.186891
-819.792508
-266.838024
86.599955
-307.995953
-912.512601
-985.648252
-645.368570
-438.660903
-331.864492
-285.351442
-274.947207
-80.326813
148.872361
-34.731784
-271.581131
-115.976618
55.693257
14.994339
104.501359
399.186012
352.672962
-45.442026
-162.489668
95.168149
244.958530
174.423938
-41.463936
-237.155354
-232.718254
-185.746193
-318.247185
-601.303575
-690.810596
-619.357983
-602.833610
-569.019846
-522.506796
-614.614876
-723.247328
-592.276371
-353.743986
-274.182190
-238.838392
-234.554295
-161.877655
-87.058965
1529.881539
3738.792407
3411.977029
350.377910
-1484.592516
1055.417827
4155.879823
3597.570219
1148.596931
719.269238
1602.864186
1200.771109
-110.315490
-196.609439
480.124839
-136.479081
-1368.156888
-1110.193064
172.740900
25.092566
-2153.676621
-3589.767043
-2435.661988
-455.644287
86.752959
-772.667444
-1530.034542
-1491.324668
-1145.077851
-763.181230
-350.377910
16.983383
200.281522
242.051465
206.401660
372.257404
605.281665
298.968750
-463.447463
-763.181230
169.527827
1280.485908
849.781185
-798.372024
-1740.720299
-1209.951316
-509.807509
-693.105648
-1022.828091
-700.449813
-471.097636
-1004.161670
-1459.652953
-1009.057781
-266.685021
-332.017496
-700.755820
-166.008748
946.479368
1231.065793
414.027347
-184.216159
308.760971
1179.044618
1527.433483
1507.237027
1564.154312
1524.679421
985.954259
523.577820
800.667076
1457.051894
1369.839926
597.325485
265.460993
464.212480
302.181822
-347.470845
-537.501135
-268.521062
-227.057126
-354.356000
-167.844789
-82.315858
-568.713839
-927.965950
-557.697591
110.009484
386.180718
332.629509
162.948679
-23.409528
-14.229321
172.128886
297.438715
225.374088
120.413718
72.064627
71.299610
37.485846
-194.773397
-566.265784
-645.674577
-357.263066
-184.981176
-299.274756
-483.184908
-647.204611
-864.775523
-876.862796
-527.402907
-265.767000
-435.141824
-617.674945
-495.425185
-305.241891
-254.291741
-264.542972
-155.451509
-32.436732
113.069553
214.510843
286.575470
205.483639
108.326446
1.530035
500.474299
2560.665810
3711.710796
1969.919473
-1001.866618
-858.349378
2185.807347
3399.889756
1593.530976
197.068449
814.437387
1167.263352
171.363869
-650.570687
-242.663478
-110.009484
-1017.013960
-1372.440984
-333.088520
509.654506
-570.702884
-2488.754186
-2695.614856
-1122.739347
213.286815
200.434525
-493.895150
-852.688250
-811.224314
-601.609582
-308.760971
-8.262187
203.341591
247.100579
212.215791
183.910152
359.252110
306.924929
-335.383572
-1048.073661
-860.644430
248.630613
814.896397
-60.742371
-1379.785150
-1643.257098
-984.271221
-650.723691
-876.250782
-891.245121
-469.567601
-437.283872
-855.136306
-849.781185
-257.045803
39.321888
-333.700534
-382.508636
514.550617
1408.855806
1193.273939
312.433053
35.343798
580.648109
1128.400475
1231.983813
1196.793019
1182.104687
907.310483
467.731560
289.482535
533.523045
763.487236
713.761114
597.784496
609.718765
588.757292
219.100946
-196.456435
-224.762074
100.982280
302.640832
277.395262
169.374824
-76.501727
-392.912870
-410.508268
-62.578413
153.309461
128.981912
134.031026
143.823247
14.841335
-111.845525
-86.905962
-63.955444
-111.386515
-52.786192
67.627527
20.349459
-245.876551
-589.675313
-792.710896
-717.127190
-469.873608
-347.164838
-390.617819
-487.928015
-628.844197
-770.066385
-727.225418
-459.469373
-267.297035
-250.466655
-212.215791
-100.064259
-93.179104
-190.948311
-262.094917
-180.850083
-1.071024
130.358943
151.779427
98.840231
28.458642
-80.479817
-165.396734
-155.298506
-17.595397
219.865964
1571.192471
2852.596400
1968.083431
-527.861917
-1262.737508
1063.068000
2840.509127
1914.226216
488.846036
725.083369
1188.224825
462.070432
-429.633699
-178.555031
303.252846
-230.423202
-779.552599
-149.025364
682.854416
49.726123
-1653.202323
-2208.145851
-1043.483558
236.543340
399.951029
-169.374824
-627.008155
-705.498927
-618.439962
-483.949926
-309.372984
-111.080508
30.906698
33.354753
-47.584074
6.426145
-5.967135
-494.966174
-1184.552742
-1197.099026
-231.647230
576.976026
96.851187
-1061.078955
-1511.980134
-1062.455986
-727.684428
-784.142703
-610.483782
-157.746561
-125.768839
-568.866843
-617.674945
-107.867435
209.461729
-112.763546
-271.734135
398.114988
1233.207841
1233.972858
499.556278
74.053672
334.312547
720.493266
896.447238
1017.166964
1112.335112
828.207698
387.404746
388.322767
549.588408
421.983527
218.029922
386.027715
684.843461
689.892575
395.819936
6.426145
-321.613261
-209.767736
301.875815
557.544587
427.797658
230.117195
75.583706
-59.518344
-81.550841
7.191162
50.950150
113.681566
227.210129
127.451877
-153.462465
-241.133444
-224.303064
-440.649948
-549.588408
-239.450406
13.311301
-238.838392
-643.532528
-732.121528
-639.554439
-643.838535
-654.701781
-531.687003
-357.110062
-301.569808
-409.284240
-554.637522
-544.998304
-429.327693
-351.754941
-244.040509
-49.573119
113.987573
-5.049114
-205.330636
-207.778691
-39.015881
58.600323
19.584442
14.229321
75.736710
98.993235
-62.425409
-183.451142
-179.167045
-88.895007
-114.905594
280.455332
1774.534062
2603.047766
1314.452675
-716.515176
-454.114252
1726.337974
2552.403623
1440.986532
699.990803
1181.186666
1193.885953
330.640465
-117.659656
313.504078
372.869418
-416.475402
-645.062563
197.374456
724.930366
-250.772661
-1694.054245
-1802.839701
-757.061091
27.387618
-88.129990
-498.026243
-698.613772
-746.962863
-788.273796
-727.072414
-525.872872
-347.164838
-313.657081
-326.968382
-193.090359
93.944121
37.485846
-596.866475
-1207.962271
-953.670530
39.321888
522.200789
-79.867803
-893.234166
-982.129173
-637.412390
-598.702516
-715.291148
-442.945000
-5.049114
-54.928240
-360.476138
-235.778323
175.494962
141.987206
-347.011834
-311.668036
474.616715
1114.477160
884.206962
265.920003
93.485111
320.236230
467.119546
517.304679
752.623991
1005.538701
866.764568
483.796922
344.563779
562.134691
623.948086
435.447831
325.744354
564.429743
873.955730
672.756188
189.724283
-67.780530
38.709874
113.528563
136.173074
295.755677
340.279682
18.207411
-315.799129
-246.029554
-139.080140
-181.462097
-162.489668
-108.479449
-152.238437
-197.833466
-94.709138
-193.396366
-545.610318
-675.663254
-396.431950
-132.041981
-149.025364
-304.323870
-480.889857
-583.555174
-601.915589
-507.359454
-379.448566
-253.832731
-220.630981
-323.296299
-377.153515
-268.674066
-178.402028
-290.553560
-348.694872
-156.675537
96.698183
153.003454
57.682302
-26.163591
-80.632820
-63.190427
8.874200
135.102050
192.784352
141.375192
40.698919
-3.519079
10.863245
-8.109183
-44.064995
-31.212705
-20.655466
138.774133
1111.570095
2210.287899
1844.762647
124.697815
-636.494370
771.290413
2179.534205
1752.501565
698.001758
716.668180
1076.991314
571.161895
-126.839864
-1.224028
299.274756
-276.018231
-870.895661
-397.655977
454.573262
264.083962
-977.386065
-1774.687065
-1360.812722
-450.595173
-52.021174
-285.810452
-593.959409
-691.728616
-682.701413
-708.405993
-615.226889
-402.705091
-296.520694
-366.749280
-377.153515
-43.146974
259.493858
-46.513050
-797.913014
-1115.242178
-536.583114
214.357839
233.024261
-344.257772
-685.761482
-572.538926
-487.622009
-612.472827
-543.621273
-173.811924
-19.278435
-217.723915
-249.854641
115.670611
373.175425
60.895375
-317.482167
-79.867803
593.653402
939.747216
701.061827
400.869050
416.322399
540.408200
512.867579
480.277843
648.887649
816.426432
715.750159
500.780306
466.201525
568.713839
512.255565
211.603777
45.289022
262.247921
544.845300
482.419891
151.626423
-26.316594
-20.196456
-31.977722
-27.234615
85.528931
117.812660
-40.851922
-124.238805
-55.693257
-50.491140
-180.238069
-279.690314
-264.083962
-239.603409
-168.915813
-58.294316
-132.194984
-403.623112
-537.195128
-393.983895
-256.280786
-302.181822
-368.279314
-295.296667
-248.477610
-313.657081
-333.547530
-240.674433
-157.440554
-190.030290
-234.248288
-135.102050
22.644511
55.387250
-84.304903
-187.735238
-92.873097
44.524005
45.901036
-19.431439
16.830380
111.386515
101.441290
13.005294
-2.448055
73.288655
81.091831
1.224028
-41.157929
33.201750
131.276964
96.239173
-20.043453
-89.507021
-42.840967
6.579149
-18.360415
157.134547
758.285119
1339.545242
1165.733318
423.666565
122.402763
640.778466
1109.734053
884.206962
527.249903
652.406729
854.524292
574.374967
130.817953
38.556870
24.939563
-327.733399
-622.265048
-375.929487
63.955444
22.032497
-462.988452
-813.366363
-808.623255
-709.936028
-686.373496
-659.291884
-578.506060
-472.474667
-399.645022
-390.617819
-426.267623
-442.332986
-414.792364
-410.202261
-426.879637
-303.099843
-44.371002
68.392544
-108.326446
-330.640465
-332.170499
-233.024261
-263.165941
-334.312547
-235.013306
-81.856848
-116.894639
-255.362765
-221.089991
-32.130725
14.382325
-124.544812
-179.779059
-20.655466
161.724651
204.565618
175.341959
199.057494
248.936620
249.854641
224.762074
248.783617
317.023157
338.290637
323.143295
358.793100
451.207186
481.042860
404.694136
329.722444
325.897357
332.935516
289.482535
263.165941
316.411143
368.891328
311.056022
192.172338
153.768471
187.429231
172.740900
80.479817
14.994339
25.245570
58.753326
56.458275
12.393280
-34.731784
-52.480185
-24.021542
-14.688332
-55.846261
-91.037055
-71.452613
-39.780898
-54.622233
-98.534225
-130.052936
-142.752223
-152.391440
-148.260347
-139.386147
-146.118299
-181.768104
-228.740164
-225.374088
-167.691786
-134.490036
-179.014041
-248.630613
-270.051097
-242.969485
-217.876919
-185.593190
-147.495330
-127.145870
-125.921843
-127.145870
-93.179104
-39.627895
-2.601059
1.530035
-7.191162
19.431439
78.031762
120.872729
84.304903
-8.415190
-48.961105
8.415190
78.796779
55.693257
-20.502463
-50.950150
-37.179839
-48.043085
-68.239541
-54.775237
-33.201750
-65.944489
-123.320784
-95.780162
-17.748401
-3.213073
-29.682670
34.731784
199.669508
290.706563
235.166309
183.604145
238.991395
334.924561
412.191306
477.676784
535.512090
525.872872
444.781041
394.748912
419.076461
463.753470
439.884931
337.219613
246.947575
227.516136
235.166309
181.309093
67.321520
-34.578781
-101.288287
-161.571648
-232.259243
-288.870522
-321.613261
-359.252110
-414.486357
-466.966542
-491.447095
-485.326957
-462.682446
-447.382100
-448.147117
-451.054183
-447.841110
-430.704724
-387.863756
-311.362029
-250.313651
-251.537679
-278.619290
-274.794204
-233.942281
-207.166677
-201.811556
-182.533121
-143.058230
-106.796411
-101.900301
-124.391808
-156.828541
-177.637010
-166.161751
-113.681566
-40.851922
15.300345
25.398573
-0.459010
-7.344166
54.775237
170.904858
272.805159
305.241891
293.613629
307.383940
356.804055
403.011098
419.229465
434.682813
470.485622
504.299385
526.637889
533.523045
509.042492
442.026979
375.776484
365.219245
405.612157
435.753838
403.470109
318.859199
233.483271
184.675169
143.976250
77.725755
32.895743
43.605984
48.349092
-27.846629
-133.878022
-172.128886
-172.893903
-214.663846
-271.734135
-259.187851
-202.729577
-207.472684
-287.952501
-354.356000
-356.039038
-329.569440
-317.635171
-324.673330
-326.815378
-315.799129
-308.760971
-330.640465
-371.186380
-380.060580
-334.159544
-285.351442
-273.723180
-266.379014
-225.833098
-188.653259
-198.751487
-213.592822
-165.243731
-65.179471
4.437100
11.628263
11.628263
55.693257
104.501359
97.463200
70.381589
99.605249
172.587896
199.669508
161.418644
120.872729
110.315490
96.392176
62.884420
48.655098
75.889713
117.965663
146.577309
185.746193
265.767000
346.705827
363.842214
322.990292
307.995953
374.399452
481.195863
538.725162
509.348499
441.261962
409.590247
431.775748
463.447463
467.119546
443.251007
398.114988
334.465551
278.007276
255.668772
236.543340
161.724651
34.119770
-85.681934
-159.735606
-215.428864
-286.881477
-368.891328
-436.212848
-480.583850
-512.255565
-535.665093
-552.801480
-573.762953
-610.330779
-650.264680
-666.330043
-645.062563
-608.035727
-583.402171
-567.948822
-538.266152
-487.316002
-432.540765
-388.322767
-356.039038
-328.651420
-298.968750
-255.668772
-193.396366
-128.216895
-85.987941
-68.392544
-50.797147
-14.688332
30.906698
60.283361
68.851554
80.785824
117.200646
166.773765
210.226746
256.127782
310.750015
345.634803
346.705827
349.918900
385.109694
423.207554
425.043596
407.142192
416.628406
468.037566
517.457682
522.047786
496.955219
484.867946
480.736853
450.442169
418.464447
429.633699
448.300121
401.175057
309.678991
258.728841
252.149693
216.652891
141.834202
88.589000
69.157561
32.895743
-23.256525
-66.097492
-104.654363
-169.833834
-242.510475
-285.657449
-308.454964
-324.214319
-334.924561
-366.902283
-425.349603
-445.240052
-395.054919
-350.377910
-367.667300
-383.732663
-355.733031
-339.973675
-362.465183
-358.640097
-306.618922
-270.051097
-274.794204
-264.236965
-210.379750
-167.997793
-182.380117
-213.286815
-187.123224
-104.960370
-46.972060
-46.666054
-47.125064
-11.169252
16.065363
12.087273
36.108815
105.113373
140.151164
105.725387
91.955076
155.910520
211.450774
180.391073
127.451877
131.735974
166.926769
188.041245
194.926401
179.626055
126.380853
78.949782
91.802073
134.490036
147.954340
141.069185
153.615468
180.850083
199.057494
217.111902
243.428496
258.575838
255.515769
265.307990
301.875815
323.296299
292.236598
238.991395
224.150060
254.750751
284.739428
277.548266
239.909416
189.265273
141.987206
121.025732
121.790750
99.146238
28.305639
-52.327181
-106.031394
-152.544444
-214.357839
-269.133076
-305.700902
-345.787807
-387.557750
-392.453860
-365.372249
-368.279314
-430.704724
-499.250271
-504.146382
-451.513193
-406.377174
-402.093078
-407.754205
-388.016760
-350.989924
-314.881109
-280.914342
-251.384675
-227.975147
-196.303432
-140.763178
-78.949782
-44.524005
-41.463936
-44.371002
-25.245570
20.196456
70.381589
100.982280
107.102418
101.441290
94.709138
104.960370
144.282257
185.746193
190.642304
174.117931
183.604145
219.253950
240.062420
232.871257
216.958898
210.379750
221.395998
253.526724
292.542604
321.307254
334.771558
325.438347
300.039774
285.810452
295.908680
296.979705
271.734135
254.138737
263.624952
259.952869
220.936988
183.910152
162.795675
124.391808
80.479817
74.971693
76.195720
17.901404
-63.955444
-89.813028
-95.015145
-148.413351
-202.117563
-193.396366
-188.806262
-248.936620
-290.553560
-248.018599
-210.685756
-253.832731
-298.203732
-264.542972
-210.838760
-212.827805
-238.838392
-226.904123
-195.079404
-194.620394
-218.488933
-204.565618
-138.621130
-89.660024
-106.796411
-142.599219
-129.899933
-88.895007
-69.616572
-65.485478
-55.081244
-53.092199
-61.813396
-49.114109
-20.043453
-11.934269
-24.327549
-27.693625
-22.185501
-14.382325
15.300345
57.529299
65.026468
35.496801
27.081611
62.731416
89.201014
74.971693
62.272406
82.315858
102.053304
94.556135
84.151900
89.048010
84.763914
65.944489
75.277699
131.123960
187.276228
201.199542
189.418276
186.511211
202.423570
235.778323
274.335193
295.143663
289.635539
275.100211
275.100211
289.635539
300.804791
294.072639
276.171235
255.056758
225.833098
187.429231
163.713696
162.183661
147.801337
99.299242
44.524005
1.530035
-49.573119
-104.960370
-130.205940
-142.140209
-186.664214
-250.466655
-285.810452
-306.924929
-356.345045
-411.579292
-426.420627
-414.333354
-418.464447
-435.753838
-438.048889
-427.338648
-416.475402
-397.043964
-361.088152
-321.766264
-293.460625
-269.592086
-237.614364
-204.871625
-181.156090
-157.899565
-119.954708
-77.113741
-50.950150
-37.026836
-15.453349
10.863245
22.797515
25.398573
37.944857
59.518344
82.621865
112.151532
137.244098
138.927136
129.593926
137.397102
155.757516
166.008748
180.850083
215.734870
249.548634
259.952869
266.991028
287.034480
299.121753
290.859566
290.400556
312.433053
326.968382
306.618922
276.018231
271.275124
279.537311
264.083962
225.680095
198.598484
188.653259
164.784720
116.741636
74.818689
54.469230
22.644511
-41.769943
-103.430335
-117.659656
-108.632452
-135.408057
-192.478345
-217.723915
-192.478345
-174.729945
-195.844421
-210.838760
-184.216159
-147.036319
-138.162119
-137.550105
-113.375560
-82.162855
-79.867803
-105.878390
-120.413718
-104.195352
-81.550841
-79.408793
-87.670979
-85.375927
-77.266744
-80.785824
-91.649069
-95.168149
-94.250128
-97.157193
-99.452245
-89.966031
-76.348724
-76.501727
-88.742003
-87.670979
-58.753326
-23.103522
-11.628263
-22.338504
-25.551577
-6.426145
16.065363
21.267480
14.535328
15.300345
25.704580
35.190794
40.545915
44.524005
45.136019
41.922946
42.687964
54.316226
74.359679
100.523269
128.369898
147.189323
155.910520
167.232775
182.380117
186.817218
187.123224
212.062788
254.138737
267.909048
244.805527
226.139105
234.554295
244.040509
239.297402
232.718254
222.467022
191.713328
151.320416
126.839864
113.069553
85.834938
42.534960
0.000000
-36.567826
-72.982648
-107.102418
-137.856112
-172.893903
-209.461729
-227.516136
-224.915078
-231.953237
-268.215055
-308.913974
-320.848243
-310.750015
-307.230936
-320.695240
-334.006541
-330.793468
-311.668036
-287.952501
-267.909048
-249.395630
-236.696344
-234.860302
-231.953237
-203.647598
-157.287551
-133.725019
-141.681199
-136.020071
-86.140945
-29.835674
-20.043453
-41.004926
-36.720829
4.590104
44.677009
68.545547
100.982280
137.091095
140.610174
116.435629
124.238805
181.462097
221.089991
197.680463
166.773765
196.456435
257.657817
278.313283
251.690682
234.707299
251.843686
273.264169
275.712224
268.521062
261.023893
245.876551
221.702005
200.740532
195.079404
195.385411
180.544076
147.954340
118.118667
107.102418
98.993235
73.594661
37.791853
13.617307
1.530035
-14.841335
-35.037791
-46.207043
-50.644143
-69.157561
-100.064259
-115.517608
-107.561428
-105.419380
-130.970957
-156.063523
-151.014409
-135.714064
-143.976250
-163.866699
-160.194617
-137.091095
-129.746929
-141.528195
-144.741268
-129.746929
-117.200646
-119.342694
-126.533857
-124.238805
-111.845525
-101.288287
-103.736342
-112.151532
-105.878390
-84.304903
-68.851554
-71.605617
-75.736710
-65.332475
-47.890081
-35.955812
-28.305639
-18.972428
-12.393280
-16.524373
-25.245570
-23.562532
-7.191162
10.557238
17.136387
17.595397
29.682670
53.551209
73.594661
81.703845
87.670979
103.277332
125.615836
152.391440
177.484007
192.937356
194.620394
190.336297
191.407321
201.964560
215.122857
219.559957
212.521798
201.811556
195.997425
189.571280
177.331003
162.795675
145.965295
121.025732
89.660024
66.250496
53.092199
29.988677
-10.863245
-47.431071
-63.190427
-75.889713
-104.807366
-137.550105
-151.473420
-153.156458
-161.724651
-177.637010
-187.888242
-198.904490
-219.559957
-240.521430
-245.111534
-240.368427
-241.133444
-242.969485
-234.554295
-219.865964
-213.745826
-215.581867
-210.838760
-194.467390
-172.281889
-150.708402
-129.440922
-110.927504
-99.911256
-95.168149
-83.845893
-59.059333
-32.742739
-19.125432
-13.770311
2.754062
31.518712
56.152268
65.332475
69.769575
86.446952
116.129622
145.506285
165.090727
169.374824
160.347620
151.626423
160.500623
186.664214
209.002718
209.767736
196.762442
187.582235
189.265273
194.926401
192.937356
182.074111
170.445848
168.762810
175.953972
177.637010
163.254686
136.326078
106.184397
85.681934
82.774869
90.272038
83.080876
48.961105
11.628263
0.153003
5.202117
-4.590104
-31.977722
-53.551209
-59.059333
-62.119402
-69.157561
-74.359679
-81.091831
-96.851187
-111.080508
-106.337401
-90.425041
-89.048010
-107.102418
-123.932798
-125.615836
-120.566722
-117.812660
-118.118667
-119.954708
-126.839864
-135.867067
-132.960002
-123.167781
-125.462832
-143.211233
-156.828541
-149.943385
-131.582971
-121.178736
-122.861774
-123.473788
-114.446584
-98.840231
-80.785824
-60.283361
-33.201750
2.754062
41.769943
76.807734
103.583338
123.167781
139.233143
154.380485
172.434893
196.150428
219.712960
234.401292
238.226378
234.248288
228.281154
223.079036
219.865964
212.521798
196.303432
176.412983
163.560693
154.533489
134.796043
102.818321
73.747665
55.999264
41.157929
18.666421
-7.497169
-31.365708
-54.469230
-79.102786
-100.676273
-115.670611
-131.735974
-152.391440
-169.833834
-181.003086
-191.101314
-203.647598
-215.581867
-222.161016
-224.150060
-220.783984
-210.226746
-195.997425
-188.041245
-189.877287
-189.724283
-178.555031
-163.866699
-155.451509
-148.413351
-132.500991
-110.162487
-95.627159
-89.966031
-80.020807
-60.130358
-40.851922
-29.223660
-15.453349
8.415190
32.283729
41.310933
43.299978
54.316226
74.818689
92.720093
104.042349
117.506653
134.643040
145.659288
148.107344
150.555399
159.276596
166.926769
168.150796
169.833834
176.718990
181.768104
174.423938
161.877655
160.041613
169.374824
172.281889
164.784720
158.817585
160.500623
157.593558
138.774133
115.517608
102.512314
98.075214
89.660024
72.523637
53.857216
36.414822
16.371370
-6.579149
-23.562532
-34.119770
-47.890081
-65.944489
-78.184765
-82.162855
-87.058965
-96.698183
-104.501359
-108.632452
-115.211601
-123.320784
-120.872729
-109.397470
-104.960370
-110.927504
-110.927504
-96.851187
-82.774869
-79.714800
-78.949782
-69.922579
-61.048378
-59.518344
-57.682302
-50.185133
-42.840967
-41.769943
-42.075950
-38.403867
-37.485846
-40.239908
-38.250864
-29.376663
-28.152636
-39.474891
-46.054040
-35.496801
-19.890449
-13.311301
-13.311301
-11.934269
-11.322256
-13.005294
-8.262187
6.885155
19.737446
21.420484
22.950518
36.108815
51.868171
54.622233
47.431071
44.830012
54.775237
70.228585
81.091831
84.304903
81.091831
70.840599
57.835306
48.655098
48.502095
53.551209
54.928240
46.360047
33.201750
27.693625
27.081611
20.349459
5.661128
-4.131093
2.448055
12.240276
9.945225
-2.907066
-11.781266
-11.016249
-10.557238
-15.147342
-18.666421
-17.289390
-16.830380
-23.103522
-28.611646
-26.928608
-27.387618
-37.026836
-46.666054
-45.901036
-39.627895
-41.616940
-51.409161
-54.928240
-46.513050
-36.873832
-36.414822
-41.616940
-40.392912
-30.906698
-24.633556
-26.010587
-24.480553
-12.699287
0.306007
1.530035
-5.508124
-7.803176
-3.672083
-2.754062
-5.049114
-3.060069
5.355121
10.404235
6.273142
-4.131093
-9.945225
-10.863245
-10.557238
-10.098228
-7.956180
-1.377031
3.672083
-1.377031
-13.005294
-17.442394
-7.344166
6.273142
8.415190
5.661128
11.475259
22.491508
24.786560
19.890449
23.256525
36.261819
45.442026
48.196088
54.316226
63.802440
61.966399
47.890081
41.922946
55.234247
70.993603
69.004558
55.081244
44.983016
42.534960
41.157929
38.403867
36.873832
34.884788
27.540622
18.360415
14.688332
15.300345
12.240276
3.060069
-4.131093
-3.519079
-1.530035
-6.120138
-12.546283
-10.710242
-1.071024
7.191162
8.721197
7.497169
6.885155
5.661128
6.732152
15.453349
27.387618
29.988677
25.092566
22.950518
25.092566
21.267480
11.628263
5.049114
4.896111
2.601059
-5.661128
-13.770311
-21.114477
-28.917653
-36.567826
-43.605984
-53.245202
-67.474523
-78.031762
-78.184765
-73.441658
-75.124696
-84.916917
-91.955076
-88.129990
-79.255789
-73.747665
-72.217630
-73.135651
-74.971693
-73.900668
-61.660392
-43.758988
-35.343798
-39.627895
-43.299978
-33.660760
-18.819425
-14.688332
-20.808470
-24.480553
-18.054408
-5.814131
5.355121
11.322256
10.863245
5.355121
2.142048
5.355121
12.393280
17.901404
22.032497
27.540622
35.496801
43.452981
44.830012
39.780898
33.660760
32.742739
38.403867
44.371002
46.054040
43.146974
39.321888
37.791853
37.332843
34.731784
28.611646
21.726490
20.349459
28.611646
39.015881
42.534960
34.425777
23.256525
21.726490
28.917653
36.567826
38.556870
35.190794
29.835674
24.480553
21.114477
20.655466
18.666421
10.404235
0.459010
-1.989045
1.530035
1.071024
-10.710242
-26.010587
-33.048746
-28.917653
-19.431439
-11.628263
-11.322256
-20.349459
-32.742739
-39.474891
-34.884788
-23.562532
-15.147342
-15.147342
-19.431439
-19.278435
-15.300345
-10.557238
-9.945225
-13.617307
-14.382325
-7.191162
5.202117
16.524373
20.349459
15.912359
9.180207
7.650173
14.688332
25.245570
29.835674
25.704580
19.737446
19.890449
26.010587
29.988677
26.163591
21.267480
20.961473
25.398573
29.835674
31.671715
30.600691
26.622601
20.808470
19.125432
24.480553
32.589736
33.507756
24.174546
14.076318
11.016249
12.087273
10.404235
6.426145
4.131093
3.978090
0.612014
-7.191162
-12.546283
-11.475259
-9.333211
-14.382325
-24.633556
-29.682670
-27.693625
-26.622601
-32.742739
-42.381957
-47.584074
-50.338136
-58.447320
-70.534592
-76.807734
-76.042717
-78.643775
-86.599955
-90.884052
-85.528931
-82.774869
-91.955076
-102.053304
-98.228218
-81.091831
-65.944489
-57.529299
-47.737078
-36.720829
-34.119770
-39.015881
-35.190794
-14.382325
12.087273
25.398573
26.928608
28.611646
33.660760
35.955812
34.578781
39.933902
53.551209
64.261451
67.015513
66.862509
69.922579
70.993603
64.873465
58.447320
61.813396
73.441658
82.162855
82.315858
76.348724
70.534592
67.168516
66.556503
68.086537
69.616572
67.780530
63.037423
58.141313
54.469230
49.726123
42.687964
34.884788
28.305639
22.797515
16.983383
10.710242
2.601059
-6.885155
-14.994339
-20.043453
-21.726490
-26.163591
-36.720829
-47.278067
-52.939195
-54.316226
-53.704212
-52.021174
-49.726123
-50.338136
-55.846261
-63.343430
-67.627527
-66.709506
-63.190427
-58.294316
-51.715168
-44.677009
-41.157929
-42.228953
-44.830012
-46.360047
-44.983016
-39.627895
-29.835674
-17.748401
-7.650173
-3.060069
-3.978090
-6.120138
-4.896111
0.459010
8.415190
17.442394
26.163591
33.966767
39.627895
42.075950
41.769943
41.769943
44.524005
49.573119
55.387250
59.518344
60.589368
60.436364
59.365340
59.824351
60.130358
57.682302
52.174178
45.748033
42.075950
40.698919
38.709874
36.108815
33.966767
30.600691
24.174546
14.535328
6.732152
0.765017
-4.131093
-7.956180
-9.639218
-9.639218
-11.934269
-20.196456
-31.365708
-39.780898
-43.146974
-42.534960
-41.769943
-42.534960
-46.054040
-50.644143
-55.387250
-57.070288
-56.611278
-57.070288
-58.906330
-61.507389
-62.119402
-61.354385
-61.201382
-61.966399
-62.425409
-60.895375
-56.458275
-51.868171
-48.961105
-49.267112
-50.491140
-49.879126
-43.758988
-33.201750
-23.103522
-17.595397
-15.912359
-13.464304
-7.191162
2.295052
11.322256
18.819425
24.786560
31.365708
39.780898
49.114109
55.540254
59.671347
61.201382
63.343430
68.851554
76.042717
81.091831
78.643775
72.982648
69.463568
69.463568
69.004558
65.485478
60.283361
56.305271
53.398206
49.573119
43.299978
35.343798
26.928608
19.890449
17.136387
17.136387
16.218366
11.781266
5.049114
0.153003
-1.224028
-1.836041
-3.213073
-5.355121
-6.273142
-5.508124
-5.508124
-7.497169
-10.404235
-14.076318
-17.289390
-19.584442
-20.808470
-23.103522
-28.764649
-35.496801
-41.310933
-43.758988
-44.983016
-45.901036
-48.655098
-52.786192
-55.846261
-57.835306
-59.212337
-59.059333
-56.764282
-51.868171
-45.901036
-40.698919
-37.179839
-35.190794
-32.589736
-28.611646
-20.808470
-11.781266
-3.060069
3.366076
7.803176
9.639218
10.557238
13.158297
16.677377
20.655466
25.551577
28.764649
31.671715
31.824718
30.753694
29.835674
29.988677
31.365708
33.201750
35.190794
36.873832
37.332843
36.108815
34.272774
32.283729
31.824718
33.354753
35.037791
35.037791
32.283729
27.999632
23.562532
19.278435
17.748401
16.677377
15.453349
11.781266
5.967135
-0.612014
-6.732152
-11.628263
-15.912359
-17.901404
-19.584442
-20.655466
-23.562532
-28.611646
-32.436732
-35.037791
-34.425777
-32.283729
-29.223660
-26.775604
-25.857584
-25.092566
-24.021542
-21.573487
-18.819425
-15.453349
-12.699287
-10.098228
-8.568193
-8.874200
-9.639218
-9.945225
-9.945225
-9.639218
-9.639218
-10.557238
-12.546283
-14.229321
-15.759356
-16.371370
-15.912359
-14.229321
-12.699287
-11.169252
-9.027204
-6.732152
-4.131093
-0.153003
4.743107
9.639218
14.688332
19.125432
22.950518
26.622601
30.141680
33.966767
37.485846
40.545915
41.922946
41.922946
40.086905
38.709874
36.720829
34.731784
32.742739
30.600691
28.152636
24.327549
18.972428
14.229321
10.557238
7.956180
6.120138
2.907066
-0.306007
-2.754062
-6.120138
-8.262187
-9.027204
-11.322256
-12.240276
-12.699287
-13.158297
-13.923314
-15.300345
-16.524373
-17.901404
-18.054408
-16.983383
-16.677377
-16.830380
-18.513418
-20.655466
-21.879494
-22.032497
-21.726490
-21.573487
-22.491508
-24.021542
-23.868539
-23.103522
-22.797515
-23.409528
-24.327549
-23.868539
-21.573487
-18.054408
-14.688332
-13.311301
-13.311301
-12.546283
-9.792221
-5.814131
-1.989045
0.918021
2.907066
4.743107
7.803176
10.404235
11.934269
12.393280
12.852290
13.464304
16.065363
18.666421
19.890449
20.349459
19.125432
18.513418
18.819425
19.125432
20.502463
20.655466
20.196456
20.196456
20.502463
20.502463
19.125432
17.901404
17.136387
17.136387
18.666421
19.737446
19.890449
18.666421
16.677377
15.453349
13.923314
12.852290
11.934269
10.404235
8.721197
6.732152
4.437100
1.530035
-1.836041
-5.355121
-7.344166
-7.956180
-9.027204
-10.863245
-13.464304
-15.300345
-16.677377
-17.748401
-18.513418
-17.901404
-16.830380
-16.065363
-14.994339
-14.688332
-14.076318
-12.699287
-11.322256
-10.098228
-8.568193
-7.038159
-6.885155
-7.803176
-8.874200
-9.333211
-10.404235
-11.934269
-13.617307
-16.065363
-18.054408
-19.890449
-22.185501
-25.551577
-27.234615
-27.846629
-27.999632
-27.693625
-26.316594
-24.939563
-23.715535
-21.573487
-17.901404
-13.770311
-8.568193
-3.366076
1.377031
7.497169
13.311301
17.901404
22.032497
25.398573
29.223660
32.589736
35.190794
36.873832
37.332843
36.414822
35.343798
33.354753
31.824718
30.294684
27.693625
24.786560
21.267480
19.584442
17.748401
14.382325
11.169252
8.568193
7.956180
7.344166
6.579149
6.426145
5.508124
4.743107
4.131093
4.437100
4.590104
3.672083
2.142048
1.071024
1.377031
0.612014
-1.224028
-3.825086
-6.426145
-9.027204
-11.628263
-13.158297
-14.535328
-16.065363
-18.666421
-21.420484
-22.491508
-22.032497
-21.879494
-21.879494
-22.338504
-21.726490
-19.737446
-17.901404
-16.677377
-14.994339
-12.699287
-11.169252
-8.874200
-5.814131
-3.366076
-1.836041
-1.071024
0.306007
2.448055
4.437100
5.355121
5.814131
5.661128
6.885155
7.497169
7.497169
7.344166
6.732152
5.814131
5.202117
5.355121
5.814131
5.814131
4.131093
3.366076
4.284097
5.508124
6.426145
6.273142
7.038159
8.109183
9.486214
11.322256
11.781266
11.475259
11.781266
11.934269
12.240276
12.546283
11.934269
10.251231
8.262187
7.038159
6.885155
6.120138
2.907066
-0.918021
-2.907066
-4.131093
-4.896111
-6.732152
-8.874200
-11.475259
-13.158297
-12.852290
-12.699287
-13.158297
-14.229321
-14.841335
-14.382325
-12.852290
-10.863245
-10.251231
-10.098228
-9.945225
-8.568193
-6.426145
-4.896111
-4.437100
-4.896111
-4.590104
-3.366076
-2.448055
-1.683038
-1.530035
-1.683038
-1.989045
-1.836041
-1.530035
-0.918021
-1.071024
-1.989045
-1.836041
-1.530035
-0.918021
-0.918021
-1.224028
-1.377031
-1.530035
-0.765017
0.459010
1.224028
1.989045
2.754062
4.437100
6.120138
7.803176
8.568193
9.486214
11.169252
12.852290
13.923314
14.535328
14.535328
14.076318
13.464304
13.005294
12.699287
11.934269
9.792221
8.262187
7.038159
5.967135
3.825086
2.295052
1.377031
0.153003
-1.224028
-1.836041
-2.448055
-3.519079
-3.978090
-3.978090
-3.825086
-3.519079
-4.284097
-4.284097
-3.825086
-3.519079
-3.213073
-2.448055
-2.907066
-3.213073
-2.754062
-2.601059
-2.448055
-2.754062
-3.978090
-4.131093
-4.284097
-4.743107
-5.202117
-5.661128
-6.273142
-6.579149
-6.426145
-6.732152
-6.732152
-6.732152
-6.426145
-5.508124
-4.590104
-4.131093
-2.907066
-2.142048
-1.377031
-0.459010
0.612014
0.765017
1.530035
2.295052
2.142048
1.836041
2.142048
2.601059
2.295052
1.989045
1.683038
1.224028
1.377031
0.918021
0.459010
0.306007
0.000000
0.153003
0.000000
0.153003
0.153003
-0.459010
0.000000
0.306007
1.071024
1.836041
2.448055
2.907066
3.366076
3.978090
4.743107
5.508124
5.355121
5.508124
5.049114
5.508124
5.508124
5.049114
4.437100
3.519079
3.060069
2.601059
1.836041
0.459010
-0.765017
-1.683038
-2.754062
-3.213073
-3.519079
-3.978090
-4.743107
-5.049114
-4.590104
-4.743107
-4.743107
-4.131093
-3.978090
-3.519079
-2.907066
-2.601059
-1.836041
-1.836041
-1.683038
-1.377031
-1.224028
-0.765017
-0.459010
-0.153003
-0.612014
-1.224028
-1.683038
-1.989045
-1.989045
-2.448055
-2.448055
-3.213073
-3.213073
-2.907066
-2.448055
-2.295052
-2.295052
-1.683038
-1.377031
-0.306007
0.612014
1.071024
1.224028
1.989045
2.448055
2.601059
3.213073
3.672083
3.519079
3.978090
4.743107
5.355121
5.967135
5.967135
5.814131
6.120138
5.814131
5.967135
6.120138
5.508124
5.202117
4.437100
4.131093
3.825086
3.519079
2.448055
1.224028
0.765017
0.612014
0.459010
-0.306007
-0.918021
-1.530035
-2.295052
-2.295052
-2.448055
-3.060069
-3.366076
-3.978090
-4.437100
-3.978090
-3.978090
-3.672083
-3.519079
-3.519079
-3.213073
-3.213073
-3.519079
-3.672083
-3.978090
-3.978090
-3.366076
-3.672083
-3.978090
-3.978090
-4.437100
-4.284097
-3.672083
-3.213073
-3.519079
-3.519079
-3.060069
-2.601059
-2.142048
-1.224028
-1.377031
-0.612014
-0.153003
0.612014
1.377031
2.142048
2.601059
2.907066
3.366076
3.366076
3.825086
3.978090
3.672083
4.131093
4.437100
4.131093
4.590104
4.284097
4.131093
4.437100
3.825086
3.978090
3.978090
4.131093
4.131093
4.131093
3.978090
3.825086
4.131093
3.672083
3.213073
2.907066
2.754062
2.907066
2.448055
1.530035
1.071024
0.612014
0.153003
-0.459010
-1.377031
-2.142048
-2.754062
-3.978090
-4.896111
-5.049114
-5.814131
-6.426145
-6.579149
-7.650173
-7.497169
-8.109183
-8.415190
-7.956180
-8.109183
-7.956180
-7.956180
-7.191162
-6.885155
-6.885155
-6.120138
-5.661128
-4.590104
-4.284097
-3.825086
-2.601059
-1.836041
-1.224028
-0.918021
-0.306007
0.765017
1.377031
2.295052
3.366076
3.366076
3.978090
4.437100
4.590104
5.355121
5.814131
6.273142
6.273142
6.579149
6.885155
7.344166
7.191162
7.344166
7.650173
7.650173
7.803176
7.038159
7.038159
6.885155
6.579149
6.426145
5.814131
5.508124
4.743107
4.284097
3.825086
2.754062
2.448055
1.530035
0.459010
0.000000
-0.459010
-1.224028
-1.989045
-2.907066
-3.825086
