SAMPLES:	14885
BITSPERSAMPLE:	16
CHANNELS:	1
SAMPLERATE:	16000
NORMALIZED:	FALSE
81
65
42
59
86
91
72
72
64
95
114
110
132
121
147
145
169
186
179
187
183
161
195
192
185
133
176
219
157
202
215
216
190
183
204
207
216
188
194
217
192
204
160
122
159
151
145
149
132
135
131
136
101
41
78
86
79
57
78
83
108
74
85
35
28
26
34
23
-28
-3
3
13
3
-26
-43
-52
-37
-10
-51
-43
-26
-46
-86
-63
-96
-73
-90
-93
-110
-89
-65
-103
-89
-109
-94
-75
-68
-110
-115
-129
-122
-115
-134
-119
-143
-136
-171
-157
-146
-167
-173
-200
-156
-162
-193
-142
-153
-151
-136
-150
-186
-178
-145
-137
-153
-154
-158
-120
-92
-100
-94
-108
-102
-38
-56
-57
-61
-40
-38
-19
-10
-53
-53
-84
-19
-7
-23
3
-11
-14
5
-18
-10
-12
-38
-23
-4
26
-7
-12
34
23
24
53
36
-1
32
20
1
48
38
35
59
46
46
32
57
70
65
54
89
18
16
57
45
53
45
67
53
83
57
121
83
38
49
32
67
100
94
98
78
68
76
67
104
94
68
116
106
63
44
37
45
31
-8
-11
10
-36
-2
23
-27
-1
17
2
-26
-10
3
-23
-31
10
27
-17
-3
-26
-45
-22
-59
-43
-62
-84
-80
-72
-70
-85
-100
-97
-108
-90
-90
-115
-99
-107
-125
-122
-125
-144
-142
-128
-153
-65
-114
-116
-107
-171
-133
-86
-84
-108
-70
-141
-145
-129
-133
-139
-127
-132
-108
-107
-77
-97
-110
-103
-139
-127
-110
-93
-61
-80
-95
-69
-65
-42
-31
-20
5
8
-32
0
21
-10
-19
16
-3
9
-20
-6
15
12
34
-13
4
33
22
39
64
49
55
51
68
84
53
71
74
70
75
78
100
75
124
111
111
107
110
94
70
110
87
81
87
95
78
109
117
112
164
120
120
131
108
141
144
139
155
171
170
129
169
134
120
150
142
141
132
164
173
160
124
90
100
90
62
47
48
36
70
13
-2
15
4
29
7
45
67
27
30
42
7
9
-1
-29
-49
-46
-79
-80
-66
-62
-83
-113
-79
-109
-102
-74
-108
-79
-87
-121
-113
-101
-75
-110
-97
-129
-129
-114
-111
-133
-136
-125
-144
-167
-181
-160
-172
-130
-177
-149
-189
-172
-164
-206
-198
-174
-160
-151
-124
-102
-118
-132
-124
-101
-100
-110
-114
-129
-73
-89
-96
-63
-79
-47
-48
-85
-81
-69
-103
-83
-25
-33
-26
-31
-40
11
8
-1
19
38
37
23
25
15
48
31
35
39
20
38
64
55
54
40
43
16
32
23
53
53
36
70
47
77
93
102
114
120
73
94
91
104
105
137
152
101
65
86
52
102
123
95
94
88
100
76
101
102
123
125
83
90
41
56
100
95
76
74
68
67
79
51
29
56
57
64
59
37
24
47
30
33
79
47
62
74
94
57
52
19
-32
52
36
19
21
2
17
17
0
-11
-17
-11
8
-54
-48
-23
-58
-49
-73
-87
-51
-89
-38
-61
-92
-63
-81
-99
-99
-94
-92
-108
-147
-159
-138
-132
-109
-124
-151
-119
-126
-103
-98
-128
-120
-136
-141
-134
-114
-107
-93
-95
-74
-110
-147
-111
-129
-153
-139
-107
-87
-62
-82
-62
-80
-93
-60
-92
-33
-49
-40
-21
-47
-39
-88
-67
-28
-36
-62
-2
13
2
25
-7
-2
-1
-3
14
-5
-10
37
47
32
27
56
56
71
64
93
50
74
77
32
71
57
107
68
85
110
70
117
125
105
109
107
83
117
98
115
102
74
106
90
73
113
103
96
123
88
83
92
89
54
48
79
96
80
64
60
94
41
32
29
5
13
-5
3
-20
26
-11
-7
18
0
-11
-18
-11
4
18
-12
14
-43
-62
-53
-112
-35
-54
-40
-50
-54
-22
-53
-51
-84
-75
-95
-87
-93
-105
-128
-126
-191
-137
-156
-179
-168
-174
-146
-196
-177
-196
-189
-200
-193
-194
-198
-169
-206
-182
-203
-205
-179
-190
-179
-199
-186
-201
-179
-190
-174
-163
-145
-147
-161
-154
-175
-166
-190
-140
-147
-151
-141
-114
-135
-99
-83
-90
-85
-100
-96
-119
-94
-98
-87
-61
-37
-30
-40
-51
-31
-51
-41
-42
-28
-12
-55
-25
19
-33
-44
-27
-39
-13
15
-1
9
-10
-29
15
-2
19
8
9
11
0
-9
-21
-10
42
58
47
74
99
99
74
85
86
88
101
70
100
116
96
72
68
84
84
73
92
107
50
84
58
74
88
69
66
70
83
42
21
10
16
-10
34
35
50
23
14
52
33
45
31
44
8
56
58
14
12
16
-24
-32
-35
-62
-12
-70
-56
-40
-30
-58
-101
-111
-87
-102
-90
-58
-92
-104
-117
-101
-117
-118
-105
-77
-117
-112
-139
-135
-139
-161
-129
-152
-122
-136
-146
-128
-175
-163
-132
-177
-162
-157
-155
-152
-178
-191
-155
-155
-144
-108
-131
-97
-118
-171
-144
-115
-103
-132
-123
-107
-65
-64
-78
-83
-61
-69
-76
-63
-79
-65
-73
-62
-30
-45
-49
-48
-16
-30
-74
2
-15
-1
-7
40
23
36
67
55
11
31
31
39
22
32
91
93
111
127
115
95
113
102
98
64
75
115
122
116
145
143
150
130
149
152
128
135
129
149
165
125
93
139
139
141
129
170
116
108
170
98
66
77
76
48
81
104
70
63
96
93
49
84
69
28
43
31
21
29
39
59
39
30
28
-12
-26
-64
-29
-40
-26
-49
-57
-41
-103
-86
-95
-86
-102
-95
-96
-109
-135
-125
-122
-132
-105
-153
-134
-122
-130
-128
-119
-151
-168
-165
-172
-183
-180
-171
-211
-202
-195
-179
-196
-200
-167
-179
-181
-179
-163
-192
-191
-181
-188
-171
-197
-209
-152
-181
-185
-198
-180
-202
-211
-221
-216
-178
-172
-152
-208
-201
-182
-137
-145
-158
-139
-126
-114
-137
-123
-114
-92
-78
-107
-118
-90
-102
-56
-47
-72
-38
-30
-56
-58
-24
-45
-6
-8
-26
-39
-53
-1
21
-9
11
32
7
27
29
12
37
18
14
50
16
7
3
11
23
-3
9
45
27
20
51
40
55
49
-21
23
23
22
60
5
22
-4
36
52
28
35
37
56
66
39
39
37
9
43
50
24
31
8
-7
19
-13
-19
-9
-3
-34
-44
-55
-74
-53
-51
-94
-59
-79
-100
-78
-91
-106
-114
-65
-92
-130
-146
-129
-133
-144
-126
-126
-105
-113
-136
-171
-157
-174
-202
-189
-177
-164
-157
-180
-212
-206
-199
-192
-175
-175
-197
-174
-171
-238
-241
-227
-228
-212
-223
-188
-191
-226
-259
-245
-207
-184
-228
-228
-174
-171
-175
-180
-146
-144
-178
-169
-145
-173
-125
-109
-99
-77
-88
-104
-83
-91
-92
-79
-107
-60
-92
-70
-138
-122
-96
-96
-78
-133
-60
-107
-56
-67
-75
-49
-58
-38
-52
-16
-34
-23
-24
26
19
18
16
27
35
32
-13
-11
20
21
25
15
80
48
23
60
45
77
94
88
65
72
119
94
137
103
94
94
78
113
80
85
90
99
89
64
94
80
87
91
81
97
110
120
88
65
71
77
77
95
130
85
91
120
74
97
70
92
58
31
57
6
22
2
-14
2
-30
2
-11
-28
-14
-10
-41
-34
-47
-56
-48
-76
-44
-57
-39
-73
-88
-110
-106
-93
-83
-80
-140
-133
-146
-143
-125
-145
-128
-147
-133
-141
-135
-132
-108
-123
-135
-101
-133
-104
-91
-60
-85
-138
-115
-117
-81
-85
-73
-83
-66
-73
-80
-90
-109
-118
-117
-83
-99
-66
-55
-49
-55
-3
-32
-41
-52
-64
-45
-61
-16
-29
-21
-54
-37
-50
-59
-69
-38
17
11
45
2
-9
25
38
26
61
40
33
42
48
61
41
44
60
54
78
72
57
107
120
113
119
66
85
96
101
64
112
120
113
138
107
133
100
112
120
101
101
124
140
128
121
142
132
118
117
107
73
109
126
117
117
118
142
141
142
126
118
121
148
142
121
100
99
100
117
132
121
98
117
97
72
81
75
85
74
86
93
95
111
76
86
52
61
28
35
34
21
38
30
45
-2
-12
-36
-14
1
-11
-23
4
8
-7
4
33
14
21
16
-6
-41
-4
-28
-17
-15
-55
-8
-10
-15
-28
-46
-34
15
23
-10
9
-22
-1
-16
-53
-34
-22
7
-13
-10
14
19
14
8
21
26
-10
17
29
20
35
7
62
83
71
51
69
133
112
124
64
65
63
66
90
85
99
133
169
182
172
202
200
213
195
213
234
225
280
246
281
268
278
273
243
265
280
291
272
242
256
272
265
318
321
319
325
326
309
306
294
297
278
294
307
320
312
313
350
335
325
344
351
308
324
318
292
324
300
308
331
333
303
358
345
333
338
326
317
329
325
336
345
303
324
307
313
293
279
269
276
251
245
273
243
249
243
195
242
252
228
200
197
216
214
190
190
169
142
146
125
111
149
137
102
120
76
117
110
115
117
92
117
123
81
92
112
66
79
84
105
65
94
74
67
133
118
120
105
117
102
118
141
106
100
145
88
76
86
42
100
78
80
100
51
65
90
108
97
82
102
86
139
145
121
141
102
116
167
139
114
138
150
140
139
169
143
153
150
193
189
196
184
205
198
183
186
211
225
228
254
228
207
194
219
243
238
228
257
244
261
242
204
244
236
258
252
242
273
246
255
236
226
242
215
209
226
191
225
222
217
224
241
250
224
218
227
208
186
193
192
230
214
182
207
209
223
249
247
240
245
208
202
239
225
201
202
165
162
182
152
167
176
164
173
186
168
154
131
153
148
143
128
139
127
128
101
92
77
83
88
61
86
49
56
84
23
106
83
47
79
23
32
40
37
14
16
25
33
35
30
59
37
44
32
12
0
-10
4
24
6
-7
42
23
-8
-17
3
-9
-25
-16
6
27
21
48
45
40
39
-1
-2
43
15
30
35
10
6
56
78
65
67
70
79
92
105
145
159
172
142
102
115
108
145
149
169
203
205
187
216
225
196
192
180
169
156
175
163
224
216
224
216
225
221
196
181
171
206
214
209
196
205
167
141
154
151
163
193
180
169
179
191
174
136
180
196
216
223
195
186
198
164
165
156
196
188
166
184
176
144
128
145
172
210
170
153
144
153
160
122
127
130
124
61
74
110
60
68
46
11
25
21
13
6
-26
-53
-39
-49
-31
-65
-98
-82
-71
-92
-75
-74
-126
-124
-122
-86
-76
-133
-106
-121
-159
-141
-111
-91
-104
-80
-130
-146
-116
-111
-133
-97
-45
-97
-94
-116
-109
-103
-135
-153
-109
-136
-165
-142
-123
-114
-146
-150
-145
-188
-141
-164
-171
-138
-161
-161
-136
-120
-172
-150
-157
-139
-177
-156
-133
-129
-77
-112
-121
-113
-134
-107
-89
-78
-62
-87
-80
-89
-79
-19
-59
-50
-30
-40
-36
-49
1
-14
-32
-52
-35
-21
-42
-4
9
38
-11
20
0
-45
8
-39
-43
-39
-23
-15
-48
-36
-37
-23
-37
-20
-49
-57
-10
-48
-64
-71
-36
-37
-40
-53
-51
-10
11
-4
-8
-22
-2
7
-35
-33
-32
-37
-51
-61
-67
-36
-4
9
-10
-19
-44
-28
-30
-49
-53
-54
-48
-60
-73
-60
-63
-117
-85
-78
-56
-76
-94
-123
-136
-115
-136
-149
-148
-115
-93
-123
-170
-148
-89
-131
-150
-175
-167
-150
-177
-190
-163
-188
-205
-226
-228
-220
-242
-233
-227
-235
-224
-189
-219
-248
-245
-265
-270
-232
-250
-253
-243
-236
-240
-204
-196
-214
-222
-234
-230
-222
-238
-233
-228
-270
-250
-251
-207
-210
-167
-195
-208
-202
-183
-188
-199
-155
-159
-149
-151
-169
-209
-138
-168
-120
-159
-148
-136
-125
-87
-106
-98
-86
-112
-136
-96
-95
-49
-38
-112
-110
-126
-89
-63
-95
-86
-58
-62
-77
-82
-89
-49
-64
-47
-38
-42
-10
-8
-28
-25
-62
-62
-17
19
-12
-22
5
-5
-13
-14
-41
12
20
33
42
-14
-4
6
3
-20
-8
47
19
20
57
5
38
1
-2
26
24
14
-19
11
5
18
9
5
-49
-98
-59
-48
-71
-85
-74
-111
-102
-84
-101
-153
-142
-141
-160
-148
-153
-147
-155
-152
-169
-116
-136
-140
-112
-76
-70
-97
-114
-124
-125
-100
-88
-119
-122
-95
-99
-97
-114
-104
-74
-94
-56
-104
-107
-138
-116
-119
-147
-175
-177
-165
-175
-142
-128
-157
-152
-181
-196
-212
-192
-224
-246
-207
-207
-188
-196
-236
-227
-207
-226
-152
-127
-152
-159
-165
-148
-129
-117
-96
-76
-54
-31
-34
-44
-19
13
44
38
46
71
75
131
93
73
67
114
111
128
170
147
162
124
111
89
105
120
83
101
100
85
48
45
16
-20
-60
-73
-88
-118
-121
-153
-130
-95
-125
-129
-163
-168
-129
-145
-105
-113
-69
-49
-26
-2
-15
56
108
142
177
220
224
305
294
306
338
325
372
396
441
408
417
469
452
452
416
390
395
357
319
266
211
183
109
43
-33
-103
-122
-224
-259
-317
-373
-441
-436
-417
-477
-470
-476
-491
-451
-496
-472
-450
-447
-434
-387
-365
-386
-314
-277
-258
-226
-215
-137
-108
-67
34
114
195
265
341
337
377
403
468
523
535
493
480
495
480
442
476
461
416
378
363
319
234
152
79
16
-69
-176
-306
-368
-469
-492
-563
-655
-662
-686
-668
-647
-655
-658
-639
-628
-614
-595
-558
-518
-482
-467
-460
-418
-338
-316
-257
-217
-180
-129
-22
19
120
259
285
415
484
559
590
641
683
703
714
696
736
697
665
690
708
721
699
696
694
688
707
692
634
574
475
370
295
152
50
-37
-180
-334
-401
-460
-553
-602
-629
-618
-631
-599
-540
-537
-455
-475
-448
-419
-434
-378
-413
-378
-416
-387
-361
-325
-330
-324
-239
-161
-64
-3
73
178
278
379
444
523
563
577
603
673
648
625
630
643
640
663
667
644
653
721
700
726
781
737
735
692
663
556
500
384
252
118
-21
-186
-306
-389
-544
-595
-672
-698
-696
-727
-748
-741
-674
-675
-679
-694
-677
-676
-685
-707
-769
-796
-784
-759
-751
-725
-721
-704
-633
-530
-466
-390
-285
-192
-41
45
141
236
281
358
410
463
519
561
573
581
592
611
660
725
747
785
845
877
899
903
907
908
884
882
889
806
716
607
530
383
255
160
11
-103
-249
-359
-419
-563
-621
-628
-686
-728
-782
-790
-801
-844
-876
-837
-867
-856
-887
-926
-957
-958
-925
-930
-861
-842
-784
-707
-672
-599
-474
-386
-258
-153
-62
46
140
258
325
418
517
580
654
696
770
788
858
926
945
959
1026
1029
1024
1037
1042
1046
1053
1034
1045
1062
995
1004
960
933
849
761
665
582
433
247
109
-83
-252
-417
-551
-692
-872
-935
-1045
-1163
-1171
-1223
-1241
-1287
-1259
-1295
-1320
-1305
-1301
-1286
-1297
-1309
-1313
-1294
-1298
-1265
-1197
-1135
-1087
-991
-866
-766
-644
-538
-393
-224
-143
-35
88
188
267
381
455
517
603
628
695
755
791
823
884
923
942
991
994
1012
1029
1045
1092
1127
1148
1188
1221
1206
1220
1148
1112
1049
919
832
707
537
336
160
-55
-232
-465
-579
-778
-931
-1064
-1229
-1333
-1424
-1461
-1519
-1509
-1538
-1529
-1560
-1560
-1583
-1599
-1594
-1590
-1554
-1528
-1490
-1424
-1334
-1280
-1162
-1054
-968
-781
-618
-500
-345
-189
-84
39
162
322
412
521
584
616
706
779
872
931
997
1062
1127
1202
1246
1308
1377
1415
1432
1511
1545
1583
1627
1642
1687
1675
1745
1788
1766
1789
1796
1771
1682
1546
1378
1221
992
682
453
165
-80
-305
-569
-807
-1017
-1202
-1322
-1434
-1529
-1545
-1595
-1628
-1634
-1652
-1655
-1674
-1682
-1739
-1733
-1800
-1850
-1861
-1838
-1822
-1777
-1675
-1596
-1444
-1267
-1102
-976
-756
-592
-477
-378
-315
-246
-272
-274
-306
-296
-325
-334
-264
-271
-237
-133
12
200
371
567
740
960
1154
1339
1506
1634
1714
1735
1817
1825
1853
1870
1905
1936
2002
2074
2182
2294
2408
2497
2504
2450
2391
2276
2094
1850
1503
1163
803
349
-23
-418
-786
-1085
-1400
-1600
-1733
-1853
-1870
-1898
-1875
-1813
-1757
-1673
-1623
-1587
-1592
-1572
-1594
-1585
-1572
-1592
-1565
-1578
-1489
-1347
-1176
-980
-814
-627
-448
-207
-21
128
279
334
363
342
277
181
78
-85
-225
-381
-500
-588
-687
-735
-774
-772
-762
-657
-569
-474
-412
-349
-256
-182
-71
-18
69
162
243
386
504
680
912
1064
1332
1586
1873
2157
2433
2702
2958
3206
3423
3619
3699
3790
3784
3685
3493
3237
2958
2641
2204
1806
1403
951
526
112
-235
-590
-941
-1205
-1416
-1598
-1777
-1938
-2098
-2232
-2355
-2442
-2553
-2617
-2706
-2792
-2801
-2836
-2794
-2729
-2624
-2469
-2289
-2077
-1816
-1583
-1302
-1067
-819
-590
-434
-267
-144
-53
-1
-59
-94
-166
-278
-352
-459
-493
-587
-653
-651
-638
-618
-659
-553
-505
-449
-346
-262
-153
-59
63
162
300
482
613
754
960
1165
1345
1618
1901
2106
2411
2669
2935
3221
3481
3782
4009
4158
4302
4323
4243
4193
3959
3628
3264
2876
2365
1861
1317
781
298
-208
-648
-1058
-1423
-1704
-1951
-2183
-2257
-2397
-2500
-2553
-2592
-2683
-2695
-2751
-2740
-2740
-2732
-2676
-2654
-2512
-2376
-2168
-1989
-1730
-1425
-1091
-746
-453
-142
90
299
457
547
621
635
563
446
291
134
-60
-241
-381
-559
-683
-792
-885
-981
-1016
-1002
-1007
-1012
-997
-953
-914
-904
-929
-953
-932
-916
-863
-787
-704
-579
-385
-163
89
353
664
1007
1377
1809
2230
2564
2917
3259
3534
3842
4150
4363
4601
4783
4892
4923
4859
4753
4530
4241
3827
3384
2836
2266
1656
1044
435
-175
-706
-1285
-1788
-2257
-2634
-2952
-3220
-3398
-3634
-3775
-3810
-3851
-3841
-3804
-3742
-3689
-3630
-3494
-3359
-3183
-2933
-2711
-2456
-2133
-1806
-1449
-1107
-810
-486
-242
-13
224
415
491
551
551
490
419
272
138
-59
-264
-448
-686
-876
-1033
-1169
-1294
-1369
-1414
-1488
-1493
-1535
-1488
-1432
-1398
-1339
-1285
-1164
-1076
-947
-825
-624
-403
-167
118
433
752
1064
1488
1847
2260
2691
3107
3560
3974
4416
4793
5186
5523
5775
6056
6144
6089
5889
5588
5248
4756
4155
3443
2711
1930
1158
376
-297
-974
-1632
-2130
-2566
-2874
-3116
-3333
-3494
-3553
-3617
-3626
-3675
-3628
-3599
-3589
-3558
-3505
-3381
-3245
-3048
-2844
-2568
-2266
-1896
-1519
-1107
-664
-245
124
446
785
971
1090
1191
1159
1086
892
691
415
155
-114
-413
-690
-982
-1181
-1369
-1498
-1607
-1714
-1753
-1769
-1803
-1843
-1836
-1802
-1809
-1844
-1799
-1759
-1735
-1671
-1577
-1413
-1251
-1024
-758
-431
-55
404
839
1297
1789
2317
2808
3266
3748
4201
4632
5041
5462
5832
6200
6471
6614
6664
6581
6332
6004
5548
4986
4297
3503
2703
1803
945
114
-650
-1348
-2061
-2657
-3177
-3578
-3880
-4063
-4200
-4350
-4446
-4441
-4389
-4298
-4224
-4178
-4070
-3995
-3818
-3657
-3369
-3042
-2716
-2306
-1866
-1339
-804
-286
221
657
1044
1375
1667
1842
1939
1915
1792
1651
1413
1093
765
389
38
-319
-626
-880
-1107
-1295
-1488
-1600
-1728
-1730
-1807
-1850
-1889
-1909
-1960
-2013
-2033
-2075
-2063
-2085
-2023
-1932
-1738
-1523
-1279
-966
-597
-156
319
886
1444
1939
2453
3012
3548
4023
4521
4904
5358
5763
6190
6591
6932
7251
7423
7438
7300
7046
6746
6309
5700
4898
4030
3128
2180
1264
353
-531
-1405
-2237
-2938
-3463
-3860
-4241
-4533
-4704
-4857
-4870
-4831
-4808
-4710
-4657
-4627
-4484
-4384
-4126
-3929
-3688
-3400
-3074
-2650
-2110
-1534
-950
-349
190
708
1214
1671
2062
2347
2437
2384
2292
2098
1848
1537
1113
622
176
-221
-619
-939
-1275
-1582
-1861
-2058
-2163
-2263
-2311
-2420
-2500
-2564
-2675
-2711
-2829
-2902
-2944
-3066
-3085
-3021
-2890
-2758
-2481
-2182
-1812
-1323
-843
-276
339
969
1541
2130
2674
3234
3789
4250
4663
5065
5497
5978
6349
6747
7143
7419
7555
7559
7471
7266
6922
6405
5725
4830
3959
2999
1981
965
-9
-976
-1928
-2768
-3490
-3974
-4378
-4729
-5031
-5224
-5256
-5252
-5165
-5018
-4893
-4770
-4647
-4497
-4219
-3967
-3699
-3416
-3160
-2711
-2226
-1713
-1131
-519
101
671
1255
1889
2406
2800
3027
3138
3194
3111
2970
2680
2265
1814
1309
797
307
-128
-558
-992
-1379
-1666
-1868
-2014
-2158
-2294
-2435
-2487
-2533
-2620
-2697
-2779
-2863
-2993
-3095
-3123
-3053
-2967
-2820
-2581
-2284
-1904
-1465
-894
-294
294
920
1525
2154
2823
3413
3908
4369
4807
5214
5629
6052
6428
6835
7202
7539
7717
7770
7696
7500
7201
6697
6064
5230
4295
3341
2307
1228
172
-885
-1851
-2796
-3615
-4232
-4716
-5148
-5489
-5662
-5716
-5740
-5689
-5551
-5439
-5304
-5176
-5066
-4856
-4586
-4340
-4103
-3768
-3420
-2987
-2478
-1862
-1225
-570
68
746
1412
1979
2489
2836
3093
3157
3175
3065
2837
2512
2014
1502
908
348
-157
-647
-1099
-1521
-1820
-2106
-2306
-2455
-2582
-2685
-2792
-2904
-2975
-3052
-3142
-3216
-3327
-3471
-3535
-3515
-3437
-3342
-3188
-2906
-2558
-2088
-1493
-887
-232
456
1125
1814
2486
3179
3771
4286
4729
5168
5588
5950
6330
6765
7147
7490
7865
8122
8256
8223
8091
7929
7459
6857
6081
5166
4163
3032
1879
751
-303
-1417
-2456
-3401
-4149
-4718
-5151
-5477
-5678
-5780
-5808
-5713
-5574
-5382
-5190
-5035
-4895
-4706
-4463
-4213
-3987
-3707
-3397
-2985
-2488
-1935
-1286
-611
67
758
1421
2058
2653
3155
3474
3619
3632
3562
3354
2966
2487
1946
1301
655
6
-550
-1088
-1622
-2061
-2402
-2642
-2861
-2950
-3060
-3118
-3199
-3306
-3377
-3466
-3551
-3656
-3762
-3836
-3884
-3852
-3795
-3648
-3428
-3083
-2685
-2212
-1554
-893
-176
550
1246
1961
2646
3321
3933
4461
4901
5322
5714
6078
6476
6854
7216
7570
7917
8106
8219
8168
7964
7744
7269
6598
5780
4783
3732
2582
1426
285
-803
-1906
-2901
-3778
-4452
-5002
-5422
-5715
-5871
-5921
-5870
-5781
-5616
-5375
-5195
-4968
-4819
-4590
-4341
-4038
-3722
-3418
-3075
-2605
-2076
-1493
-829
-126
599
1299
2025
2723
3333
3745
4056
4199
4169
4012
3769
3336
2791
2188
1479
804
162
-464
-1030
-1559
-2063
-2420
-2630
-2842
-2950
-3062
-3157
-3237
-3262
-3343
-3424
-3530
-3684
-3775
-3896
-3933
-3920
-3815
-3678
-3431
-3091
-2668
-2109
-1453
-763
-24
735
1475
2223
2966
3639
4160
4636
5054
5427
5791
6143
6470
6851
7167
7504
7878
8176
8336
8371
8236
7991
7637
7018
6205
5209
4179
3029
1730
519
-648
-1796
-2888
-3880
-4695
-5287
-5736
-6093
-6294
-6390
-6343
-6219
-6044
-5797
-5591
-5388
-5193
-4974
-4699
-4397
-4152
-3843
-3531
-3151
-2642
-2109
-1495
-818
-19
717
1417
2097
2772
3390
3749
3976
4060
4001
3781
3427
2917
2298
1575
845
107
-532
-1141
-1737
-2239
-2630
-2962
-3117
-3231
-3353
-3400
-3438
-3436
-3473
-3519
-3554
-3642
-3754
-3884
-3950
-3985
-3929
-3839
-3659
-3386
-3011
-2472
-1894
-1232
-472
289
1010
1786
2585
3289
3892
4480
4952
5355
5751
6093
6437
6792
7142
7471
7781
8156
8372
8376
8302
8120
7814
7332
6629
5782
4753
3637
2450
1234
13
-1187
-2238
-3263
-4132
-4753
-5305
-5679
-5976
-6103
-6118
-6075
-5926
-5733
-5511
-5292
-5074
-4928
-4670
-4385
-4132
-3839
-3516
-3186
-2716
-2190
-1587
-964
-235
496
1178
1875
2561
3195
3623
3887
4017
4030
3940
3658
3169
2571
1965
1272
534
-139
-787
-1373
-1954
-2419
-2735
-2987
-3188
-3266
-3379
-3461
-3523
-3586
-3616
-3679
-3788
-3931
-4058
-4140
-4191
-4187
-4099
-3977
-3736
-3393
-2979
-2458
-1846
-1167
-434
349
1152
1874
2606
3254
3839
4323
4769
5152
5534
5883
6184
6546
6913
7290
7626
7801
7943
7971
7845
7634
7240
6639
5855
4902
3863
2750
1507
383
-749
-1880
-2869
-3803
-4549
-5084
-5524
-5866
-6056
-6125
-6109
-5968
-5825
-5568
-5393
-5143
-4956
-4791
-4455
-4181
-3872
-3668
-3343
-2949
-2491
-1891
-1249
-592
124
809
1500
2230
2888
3441
3848
4082
4153
4101
3910
3560
3066
2482
1829
1100
408
-264
-878
-1440
-1925
-2339
-2681
-2882
-2989
-3059
-3111
-3174
-3169
-3194
-3283
-3373
-3462
-3575
-3693
-3780
-3855
-3804
-3753
-3583
-3339
-2943
-2510
-1929
-1268
-586
172
907
1678
2368
3084
3746
4247
4692
5065
5445
5748
6030
6410
6761
7059
7447
7740
7871
7938
7864
7741
7454
7009
6307
5479
4513
3480
2356
1247
66
-1128
-2196
-3233
-4008
-4637
-5167
-5574
-5870
-6035
-6058
-5989
-5865
-5622
-5461
-5243
-5080
-4933
-4632
-4422
-4205
-3962
-3708
-3336
-2919
-2426
-1862
-1235
-566
153
905
1585
2298
2842
3342
3669
3807
3875
3753
3521
3110
2556
1965
1294
632
-36
-647
-1261
-1789
-2198
-2493
-2734
-2892
-2970
-3048
-3095
-3101
-3159
-3197
-3256
-3341
-3464
-3600
-3672
-3761
-3776
-3723
-3627
-3461
-3125
-2742
-2204
-1562
-915
-199
565
1331
2062
2779
3447
3966
4435
4896
5227
5590
5901
6226
6581
6994
7355
7740
7944
8044
8057
8002
7879
7494
6872
6156
5268
4296
3240
2050
958
-207
-1394
-2437
-3326
-4043
-4587
-5069
-5392
-5599
-5674
-5669
-5541
-5383
-5188
-5035
-4844
-4688
-4441
-4193
-4019
-3791
-3574
-3263
-2883
-2448
-1868
-1301
-627
107
786
1540
2222
2824
3267
3650
3840
3927
3859
3643
3236
2734
2182
1557
887
232
-354
-956
-1457
-1936
-2264
-2515
-2715
-2780
-2878
-2929
-2979
-3057
-3092
-3151
-3230
-3366
-3479
-3609
-3651
-3708
-3718
-3611
-3527
-3246
-2830
-2370
-1780
-1190
-496
264
980
1747
2442
3113
3674
4174
4674
5093
5462
5840
6167
6560
6918
7258
7565
7702
7800
7711
7616
7334
6895
6278
5511
4617
3689
2589
1515
440
-635
-1674
-2716
-3512
-4191
-4753
-5236
-5545
-5762
-5817
-5783
-5715
-5566
-5383
-5246
-5083
-4873
-4616
-4392
-4146
-3898
-3613
-3224
-2815
-2329
-1737
-1123
-477
150
814
1515
2111
2594
3005
3243
3422
3471
3338
3085
2682
2300
1801
1222
634
116
-408
-918
-1353
-1732
-1959
-2183
-2328
-2477
-2543
-2649
-2667
-2734
-2802
-2820
-2944
-3042
-3129
-3163
-3203
-3151
-3084
-2896
-2675
-2323
-1915
-1423
-802
-197
475
1160
1843
2531
3155
3762
4347
4846
5346
5817
6304
6728
7165
7561
7944
8110
8256
8172
8025
7789
7365
6739
6047
5174
4251
3274
2126
1092
8
-1023
-1979
-2819
-3520
-4076
-4595
-4959
-5269
-5427
-5529
-5524
-5451
-5389
-5380
-5268
-5154
-4997
-4784
-4637
-4410
-4115
-3773
-3356
-2845
-2301
-1702
-1096
-468
152
754
1396
1864
2204
2490
2582
2622
2571
2383
2107
1722
1260
828
369
-93
-530
-959
-1328
-1632
-1888
-2067
-2239
-2368
-2475
-2535
-2622
-2684
-2706
-2816
-2909
-3008
-3065
-3087
-3079
-3015
-2913
-2756
-2486
-2175
-1775
-1203
-604
-13
632
1315
1984
2674
3374
3994
4592
5159
5757
6312
6842
7364
7789
8137
8303
8387
8294
8134
7821
7368
6688
5865
5004
4065
3092
2077
1030
42
-963
-1841
-2567
-3243
-3766
-4213
-4566
-4869
-5007
-5105
-5187
-5177
-5178
-5196
-5145
-5076
-4991
-4811
-4670
-4447
-4124
-3764
-3261
-2731
-2157
-1551
-956
-312
332
912
1480
1876
2197
2431
2483
2535
2416
2180
1889
1521
1156
700
239
-131
-451
-867
-1149
-1392
-1582
-1747
-1894
-1997
-2151
-2226
-2324
-2402
-2481
-2592
-2699
-2806
-2893
-2933
-2886
-2809
-2669
-2465
-2144
-1687
-1193
-611
-19
657
1321
1969
2687
3355
4067
4708
5291
5843
6416
6997
7461
7922
8246
8392
8414
8270
8031
7631
7114
6364
5530
4671
3683
2644
1581
592
-416
-1379
-2252
-3004
-3594
-4081
-4505
-4917
-5189
-5362
-5451
-5535
-5562
-5558
-5573
-5470
-5432
-5290
-5122
-4939
-4688
-4401
-3972
-3444
-2867
-2246
-1590
-964
-302
325
891
1395
1808
2148
2336
2385
2392
2310
2119
1795
1361
1003
578
148
-210
-575
-888
-1230
-1429
-1590
-1720
-1848
-1976
-2065
-2160
-2242
-2347
-2467
-2583
-2734
-2838
-2885
-2874
-2813
-2715
-2543
-2272
-1932
-1474
-911
-286
371
1070
1790
2518
3191
3895
4621
5239
5802
6381
6969
7492
7926
8262
8553
8676
8634
8497
8214
7783
7194
6457
5574
4578
3595
2572
1508
464
-573
-1514
-2371
-3121
-3696
-4212
-4642
-4994
-5279
-5403
-5438
-5491
-5484
-5499
-5447
-5381
-5287
-5120
-4963
-4723
-4439
-4100
-3672
-3171
-2626
-2035
-1409
-767
-143
403
987
1468
1811
2112
2227
2274
2267
2105
1863
1515
1166
792
356
-37
-471
-827
-1189
-1517
-1752
-1926
-2059
-2195
-2304
-2406
-2492
-2596
-2686
-2739
-2836
-2885
-2914
-2949
-2916
-2798
-2607
-2408
-2085
-1700
-1191
-577
26
691
1411
2144
2846
3591
4287
4967
5614
6264
6843
7397
7878
8255
8529
8614
8604
8389
8107
7673
7114
6366
5401
4450
3444
2388
1330
321
-684
-1612
-2478
-3267
-3824
-4288
-4712
-5037
-5288
-5428
-5488
-5485
-5520
-5559
-5520
-5421
-5267
-5137
-4938
-4667
-4381
-4017
-3574
-3015
-2401
-1778
-1119
-496
105
758
1312
1757
2171
2405
2548
2580
2527
2378
2118
1799
1367
1017
560
155
-211
-609
-903
-1237
-1473
-1618
-1798
-1938
-2047
-2150
-2216
-2292
-2377
-2503
-2572
-2633
-2733
-2735
-2692
-2517
-2390
-2185
-1894
-1483
-976
-369
239
914
1615
2323
3043
3774
4471
5160
5802
6379
6974
7504
7992
8339
8609
8741
8715
8514
8205
7751
7164
6398
5467
4453
3447
2387
1310
273
-776
-1710
-2612
-3362
-3992
-4452
-4846
-5244
-5426
-5589
-5710
-5716
-5708
-5695
-5625
-5554
-5462
-5269
-5049
-4762
-4475
-4138
-3696
-3143
-2527
-1913
-1266
-660
31
626
1213
1726
2082
2344
2457
2532
2451
2339
2096
1715
1318
866
429
-12
-382
-722
-1070
-1394
-1672
-1857
-2015
-2126
-2284
-2398
-2451
-2553
-2629
-2753
-2820
-2907
-2978
-3022
-2979
-2814
-2643
-2438
-2143
-1742
-1202
-599
19
726
1432
2127
2891
3593
4308
4932
5562
6143
6717
7259
7696
8095
8411
8601
8588
8468
8147
7811
7288
6629
5739
4768
3740
2689
1652
593
-422
-1419
-2309
-3107
-3719
-4175
-4651
-5064
-5295
-5444
-5534
-5578
-5577
-5543
-5471
-5391
-5306
-5141
-4944
-4728
-4457
-4146
-3739
-3208
-2614
-2035
-1385
-733
-139
515
1101
1623
2016
2289
2463
2546
2512
2393
2164
1805
1419
1024
591
159
-216
-653
-1051
-1354
-1615
-1831
-1962
-2129
-2264
-2374
-2474
-2563
-2606
-2683
-2791
-2818
-2928
-2935
-2924
-2799
-2603
-2400
-2096
-1770
-1249
-720
-136
572
1252
1972
2676
3356
4060
4686
5320
5883
6414
7013
7501
7917
8263
8513
8589
8490
8254
7854
7360
6680
5820
4870
3876
2835
1708
645
-392
-1394
-2338
-3117
-3831
-4339
-4724
-5103
-5393
-5514
-5550
-5561
-5529
-5546
-5494
-5440
-5332
-5237
-5034
-4826
-4622
-4322
-3933
-3437
-2928
-2289
-1654
-1012
-324
317
934
1454
1896
2291
2478
2576
2639
2545
2355
2012
1616
1182
745
318
-115
-521
-863
-1181
-1498
-1672
-1810
-1946
-2043
-2133
-2234
-2265
-2294
-2344
-2388
-2467
-2463
-2506
-2495
-2423
-2258
-2033
-1805
-1456
-970
-433
137
786
1467
2152
2870
3597
4288
4948
5535
6092
6639
7164
7629
8021
8373
8642
8721
8616
8349
8031
7602
6947
6172
5245
4288
3272
2183
1134
60
-919
-1847
-2702
-3406
-3969
-4423
-4852
-5126
-5331
-5448
-5466
-5458
-5371
-5321
-5258
-5171
-5063
-4860
-4655
-4401
-4106
-3767
-3355
-2821
-2281
-1760
-1114
-491
96
694
1252
1709
2055
2321
2414
2507
2455
2304
2017
1641
1284
867
416
32
-353
-743
-1071
-1369
-1575
-1758
-1847
-1907
-2036
-2096
-2137
-2188
-2222
-2228
-2276
-2322
-2331
-2255
-2189
-2110
-1900
-1673
-1371
-955
-468
71
725
1310
1944
2639
3284
3944
4613
5227
5772
6319
6851
7337
7768
8185
8433
8599
8625
8421
8115
7690
7120
6360
5457
4471
3496
2455
1356
309
-715
-1636
-2450
-3169
-3779
-4193
-4545
-4819
-5025
-5094
-5128
-5170
-5143
-5065
-5014
-4936
-4854
-4675
-4513
-4319
-4060
-3800
-3390
-2959
-2412
-1821
-1271
-615
-5
570
1126
1585
2008
2279
2446
2513
2489
2383
2143
1851
1459
1059
637
209
-191
-577
-928
-1247
-1481
-1640
-1741
-1851
-1939
-1979
-2008
-2055
-2089
-2143
-2179
-2195
-2217
-2204
-2167
-2073
-1969
-1775
-1507
-1151
-695
-183
373
929
1596
2342
3021
3686
4403
5063
5616
6194
6715
7169
7610
7919
8171
8326
8292
8101
7817
7390
6777
6028
5204
4301
3312
2293
1266
222
-776
-1657
-2535
-3269
-3862
-4357
-4741
-5073
-5304
-5455
-5508
-5527
-5578
-5562
-5460
-5388
-5292
-5146
-5009
-4777
-4530
-4223
-3818
-3321
-2801
-2275
-1708
-1130
-502
50
573
1035
1412
1704
1897
1981
1968
1856
1673
1430
1022
659
309
-111
-514
-872
-1173
-1463
-1729
-1880
-2006
-2118
-2170
-2308
-2349
-2331
-2392
-2430
-2455
-2431
-2431
-2380
-2330
-2186
-2000
-1725
-1437
-1107
-615
-89
553
1181
1827
2500
3147
3781
4384
4983
5537
6091
6559
7025
7465
7785
8038
8208
8184
8074
7775
7426
6900
6195
5394
4438
3469
2476
1471
433
-517
-1436
-2280
-2966
-3597
-4062
-4393
-4680
-4844
-4944
-5006
-4959
-4910
-4866
-4781
-4703
-4619
-4481
-4351
-4175
-3922
-3665
-3326
-2962
-2487
-1940
-1441
-895
-320
210
706
1169
1572
1843
2087
2140
2129
2078
1835
1570
1182
814
424
9
-397
-757
-1144
-1464
-1661
-1867
-2029
-2075
-2140
-2265
-2293
-2273
-2246
-2279
-2257
-2265
-2227
-2200
-2144
-1988
-1888
-1688
-1424
-1131
-654
-147
355
949
1563
2208
2892
3516
4177
4773
5338
5885
6377
6825
7243
7508
7699
7837
7855
7707
7374
6967
6367
5654
4792
3878
2873
1916
935
-124
-1081
-1917
-2710
-3418
-4030
-4456
-4763
-5061
-5247
-5368
-5415
-5387
-5380
-5326
-5199
-5138
-4981
-4852
-4676
-4484
-4227
-3900
-3525
-3045
-2605
-2061
-1546
-1068
-520
9
473
874
1230
1459
1636
1705
1716
1596
1402
1101
766
438
93
-296
-656
-996
-1298
-1543
-1784
-1941
-2036
-2078
-2168
-2214
-2203
-2196
-2161
-2105
-2011
-1966
-1923
-1796
-1683
-1548
-1303
-1044
-769
-397
107
610
1127
1708
2338
2919
3559
4190
4756
5347
5854
6230
6577
6825
7006
7154
7214
7131
6898
6609
6171
5652
5059
4453
3672
2871
2050
1188
492
-228
-1003
-1679
-2331
-2853
-3287
-3677
-3968
-4159
-4404
-4593
-4681
-4704
-4703
-4658
-4629
-4527
-4332
-4142
-3901
-3598
-3260
-2876
-2469
-2042
-1561
-1093
-716
-296
97
405
708
970
1173
1210
1247
1204
1109
970
792
607
333
69
-245
-480
-768
-1038
-1268
-1501
-1717
-1889
-2001
-2129
-2242
-2345
-2352
-2372
-2376
-2364
-2304
-2204
-2123
-1950
-1756
-1465
-1154
-855
-478
-71
388
890
1393
1918
2371
2898
3400
3844
4246
4678
5130
5512
5875
6276
6676
7033
7343
7544
7720
7701
7534
7246
6842
6230
5496
4694
3756
2829
1828
837
-87
-993
-1794
-2519
-3126
-3638
-4031
-4245
-4423
-4516
-4532
-4519
-4481
-4417
-4320
-4248
-4190
-4092
-3993
-3844
-3671
-3542
-3263
-2961
-2576
-2136
-1683
-1148
-658
-157
332
791
1157
1485
1670
1740
1781
1691
1506
1211
864
470
55
-380
-793
-1215
-1613
-1898
-2156
-2375
-2525
-2629
-2678
-2698
-2694
-2618
-2512
-2446
-2362
-2246
-2166
-2065
-1931
-1842
-1693
-1503
-1296
-995
-614
-229
191
726
1274
1867
2372
2937
3496
4024
4579
5039
5457
5883
6248
6561
6794
6981
7022
6965
6743
6461
6077
5556
4911
4160
3252
2350
1381
449
-442
-1341
-2125
-2938
-3580
-4080
-4501
-4845
-5071
-5192
-5318
-5334
-5283
-5278
-5166
-5071
-4975
-4867
-4700
-4525
-4270
-4034
-3736
-3371
-2942
-2467
-1964
-1425
-878
-385
93
574
941
1254
1472
1555
1547
1443
1304
1048
747
353
-43
-419
-863
-1190
-1542
-1867
-2132
-2335
-2457
-2554
-2586
-2603
-2593
-2531
-2491
-2432
-2337
-2321
-2244
-2114
-2047
-1891
-1740
-1536
-1320
-1018
-639
-234
246
751
1282
1812
2291
2846
3368
3824
4264
4643
5001
5321
5614
5874
6130
6364
6522
6644
6691
6628
6507
6230
5827
5425
4914
4212
3490
2688
1876
1034
193
-603
-1384
-2020
-2648
-3177
-3601
-3901
-4152
-4332
-4417
-4481
-4490
-4457
-4382
-4294
-4185
-4074
-3931
-3761
-3555
-3332
-2994
-2682
-2313
-1969
-1601
-1133
-692
-258
167
482
782
1080
1245
1360
1377
1332
1197
1036
771
426
84
-296
-688
-1038
-1423
-1724
-2007
-2258
-2416
-2531
-2655
-2745
-2771
-2726
-2660
-2628
-2535
-2438
-2323
-2223
-2029
-1870
-1695
-1492
-1247
-963
-623
-261
164
563
916
1355
1828
2292
2723
3161
3581
3965
4315
4622
4951
5286
5547
5803
5989
6144
6173
6117
5993
5778
5413
4967
4422
3806
3125
2384
1609
854
146
-573
-1218
-1836
-2361
-2834
-3189
-3493
-3723
-3899
-3998
-4089
-4123
-4091
-4087
-4022
-3974
-3883
-3773
-3596
-3424
-3210
-2924
-2630
-2255
-1871
-1478
-1076
-666
-240
112
422
739
954
1125
1217
1209
1156
1028
806
519
227
-98
-492
-811
-1166
-1515
-1746
-1964
-2159
-2275
-2421
-2501
-2555
-2568
-2546
-2498
-2456
-2368
-2267
-2205
-2103
-1937
-1776
-1620
-1392
-1193
-885
-625
-283
143
489
879
1267
1700
2096
2503
2940
3296
3670
4028
4336
4588
4903
5172
5416
5608
5776
5926
5940
5901
5769
5545
5212
4813
4322
3703
3050
2326
1656
948
201
-462
-1087
-1634
-2145
-2585
-2934
-3227
-3483
-3643
-3773
-3840
-3858
-3872
-3843
-3817
-3758
-3663
-3524
-3389
-3171
-2956
-2686
-2352
-2023
-1654
-1283
-889
-493
-142
252
565
808
1013
1111
1209
1221
1142
991
747
510
259
-76
-432
-797
-1170
-1473
-1756
-1988
-2169
-2360
-2482
-2558
-2550
-2561
-2495
-2349
-2266
-2119
-1929
-1777
-1607
-1426
-1255
-1049
-873
-618
-323
-72
198
535
821
1135
1493
1866
2196
2565
2922
3258
3661
3984
4335
4612
4885
5110
5286
5487
5667
5774
5769
5730
5641
5442
5162
4765
4325
3796
3217
2610
1948
1257
588
-41
-710
-1283
-1802
-2241
-2578
-2949
-3249
-3452
-3605
-3717
-3799
-3898
-3867
-3845
-3848
-3735
-3622
-3500
-3347
-3190
-2982
-2686
-2323
-2032
-1728
-1369
-1026
-737
-476
-229
10
170
279
368
367
339
230
101
-90
-317
-577
-791
-1030
-1334
-1607
-1862
-2029
-2225
-2372
-2472
-2578
-2562
-2518
-2516
-2458
-2377
-2271
-2128
-2027
-1857
-1658
-1499
-1296
-1101
-877
-637
-341
-54
214
560
842
1176
1471
1780
2146
2452
2771
3102
3423
3694
4002
4278
4530
4750
4962
5101
5279
5380
5411
5404
5323
5167
4897
4619
4208
3749
3212
2617
2003
1325
639
42
-544
-1127
-1660
-2140
-2522
-2855
-3140
-3346
-3514
-3659
-3682
-3698
-3696
-3734
-3703
-3608
-3523
-3360
-3219
-3043
-2832
-2531
-2267
-1975
-1656
-1311
-1042
-768
-407
-168
65
251
394
435
452
445
357
229
14
-193
-433
-664
-936
-1202
-1463
-1737
-1913
-2093
-2234
-2332
-2371
-2445
-2414
-2387
-2303
-2163
-2086
-1923
-1794
-1636
-1479
-1319
-1096
-910
-691
-517
-308
-53
194
461
711
950
1235
1538
1809
2113
2384
2651
2993
3253
3513
3761
3992
4197
4331
4457
4620
4753
4829
4848
4822
4692
4553
4324
4012
3670
3213
2717
2185
1593
943
345
-247
-827
-1360
-1902
-2321
-2702
-3068
-3345
-3544
-3737
-3892
-3894
-3939
-3951
-3895
-3822
-3700
-3596
-3449
-3271
-3041
-2827
-2543
-2273
-1948
-1749
-1513
-1194
-967
-736
-518
-322
-218
-123
-99
-59
-96
-199
-292
-437
-607
-798
-1003
-1292
-1487
-1710
-1910
-2094
-2225
-2320
-2422
-2496
-2493
-2405
-2378
-2293
-2148
-2061
-1928
-1708
-1517
-1299
-1043
-824
-619
-398
-192
35
239
413
590
859
1086
1280
1558
1851
2141
2437
2784
3060
3341
3702
3942
4162
4366
4512
4717
4817
4966
5067
5061
5083
5071
5006
4839
4640
4328
3982
3547
3081
2565
2021
1444
862
276
-323
-878
-1363
-1813
-2189
-2490
-2766
-2924
-3087
-3164
-3212
-3232
-3219
-3119
-3023
-2954
-2811
-2627
-2485
-2318
-2115
-1883
-1686
-1482
-1248
-1057
-836
-612
-448
-316
-197
-114
-74
-50
-104
-187
-300
-423
-598
-805
-995
-1248
-1450
-1694
-1942
-2135
-2332
-2518
-2678
-2709
-2728
-2662
-2584
-2515
-2416
-2306
-2129
-1983
-1761
-1555
-1378
-1224
-1025
-872
-696
-493
-344
-158
16
174
403
635
916
1145
1397
1694
1984
2278
2537
2849
3101
3377
3558
3768
3964
4074
4216
4364
4514
4582
4652
4672
4652
4589
4452
4198
3895
3581
3204
2721
2243
1717
1165
594
97
-425
-933
-1362
-1759
-2062
-2331
-2552
-2740
-2830
-2876
-2871
-2906
-2882
-2786
-2668
-2524
-2382
-2207
-2027
-1795
-1606
-1378
-1161
-997
-867
-659
-495
-335
-173
-92
58
107
166
128
98
-9
-168
-330
-492
-721
-902
-1165
-1391
-1582
-1830
-2028
-2228
-2377
-2440
-2493
-2576
-2541
-2450
-2319
-2178
-2004
-1786
-1551
-1320
-1100
-903
-758
-588
-399
-212
-100
15
157
284
420
537
681
915
1169
1415
1772
2057
2358
2658
2932
3227
3497
3713
3888
4030
4193
4305
4329
4446
4523
4575
4587
4548
4505
4401
4221
4006
3763
3379
2972
2584
2082
1560
977
445
-132
-634
-1149
-1625
-2049
-2366
-2646
-2930
-3038
-3137
-3139
-3128
-3075
-3004
-2947
-2795
-2689
-2506
-2324
-2161
-1973
-1757
-1542
-1410
-1259
-1089
-900
-768
-647
-550
-425
-359
-293
-180
-113
-119
-116
-152
-215
-307
-454
-647
-878
-1083
-1334
-1558
-1750
-1918
-2024
-2150
-2222
-2259
-2216
-2176
-2093
-1930
-1729
-1517
-1392
-1206
-976
-757
-615
-469
-296
-239
-128
-11
45
148
253
370
523
743
946
1191
1486
1822
2135
2498
2829
3072
3371
3574
3716
3884
4010
4098
4165
4270
4368
4426
4468
4454
4410
4297
4166
3959
3683
3350
2977
2520
2031
1549
965
398
-122
-657
-1129
-1632
-2001
-2312
-2546
-2770
-2921
-3004
-3037
-3006
-2957
-2869
-2761
-2607
-2452
-2232
-2049
-1891
-1727
-1587
-1460
-1277
-1196
-1140
-1072
-999
-936
-877
-832
-765
-706
-658
-616
-651
-660
-715
-812
-981
-1175
-1310
-1484
-1697
-1874
-2088
-2270
-2417
-2555
-2597
-2695
-2676
-2621
-2560
-2445
-2359
-2156
-1943
-1727
-1528
-1371
-1171
-1015
-904
-749
-632
-566
-509
-438
-353
-261
-162
4
153
419
738
1055
1393
1705
2041
2393
2709
2972
3244
3432
3609
3739
3832
3909
4018
4089
4140
4221
4235
4247
4207
4146
4038
3818
3573
3285
2834
2378
1895
1333
725
140
-388
-994
-1498
-1965
-2355
-2741
-3024
-3233
-3361
-3439
-3449
-3389
-3349
-3210
-3031
-2833
-2659
-2461
-2294
-2084
-1897
-1735
-1629
-1494
-1357
-1305
-1162
-1081
-1052
-987
-901
-820
-747
-715
-702
-683
-708
-776
-872
-953
-1093
-1306
-1546
-1725
-1915
-2134
-2259
-2431
-2539
-2640
-2688
-2727
-2694
-2636
-2544
-2389
-2222
-2035
-1858
-1609
-1416
-1237
-1086
-896
-782
-668
-562
-480
-422
-295
-193
-71
181
403
662
962
1298
1639
1988
2333
2715
3015
3303
3549
3732
3924
4028
4130
4249
4351
4411
4421
4455
4450
4377
4311
4169
3996
3732
3394
3041
2580
2086
1544
992
394
-167
-729
-1260
-1726
-2160
-2559
-2838
-3113
-3272
-3345
-3421
-3375
-3357
-3322
-3211
-3089
-2940
-2707
-2457
-2285
-2059
-1820
-1640
-1426
-1267
-1101
-932
-837
-786
-699
-611
-556
-461
-410
-349
-363
-368
-452
-509
-629
-784
-924
-1099
-1289
-1532
-1737
-1991
-2166
-2346
-2516
-2644
-2678
-2682
-2632
-2557
-2453
-2276
-2114
-1883
-1653
-1458
-1231
-986
-833
-625
-485
-352
-230
-147
-31
30
193
389
558
804
1033
1355
1615
1914
2268
2591
2921
3162
3453
3610
3821
3986
4075
4193
4321
4438
4547
4673
4740
4783
4756
4699
4601
4450
4241
3934
3566
3172
2730
2169
1636
1080
483
-89
-655
-1140
-1583
-1980
-2259
-2548
-2727
-2883
-2951
-2996
-3010
-2930
-2863
-2733
-2630
-2451
-2277
-2147
-1991
-1841
-1647
-1471
-1342
-1234
-1087
-935
-759
-588
-456
-367
-284
-226
-135
-113
-143
-173
-266
-469
-558
-716
-923
-1120
-1392
-1627
-1886
-2072
-2262
-2409
-2550
-2644
-2694
-2646
-2555
-2396
-2284
-2160
-2000
-1830
-1619
-1432
-1232
-1087
-911
-755
-672
-543
-431
-355
-242
-132
-43
177
322
611
877
1179
1492
1790
2169
2448
2711
2978
3175
3382
3518
3622
3725
3732
3754
3842
3976
3998
4074
4095
4105
4109
4032
3879
3682
3443
3073
2667
2191
1684
1153
520
-29
-568
-1119
-1571
-2012
-2363
-2622
-2866
-3018
-3102
-3109
-3036
-2981
-2896
-2791
-2713
-2598
-2466
-2325
-2178
-1998
-1803
-1666
-1502
-1361
-1159
-963
-777
-546
-414
-290
-136
-40
83
145
112
80
20
-95
-232
-372
-551
-749
-1038
-1265
-1484
-1702
-1839
-2008
-2119
-2226
-2292
-2302
-2288
-2215
-2118
-1953
-1802
-1660
-1465
-1272
-1020
-832
-652
-498
-335
-211
-85
52
111
257
354
511
677
832
1098
1322
1580
1926
2229
2526
2799
3033
3271
3509
3682
3800
3908
4043
4191
4248
4364
4456
4552
4631
4643
4647
4567
4473
4312
4065
3759
3395
2958
2465
1959
1409
814
217
-295
-820
-1348
-1805
-2214
-2521
-2776
-3033
-3113
-3183
-3213
-3212
-3210
-3171
-3084
-2969
-2832
-2727
-2622
-2441
-2372
-2176
-1998
-1767
-1547
-1381
-1165
-967
-724
-536
-384
-246
-176
-121
-96
-98
-165
-229
-373
-545
-712
-936
-1134
-1367
-1620
-1848
-2082
-2291
-2443
-2605
-2681
-2736
-2751
-2749
-2700
-2567
-2458
-2306
-2191
-2034
-1852
-1646
-1463
-1327
-1149
-972
-784
-689
-496
-301
-196
-15
161
366
619
837
1066
1292
1617
1875
2102
2373
2635
2826
3039
3224
3325
3502
3634
3660
3699
3776
3728
3739
3674
3586
3446
3252
3055
2830
2553
2292
1964
1565
1210
780
441
38
-369
-760
-1078
-1389
-1692
-1924
-2155
-2344
-2493
-2577
-2650
-2655
-2655
-2615
-2516
-2451
-2271
-2080
-1924
-1713
-1534
-1309
-1148
-905
-714
-549
-350
-255
-164
-68
-30
-43
-106
-151
-198
-329
-435
-563
-716
-894
-1104
-1238
-1390
-1617
-1753
-1891
-2061
-2225
-2348
-2412
-2465
-2511
-2560
-2579
-2565
-2537
-2445
-2335
-2213
-2023
-1878
-1702
-1484
-1273
-1050
-824
-604
-371
-166
-12
164
327
418
523
619
771
928
1035
1218
1425
1643
1851
2049
2307
2554
2753
2992
3243
3417
3600
3721
3886
4042
4131
4276
4331
4304
4302
4271
4135
3963
3733
3428
3076
2750
2331
1978
1543
1083
710
273
-100
-437
-754
-1080
-1305
-1573
-1736
-1896
-2071
-2138
-2223
-2264
-2279
-2261
-2223
-2152
-2076
-1953
-1804
-1653
-1480
-1308
-1097
-869
-705
-475
-334
-219
-73
-30
29
-7
-46
-108
-213
-327
-473
-596
-781
-948
-1078
-1201
-1326
-1475
-1562
-1661
-1752
-1784
-1869
-1931
-1984
-2030
-2008
-1971
-1930
-1878
-1776
-1691
-1574
-1454
-1339
-1164
-1004
-845
-628
-426
-248
-42
68
251
425
619
835
987
1117
1266
1460
1631
1840
2030
2232
2452
2652
2888
3081
3266
3461
3682
3863
4050
4241
4341
4441
4478
4457
4323
4178
3958
3679
3355
2924
2489
2054
1570
1032
576
97
-329
-736
-1127
-1423
-1690
-1906
-2063
-2251
-2394
-2459
-2541
-2608
-2685
-2687
-2690
-2665
-2620
-2506
-2381
-2268
-2126
-1945
-1700
-1463
-1235
-971
-722
-486
-259
-82
34
102
137
102
24
-107
-284
-492
-673
-894
-1117
-1278
-1515
-1710
-1837
-1968
-2058
-2175
-2196
-2272
-2333
-2332
-2390
-2369
-2384
-2332
-2329
-2327
-2277
-2174
-2092
-1990
-1845
-1676
-1525
-1325
-1090
-893
-656
-455
-254
-52
121
322
450
600
791
916
1091
1281
1433
1656
1823
2048
2301
2493
2694
2953
3166
3382
3610
3854
3994
4069
4221
4182
4160
4027
3810
3552
3249
2866
2461
2003
1488
1038
536
96
-295
-694
-1016
-1328
-1598
-1816
-1990
-2142
-2270
-2338
-2449
-2490
-2561
-2568
-2541
-2537
-2444
-2366
-2262
-2148
-1928
-1732
-1488
-1172
-945
-578
-291
7
240
464
571
668
688
682
606
442
272
37
-198
-434
-668
-910
-1127
-1355
-1560
-1705
-1770
-1853
-1924
-2018
-2069
-2080
-2087
-2126
-2142
-2163
-2167
-2166
-2087
-2056
-1997
-1905
-1799
-1615
-1426
-1214
-1011
-766
-532
-246
-36
223
378
559
739
928
1072
1230
1381
1528
1678
1854
2053
2233
2460
2646
2903
3142
3367
3597
3871
4045
4258
4421
4479
4522
4457
4338
4126
3863
3513
3098
2667
2203
1705
1183
735
262
-201
-562
-885
-1178
-1471
-1652
-1851
-2032
-2112
-2218
-2273
-2328
-2421
-2468
-2504
-2518
-2486
-2401
-2314
-2232
-2073
-1901
-1639
-1327
-1047
-696
-369
-79
175
457
631
783
848
846
781
650
536
371
171
-93
-323
-541
-782
-967
-1127
-1292
-1408
-1519
-1572
-1660
-1691
-1749
-1768
-1790
-1853
-1878
-1902
-1885
-1901
-1919
-1871
-1801
-1732
-1597
-1428
-1246
-1026
-777
-535
-265
-31
235
452
678
919
1037
1184
1332
1435
1532
1659
1796
1904
2078
2246
2385
2598
2851
3108
3316
3530
3777
3958
4125
4214
4231
4227
4139
3936
3709
3417
2963
2576
2094
1612
1149
667
206
-282
-648
-981
-1336
-1592
-1796
-2010
-2154
-2311
-2409
-2545
-2664
-2651
-2723
-2821
-2881
-2882
-2883
-2822
-2732
-2613
-2425
-2259
-1991
-1737
-1435
-1125
-739
-414
-171
43
175
258
299
296
178
38
-182
-456
-682
-950
-1180
-1377
-1581
-1689
-1816
-1938
-2014
-2070
-2085
-2128
-2166
-2193
-2153
-2149
-2154
-2203
-2191
-2157
-2171
-2065
-1987
-1905
-1775
-1636
-1442
-1217
-973
-714
-457
-146
105
389
653
817
994
1146
1277
1394
1503
1618
1703
1802
1966
2140
2352
2519
2734
3000
3214
3445
3701
3970
4203
4374
4469
4524
4440
4360
4163
3878
3592
3186
2747
2292
1812
1313
855
430
14
-336
-660
-921
-1140
-1327
-1503
-1635
-1746
-1798
-1893
-1952
-2039
-2136
-2161
-2219
-2205
-2177
-2170
-2053
-1903
-1750
-1511
-1273
-972
-670
-360
-40
171
419
566
667
730
670
613
492
223
-17
-272
-522
-787
-1054
-1272
-1493
-1647
-1818
-1895
-1953
-2028
-2049
-2074
-2079
-2088
-2100
-2117
-2124
-2151
-2148
-2127
-2049
-1953
-1817
-1673
-1529
-1338
-1124
-883
-697
-472
-245
4
225
457
666
799
1017
1161
1303
1446
1590
1667
1807
1942
2065
2271
2402
2635
2809
3033
3278
3496
3744
3967
4094
4227
4303
4296
4231
4037
3760
3437
3083
2648
2172
1698
1196
729
234
-219
-605
-960
-1252
-1478
-1702
-1851
-2025
-2106
-2199
-2260
-2278
-2392
-2422
-2466
-2490
-2445
-2373
-2358
-2223
-2046
-1827
-1640
-1331
-1023
-685
-350
-57
275
505
690
787
908
911
842
713
566
292
76
-190
-434
-678
-928
-1068
-1277
-1395
-1545
-1600
-1623
-1639
-1654
-1706
-1778
-1816
-1852
-1921
-2003
-2033
-2062
-2108
-2075
-1956
-1859
-1743
-1570
-1381
-1135
-900
-657
-413
-169
98
335
586
800
975
1145
1312
1474
1566
1680
1839
2007
2155
2335
2557
2754
2962
3206
3434
3687
3921
4128
4263
4387
4461
4410
4287
4097
3835
3485
3060
2636
2123
1610
1105
601
129
-275
-651
-1015
-1309
-1575
-1796
-1973
-2106
-2223
-2263
-2318
-2399
-2454
-2525
-2483
-2499
-2508
-2494
-2413
-2254
-2063
-1864
-1625
-1318
-1032
-720
-348
-18
253
525
736
892
973
939
909
802
602
401
191
-39
-289
-501
-711
-916
-1111
-1279
-1396
-1475
-1570
-1613
-1674
-1699
-1693
-1796
-1827
-1853
-1920
-1942
-1954
-1960
-1885
-1828
-1746
-1627
-1484
-1320
-1147
-906
-659
-414
-169
39
255
495
676
879
1095
1256
1400
1530
1714
1877
2063
2291
2421
2594
2796
3035
3254
3517
3751
3929
4165
4293
4356
4375
4331
4211
4010
3687
3359
2944
2498
2017
1516
1016
484
46
-389
-807
-1101
-1359
-1617
-1811
-1981
-2112
-2203
-2260
-2339
-2401
-2450
-2466
-2458
-2479
-2490
-2437
-2365
-2246
-2083
-1857
-1622
-1343
-1038
-752
-419
-32
228
450
655
793
852
830
687
501
325
95
-141
-346
-603
-857
-1059
-1304
-1475
-1623
-1740
-1850
-1934
-1957
-1903
-1954
-1996
-2042
-2040
-2118
-2185
-2192
-2231
-2194
-2155
-2116
-2054
-1890
-1728
-1585
-1338
-1093
-866
-626
-360
-115
94
366
566
773
992
1183
1384
1563
1736
1912
2081
2299
2477
2666
2921
3138
3377
3584
3801
4032
4186
4231
4260
4236
4128
3898
3592
3278
2838
2402
1964
1450
1015
562
69
-359
-760
-1067
-1362
-1604
-1793
-1993
-2068
-2164
-2229
-2312
-2335
-2361
-2400
-2381
-2390
-2358
-2320
-2232
-2088
-1884
-1682
-1387
-1072
-740
-406
-84
268
603
852
1059
1192
1263
1252
1135
1053
883
589
305
39
-229
-514
-755
-980
-1125
-1299
-1426
-1477
-1553
-1536
-1623
-1629
-1655
-1698
-1711
-1777
-1857
-1910
-1937
-1987
-1981
-1948
-1888
-1809
-1613
-1472
-1247
-965
-734
-391
-130
159
401
629
835
1044
1194
1312
1483
1606
1752
1901
2069
2204
2411
2663
2859
3158
3390
3634
3888
4094
4229
4326
4367
4272
4123
3923
3615
3187
2753
2259
1718
1200
687
160
-302
-693
-1080
-1429
-1682
-1925
-2111
-2248
-2352
-2439
-2537
-2603
-2683
-2729
-2775
-2808
-2881
-2838
-2773
-2735
-2570
-2396
-2148
-1886
-1571
-1212
-839
-468
-58
229
543
788
910
1040
1023
951
823
623
410
103
-156
-405
-687
-908
-1095
-1276
-1417
-1570
-1620
-1677
-1730
-1745
-1779
-1843
-1896
-1975
-2049
-2099
-2139
-2154
-2199
-2164
-2101
-2018
-1878
-1692
-1489
-1273
-1049
-736
-406
-122
131
423
670
918
1130
1286
1492
1687
1859
2100
2276
2479
2677
2915
3212
3436
3764
4102
4445
4740
4984
5156
5276
5291
5277
5097
4834
4485
4052
3536
2971
2465
1860
1301
740
181
-239
-634
-996
-1274
-1504
-1734
-1937
-2064
-2147
-2228
-2325
-2380
-2456
-2538
-2589
-2604
-2574
-2514
-2431
-2343
-2158
-1918
-1649
-1316
-952
-541
-152
252
600
853
1105
1238
1338
1350
1304
1149
940
670
378
106
-208
-502
-771
-961
-1204
-1362
-1493
-1589
-1653
-1728
-1791
-1866
-1913
-1993
-2081
-2171
-2252
-2326
-2379
-2397
-2346
-2296
-2205
-2087
-1864
-1593
-1310
-1014
-677
-274
47
357
635
873
1107
1303
1453
1637
1768
1872
1997
2117
2302
2494
2721
2975
3282
3577
3904
4250
4535
4768
4924
4994
4979
4843
4595
4259
3829
3306
2735
2146
1506
885
313
-283
-756
-1219
-1525
-1799
-2032
-2148
-2280
-2392
-2417
-2449
-2471
-2496
-2559
-2615
-2675
-2700
-2715
-2686
-2681
-2569
-2399
-2145
-1860
-1555
-1119
-703
-308
95
487
820
1083
1228
1370
1382
1325
1181
966
749
424
109
-254
-525
-825
-1104
-1321
-1485
-1620
-1718
-1795
-1881
-1870
-1884
-1931
-2017
-2067
-2098
-2141
-2216
-2271
-2348
-2366
-2402
-2340
-2259
-2109
-1905
-1728
-1423
-1133
-779
-435
-64
279
625
925
1173
1433
1659
1824
1950
2058
2233
2430
2599
2775
3010
3241
3528
3898
4206
4464
4670
4843
4917
4878
4745
4495
4116
3644
3157
2537
1890
1268
563
-69
-671
-1206
-1618
-1949
-2251
-2481
-2631
-2682
-2690
-2738
-2742
-2780
-2797
-2822
-2852
-2873
-2907
-2923
-2886
-2807
-2675
-2513
-2265
-1946
-1650
-1250
-782
-310
167
567
900
1212
1420
1545
1579
1493
1366
1086
797
473
152
-178
-547
-854
-1120
-1318
-1497
-1650
-1767
-1839
-1864
-1872
-1863
-1894
-1878
-1903
-1958
-1998
-2005
-2042
-2056
-2048
-2035
-1912
-1854
-1701
-1460
-1208
-892
-571
-200
201
559
932
1293
1613
1947
2206
2441
2672
2883
3056
3270
3472
3711
3939
4132
4419
4728
4966
5195
5401
5561
5573
5522
5393
5139
4762
4322
3807
3131
2455
1742
1084
462
-205
-743
-1230
-1683
-2025
-2268
-2448
-2622
-2705
-2760
-2802
-2776
-2771
-2786
-2785
-2791
-2795
-2743
-2692
-2630
-2514
-2357
-2069
-1814
-1494
-1070
-684
-249
118
502
887
1189
1408
1530
1549
1495
1370
1199
907
582
225
-93
-443
-765
-1040
-1266
-1464
-1648
-1790
-1913
-1934
-1992
-2023
-2074
-2096
-2113
-2156
-2194
-2253
-2278
-2281
-2306
-2246
-2155
-2061
-1890
-1688
-1400
-1081
-795
-445
-98
261
638
980
1328
1607
1834
2046
2301
2513
2756
2955
3136
3369
3603
3853
4153
4419
4684
4888
5018
5056
5017
4952
4721
4415
3987
3475
2865
2247
1613
954
288
-324
-898
-1423
-1844
-2156
-2486
-2708
-2865
-3019
-3058
-3112
-3146
-3138
-3131
-3124
-3101
-3080
-3052
-2997
-2876
-2774
-2592
-2369
-2072
-1743
-1365
-916
-547
-74
348
685
984
1214
1365
1447
1473
1327
1193
977
715
405
7
-293
-607
-933
-1229
-1456
-1578
-1713
-1841
-1928
-1975
-1957
-2023
-2090
-2079
-2109
-2173
-2229
-2233
-2250
-2260
-2187
-2099
-1942
-1814
-1662
-1371
-1092
-775
-447
-111
233
594
956
1304
1641
1902
2155
2421
2587
2761
2958
3124
3352
3594
3803
4102
4330
4638
4931
5081
5213
5267
5210
5060
4824
4482
3996
3425
2863
2187
1517
860
211
-418
-956
-1399
-1828
-2143
-2409
-2579
-2734
-2816
-2826
-2836
-2836
-2874
-2868
-2835
-2869
-2846
-2764
-2765
-2716
-2582
-2407
-2172
-1896
-1549
-1174
-727
-321
104
547
878
1212
1441
1569
1589
1607
1462
1304
1037
727
407
53
-242
-542
-803
-1027
-1250
-1383
-1501
-1590
-1626
-1666
-1673
-1661
-1667
-1749
-1792
-1868
-1930
-1977
-2019
-2035
-1977
-1927
-1821
-1681
-1470
-1230
-956
-631
-340
87
411
777
1134
1442
1717
1957
2208
2430
2640
2803
2975
3220
3472
3724
3940
4233
4537
4778
5024
5177
5295
5255
5174
4918
4597
4201
3662
3089
2475
1798
1096
428
-161
-750
-1325
-1774
-2150
-2434
-2658
-2834
-2943
-3019
-3056
-3072
-3059
-3065
-3134
-3104
-3112
-3156
-3092
-3028
-2957
-2771
-2597
-2280
-1962
-1574
-1109
-679
-234
184
530
837
1128
1282
1379
1331
1278
1097
865
555
230
-125
-472
-779
-1094
-1315
-1537
-1683
-1733
-1815
-1858
-1863
-1845
-1831
-1813
-1804
-1813
-1825
-1861
-1892
-1915
-1900
-1865
-1807
-1682
-1502
-1360
-1124
-837
-472
-156
198
589
908
1232
1558
1880
2109
2355
2581
2777
2964
3172
3389
3607
3839
4065
4286
4553
4834
5050
5262
5380
5417
5364
5191
4979
4584
4122
3583
2961
2314
1638
914
283
-326
-887
-1376
-1784
-2116
-2407
-2593
-2766
-2829
-2892
-2941
-2926
-2951
-2961
-2913
-2915
-2881
-2858
-2809
-2745
-2604
-2414
-2190
-1850
-1502
-1175
-753
-361
14
400
722
1005
1181
1332
1405
1365
1273
1062
886
635
321
36
-253
-516
-760
-1001
-1171
-1305
-1421
-1464
-1542
-1574
-1576
-1580
-1613
-1578
-1593
-1582
-1651
-1686
-1678
-1669
-1656
-1597
-1496
-1352
-1170
-935
-627
-360
-48
283
661
922
1208
1495
1820
2098
2319
2577
2810
3048
3235
3498
3749
4022
4242
4501
4735
4960
5119
5210
5247
5163
5007
4785
4447
3990
3488
2937
2332
1721
1087
453
-197
-729
-1252
-1726
-2071
-2441
-2651
-2863
-3021
-3156
-3217
-3251
-3318
-3342
-3372
-3328
-3297
-3231
-3181
-3087
-2933
-2728
-2504
-2196
-1879
-1578
-1169
-769
-389
32
373
608
843
958
1059
1023
960
876
638
443
204
-119
-407
-708
-933
-1174
-1336
-1512
-1664
-1744
-1846
-1911
-1976
-2016
-2041
-2039
-2105
-2140
-2173
-2172
-2135
-2106
-2068
-2001
-1839
-1698
-1466
-1241
-968
-666
-357
14
287
636
968
1265
1577
1857
2097
2379
2610
2874
3125
3354
3596
3852
4131
4375
4621
4848
5032
5126
5184
5158
5030
4835
4537
4150
3701
3167
2581
1986
1388
797
223
-311
-830
-1296
-1620
-1964
-2193
-2394
-2545
-2625
-2744
-2813
-2845
-2856
-2898
-2843
-2834
-2821
-2761
-2674
-2547
-2394
-2144
-1850
-1514
-1187
-835
-434
-66
259
591
859
1058
1196
1268
1225
1139
984
793
522
257
-13
-322
-577
-831
-1044
-1303
-1437
-1617
-1738
-1822
-1870
-1899
-1958
-1949
-1973
-2017
-2031
-1990
-1982
-1987
-1900
-1842
-1763
-1617
-1466
-1292
-1101
-858
-618
-338
-44
257
538
818
1079
1379
1665
1876
2158
2350
2576
2805
3011
3213
3402
3588
3808
4022
4200
4387
4503
4541
4537
4455
4253
4059
3724
3325
2904
2382
1783
1246
683
92
-455
-962
-1412
-1810
-2114
-2421
-2614
-2797
-2919
-2991
-3062
-3080
-3131
-3156
-3137
-3063
-3015
-2925
-2819
-2688
-2495
-2292
-2016
-1764
-1440
-1102
-765
-451
-107
204
462
694
820
967
1016
1026
928
810
628
426
194
-72
-317
-570
-750
-970
-1121
-1250
-1376
-1467
-1567
-1568
-1624
-1660
-1635
-1605
-1602
-1592
-1521
-1460
-1420
-1348
-1228
-1127
-951
-777
-590
-337
-124
163
400
668
978
1222
1559
1854
2136
2359
2570
2795
3037
3271
3480
3707
3929
4137
4296
4455
4666
4858
4955
4975
4994
4939
4796
4606
4315
3966
3533
3043
2529
1985
1403
820
303
-221
-653
-1106
-1547
-1843
-2101
-2348
-2540
-2675
-2792
-2850
-2875
-2898
-2929
-2946
-2933
-2847
-2735
-2629
-2528
-2345
-2090
-1883
-1613
-1268
-975
-654
-329
-59
175
378
572
651
694
731
645
554
351
163
-10
-230
-449
-681
-876
-1048
-1194
-1348
-1451
-1553
-1610
-1661
-1690
-1757
-1726
-1729
-1744
-1704
-1692
-1619
-1567
-1549
-1456
-1315
-1190
-991
-865
-650
-428
-170
54
311
556
816
1035
1219
1509
1785
2068
2289
2533
2710
2910
3135
3382
3534
3687
3886
4075
4234
4360
4465
4467
4433
4382
4256
4055
3831
3440
3056
2624
2183
1636
1128
623
102
-327
-796
-1181
-1528
-1823
-2061
-2246
-2436
-2538
-2633
-2604
-2637
-2682
-2662
-2621
-2584
-2534
-2490
-2419
-2267
-2059
-1869
-1700
-1442
-1203
-938
-644
-403
-127
61
207
346
456
484
510
430
331
240
17
-126
-296
-478
-719
-870
-1046
-1185
-1303
-1397
-1442
-1503
-1553
-1543
-1575
-1556
-1557
-1489
-1454
-1416
-1340
-1246
-1211
-1103
-970
-904
-796
-632
-483
-350
-164
63
335
493
734
984
1216
1433
1679
1922
2142
2355
2555
2748
2907
3075
3215
3375
3479
3612
3737
3867
4017
4091
4093
4093
4035
3873
3655
3389
3140
2731
2273
1829
1375
899
427
-80
-496
-874
-1220
-1508
-1740
-1956
-2123
-2247
-2340
-2333
-2351
-2323
-2259
-2243
-2238
-2163
-2090
-2052
-1993
-1879
-1764
-1587
-1385
-1232
-1035
-839
-626
-476
-360
-224
-162
-97
-92
-183
-199
-323
-486
-622
-814
-1008
-1207
-1361
-1544
-1676
-1859
-1976
-2051
-2164
-2155
-2155
-2115
-2052
-1944
-1762
-1687
-1507
-1385
-1287
-1160
-985
-851
-709
-571
-429
-266
-152
-56
63
241
388
535
745
948
1117
1351
1573
1808
2009
2224
2417
2570
2720
2854
2969
3057
3166
3256
3375
3464
3551
3645
3691
3754
3741
3718
3621
3459
3272
2982
2660
2294
1862
1474
1077
643
189
-222
-572
-934
-1269
-1517
-1714
-1877
-1962
-2072
-2076
-2084
-2055
-1986
-1897
-1833
-1759
-1660
-1582
-1473
-1379
-1222
-1073
-893
-791
-661
-463
-358
-258
-200
-151
-123
-132
-147
-234
-332
-449
-593
-755
-941
-1091
-1306
-1493
-1627
-1799
-1917
-2012
-2081
-2087
-2098
-2031
-1983
-1887
-1785
-1643
-1469
-1312
-1121
-930
-724
-590
-424
-287
-211
-129
-25
64
184
266
391
523
633
768
934
1133
1334
1502
1699
1923
2081
2221
2349
2498
2586
2676
2787
2839
2915
3026
3130
3233
3390
3533
3649
3732
3825
3832
3786
3678
3556
3349
2991
2666
2260
1889
1448
993
565
132
-255
-626
-943
-1186
-1362
-1498
-1553
-1628
-1642
-1609
-1617
-1532
-1560
-1526
-1456
-1416
-1317
-1302
-1234
-1152
-1077
-950
-821
-751
-672
-582
-505
-404
-346
-294
-293
-323
-358
-401
-515
-655
-830
-1078
-1266
-1500
-1694
-1879
-2012
-2136
-2244
-2340
-2353
-2382
-2375
-2257
-2196
-2080
-1941
-1775
-1629
-1458
-1328
-1190
-1024
-912
-830
-766
-687
-638
-548
-474
-425
-312
-198
-67
86
259
430
624
805
943
1094
1258
1403
1548
1676
1799
1857
1966
2039
2086
2161
2267
2405
2539
2658
2760
2918
2998
3079
3117
3041
2992
2878
2699
2475
2191
1833
1462
1073
681
342
-24
-339
-617
-865
-1021
-1149
-1235
-1269
-1310
-1340
-1303
-1296
-1267
-1253
-1177
-1172
-1138
-1083
-1042
-991
-941
-926
-920
-875
-852
-826
-830
-790
-772
-719
-674
-622
-634
-690
-754
-810
-902
-1038
-1171
-1313
-1481
-1635
-1726
-1840
-1916
-2008
-1998
-1950
-1908
-1801
-1692
-1523
-1345
-1138
-974
-786
-588
-457
-312
-213
-119
-54
40
113
134
157
205
266
353
426
557
687
825
996
1149
1301
1468
1630
1761
1863
1946
2052
2108
2146
2156
2224
2245
2298
2354
2390
2492
2560
2701
2845
2937
3069
3172
3260
3270
3259
3134
2970
2771
2501
2182
1883
1542
1172
825
491
185
-103
-308
-472
-609
-672
-750
-736
-738
-745
-678
-660
-626
-641
-679
-761
-789
-937
-1019
-1142
-1355
-1495
-1624
-1682
-1729
-1770
-1751
-1728
-1658
-1618
-1518
-1453
-1372
-1375
-1359
-1371
-1485
-1552
-1745
-1827
-1986
-2177
-2301
-2387
-2434
-2462
-2448
-2395
-2272
-2128
-1926
-1662
-1484
-1291
-1062
-883
-684
-544
-459
-396
-374
-383
-445
-509
-522
-570
-577
-489
-378
-256
-118
101
342
555
810
1043
1204
1350
1497
1569
1595
1581
1552
1522
1468
1413
1409
1405
1464
1483
1571
1650
1826
1957
2135
2268
2331
2515
2594
2633
2659
2624
2532
2434
2257
2052
1830
1566
1300
973
682
410
118
-87
-299
-481
-657
-763
-862
-922
-997
-1090
-1184
-1250
-1233
-1255
-1312
-1349
-1444
-1465
-1500
-1539
-1496
-1511
-1473
-1383
-1305
-1259
-1117
-1010
-931
-881
-838
-710
-725
-611
-552
-606
-614
-643
-671
-733
-833
-862
-954
-1017
-978
-962
-921
-807
-679
-504
-280
-79
99
205
375
530
615
718
820
887
912
959
976
964
956
939
975
1048
1137
1191
1289
1386
1460
1530
1564
1665
1692
1705
1713
1690
1681
1647
1589
1582
1564
1569
1627
1636
1735
1735
1793
1900
1916
1994
2069
2114
2082
2000
1904
1775
1618
1447
1248
1048
824
564
320
91
-87
-267
-430
-523
-600
-652
-664
-712
-768
-768
-801
-808
-862
-920
-901
-981
-1060
-1116
-1112
-1161
-1189
-1206
-1267
-1234
-1236
-1198
-1164
-1100
-1053
-1070
-1042
-1046
-1038
-1066
-1083
-1101
-1125
-1089
-1097
-1157
-1206
-1206
-1198
-1193
-1158
-1138
-1090
-1026
-919
-823
-737
-628
-504
-423
-313
-213
-163
-64
-47
-56
-106
-79
-59
-68
-56
-45
-10
-18
67
119
147
192
243
247
271
315
325
374
368
318
363
347
276
320
330
305
332
352
328
358
339
389
421
467
543
573
597
553
558
530
540
496
513
481
389
360
286
258
255
250
186
141
114
90
66
55
41
-32
-73
-113
-180
-225
-268
-346
-403
-486
-566
-676
-778
-848
-827
-839
-882
-902
-926
-926
-886
-892
-921
-871
-915
-949
-931
-957
-977
-1017
-967
-1001
-1014
-996
-1001
-961
-951
-899
-895
-834
-779
-733
-719
-663
-584
-506
-504
-426
-380
-377
-349
-348
-344
-322
-280
-244
-208
-179
-69
-49
1
57
86
148
167
128
175
148
152
123
104
106
59
52
38
70
110
178
201
188
240
341
353
372
386
443
479
427
424
442
481
449
391
390
386
397
405
401
398
378
426
391
415
447
437
405
340
317
249
170
94
42
-12
-72
-146
-192
-199
-238
-311
-323
-275
-278
-309
-320
-338
-379
-421
-440
-461
-505
-585
-585
-624
-714
-728
-788
-772
-767
-803
-749
-699
-697
-632
-597
-583
-527
-491
-509
-498
-534
-513
-533
-530
-508
-526
-504
-489
-472
-453
-462
-478
-499
-484
-473
-476
-484
-481
-466
-477
-521
-529
-519
-609
-593
-635
-642
-620
-645
-590
-536
-492
-501
-468
-474
-461
-460
-399
-354
-367
-294
-265
-195
-198
-167
-132
-120
-94
-85
-30
11
-12
23
38
67
47
97
146
138
180
128
142
139
118
48
63
49
30
-11
-40
-75
-95
-136
-197
-150
-164
-156
-164
-193
-179
-174
-201
-183
-174
-161
-139
-152
-155
-202
-183
-185
-174
-164
-156
-150
-144
-84
-84
-45
9
3
20
84
117
165
148
179
189
223
194
196
211
205
241
232
251
261
284
308
348
346
369
373
375
389
427
459
429
436
407
414
420
426
442
433
485
487
505
486
494
525
547
596
611
641
676
672
727
698
671
639
566
553
465
433
408
323
322
291
273
287
280
253
218
212
224
159
136
100
81
85
0
-35
-111
-145
-164
-191
-231
-243
-259
-236
-211
-246
-195
-214
-175
-144
-163
-128
-134
-134
-131
-114
-122
-119
-121
-123
-127
-123
-89
-92
-90
-79
-49
-60
-38
-29
8
55
56
105
99
154
93
102
90
65
75
63
56
45
16
15
25
48
62
85
79
70
124
139
149
145
101
137
115
41
49
-4
-34
-55
-81
-115
-103
-64
-80
-93
-79
-58
-16
-23
-21
-32
-50
5
23
41
11
24
18
-31
-26
-47
-65
-78
-79
-119
-137
-174
-138
-151
-143
-156
-159
-161
-247
-246
-285
-293
-328
-370
-371
-440
-422
-431
-417
-422
-371
-355
-344
-318
-314
-287
-266
-217
-194
-182
-210
-184
-195
-189
-149
-198
-192
-128
-126
-71
-33
-18
51
80
70
127
128
127
188
212
240
271
272
256
251
234
227
261
256
287
242
215
272
268
314
289
282
300
270
298
257
265
251
231
205
153
100
75
84
60
15
-5
-60
159
226
-49
-337
-233
5
199
308
114
-62
-260
-111
5
104
44
-8
8
-17
-3
-7
1
-19
-1
-66
-13
18
47
73
32
-16
-106
-88
-21
-1
-51
-66
-70
-111
-103
-100
-184
-161
-98
-24
60
36
-17
-22
-10
68
121
104
88
86
94
86
77
98
123
102
113
89
157
146
177
245
225
281
303
292
274
304
360
322
308
296
254
247
254
259
292
289
294
344
346
348
304
255
271
253
284
269
245
232
203
201
142
131
84
53
41
28
9
-27
6
0
-16
-10
-18
-27
4
-28
-44
-31
-52
-47
-54
-30
-74
-141
-119
-110
-48
-46
-66
-117
-112
-80
-117
-82
-87
-146
-152
-167
-200
-227
-289
-278
-321
-335
-404
-428
-424
-434
-389
-446
-436
-485
-481
-453
-476
-466
-453
-444
-494
-505
-516
-518
-485
-460
-411
-370
-409
-393
-334
-284
-265
-280
-258
-267
-242
-205
-177
-197
-197
-148
-176
-158
-188
-178
-195
-193
-147
-170
-168
-211
-162
-125
-87
-111
-107
-93
-128
-156
-204
-171
-211
-219
-205
-236
-283
-283
-269
-301
-269
-260
-246
-259
-277
-281
-255
-269
-305
-219
-240
-238
-237
-284
-221
-195
-167
-151
-214
-184
-171
-133
-157
-141
-87
-161
-157
-99
-142
-165
-189
-175
-141
-164
-198
-213
-213
-245
-233
-224
-258
-286
-276
-261
-298
-323
-327
-326
-293
-317
-299
-278
-285
-253
-261
-259
-237
-210
-174
-151
-156
-108
-66
-61
-46
-41
45
44
43
48
71
88
58
56
48
68
74
83
81
33
26
-4
28
40
23
33
26
47
32
-25
-33
-25
-58
-88
-108
-100
-127
-158
-181
-141
-130
-141
-191
-155
-102
-151
-156
-128
-148
-156
-162
-188
-226
-221
-229
-201
-199
-193
-169
-169
-143
-155
-109
-140
-152
-179
-151
-139
-177
-117
-169
-156
-136
-183
-190
-167
-149
-141
-135
-174
-194
-202
-189
-191
-224
-242
-202
-220
-205
-228
-220
-212
-228
-185
-148
-147
-147
-121
-141
-112
-67
-69
-56
-15
-2
-16
11
25
51
77
104
86
101
161
175
204
156
159
191
213
206
228
232
234
199
192
230
197
167
185
169
130
200
171
162
151
108
121
129
130
100
99
49
12
18
28
33
4
10
-23
-51
-66
-62
-60
-48
-37
-81
-31
-74
-69
-66
-83
-58
-137
-118
-130
-91
-111
-122
-137
-165
-112
-109
-131
-125
-164
-165
-156
-180
-163
-191
-185
-222
-180
-198
-212
-220
-232
-236
-239
-218
-221
-238
-263
-222
-271
-270
-280
-293
-250
-232
-242
-231
-241
-208
-170
-198
-152
-144
-90
-93
-74
-60
-27
-17
-32
-45
6
40
4
40
78
121
144
138
127
151
126
128
109
84
107
125
147
167
140
89
124
125
120
121
148
123
112
133
69
54
41
36
75
61
77
72
53
60
97
61
72
93
100
69
82
114
81
121
70
97
90
65
94
82
87
109
121
75
120
91
68
66
41
63
53
91
89
57
62
50
74
79
85
66
60
74
33
15
35
51
66
48
31
47
64
59
66
81
39
36
59
66
68
88
61
81
79
91
100
83
119
89
96
107
112
104
149
168
175
213
170
206
262
211
203
172
172
186
186
207
150
139
141
113
106
141
126
82
62
64
75
35
61
31
-3
-22
-3
-5
-5
-3
-26
-60
-64
-57
-70
-63
-81
-108
-134
-97
-80
-97
-47
-64
-86
-64
-46
-66
-109
-97
-70
-67
-50
-85
-99
-93
-68
-47
-67
-50
-38
-75
-82
-64
-71
-58
-82
-41
-31
-47
-47
-29
-27
-1
15
27
19
-19
2
25
6
47
63
35
54
61
112
121
106
143
99
123
153
135
150
133
181
177
169
231
203
215
228
211
235
243
265
251
276
304
307
315
316
270
295
292
284
257
259
279
264
289
246
236
242
215
220
234
217
197
206
145
160
146
138
131
131
77
67
90
84
108
50
15
34
58
88
95
126
98
67
112
70
35
65
67
30
35
57
36
-18
-16
-40
-44
-76
-100
-65
-55
-112
-120
-98
-102
-113
-94
-85
-47
-52
-115
-112
-125
-131
-134
-150
-131
-148
-162
-123
-156
-133
-86
-113
-81
-47
-64
-98
-102
-112
-135
-121
-85
-94
-86
-105
-111
-81
-81
-57
-56
-8
-52
-81
-32
-8
12
-42
-8
-10
-30
-17
-53
17
-14
-14
14
39
58
-9
16
1
11
54
14
-27
3
-15
-12
-7
-23
1
9
-45
1
-47
-47
3
-61
-27
-25
-28
-31
-46
-38
-43
-46
6
-23
-41
6
-18
7
40
39
54
55
37
17
62
67
84
76
49
58
78
59
43
50
66
98
100
84
81
100
109
108
91
73
124
85
88
94
95
114
96
125
106
88
109
47
74
48
89
77
87
83
74
106
41
63
32
90
78
79
67
69
92
41
34
38
46
57
70
63
52
49
83
53
9
36
40
63
41
-9
0
-33
-53
-44
-41
-34
-86
-109
-74
-126
-152
-133
-148
-139
-166
-151
-168
-196
-169
-192
-210
-226
-245
-287
-279
-271
-275
-242
-229
-249
-223
-230
-223
-171
-135
-120
-137
-146
-136
-88
-119
-118
-95
-112
-95
-67
-88
-88
-83
-84
-64
-23
-21
-24
-9
-8
-21
-34
-38
7
19
11
41
30
49
41
55
43
27
33
12
46
45
54
67
72
71
61
54
57
117
137
127
153
153
130
169
153
165
187
168
178
206
203
193
202
217
208
194
206
214
192
186
200
207
223
217
212
182
157
172
171
182
136
125
110
103
84
93
83
72
63
44
36
17
2
-23
-22
-24
-17
-64
-24
-40
-37
-35
-50
-9
-50
2
-11
-17
-38
-72
-38
-23
-15
-3
-24
-33
-39
-44
-14
-2
-3
-35
-66
-55
-18
-26
-37
-14
-30
-30
-60
-15
-81
-96
-47
-75
-88
-111
-109
-129
-106
-100
-121
-108
-123
-88
-86
-115
-110
-109
-131
-91
-97
-75
-74
-83
-76
-69
-48
-63
-51
-32
-29
-2
34
3
20
23
53
14
69
59
84
100
50
10
46
80
90
49
50
52
27
12
-7
42
-5
-6
-12
-27
-17
-4
-15
-25
3
-32
-7
-40
-39
-29
-1
34
23
-40
15
48
20
18
-19
25
47
62
72
63
81
90
65
95
113
106
102
101
130
130
164
161
133
155
182
163
148
153
144
157
154
152
150
183
138
148
149
121
140
156
144
149
141
154
137
63
91
59
89
87
79
120
110
127
120
127
100
149
155
124
112
143
144
96
96
108
86
64
68
117
108
86
123
61
48
50
46
49
58
21
44
11
-30
-39
-40
-37
-103
-134
-171
-165
-160
-162
-152
-189
-210
-183
-227
-231
-249
-233
-249
-257
-234
-213
-269
-207
-233
-233
-214
-231
-160
-178
-162
-182
-131
-172
-154
-141
-117
-105
-83
-92
-105
-84
-105
-100
-74
-87
-85
-29
-41
-50
-91
-64
-30
-69
-59
-59
-47
-66
-59
-69
-32
-36
-42
-38
-39
-3
-10
-41
-74
-35
-40
30
10
11
-3
-1
75
68
90
89
31
72
93
83
141
125
122
154
155
136
139
179
192
161
173
208
195
160
197
180
176
168
151
176
158
177
189
137
136
122
107
144
114
102
74
52
53
48
45
33
22
33
40
58
79
97
78
51
63
46
20
29
47
-1
46
51
43
72
32
45
0
53
54
-2
43
6
-24
-1
0
-36
-73
-80
-77
-43
-67
-96
-91
-91
-108
-98
-132
-137
-128
-116
-123
-125
-139
-115
-149
-179
-156
-141
-104
-142
-109
-125
-136
-155
-146
-145
-122
-140
-135
-100
-66
-104
-92
-73
-45
-44
-63
-50
-95
-90
-87
-59
-59
-54
-15
-6
-33
-91
-34
-57
-69
-29
-30
-14
-20
-12
-39
-21
-12
-31
-12
-6
11
-19
-24
-14
-20
-46
-27
-32
-82
-25
18
-11
1
40
38
68
85
51
83
97
67
84
56
84
78
74
124
96
87
77
35
68
45
49
56
66
71
88
97
91
83
99
107
106
100
51
65
73
101
77
103
91
49
53
55
86
41
83
109
108
114
105
108
101
111
123
123
108
115
106
122
123
87
116
139
119
132
125
141
163
135
133
133
131
148
117
132
113
137
106
87
105
80
117
93
72
103
72
21
54
11
-4
6
7
-20
-18
-39
-12
-28
-54
-83
-73
-38
-76
-62
-109
-152
-165
-136
-109
-91
-70
-82
-98
-67
-80
-94
-86
-99
-70
-76
-87
-100
-84
-83
-112
-90
-63
-98
-91
-90
-116
-118
-145
-147
-150
-170
-183
-191
-160
-155
-194
-201
-185
-186
-178
-165
-122
-126
-134
-104
-121
-100
-87
-73
-60
-23
2
-40
-28
-16
19
24
40
16
-8
12
33
51
85
57
58
104
57
47
54
69
71
90
119
127
138
157
156
163
155
125
177
178
157
183
174
196
189
229
210
229
213
168
194
148
167
181
192
143
136
147
148
150
107
121
97
104
91
114
81
100
115
112
139
133
114
146
135
108
145
110
93
99
133
112
123
112
85
63
65
63
43
64
55
7
-26
-6
7
-26
-58
-50
-72
-81
-60
-88
-52
-62
-82
-67
-99
-98
-62
-71
-112
-102
-106
-107
-129
-121
-125
-145
-113
-92
-120
-104
-144
-83
-125
-129
-115
-115
-112
-148
-114
-152
-100
-108
-99
-98
-62
-84
-76
-88
-94
-62
-91
-75
-61
-18
-6
-1
-54
-11
2
-31
4
-6
-8
-17
-20
8
22
12
-9
-5
-22
2
27
22
-20
13
24
-8
19
24
18
27
34
69
82
92
104
94
90
87
124
77
119
89
88
91
66
111
86
75
96
62
85
83
94
98
83
83
57
73
96
124
92
87
88
86
124
102
75
152
140
142
135
137
175
155
171
157
141
170
181
174
186
189
167
153
130
159
172
151
154
143
127
147
178
197
167
149
170
125
107
131
155
168
141
103
117
104
114
70
70
70
47
78
58
38
40
52
41
26
-28
14
9
27
-16
-48
-7
-46
-32
16
-51
-53
-9
-40
-27
-59
-66
-66
-90
-95
-85
-60
-62
-52
-57
-86
-76
-67
-76
-98
-117
-101
-130
-128
-160
-114
-98
-160
-132
-161
-178
-173
-162
-195
-156
-183
-206
-147
-176
-162
-179
-159
-127
-92
-112
-109
-104
-129
-83
-62
-45
-29
-24
9
-12
-21
24
1
8
71
40
21
31
77
50
54
68
74
101
109
146
119
135
150
127
148
105
84
127
118
152
158
137
147
137
122
133
144
140
140
123
141
179
132
164
210
166
160
173
192
192
214
212
209
194
188
182
168
183
189
175
150
179
190
199
187
182
179
177
198
179
171
181
141
79
64
98
93
58
91
62
24
27
15
-3
0
-5
-6
-47
-34
-21
-31
-44
-26
-34
-47
-55
-79
-51
-43
-36
-65
-82
-86
-44
-48
-22
-57
-63
-47
-41
-41
-27
-8
-59
-53
-36
-47
-69
-49
-84
-98
-104
-98
-94
-78
-92
-118
-97
-90
-79
-90
-121
-129
-120
-111
-98
-126
-129
-102
-132
-109
-100
-114
-109
-132
-137
-132
-142
-162
-141
-134
-118
-139
-94
-14
-81
-62
-34
-46
-25
-1
-13
-16
3
38
50
66
39
19
74
63
95
95
78
85
63
66
56
66
75
79
106
121
112
77
79
104
80
72
28
50
54
66
43
62
59
45
66
69
76
84
133
113
99
118
131
159
152
188
224
167
186
181
194
232
231
185
218
211
188
233
204
234
207
170
175
156
142
162
147
127
159
151
163
143
149
152
142
107
117
116
60
106
52
72
76
40
48
14
46
54
25
24
68
23
8
-14
-28
-23
-1
-52
-67
-6
-2
-11
-5
-44
-14
-18
-2
2
-38
-14
3
-15
-8
-21
-38
-37
-8
12
-93
-96
-100
-163
-172
-158
-166
-146
-156
-183
-175
-214
-221
-205
-193
-186
-209
-193
-241
-213
-216
-203
-167
-218
-173
-135
-168
-126
-131
-138
-85
-102
-97
-88
-89
-91
-39
-41
-56
-29
-50
-13
27
21
-11
44
40
28
22
78
48
34
56
64
57
17
47
49
42
47
23
78
93
59
58
20
1
43
28
53
36
12
21
33
13
18
17
-1
49
32
47
26
43
41
52
44
36
100
68
46
68
53
51
52
52
79
62
60
50
58
19
82
56
81
72
77
110
77
31
41
76
51
71
51
33
36
31
29
-23
-15
9
-16
-8
-12
-1
-35
1
-8
-54
-18
-19
-50
-59
0
-14
-30
-37
-2
18
-6
5
-11
-45
-34
-37
-62
-45
-19
-28
-38
-33
-32
-19
15
-2
-49
-68
-46
-57
-46
-12
-60
-47
-73
-82
-79
-94
-143
-125
-115
-169
-164
-178
-185
-185
-195
-210
-256
-251
-224
-200
-175
-165
-199
-218
-214
-212
-209
-239
-192
-204
-181
-190
-219
-171
-170
-159
-111
-110
-113
-75
-115
-127
-77
-57
-67
-80
-80
-72
-66
-70
-79
-70
-48
-24
-57
-32
-88
-56
0
-28
-17
-11
-27
-15
-9
-33
-20
-31
-32
7
9
-5
31
35
38
65
61
42
77
94
119
113
111
78
84
158
170
166
168
200
197
217
221
203
191
181
188
180
203
207
203
169
188
188
196
196
128
111
104
161
92
43
89
39
19
23
25
-30
-11
-16
-33
-65
-10
-77
-110
-96
-139
-109
-152
-147
-112
-139
-135
-149
-109
-122
-126
-110
-163
-152
-123
-102
-147
-169
-147
-133
-142
-120
-102
-129
-65
-122
-106
-92
-89
-96
-133
-120
-138
-146
-150
-186
-207
-242
-213
-241
-236
-236
-273
-259
-279
-245
-260
-246
-241
-236
-205
-197
-196
-161
-169
-179
-154
-140
-109
-107
-122
-68
-78
-80
-56
-40
-58
-41
3
-19
36
40
3
40
69
5
38
83
68
61
82
88
81
97
50
41
49
31
41
10
25
58
-2
13
-10
-24
-19
16
-16
-22
20
-35
-26
-35
-17
-28
-66
-27
-30
-24
1
8
-6
14
36
28
14
58
62
94
105
76
74
118
75
89
99
78
94
85
86
72
71
65
56
67
56
13
-5
48
-2
-8
1
-26
-12
-35
-39
-57
-79
-61
-64
-44
-19
-53
-34
-6
-32
0
-40
-12
15
0
45
27
54
101
96
97
82
44
59
60
67
79
68
56
37
18
43
6
-6
-16
3
-5
-22
-43
-24
-30
-46
-87
-86
-62
-89
-103
-112
-142
-166
-153
-157
-166
-213
-213
-213
-188
-224
-230
-227
-241
-247
-249
-244
-225
-203
-261
-218
-212
-215
-195
-185
-160
-181
-184
-164
-179
-134
-150
-165
-141
-150
-128
-101
-86
-114
-111
-74
-79
-80
-85
-71
-90
-70
-102
-85
-109
-83
-72
-80
-53
-51
-36
-48
-52
-63
-58
-42
8
32
24
11
9
24
3
8
3
13
60
46
63
100
126
117
103
132
143
119
105
94
115
140
136
138
142
132
132
140
151
138
139
145
122
116
114
128
149
145
129
116
128
105
80
109
92
90
61
5
-1
-34
-35
-56
-70
-90
-66
-72
-72
-81
-103
-106
-94
-71
-94
-93
-103
-94
-92
-104
-95
-87
-87
-80
-68
-90
-103
-94
-94
-82
-59
-42
-43
-76
-105
-75
-104
-168
-111
-115
-106
-128
-131
-116
-141
-151
-141
-163
-168
-164
-133
-137
-163
-166
-158
-169
-152
-164
-190
-161
-149
-159
-181
-112
-112
-112
-59
-79
-65
-57
-26
-38
-63
-65
-99
-80
-100
-94
-97
-95
-73
-89
-58
-48
-47
-47
-79
-60
-75
-46
-19
-81
-39
2
-30
-26
-30
-31
-23
-30
-69
-61
-50
-21
-33
-69
-34
-60
-49
-34
-77
-34
-38
-18
-43
-82
-72
-57
-33
-67
-53
-47
-19
-27
-36
-40
-30
3
-13
21
67
45
54
44
57
125
92
112
107
74
83
78
94
80
104
85
66
58
52
59
63
28
-8
12
39
41
10
37
23
-8
28
24
24
40
57
40
27
58
106
87
77
105
60
100
112
84
60
54
55
51
32
0
-6
10
8
15
22
-24
-29
-26
-47
-63
-37
-34
-70
-69
-62
-129
-112
-137
-118
-134
-135
-145
-142
-142
-203
-212
-207
-213
-233
-210
-224
-221
-246
-245
-243
-259
-264
-213
-258
-263
-231
-204
-197
-215
-181
-170
-199
-196
-173
-131
-148
-160
-149
-132
-98
-109
-104
-98
-71
-60
-45
1
3
-19
-47
-51
-45
-50
-21
-35
-12
-44
-30
-37
-30
-14
-16
9
3
-9
-14
2
-22
15
18
29
58
60
54
54
87
80
78
107
87
132
113
100
105
72
65
77
101
90
150
185
145
127
134
121
132
142
120
