SAMPLES:	17082
BITSPERSAMPLE:	16
CHANNELS:	1
SAMPLERATE:	16000
NORMALIZED:	FALSE
-163
-189
-171
-143
-164
-170
-168
-125
-157
-162
-148
-117
-107
-122
-128
-144
-114
-119
-126
-125
-119
-115
-100
-109
-101
-105
-117
-69
-71
-114
-52
-99
-80
-46
-62
-48
-41
-25
-42
-19
-34
-51
0
-26
5
18
13
41
11
12
33
40
22
7
-3
37
55
34
65
51
53
45
58
54
37
91
90
89
58
60
111
69
77
108
93
92
81
99
47
68
47
39
68
25
46
25
70
46
44
29
31
33
26
38
57
65
54
81
62
59
56
27
-2
1
-3
-16
3
-8
18
6
-13
17
-2
27
26
20
-12
-12
6
-6
-4
-24
-35
-43
-41
-25
-24
-67
-10
-18
-47
-56
-75
-83
-104
-88
-56
-75
-41
-45
-79
-43
-56
-58
-38
-45
-30
-44
-124
-119
-125
-101
-108
-123
-114
-101
-92
-177
-153
-159
-111
-126
-140
-148
-136
-79
-87
-114
-108
-109
-127
-116
-90
-114
-108
-97
-112
-84
-120
-100
-100
-61
-98
-113
-118
-112
-106
-87
-55
-95
-61
-40
-54
-64
-42
-78
-41
-52
-53
-11
-9
-29
-29
-33
-35
-43
-4
12
-21
35
10
-8
-16
10
14
-9
-18
52
70
93
96
86
137
92
142
105
96
119
106
132
152
119
115
146
146
139
135
143
170
169
186
158
160
183
142
155
169
155
148
201
158
155
183
172
137
109
158
137
164
166
174
190
149
177
188
170
125
139
158
148
143
110
103
90
77
136
137
138
98
100
126
91
70
79
99
66
76
69
59
26
36
20
39
24
-4
14
41
10
44
28
-19
17
-18
-24
18
24
4
-18
-39
3
15
-21
17
-39
-33
-17
-25
-4
-47
-57
-42
-57
-59
-53
-56
-67
-114
-77
-60
-57
-45
-44
-41
-15
-41
-48
-48
-36
-12
-27
-8
-62
-53
-25
-49
-48
-49
-27
-25
19
6
-56
-25
-32
-39
-26
14
23
-7
-18
-27
0
19
-9
7
47
38
17
17
43
44
59
41
60
85
80
49
67
96
104
123
110
117
136
124
100
96
79
113
110
88
112
95
79
88
80
45
85
100
112
105
77
80
71
91
90
99
101
97
120
121
151
143
114
147
113
114
70
116
155
120
102
77
93
77
112
93
109
80
86
78
101
87
63
80
26
29
54
99
69
54
62
42
54
18
35
18
-12
8
-12
4
-19
-47
-42
14
-18
-49
-65
-49
-31
-59
-37
-82
-30
-107
-129
-131
-131
-109
-123
-111
-96
-62
-125
-95
-95
-91
-75
-86
-25
-4
-89
-70
-65
-77
-108
-83
-93
-83
-60
-101
-82
-153
-123
-84
-77
-72
-102
-83
-55
-42
-12
-45
-54
-47
-60
-77
-37
-31
-25
-32
-57
-42
-12
15
7
25
48
23
35
62
38
43
59
59
22
75
56
44
30
35
56
50
120
81
81
126
90
80
93
78
114
84
71
109
87
113
128
126
158
164
136
168
188
185
216
159
129
125
158
198
175
221
152
142
148
172
202
194
162
176
164
137
132
163
164
140
139
96
138
125
139
152
135
136
137
97
115
104
92
115
125
102
100
135
118
114
128
99
120
122
53
74
93
108
98
61
60
87
60
87
63
22
48
19
39
39
-8
9
11
-4
-17
-12
-10
25
-7
-14
-8
-33
-22
-12
0
-2
-31
-49
-14
-33
-28
-59
-26
-18
-27
-40
-54
-28
-42
-29
-7
-38
-39
3
-14
-20
-65
-68
-34
-30
-40
-11
-24
-37
-4
-6
-6
19
-22
5
-20
14
5
33
12
-14
-8
-4
20
-12
11
35
65
-5
-7
27
13
16
62
73
52
58
72
96
49
107
141
150
156
159
182
144
141
166
138
119
153
145
154
138
144
138
156
176
165
160
169
195
200
215
207
247
243
228
246
248
255
237
241
279
239
263
248
243
247
261
264
283
282
260
265
261
306
289
227
273
284
263
266
283
293
293
251
252
273
235
239
237
237
209
213
225
214
229
268
220
222
229
207
207
205
237
191
183
203
189
222
181
207
201
170
161
152
159
149
134
93
121
129
80
84
92
121
100
66
90
69
94
81
57
66
122
94
114
98
60
92
70
82
84
90
79
93
82
66
77
73
72
56
105
70
123
125
96
82
68
112
130
125
129
123
79
123
109
95
99
98
111
132
126
156
153
131
192
212
177
200
192
187
161
160
209
180
201
227
191
183
218
178
235
219
209
244
220
233
256
243
257
268
241
224
232
281
255
262
278
240
268
275
283
255
240
240
231
304
289
300
262
238
274
239
271
266
236
261
258
261
261
254
272
266
232
259
266
273
227
247
200
179
184
229
205
205
221
198
199
165
148
143
196
201
198
176
186
138
138
115
100
167
137
105
132
92
91
108
89
91
36
83
101
61
65
49
70
39
8
21
18
43
-6
5
34
42
20
8
67
29
-3
18
32
24
28
-1
30
18
9
18
18
66
72
47
63
51
23
52
54
32
40
51
58
41
66
34
39
62
31
44
33
49
14
3
16
24
46
81
56
51
47
54
39
61
58
49
83
66
105
98
114
100
103
117
136
137
123
122
118
119
94
126
134
144
145
130
144
125
109
146
136
136
160
134
135
187
192
176
153
146
148
122
157
154
161
175
158
160
161
156
179
183
215
186
138
174
183
161
214
183
187
227
174
164
224
214
205
189
208
181
138
171
162
163
92
124
120
172
151
141
189
142
157
154
121
108
135
159
150
147
140
124
114
121
118
105
108
54
59
86
41
44
43
60
17
34
69
7
21
-3
26
2
-15
4
0
-3
-24
-41
-20
-46
7
14
-36
-19
1
15
-8
23
26
13
-21
-13
-5
-3
14
-14
-42
-5
-9
-56
-53
-62
-79
-66
-36
0
11
-16
-26
25
-4
-17
-4
-19
-33
-2
14
6
-3
-16
-26
-20
24
6
33
31
15
44
45
34
29
65
60
48
24
29
53
-1
26
47
77
57
43
34
21
77
24
23
14
22
48
58
76
85
70
37
53
64
78
94
105
111
131
110
98
88
121
134
126
116
105
109
99
111
126
95
86
117
115
111
109
125
105
142
147
121
168
125
85
124
109
121
160
110
120
82
60
82
70
54
58
61
21
49
30
9
-12
3
1
-11
41
6
4
4
5
-5
-37
-27
-41
-31
-29
-46
-46
-66
-57
-50
-102
-56
-65
-73
-37
-77
-69
-101
-115
-64
-80
-92
-77
-67
-84
-106
-98
-113
-112
-115
-89
-88
-110
-89
-57
-71
-94
-96
-125
-115
-67
-71
-53
-64
-117
-127
-78
-104
-84
-74
-106
-97
-62
-78
-65
-96
-101
-66
-70
-108
-108
-101
-98
-98
-88
-34
-74
-65
-29
-54
-44
-48
-72
-39
-23
-78
-72
-82
-74
-48
-71
-35
-19
-13
-50
-28
-7
-3
-13
29
11
16
24
33
45
59
45
38
67
58
79
93
94
49
31
52
78
77
107
115
83
70
89
150
99
122
101
130
139
84
110
104
102
64
100
53
71
106
124
92
103
139
141
117
99
112
82
97
78
81
55
62
62
42
76
72
27
49
18
13
24
16
21
0
20
1
7
8
-8
5
-32
-36
-11
-15
-36
-38
-49
-42
-58
-53
-17
-32
-44
-43
-33
-48
-124
-85
-64
-53
-82
-91
-66
-87
-82
-65
-69
-128
-86
-97
-81
-89
-139
-144
-111
-115
-127
-134
-123
-92
-91
-67
-95
-87
-64
-100
-97
-29
-95
-70
-54
-81
-63
-99
-99
-112
-64
-84
-145
-98
-98
-103
-113
-90
-91
-114
-79
-89
-42
-54
-68
-65
-74
-29
-43
-62
-61
-38
-19
-19
16
31
5
-15
-26
-28
-19
-5
-8
-37
-8
31
4
-9
-32
-20
4
17
63
23
42
24
38
72
17
38
47
56
46
46
79
48
77
59
56
60
53
66
42
15
52
56
32
60
53
53
68
42
54
60
50
53
30
71
63
54
33
37
17
3
25
-14
35
38
-13
-21
20
31
73
25
5
-1
19
27
-25
-14
8
14
5
36
27
31
24
33
23
35
6
-63
-45
-68
-50
-61
-58
-58
-51
-40
-80
-60
-62
-53
-66
-40
-55
-42
-58
-56
-35
-61
-63
-76
-54
-35
-60
-107
-94
-98
-87
-37
-78
-85
-69
-43
-52
-32
-59
-70
-34
-42
-53
-33
-74
-96
-93
-97
-73
-92
-72
-87
-100
-107
-91
-80
-108
-102
-72
-92
-97
-80
-63
-41
-77
-96
-52
-58
-64
-15
13
-2
5
21
-4
21
17
35
9
31
21
-16
-34
-3
-44
-23
8
2
2
-19
0
-18
23
31
29
8
10
-5
36
10
16
49
59
45
84
36
32
60
13
46
29
22
57
48
42
47
1
51
78
54
38
41
36
14
50
35
27
24
31
24
23
23
7
-7
6
-18
7
-2
-49
2
1
26
-5
-22
-9
-4
-6
-44
-15
-28
-36
1
1
-28
-1
-9
-4
1
15
-5
-7
-23
-82
-59
-28
-69
-83
-67
-67
-28
-28
-97
-84
-81
-118
-136
-143
-92
-75
-124
-145
-147
-114
-132
-144
-92
-89
-105
-100
-99
-118
-112
-126
-111
-114
-114
-107
-128
-56
-76
-68
-47
-107
-142
-100
-105
-105
-43
-95
-86
-88
-101
-78
-127
-83
-78
-86
-75
-70
-32
-88
-90
-67
-61
-81
-44
-59
-50
-26
-41
-70
-78
-32
-13
-5
-23
-36
3
13
-60
-31
-14
6
15
-13
-7
32
25
5
26
20
10
7
33
42
33
35
41
41
-34
-15
8
-5
-9
-1
-5
17
50
48
52
23
17
17
11
15
58
47
34
16
28
58
35
13
42
18
19
42
10
29
25
-24
9
13
16
9
28
6
-1
22
27
58
9
25
47
31
29
71
25
42
30
2
38
29
12
22
-13
-15
2
-21
6
1
-30
-8
-25
-51
-46
-46
-66
-70
-57
-53
-85
-92
-97
-69
-48
-51
-29
-78
-65
-64
-93
-75
-104
-95
-117
-123
-85
-68
-96
-95
-114
-137
-91
-105
-88
-51
-88
-137
-124
-88
-85
-93
-119
-74
-37
-67
-94
-92
-101
-101
-62
-34
-88
-70
-55
-72
-60
-60
-41
-57
-36
-33
-49
-28
-63
-53
-17
-47
-21
-24
-16
-5
-21
-23
-24
-23
8
-8
-2
55
16
19
6
11
31
18
42
0
18
-5
26
11
-43
2
4
-25
-8
22
41
40
72
50
16
25
35
86
77
80
64
66
49
42
47
62
24
18
61
29
13
30
75
20
-3
28
-16
4
33
-2
-13
-1
8
18
14
-6
-6
-10
3
-46
-13
-16
-30
3
-31
-9
-18
-1
-25
-8
-32
-68
-49
-66
-41
-75
-37
-51
-18
-21
-52
-47
-84
-80
-60
-40
-57
-68
-79
-74
-82
-97
-85
-87
-97
-83
-81
-103
-64
-85
-83
-76
-71
-61
-106
-88
-68
-57
-100
-102
-70
-80
-59
-32
-61
-53
-77
-83
-57
-64
-76
-73
-66
-64
-27
-51
-55
-55
-46
-62
-57
-48
-29
-23
-79
-85
-74
-68
-80
-71
-55
-52
-32
-34
-47
-58
-35
-61
-58
-40
-39
-61
-36
9
-18
-15
-28
-63
-30
-35
-45
-25
2
6
13
14
17
9
-15
7
-39
26
35
32
60
23
10
50
-1
-1
14
15
59
55
63
33
83
64
21
52
37
28
27
34
30
-2
13
64
27
-18
-8
43
53
29
-10
26
87
40
58
24
31
41
24
42
33
60
36
40
20
9
1
29
35
20
1
-8
25
16
17
-6
-38
-39
-2
-15
7
16
-4
19
30
9
13
21
-26
-22
-27
-52
-78
-64
-17
-42
-31
-41
-19
-37
-67
-29
-70
-101
-97
-88
-49
-69
-73
-74
-100
-56
-68
-60
-76
-86
-59
-99
-75
-91
-84
-63
-69
-82
-56
-74
-98
-87
-66
-70
-116
-76
-91
-81
-75
-73
-71
-102
-93
-100
-72
-66
-63
-38
-57
-69
-41
-50
-34
-9
-17
-30
-42
1
-4
-3
-30
-21
-39
-31
2
-30
-5
0
33
62
34
18
23
22
26
21
-6
32
50
21
27
49
61
19
49
76
91
72
100
92
58
38
26
26
67
81
47
60
48
16
31
72
68
18
30
14
16
28
61
76
49
67
66
82
34
42
41
26
47
14
42
45
57
57
35
51
36
41
26
60
55
23
25
-9
-18
-31
-16
-15
25
22
-24
19
-11
-12
-25
-30
14
-23
-17
-16
-8
7
-14
4
-11
-3
-30
-16
-21
-19
-38
-87
-78
-97
-71
-83
-73
-54
-75
-85
-67
-75
-77
-57
-24
-53
-67
-34
-42
-62
-33
-32
-29
-50
-15
-35
-65
-67
-104
-89
-96
-145
-94
-71
-101
-86
-83
-55
-50
-81
-110
-87
-81
-88
-58
-54
-60
-47
-47
-54
-59
-20
-38
-29
-29
-11
6
11
20
-14
-24
7
25
-28
-14
-17
25
22
48
39
22
36
26
41
37
42
42
56
14
42
59
58
84
42
59
52
37
36
25
42
59
49
79
68
51
60
49
79
85
46
69
75
78
66
67
77
70
93
87
45
31
21
56
60
24
76
61
64
85
66
85
54
43
70
32
39
35
50
14
6
10
9
20
33
2
-6
-27
-8
-20
-37
-25
-80
-97
-45
-33
-17
-13
-37
9
-3
6
-5
-21
-22
7
10
9
27
19
14
-16
-6
-17
-6
-13
2
-26
-34
-23
-11
-21
-14
-7
-31
-53
-31
21
-55
-39
-51
-44
-24
-34
-45
-36
-18
-11
-14
-14
-19
-4
-30
-23
-46
-32
-46
-21
4
-53
-27
-39
-34
-33
-19
18
18
17
1
-28
2
49
37
38
45
30
60
78
65
69
78
88
40
68
77
45
53
52
69
107
95
90
67
61
66
42
76
89
103
78
76
92
145
120
125
109
115
122
122
141
129
122
102
95
95
121
94
111
65
79
107
86
104
91
73
25
33
46
77
45
73
90
60
65
50
67
84
92
57
47
53
42
39
63
52
19
30
55
66
67
64
50
61
8
21
23
2
17
-32
-12
-7
-12
-7
-33
-24
-9
12
-23
-36
-28
-9
9
-37
-40
-57
-81
-63
-80
-56
-37
-71
-62
-36
-43
-68
-59
-44
-64
-83
-65
-53
-72
-103
-71
-61
-81
-77
-63
-81
-90
-62
-61
-79
-109
-100
-91
-100
-87
-75
-85
-92
-117
-77
-46
-75
-35
-25
-51
-37
-34
-16
-2
-3
-38
-61
-45
-38
-32
-28
-62
-52
-37
-17
9
-1
12
0
-8
-3
12
21
18
21
45
52
13
20
9
38
33
-8
64
63
43
51
42
63
79
95
128
89
73
92
98
93
85
86
77
107
65
74
85
98
101
85
110
52
65
72
103
121
95
84
100
122
121
61
77
73
56
55
30
7
27
16
12
37
17
3
40
14
45
70
55
86
39
43
25
-18
-2
-1
-6
3
-48
-27
-27
-41
-57
-87
-32
-15
-6
-35
-40
-38
-59
-63
-47
-41
-35
-37
-46
-22
-40
-33
-7
-41
-30
-20
-32
-50
-25
-20
-40
-35
-41
-52
-38
-76
-80
-60
-64
-79
-89
-30
-78
-77
-57
-75
-57
-47
-71
-65
-19
-99
-60
-81
-117
-66
-76
-47
-62
-16
-26
-45
-48
-40
-28
-20
-48
-43
7
-30
-47
-10
-29
-34
-8
-51
13
-4
-12
11
14
-26
-7
30
15
22
-5
-32
2
32
-27
-26
-10
-13
-27
-30
-14
-38
-27
10
-34
-11
-10
8
50
29
7
-12
-4
8
5
23
0
12
1
23
18
-11
-8
18
-1
28
30
31
10
0
14
59
50
-9
44
47
27
33
43
-2
-15
4
-10
7
24
28
12
5
-20
-55
-49
-24
2
-8
-15
3
-19
-53
-45
-48
-19
-21
-46
-52
-34
-61
-63
-39
-20
21
-18
12
-36
-38
-39
-66
-61
-66
-74
-48
-56
-100
-93
-86
-96
-94
-65
-116
-127
-107
-114
-99
-115
-89
-95
-98
-83
-61
-73
-67
-33
-63
-69
-73
-82
-76
-121
-84
-95
-93
-49
-26
-24
-25
-30
-68
-72
-86
-75
-43
-57
-82
-66
-58
-64
-84
-31
-39
-75
-72
-24
14
-42
-4
-52
-53
-15
-22
7
-34
-21
16
13
2
18
55
41
13
11
26
29
28
49
65
55
57
61
33
51
25
27
53
40
63
73
107
58
74
53
52
77
76
100
71
87
42
71
76
72
110
114
68
80
100
37
74
82
97
69
91
125
100
115
106
124
125
136
142
136
143
114
120
96
107
102
78
76
121
99
98
74
76
121
92
82
69
109
70
75
103
81
72
24
17
62
55
35
12
43
35
28
23
15
20
-20
4
-9
-30
-57
-8
-28
-24
-13
-17
-13
-44
-47
-53
-61
-58
-35
4
-32
-37
-52
-56
-21
-60
-49
-68
-73
-40
-78
-55
-24
-39
-58
-64
-22
-11
0
-43
-16
-46
-27
3
-18
-23
-35
-47
-62
-9
-19
-16
-16
8
-11
-16
-8
-35
-22
10
14
19
47
63
36
44
63
66
47
57
62
86
116
107
145
144
79
83
104
99
111
68
105
154
127
132
113
146
126
128
168
131
135
149
153
122
137
159
123
127
134
123
128
138
184
152
136
142
145
172
188
171
199
170
120
158
178
174
135
139
166
196
162
149
107
132
142
152
157
172
151
136
158
126
68
63
71
55
46
27
49
29
14
8
23
67
58
98
83
55
34
31
10
12
12
14
-22
-37
-9
-30
0
-3
-16
-46
7
3
-7
6
-36
-39
-7
-18
-46
-43
-42
-68
-120
-109
-84
-80
-96
-54
-33
-62
-82
-95
-45
-80
-84
-46
-91
-48
-105
-90
-30
-61
-42
-72
-54
-36
-18
-47
-97
-90
-95
-66
-91
-82
-59
-89
-70
-83
-29
18
15
1
18
11
-1
37
22
31
32
-15
10
47
18
48
45
19
13
-2
40
53
46
36
32
36
70
57
61
72
83
62
70
71
63
80
63
115
91
70
97
58
115
107
103
154
135
137
150
122
145
128
149
152
128
145
117
129
125
108
129
116
144
97
96
98
78
99
87
119
84
47
63
68
89
69
42
53
67
65
39
57
69
75
73
83
76
74
63
58
94
65
51
28
4
18
12
-13
6
-17
-25
-15
-42
-57
-59
-88
-77
-63
-51
-25
-54
-50
-78
-43
-76
-71
-58
-66
-73
-74
-67
-90
-79
-84
-65
-96
-109
-88
-78
-92
-81
-99
-98
-82
-73
-96
-96
-99
-119
-147
-95
-133
-136
-82
-122
-77
-98
-71
-63
-70
-56
-56
-70
-86
-97
-77
-59
-64
-64
-81
-106
-121
-42
-46
-65
-62
-69
-26
-13
-70
-34
-13
-3
-50
-62
-60
-67
-13
4
-13
-11
-46
-38
-3
-41
23
8
-14
33
67
76
66
58
79
56
70
56
37
55
31
50
85
94
80
63
67
88
102
89
72
69
64
49
84
44
80
100
90
124
89
72
19
22
17
43
57
63
64
74
56
40
68
86
77
66
98
89
83
92
77
101
80
72
82
52
57
67
13
-9
22
-16
5
5
6
12
-13
14
19
42
21
6
18
-20
-14
-26
-34
-8
-45
-33
-32
-77
-68
-108
-78
-19
-68
-76
-101
-96
-142
-114
-103
-112
-110
-160
-171
-120
-274
-992
-2288
-3144
-2683
-1624
-879
-762
-1080
-1767
-2356
-2132
-1159
-295
35
32
-140
-87
214
387
203
163
348
431
520
711
603
-51
-657
-584
-222
13
61
-284
-1107
-2044
-2437
-2198
-1695
-1199
-1053
-1318
-1454
-1375
-1160
-876
-452
-24
234
488
818
1052
889
677
691
963
1161
1455
1537
1149
659
288
181
245
557
609
382
37
47
132
141
364
660
763
726
943
1224
1330
1417
1657
1825
2014
2266
2428
2291
2100
2056
1930
1857
2023
2040
1691
1391
1214
935
356
-283
-855
-1343
-1587
-1489
-1378
-1503
-1824
-2158
-2409
-2306
-1775
-1253
-931
-738
-565
-535
-478
-183
114
281
415
491
452
232
-55
-319
-560
-652
-592
-547
-731
-1063
-1473
-1731
-1716
-1480
-1270
-1203
-1256
-1341
-1390
-1335
-1135
-935
-770
-657
-486
-333
-213
-86
-61
-41
111
389
675
903
1058
1065
1034
1080
1311
1519
1693
1921
2098
2241
2348
2458
2571
2757
3011
3525
4055
4428
4441
4116
3880
3732
3474
2645
1044
-658
-1917
-2215
-1830
-1538
-1811
-2953
-4219
-4992
-4774
-3929
-2970
-2143
-1737
-1367
-909
-255
487
1148
1689
2270
2942
3560
3732
3447
2911
2372
2150
2083
1985
1509
545
-600
-1546
-2013
-2120
-2220
-2542
-3049
-3582
-3976
-4134
-4069
-3698
-3162
-2375
-1621
-1092
-872
-926
-1019
-870
-205
766
1476
1568
1255
685
180
-31
18
96
-116
-539
-1027
-1360
-1606
-1838
-2112
-2290
-2215
-2093
-1926
-1737
-1630
-1644
-1611
-1221
-547
-15
336
508
552
685
1004
1534
1938
2213
2375
2449
2637
2986
3375
3564
3738
4144
4670
5109
5601
5890
5629
5055
4743
4514
3362
766
-2267
-3778
-3153
-1608
-1121
-2432
-4525
-6206
-6919
-6446
-4879
-3051
-1973
-1887
-1964
-1372
-210
1005
1791
2324
3068
4100
4924
4896
4172
3261
2589
2422
2582
2541
1788
316
-1400
-2687
-3141
-2885
-2705
-3207
-4107
-4791
-4992
-4926
-4679
-4277
-3821
-3136
-2223
-1383
-931
-924
-1116
-1081
-310
790
1622
1804
1356
551
-95
-366
-225
-185
-478
-1058
-1647
-1965
-2219
-2408
-2807
-3136
-3154
-2851
-2431
-2053
-1945
-2119
-2077
-1616
-751
75
606
858
977
1275
1898
2526
3087
3545
3835
4211
4785
5524
6079
6429
6784
7256
7709
7961
7963
7568
6167
2767
-2362
-6332
-6032
-2123
765
-565
-4890
-8726
-10163
-9600
-7812
-5247
-2532
-1325
-1888
-2547
-1511
687
2157
2613
3595
5755
7702
7882
6321
4361
3240
3404
4140
4529
3895
2049
-741
-3357
-4391
-3871
-3064
-3223
-4574
-5886
-6024
-5285
-4695
-4698
-4514
-3635
-2567
-1656
-791
-30
-8
-518
-486
458
1676
2314
2227
1613
714
-308
-933
-918
-641
-808
-1565
-2280
-2627
-2809
-3266
-3696
-3624
-3304
-2934
-2595
-2167
-1987
-2141
-2130
-1527
-493
413
820
878
1000
1316
1801
2378
2946
3294
3284
3238
3600
4402
5108
5492
5964
6711
7386
7797
7914
7794
7625
7038
4854
49
-5348
-7146
-3963
452
1120
-2740
-7670
-10425
-10546
-9046
-6531
-3412
-1402
-1864
-3453
-3254
-690
1605
2260
2574
4244
6622
7709
6770
4746
3228
3075
3826
4551
4586
3354
639
-2578
-4402
-4091
-2884
-2399
-3517
-5421
-6387
-5820
-4853
-4664
-4831
-4317
-3253
-2469
-1693
-794
-483
-1211
-1771
-901
856
2149
2273
1478
357
-488
-761
-460
-60
-70
-923
-2079
-2474
-2187
-2233
-3016
-3554
-3390
-3069
-2650
-2151
-1917
-2333
-2693
-2253
-1051
234
831
813
514
844
1677
2489
3136
3626
3639
3348
3640
4696
5711
6141
6483
6905
7494
8221
9049
9673
9747
9298
7591
3513
-2448
-6844
-6350
-1787
1796
458
-4904
-10060
-12078
-11360
-9104
-5816
-2632
-1489
-2677
-3859
-2734
-130
1793
2603
3846
6225
8376
8538
6781
4589
3628
4031
5044
5760
5246
2980
-571
-3585
-4680
-3930
-2937
-3119
-4666
-6449
-7106
-6608
-5985
-5661
-5245
-4577
-3950
-3120
-1843
-975
-1371
-2111
-1734
-168
1454
2229
2067
1123
158
-389
-332
-20
43
-625
-1816
-2492
-2443
-2441
-3147
-3966
-4269
-4145
-3715
-2948
-2489
-2687
-3123
-3010
-1991
-549
626
1045
939
1114
1729
2486
3240
3873
4096
3966
4110
4861
5712
6232
6538
6889
7510
8419
9581
10481
10711
10156
8384
5099
171
-4950
-7094
-4444
127
1481
-2128
-7946
-11970
-12822
-10753
-7180
-3745
-2059
-2684
-3886
-3477
-1148
939
1947
3063
5363
7691
8454
7664
6173
4696
3820
4343
5811
6446
4781
1023
-3452
-6474
-6837
-4928
-2559
-1842
-3340
-6022
-8071
-8377
-7032
-5079
-3568
-2768
-2355
-1958
-1662
-1672
-1869
-1897
-1295
210
2009
3012
2603
1089
-660
-1592
-1123
71
620
72
-1150
-2545
-3439
-3497
-3225
-3333
-3570
-3611
-3335
-2987
-2778
-2730
-2943
-2664
-1392
256
1413
1885
1733
1295
1414
2471
3848
4724
4973
4850
4571
4371
4569
5104
5896
7142
8473
9352
9756
10095
10158
9410
6232
-119
-7418
-9965
-5001
2442
5142
1164
-5986
-11889
-13491
-10378
-4564
-277
62
-2443
-4248
-3234
-753
564
349
940
3116
5623
7127
7084
5100
1867
70
1694
5176
7007
5355
1039
-2947
-4412
-3775
-3074
-3248
-3712
-4221
-4632
-4566
-4086
-4300
-5498
-6099
-4848
-2457
-703
-561
-1826
-3456
-4184
-3222
-1022
1082
2099
1455
-102
-1130
-1079
-789
-798
-758
-598
-703
-1093
-1464
-2156
-3196
-4062
-3904
-2865
-1713
-1299
-1788
-2740
-3131
-2461
-1193
75
953
998
524
492
1268
2300
2824
2949
3037
3416
4130
4990
5688
6015
6153
6773
7984
9402
10549
11124
11017
10406
9145
6377
2058
-2199
-3888
-2382
57
807
-1380
-5716
-9748
-11224
-9407
-5938
-3203
-2475
-3355
-4031
-3460
-2017
-577
590
1849
3327
4670
5759
6092
5287
4029
3577
4519
5867
6208
4792
2154
-426
-1648
-1638
-1691
-2660
-4264
-5387
-5388
-4898
-4868
-5485
-6103
-6160
-5583
-4474
-3234
-2774
-3443
-4207
-3820
-2209
-400
693
783
396
46
-35
183
547
561
-48
-711
-926
-899
-1294
-2165
-3057
-3614
-3651
-3185
-2635
-2523
-2832
-3271
-3304
-2393
-969
121
598
726
924
1375
1963
2785
3384
3609
3682
4047
4787
5618
6359
6947
7586
8490
9801
11265
12633
13680
13260
9642
3062
-3308
-5556
-2935
1270
2954
606
-4521
-9682
-12319
-11329
-7876
-4456
-3075
-3451
-3767
-3273
-2592
-2194
-1487
326
2921
5355
6929
6889
5111
2877
2122
3627
6066
7243
6048
3080
22
-1644
-1783
-1125
-669
-1205
-2521
-3806
-4237
-4110
-4406
-5187
-5581
-4827
-3427
-2288
-2114
-2819
-3830
-4334
-3781
-2195
-306
831
808
246
-235
-418
-363
-272
-253
-195
-356
-723
-1119
-1723
-2636
-3483
-3746
-3316
-2680
-2424
-2598
-2926
-3099
-2815
-2023
-1071
-246
130
219
495
1019
1670
2047
2188
2427
2732
3093
3514
3988
4288
4544
5150
6211
7504
8882
10153
11310
12301
12738
10966
6024
-570
-5198
-5167
-1284
2844
3384
-756
-7057
-11638
-12303
-9248
-5018
-2225
-2145
-3511
-4267
-3703
-2619
-1651
-529
1092
3107
5006
5991
5189
3200
1493
1600
3571
5839
6414
4475
1295
-1287
-2116
-1632
-725
-416
-1398
-2969
-3982
-4055
-3945
-4302
-4982
-5190
-4512
-3386
-2462
-2349
-2991
-4066
-4594
-3807
-1938
-97
677
308
-394
-841
-856
-518
-154
-41
-388
-862
-1203
-1431
-1918
-2779
-3443
-3483
-3003
-2517
-2299
-2481
-2906
-3103
-2557
-1423
-305
279
276
247
598
1271
1889
2300
2480
2585
2863
3365
4012
4497
4697
4926
5644
6918
8420
9845
11088
12244
13004
11742
7366
1296
-2850
-2715
245
2866
2680
-832
-5916
-9782
-10460
-8144
-5109
-3357
-3432
-4131
-4038
-3241
-2412
-1842
-872
779
2748
4575
5632
5016
3126
1795
2346
4311
6070
6163
4323
1675
-366
-1013
-629
-199
-350
-1386
-2706
-3462
-3466
-3535
-4064
-4580
-4812
-4522
-3879
-3236
-3069
-3329
-3604
-3630
-3099
-2131
-1230
-720
-547
-537
-567
-589
-522
-531
-707
-934
-1072
-1171
-1457
-1999
-2768
-3225
-3316
-3081
-2834
-2840
-2957
-3115
-3006
-2457
-1579
-890
-517
-355
-69
453
1121
1587
1727
1791
2028
2489
3048
3600
3917
4095
4350
5005
6268
7727
9077
10291
11484
12530
11939
8122
2050
-2550
-2932
-171
2475
2645
-273
-5033
-9192
-10466
-8566
-5644
-3708
-3590
-4161
-4093
-3329
-2644
-2285
-1431
137
2136
4032
5291
4969
3140
1599
1873
3699
5566
5962
4503
2087
16
-879
-829
-328
-229
-999
-2207
-3006
-3200
-3453
-4135
-4715
-4721
-4358
-3855
-3326
-2937
-3123
-3898
-4540
-4183
-2754
-1156
-101
199
-54
-561
-918
-765
-286
147
-3
-521
-896
-1281
-1819
-2561
-2953
-2966
-2774
-2530
-2338
-2308
-2578
-2771
-2387
-1483
-509
177
354
428
648
1006
1442
1950
2524
2880
3123
3468
3902
4453
4900
5542
6536
7769
8964
10135
11493
12618
11780
7683
1748
-2454
-2597
-5
2222
2089
-765
-5255
-9073
-10075
-8191
-5605
-4108
-4071
-4304
-3802
-3023
-2542
-2189
-1463
-3
1954
3887
5147
4646
2786
1341
1667
3490
5169
5381
3907
1640
-287
-1167
-999
-553
-563
-1326
-2362
-2920
-3122
-3502
-4127
-4696
-4856
-4490
-3852
-3238
-2870
-3081
-3877
-4521
-4257
-2830
-1169
-9
214
-331
-1027
-1437
-1261
-754
-313
-430
-864
-1313
-1641
-2088
-2692
-3073
-3085
-2751
-2272
-1919
-1906
-2268
-2521
-2141
-1200
-64
681
912
828
794
1065
1530
2108
2708
3065
3181
3443
3902
4448
4869
5467
6489
7754
9085
10442
11941
12904
11386
6612
834
-2281
-1483
1051
2719
2084
-1219
-5784
-8961
-9043
-6809
-4597
-3729
-3922
-3969
-3241
-2467
-2235
-2001
-1191
296
2161
4110
5083
4183
2174
1106
1923
3810
5210
5135
3528
1313
-242
-703
-420
-105
-362
-1321
-2266
-2520
-2530
-3078
-4051
-4708
-4811
-4304
-3548
-2913
-2839
-3722
-4946
-5268
-4115
-2144
-619
-138
-521
-1067
-1331
-1123
-635
-291
-398
-924
-1295
-1282
-1318
-1967
-2820
-3190
-3035
-2598
-2091
-1812
-2031
-2539
-2534
-1678
-453
530
928
725
532
682
1228
1958
2515
2939
3073
3147
3692
4522
5177
5707
6577
7855
9283
10868
12509
12473
9064
3414
-1071
-1897
-69
1851
2068
65
-3619
-7236
-8809
-7767
-5725
-4372
-4127
-4111
-3438
-2596
-2299
-2309
-1764
-517
1137
3039
4642
4636
3004
1333
1234
2735
4323
4902
4011
2191
391
-587
-680
-349
-275
-946
-1861
-2162
-2072
-2387
-3229
-3967
-4308
-4317
-3874
-2997
-2407
-2839
-3804
-4418
-4045
-2959
-1594
-697
-434
-600
-854
-954
-800
-421
-354
-740
-1126
-1260
-1368
-1739
-2249
-2669
-2896
-2816
-2407
-1940
-1754
-1870
-1987
-1671
-909
55
804
1238
1294
1235
1236
1628
2247
2733
3113
3324
3651
4126
4626
5191
5996
7102
8422
9917
11623
12732
11383
6647
723
-2440
-1596
1130
2866
2008
-1529
-5935
-8794
-8603
-6318
-4147
-3413
-4009
-4337
-3566
-2429
-1948
-1744
-1110
165
1849
3723
4763
3913
1910
701
1480
3374
4826
4796
3095
822
-721
-1100
-652
-191
-439
-1490
-2443
-2594
-2379
-2722
-3502
-4129
-4404
-4183
-3431
-2776
-2937
-4000
-4920
-4649
-3249
-1554
-568
-632
-1261
-1629
-1399
-732
-77
64
-475
-1284
-1651
-1609
-1692
-2090
-2641
-2920
-2788
-2408
-2015
-1937
-2164
-2302
-1921
-910
165
810
898
742
842
1378
2153
2876
3281
3389
3520
3811
4476
5316
6050
6751
7653
9006
10725
12426
12770
9874
4001
-1320
-2598
-305
2350
2798
481
-3727
-7560
-8967
-7531
-5091
-3596
-3639
-4269
-3880
-2583
-1631
-1634
-1530
-518
1259
3213
4846
5051
3342
1394
1142
2704
4606
5305
4215
2006
53
-734
-577
-164
-197
-967
-2068
-2583
-2337
-2260
-2897
-3700
-4055
-3921
-3434
-2814
-2782
-3506
-4301
-4212
-3174
-1756
-740
-590
-871
-1099
-812
-430
-112
-95
-480
-1085
-1413
-1422
-1507
-1931
-2574
-2950
-2952
-2616
-2274
-2177
-2344
-2508
-2281
-1483
-346
543
813
687
610
838
1524
2440
3228
3657
3753
3825
4136
4781
5479
6278
7279
8600
10068
11667
12678
11212
6405
524
-2415
-1267
1424
2535
1142
-2337
-6370
-8812
-8415
-6245
-4514
-4025
-4284
-4012
-2901
-1872
-1728
-1854
-1098
656
2691
4393
5207
4229
2235
1270
2242
4123
5073
4587
2930
1054
-75
-416
-405
-461
-939
-1738
-2405
-2390
-2223
-2818
-3732
-4393
-4352
-3914
-3289
-2917
-3181
-3843
-4031
-3373
-2165
-952
-355
-302
-434
-233
83
301
364
102
-428
-927
-1078
-1174
-1552
-2169
-2712
-2883
-2663
-2335
-2252
-2334
-2405
-2220
-1560
-583
288
734
740
744
1098
1742
2476
3061
3452
3724
4093
4709
5414
6116
6818
7547
8597
10026
11802
13014
11591
6849
1121
-1835
-874
1546
2641
1376
-2181
-6380
-8829
-8319
-6053
-4355
-4012
-4454
-4395
-3338
-2119
-1746
-1719
-1050
482
2399
4261
5099
4040
2132
1273
2388
4296
5412
4904
3102
1091
-102
-320
-156
-195
-826
-1873
-2506
-2499
-2455
-3197
-4346
-5184
-5528
-5336
-4603
-3729
-3507
-3822
-4049
-3687
-2789
-1563
-490
62
183
230
301
291
248
151
-220
-715
-1016
-1202
-1635
-2256
-2764
-2998
-3020
-2790
-2522
-2434
-2465
-2390
-1876
-1043
-116
484
601
565
803
1395
2211
2944
3393
3572
3855
4576
5651
6727
7555
8278
9160
10511
12201
12483
9600
4170
-268
-1108
718
2455
2207
-367
-4366
-7620
-8446
-6823
-4928
-4280
-4678
-4899
-4078
-2718
-1878
-1839
-1698
-717
1134
3161
4700
4703
3204
1809
1993
3578
5046
5289
4199
2467
1048
482
430
285
-251
-1079
-1852
-2142
-2086
-2524
-3777
-5296
-6176
-5999
-4963
-3627
-3015
-3361
-4065
-4328
-3622
-2123
-571
427
623
539
518
536
615
408
16
-376
-639
-722
-920
-1428
-2192
-2745
-2876
-2567
-2152
-1948
-2045
-2180
-1967
-1295
-463
92
286
382
643
1249
2083
2685
2919
3085
3547
4308
5408
6420
7200
7815
8450
9507
11087
11995
10326
5869
1150
-752
173
1680
1752
40
-3049
-6143
-7611
-6873
-5302
-4531
-4739
-5016
-4317
-2955
-1903
-1858
-1923
-1222
223
1959
3497
4064
3202
1847
1584
2704
4069
4486
3794
2521
1240
650
477
331
-6
-769
-1608
-1980
-1846
-2061
-3091
-4659
-6010
-6371
-5659
-4247
-3295
-3464
-4146
-4514
-4034
-2662
-1097
-131
118
17
149
447
714
660
229
-342
-695
-662
-608
-920
-1606
-2366
-2739
-2497
-1970
-1612
-1618
-1838
-1884
-1439
-627
77
345
347
488
949
1767
2555
2978
3161
3316
3930
4924
6079
7102
7803
8356
9139
10505
11390
9942
5859
1479
-276
716
2124
2215
612
-2515
-5688
-7173
-6253
-4545
-3896
-4232
-4675
-4010
-2694
-1616
-1477
-1631
-1223
-46
1671
3347
4043
3066
1620
1220
2308
3661
4141
3483
2189
960
408
468
570
208
-685
-1643
-2003
-1713
-1772
-2969
-4698
-5903
-6173
-5422
-4033
-3049
-3151
-4082
-4570
-3944
-2679
-1247
-315
-94
-229
-247
-86
-11
-119
-360
-750
-970
-740
-646
-1009
-1810
-2385
-2514
-2277
-1765
-1417
-1441
-1764
-1725
-1218
-536
-55
148
163
425
1103
1762
2283
2485
2709
3056
3690
4789
5921
6747
7287
7851
8726
10054
10741
9102
5105
1152
-242
656
1762
1728
177
-2758
-5594
-6677
-5800
-4406
-3803
-3904
-4070
-3584
-2420
-1498
-1393
-1401
-815
327
1808
3159
3570
2562
1357
1212
2216
3321
3687
3142
1955
791
209
147
104
-88
-640
-1308
-1578
-1472
-1966
-3495
-4936
-5421
-4988
-4149
-3266
-2822
-3249
-3943
-3843
-2870
-1662
-703
-281
-142
-69
237
336
54
-352
-608
-877
-972
-730
-729
-1382
-2143
-2309
-2037
-1644
-1255
-1123
-1264
-1321
-1014
-416
53
261
216
222
613
1458
2100
2222
2188
2421
2985
3731
4751
5631
6117
6501
7198
8229
9564
10372
9074
5250
1308
-155
676
1750
1641
262
-2354
-4978
-6078
-5277
-4050
-3665
-3828
-3922
-3325
-2174
-1218
-1151
-1429
-1038
127
1579
2772
3253
2452
1202
954
1846
2849
3074
2599
1587
644
92
-55
-165
-581
-1111
-1601
-1771
-1712
-2226
-3640
-5122
-5543
-4856
-3879
-2985
-2734
-3309
-4063
-3965
-2801
-1410
-496
-224
-354
-482
-276
-46
-157
-477
-778
-1034
-1200
-1144
-1204
-1785
-2466
-2549
-2126
-1531
-1178
-1171
-1334
-1400
-1013
-249
342
581
444
404
703
1295
2015
2297
2410
2562
3024
3787
4635
5306
5734
6042
6673
7797
9199
10031
8885
5459
1603
-101
494
1585
1644
464
-1828
-4214
-5409
-5004
-3998
-3633
-3642
-3519
-2815
-1736
-914
-960
-1293
-1008
79
1510
2792
3319
2643
1495
999
1670
2637
3026
2674
1874
948
345
223
92
-311
-797
-1174
-1389
-1634
-2322
-3677
-5056
-5452
-4784
-3806
-3081
-2869
-3223
-3741
-3575
-2548
-1417
-654
-200
-5
-6
154
203
-125
-557
-837
-838
-883
-899
-1125
-1820
-2558
-2733
-2265
-1831
-1585
-1517
-1546
-1566
-1219
-513
45
244
232
345
679
1253
1835
2089
2084
2284
2877
3556
4369
5060
5410
5711
6381
7382
8582
9615
9125
6324
2262
-98
132
1135
1306
462
-1342
-3658
-5269
-5325
-4330
-3750
-3694
-3684
-3167
-2235
-1338
-1128
-1395
-1139
-92
1240
2230
2929
2654
1614
1013
1632
2591
2957
2632
1970
1232
625
397
191
-221
-760
-1126
-1277
-1413
-1859
-3218
-4790
-5480
-5063
-4181
-3457
-3068
-3255
-3716
-3722
-2836
-1680
-748
-290
3
197
362
520
267
-97
-389
-514
-580
-724
-989
-1462
-2178
-2421
-2043
-1564
-1350
-1368
-1379
-1378
-1161
-620
-17
285
445
478
643
1088
1545
1906
2152
2471
3066
3743
4341
4854
5225
5531
6022
6891
7922
8914
9208
7727
4438
1244
191
761
1286
922
-240
-2158
-4193
-5090
-4736
-4000
-3699
-3552
-3294
-2716
-1869
-1271
-1353
-1346
-563
603
1609
2388
2710
2114
1275
1239
2032
2760
2876
2473
1836
1103
593
263
-96
-357
-580
-792
-1087
-1372
-2292
-4116
-5619
-5692
-4650
-3663
-2986
-2909
-3549
-4205
-3911
-2712
-1388
-462
-82
-54
-77
133
180
-178
-413
-311
-333
-519
-647
-910
-1691
-2396
-2302
-1760
-1380
-1239
-1293
-1450
-1452
-1047
-445
-35
117
189
225
516
1168
1674
1819
1933
2392
3038
3702
4400
4992
5140
5260
5694
6533
7378
8301
8949
8011
5246
2084
567
731
1252
1146
274
-1438
-3476
-4707
-4637
-3867
-3354
-3135
-2979
-2496
-1723
-1208
-1290
-1371
-780
292
1342
2194
2602
2085
1183
931
1612
2531
2876
2629
2112
1377
785
510
344
121
-193
-795
-1632
-2463
-3078
-3652
-4175
-4130
-3857
-3663
-3529
-3319
-3139
-3048
-2720
-2116
-1446
-844
-282
16
33
-105
-154
-185
-180
-7
2
-367
-899
-1208
-1462
-1655
-1535
-1296
-1179
-1256
-1273
-1282
-1325
-1147
-653
-199
101
363
486
489
589
997
1471
2014
2530
3170
3558
3725
4063
4464
4931
5507
6285
6995
7477
8076
8195
6688
3884
1302
498
801
1096
833
-111
-1921
-3829
-4762
-4492
-3661
-3105
-2740
-2518
-2222
-1851
-1596
-1592
-1317
-463
583
1425
1988
2098
1596
995
1102
1818
2437
2536
2250
1719
1135
750
564
297
-57
-581
-1516
-2521
-3117
-3291
-3552
-3896
-4035
-3944
-3875
-3551
-3030
-2690
-2540
-2344
-1848
-1234
-591
-62
91
-104
-191
-141
-138
-117
-67
-225
-729
-1092
-1125
-1069
-1235
-1291
-1178
-1213
-1194
-1041
-928
-1001
-880
-530
-207
89
385
550
543
768
1253
1784
2211
2681
3193
3511
3886
4469
4967
5276
5622
6139
6674
7236
8027
8124
6567
3514
1059
509
1092
1509
1059
-207
-2185
-3928
-4536
-3905
-2980
-2500
-2518
-2642
-2371
-1838
-1544
-1495
-1136
-308
636
1384
1844
1862
1299
824
1129
2026
2719
2610
2033
1356
792
575
489
364
53
-681
-1892
-2985
-3368
-3366
-3492
-3704
-3765
-3815
-3914
-3585
-3016
-2562
-2401
-2114
-1621
-1064
-494
-145
-146
-361
-286
-161
-115
-99
-199
-550
-1017
-1130
-923
-931
-1121
-1245
-1362
-1538
-1566
-1388
-1283
-1205
-1023
-742
-467
-275
-161
-67
114
580
1211
1689
2021
2353
2647
2909
3398
4072
4578
4860
5203
5639
5953
6334
6917
7467
7028
4996
2323
713
839
1390
1160
263
-1134
-2737
-3799
-3797
-3017
-2570
-2671
-2813
-2479
-1796
-1285
-1211
-1303
-1026
-264
673
1480
1929
1660
1004
704
1290
2214
2563
2271
1617
989
630
547
583
302
-556
-1679
-2596
-2919
-2773
-2759
-3236
-3808
-4042
-3914
-3444
-2799
-2387
-2313
-2409
-2158
-1541
-792
-299
-115
-188
-253
-135
-11
38
-98
-265
-579
-817
-738
-692
-908
-1221
-1346
-1347
-1309
-1168
-1024
-1038
-1022
-765
-378
-70
76
83
30
228
794
1440
1984
2344
2603
2867
3218
3745
4267
4668
4999
5405
5849
6279
6729
7314
7244
5767
3193
1204
874
1315
1329
607
-604
-2181
-3541
-3936
-3384
-2913
-2944
-2994
-2764
-2215
-1660
-1413
-1497
-1345
-626
346
1136
1592
1623
1130
695
1006
1816
2299
2150
1731
1288
962
728
494
234
-229
-869
-1681
-2461
-2957
-3300
-3718
-3922
-3737
-3487
-3451
-3312
-2978
-2714
-2481
-2100
-1521
-968
-576
-262
-159
-216
-269
-211
-124
-85
-50
-217
-593
-817
-851
-1000
-1167
-1244
-1188
-1328
-1451
-1378
-1340
-1294
-1152
-758
-468
-340
-275
-262
-181
118
613
1143
1488
1925
2279
2544
2861
3296
3671
3928
4375
4792
5186
5412
5762
6152
6643
6862
5833
3522
1329
677
1064
1178
704
-118
-1540
-3052
-3639
-3083
-2395
-2333
-2494
-2505
-2199
-1639
-1206
-1102
-1052
-607
176
818
1382
1674
1334
737
872
1605
2154
2127
1819
1383
881
590
518
471
247
-239
-719
-1238
-1717
-2384
-3444
-4225
-4264
-3836
-3412
-3119
-2869
-2927
-3164
-2957
-2202
-1406
-844
-447
-246
-244
-234
-124
-200
-282
-265
-340
-526
-665
-819
-1132
-1431
-1521
-1385
-1359
-1333
-1271
-1244
-1325
-1338
-1070
-813
-611
-518
-456
-486
-292
117
544
952
1416
1796
2069
2311
2676
3008
3215
3535
3899
4439
4817
5208
5565
5864
6353
6545
5657
3563
1613
1033
1253
1176
557
-278
-1527
-2796
-3295
-2971
-2472
-2519
-2762
-2662
-2194
-1595
-1212
-1272
-1276
-801
-2
710
1267
1553
1182
631
748
1532
2073
2004
1705
1378
1018
758
653
470
15
-747
-1473
-1920
-2103
-2518
-3217
-3639
-3585
-3407
-3339
-3103
-2821
-2724
-2730
-2454
-1817
-1157
-678
-492
-364
-218
-151
-152
-103
-52
-127
-291
-471
-561
-727
-965
-1231
-1282
-1123
-1168
-1277
-1357
-1416
-1504
-1542
-1337
-973
-680
-589
-406
-240
-107
105
443
843
1252
1581
1891
2151
2419
2687
2866
3121
3511
3927
4164
4364
4559
4780
4915
5241
5904
5899
4524
2287
822
651
915
759
136
-727
-1910
-2786
-2984
-2505
-2336
-2598
-2677
-2362
-1674
-1201
-1069
-1230
-1128
-552
245
875
1287
1226
725
471
833
1537
1798
1526
1068
740
561
450
369
67
-361
-824
-1273
-1893
-2885
-3807
-3992
-3510
-3065
-2974
-3243
-3501
-3485
-3059
-2403
-1673
-1210
-1128
-1092
-786
-315
-128
-254
-396
-333
-211
-83
-105
-372
-916
-1348
-1341
-1215
-1083
-1041
-1329
-1704
-1834
-1785
-1656
-1469
-1195
-880
-659
-335
-75
-76
-127
3
534
1108
1612
2024
2048
2014
2227
2584
3026
3383
3725
3918
3946
4053
4321
4582
4811
5260
5836
6026
5057
3032
1200
598
883
985
560
-215
-1329
-2542
-3085
-2683
-2064
-1999
-2203
-2102
-1681
-1257
-1003
-864
-805
-492
79
697
1185
1367
1070
622
631
1106
1588
1546
1240
948
686
497
342
181
-270
-1346
-2555
-2986
-2659
-2248
-2562
-3298
-3846
-4111
-3883
-3172
-2436
-2173
-2421
-2539
-2169
-1395
-731
-577
-712
-705
-487
-270
-154
-201
-531
-940
-1202
-1041
-822
-926
-1369
-1784
-1827
-1775
-1642
-1624
-1737
-1858
-1779
-1486
-1041
-629
-517
-550
-415
-48
323
533
781
1012
1230
1555
2005
2275
2357
2352
2438
2741
3162
3515
3641
3670
3827
4120
4450
4900
5362
5627
4969
3171
1340
640
824
887
556
-11
-870
-2045
-2732
-2618
-2127
-2060
-2181
-1973
-1552
-1227
-1179
-1137
-1168
-811
-79
624
1065
1272
1017
499
423
945
1572
1673
1489
1253
942
607
381
277
-5
-285
-686
-1346
-2373
-3442
-4048
-4148
-3665
-3092
-2825
-3138
-3435
-3374
-3030
-2373
-1658
-1079
-853
-762
-546
-433
-503
-515
-446
-367
-237
-163
-341
-827
-1267
-1424
-1433
-1323
-1058
-950
-1249
-1531
-1515
-1530
-1512
-1312
-998
-731
-486
-183
-110
-201
-186
104
529
968
1455
1680
1628
1672
1927
2296
2635
3050
3394
3404
3435
3637
3876
4031
4309
4720
5073
5488
5660
4732
2631
813
421
847
937
532
-227
-1338
-2458
-2795
-2416
-2100
-2253
-2466
-2270
-1816
-1264
-966
-1126
-1213
-919
-188
520
989
1117
772
338
499
1151
1597
1522
1192
854
520
339
264
88
-604
-1793
-2907
-3101
-2566
-2170
-2602
-3438
-4157
-4239
-3737
-2884
-2117
-2046
-2411
-2537
-2023
-1226
-672
-640
-765
-749
-500
-114
71
-66
-454
-872
-908
-606
-349
-493
-967
-1356
-1390
-1152
-1107
-1196
-1380
-1542
-1485
-1168
-715
-465
-535
-566
-346
-19
330
584
686
836
1155
1613
2002
2293
2433
2511
2688
3061
3509
3693
3639
3577
3691
3927
4201
4615
4953
5202
5519
5281
4007
2003
605
404
672
750
408
-375
-1607
-2606
-2657
-2110
-1690
-1645
-1703
-1578
-1305
-949
-810
-802
-680
-261
335
884
1217
1140
612
241
569
1175
1535
1521
1160
655
155
-129
-298
-604
-1168
-2191
-3200
-3467
-3030
-2752
-3055
-3571
-3798
-3739
-3334
-2677
-2158
-2129
-2315
-2185
-1678
-1061
-638
-584
-748
-776
-470
-206
-140
-124
-228
-483
-590
-433
-382
-650
-1072
-1289
-1225
-1182
-1140
-1228
-1457
-1600
-1486
-1189
-779
-396
-315
-373
-311
65
521
780
1097
1428
1660
1877
2090
2283
2438
2659
2876
3182
3368
3497
3569
3600
3700
3887
4156
4450
4809
5280
5407
4456
2584
913
439
763
981
723
75
-904
-1961
-2490
-2165
-1771
-1763
-1883
-1660
-1218
-952
-954
-1065
-1093
-698
62
736
1018
951
583
194
338
980
1531
1538
1139
760
417
63
-251
-819
-1640
-2238
-2244
-1979
-2024
-2549
-3247
-3697
-3625
-3044
-2475
-2182
-2232
-2339
-2318
-2026
-1498
-1061
-965
-894
-553
-212
-54
-21
-37
-166
-187
-32
75
-56
-392
-648
-863
-955
-823
-888
-1137
-1351
-1364
-1300
-1197
-967
-703
-596
-472
-189
89
165
204
349
615
924
1372
1779
1873
1892
1953
2160
2382
2671
3034
3154
3168
3268
3416
3486
3670
4036
4406
4752
5180
5454
4805
3057
1153
432
828
1328
1152
378
-713
-1866
-2483
-2286
-1673
-1510
-1783
-2008
-1823
-1349
-1177
-1262
-1383
-1183
-587
79
544
677
381
-5
-29
525
1312
1533
1254
797
576
476
282
-105
-1032
-2185
-2865
-2686
-2161
-2027
-2608
-3520
-4118
-3906
-3159
-2457
-2128
-2308
-2568
-2501
-1922
-1164
-795
-792
-831
-584
-193
97
246
109
-130
-195
-25
196
175
-88
-546
-786
-776
-661
-710
-1003
-1278
-1388
-1327
-1081
-793
-701
-758
-761
-539
-249
-21
134
248
498
867
1335
1698
1885
2088
2228
2452
2714
3025
3255
3374
3490
3580
3613
3596
3643
3928
4276
4692
5113
5284
4642
3015
1225
447
813
1228
951
255
-631
-1676
-2426
-2371
-1733
-1433
-1634
-1736
-1495
-1205
-1111
-1145
-1134
-857
-246
395
752
822
615
281
189
649
1357
1541
1170
759
453
-31
-787
-1495
-1833
-1767
-1657
-1870
-2509
-3206
-3762
-3878
-3507
-2865
-2404
-2466
-2616
-2498
-2206
-1905
-1597
-1274
-969
-563
-161
112
163
24
-149
-140
130
376
288
-164
-646
-844
-890
-915
-943
-1151
-1441
-1735
-1801
-1683
-1634
-1604
-1482
-1214
-824
-469
-307
-383
-425
-146
373
968
1490
1821
1818
1750
1879
2199
2569
2879
3006
3033
3102
3171
3251
3346
3327
3369
3591
3904
4297
4666
4866
4587
3490
1791
625
639
1219
1249
684
-152
-1051
-1765
-1865
-1362
-1016
-1263
-1558
-1359
-1009
-746
-699
-777
-808
-498
147
717
787
537
195
-13
326
986
1428
1184
692
309
113
-291
-1031
-1928
-2574
-2420
-1861
-1528
-1839
-2573
-3355
-3623
-3039
-2011
-1339
-1391
-1684
-1835
-1626
-1197
-842
-661
-617
-525
-234
0
19
-193
-552
-694
-440
-61
-2
-459
-917
-1274
-1414
-1311
-1148
-1195
-1493
-1744
-1854
-1686
-1512
-1303
-1106
-918
-563
-141
107
30
-36
66
389
943
1531
1868
1817
1638
1620
1825
2126
2419
2618
2636
2565
2528
2582
2676
2860
3138
3415
3694
3977
4211
4473
4389
3549
2080
856
731
1173
1191
577
-212
-1150
-1954
-2195
-1736
-1254
-1375
-1686
-1807
-1682
-1459
-1338
-1286
-1247
-958
-471
-123
-23
-88
-279
-446
-171
522
1024
924
601
333
170
-100
-691
-1330
-1731
-1670
-1422
-1399
-1740
-2318
-2899
-3187
-2777
-2162
-1825
-1990
-2314
-2382
-2182
-1762
-1449
-1235
-1147
-1030
-820
-620
-500
-473
-575
-603
-325
-38
-46
-320
-656
-869
-950
-926
-777
-826
-1078
-1383
-1427
-1361
-1190
-1035
-927
-820
-661
-422
-223
-140
-75
52
321
670
1016
1307
1359
1381
1531
1775
2029
2245
2412
2459
2447
2548
2726
2835
2992
3160
3340
3563
3803
4059
4204
4386
4487
4030
2783
1396
733
873
1011
696
129
-660
-1544
-2151
-2082
-1622
-1376
-1561
-1756
-1742
-1637
-1482
-1353
-1222
-1032
-700
-286
95
363
434
209
119
493
998
1278
1037
762
427
-138
-817
-1394
-1611
-1612
-1536
-1744
-2149
-2657
-3090
-3293
-3211
-2801
-2500
-2504
-2591
-2501
-2290
-2117
-1939
-1672
-1386
-1110
-778
-562
-448
-478
-512
-392
-178
17
22
-179
-413
-555
-660
-773
-886
-992
-1177
-1408
-1518
-1494
-1483
-1534
-1453
-1266
-975
-749
-553
-414
-390
-214
22
309
681
1079
1297
1416
1521
1674
1781
1894
2122
2310
2434
2476
2608
2653
2680
2727
2747
2868
3126
3382
3615
3752
3900
4084
4011
3337
2077
900
520
711
795
423
-205
-882
-1550
-1879
-1618
-1174
-1186
-1432
-1433
-1142
-866
-785
-719
-731
-601
-257
101
332
420
314
164
216
588
1001
966
660
228
-145
-591
-942
-1090
-1335
-1815
-2153
-2227
-2321
-2485
-2722
-2848
-2838
-2605
-2270
-2024
-1989
-1992
-1903
-1829
-1506
-992
-714
-610
-501
-311
-215
-186
-74
-33
-53
-106
-145
-270
-484
-721
-936
-1119
-1144
-1147
-1284
-1504
-1619
-1600
-1581
-1474
-1269
-1046
-932
-833
-544
-341
-229
-80
68
295
602
977
1230
1408
1483
1537
1670
1817
2039
2151
2097
2121
2211
2317
2294
2276
2345
2383
2565
2863
3152
3256
3288
3406
3571
3503
2819
1624
741
740
1118
1021
473
-146
-754
-1290
-1430
-1075
-743
-970
-1379
-1434
-1172
-868
-837
-900
-891
-730
-476
-186
-13
31
-76
-225
-30
377
763
667
305
105
-13
-341
-969
-1489
-1779
-1709
-1412
-1287
-1445
-1904
-2457
-2774
-2469
-1873
-1447
-1419
-1654
-1726
-1607
-1412
-1210
-971
-846
-722
-530
-279
-117
-187
-353
-421
-240
6
63
-138
-518
-776
-920
-938
-859
-865
-1075
-1350
-1459
-1373
-1249
-1185
-1155
-1068
-887
-635
-325
-160
-56
-50
-18
162
487
874
1214
1349
1446
1519
1519
1661
1795
1926
2027
2103
2220
2264
2297
2255
2236
2286
2485
2822
3029
3193
3285
3338
3437
3458
3146
2302
1224
704
873
1092
857
77
-716
-1260
-1486
-1349
-1125
-1084
-1442
-1837
-1831
-1504
-1239
-1304
-1412
-1299
-1016
-679
-369
-206
-237
-374
-378
-5
533
782
613
335
170
98
-194
-762
-1193
-1352
-1522
-1687
-1846
-1950
-2280
-2631
-2705
-2508
-2161
-1937
-1890
-1955
-1813
-1695
-1574
-1475
-1285
-1059
-881
-737
-585
-476
-507
-576
-538
-375
-316
-437
-545
-621
-682
-786
-905
-1047
-1218
-1329
-1376
-1416
-1355
-1281
-1317
-1229
-968
-690
-505
-312
-142
-9
98
288
511
639
778
921
1101
1306
1505
1636
1646
1658
1691
1756
1749
1745
1837
1986
2053
2180
2362
2525
2623
2775
2941
3015
3169
3417
3605
3543
3077
2145
1150
649
761
999
720
-48
-749
-1239
-1510
-1575
-1363
-1247
-1521
-1753
-1677
-1410
-1294
-1289
-1305
-1155
-714
-317
-75
35
37
-48
-52
208
622
866
737
471
279
-78
-530
-871
-907
-1051
-1536
-1980
-2202
-2278
-2429
-2511
-2569
-2622
-2588
-2456
-2300
-2053
-1886
-1839
-1833
-1621
-1195
-860
-816
-758
-578
-499
-432
-246
-92
-147
-300
-403
-384
-416
-527
-676
-904
-1137
-1156
-1176
-1283
-1431
-1480
-1536
-1533
-1352
-1122
-994
-920
-720
-437
-213
40
312
462
534
624
777
966
1180
1384
1473
1455
1463
1499
1534
1648
1740
1868
1904
1864
1938
1991
2063
2208
2453
2698
2832
2941
3085
3283
3432
3342
2997
2393
1748
1287
1233
1389
1255
698
-87
-665
-931
-1000
-908
-764
-836
-1138
-1291
-1200
-1033
-1001
-978
-879
-675
-433
-225
-76
-78
-174
-127
89
397
705
793
597
386
324
410
360
-23
-610
-1174
-1366
-1323
-1300
-1477
-1879
-2250
-2355
-2188
-1896
-1634
-1611
-1738
-1681
-1509
-1216
-986
-845
-859
-778
-643
-447
-259
-261
-286
-398
-411
-307
-265
-364
-480
-629
-753
-780
-719
-734
-895
-1044
-1080
-1108
-1069
-1033
-1070
-1081
-1040
-842
-517
-291
-55
14
38
97
163
340
449
608
757
958
1163
1254
1246
1227
1267
1379
1546
1812
1971
2016
1994
2001
2143
2351
2575
2736
2855
2983
3112
3277
3356
3257
2958
2442
1904
1366
948
800
651
210
-375
-751
-1020
-1247
-1425
-1472
-1504
-1583
-1620
-1430
-1225
-1118
-1089
-993
-746
-465
-213
-16
129
271
387
485
642
847
1002
937
756
544
347
26
-209
-294
-469
-810
-1274
-1819
-2279
-2456
-2342
-2209
-2133
-2193
-2238
-2303
-2173
-1799
-1464
-1227
-1030
-783
-602
-383
-130
-13
27
115
290
446
499
465
283
10
-184
-244
-311
-423
-671
-867
-1063
-1267
-1355
-1378
-1469
-1551
-1459
-1348
-1212
-1062
-869
-711
-438
-95
267
513
623
692
765
961
1219
1497
1657
1660
1681
1776
1840
1846
1917
1924
1900
1958
1946
1935
1903
1840
1898
2021
2231
2382
2429
2448
2471
2533
2491
2254
1947
1572
1147
818
694
723
466
-51
-478
-706
-810
-837
-804
-797
-960
-1094
-1146
-1016
-885
-881
-808
-674
-549
-397
-308
-307
-317
-217
-99
0
139
189
28
-253
-417
-391
-340
-447
-596
-815
-1220
-1674
-1986
-1886
-1533
-1322
-1396
-1586
-1730
-1771
-1669
-1431
-1132
-922
-832
-833
-750
-532
-429
-453
-432
-308
-156
-128
-242
-272
-388
-555
-634
-609
-527
-555
-762
-1039
-1143
-1120
-1097
-1118
-1107
-1044
-1019
-1021
-934
-752
-596
-433
-226
25
324
437
498
508
597
680
816
996
1105
1217
1234
1329
1392
1476
1523
1556
1702
1797
1859
1924
1947
2013
2140
2265
2443
2642
2769
2839
2918
2952
2982
2876
2654
2317
1947
1574
1152
860
727
517
81
-397
-804
-1106
-1204
-1248
-1158
-1188
-1404
-1559
-1515
-1382
-1283
-1104
-1021
-904
-737
-508
-349
-258
-230
-142
-6
125
322
366
223
30
-43
-73
-72
-164
-229
-439
-829
-1288
-1723
-1846
-1769
-1638
-1622
-1688
-1767
-1880
-1870
-1686
-1423
-1187
-1084
-1021
-960
-856
-717
-659
-580
-548
-512
-441
-416
-385
-396
-584
-763
-800
-792
-805
-902
-1052
-1212
-1351
-1422
-1338
-1222
-1142
-1096
-1066
-953
-818
-571
-356
-185
-4
224
394
522
671
761
778
872
1110
1263
1402
1529
1516
1499
1480
1589
1655
1709
1780
1788
1817
1874
1940
2038
2156
2224
2342
2411
2507
2588
2585
2435
2116
1848
1736
1614
1343
900
612
466
277
0
-356
-661
-854
-986
-1012
-833
-822
-996
-1220
-1261
-1059
-831
-655
-529
-420
-384
-287
-182
12
167
261
284
327
481
544
399
205
104
75
44
-40
-183
-565
-1142
-1611
-1702
-1581
-1459
-1460
-1617
-1795
-1882
-1754
-1556
-1368
-1286
-1207
-1143
-989
-783
-715
-677
-695
-549
-419
-439
-329
-320
-434
-559
-531
-442
-445
-482
-641
-756
-863
-904
-935
-1001
-1033
-1046
-1056
-1008
-896
-763
-682
-570
-423
-224
-73
5
57
184
273
416
578
639
797
932
1004
1078
1184
1282
1347
1353
1475
1653
1768
1815
1890
1916
2050
2163
2311
2464
2473
2480
2466
2442
2350
2103
1855
1681
1429
1147
642
289
196
51
-251
-532
-702
-882
-991
-1003
-893
-822
-929
-1097
-1060
-853
-689
-564
-515
-459
-348
-225
-102
-18
90
111
29
12
105
211
100
-103
-220
-260
-363
-394
-381
-488
-687
-1062
-1415
-1697
-1736
-1542
-1335
-1279
-1220
-1337
-1497
-1387
-1151
-865
-611
-491
-464
-415
-399
-346
-350
-372
-364
-353
-344
-334
-437
-588
-703
-739
-662
-618
-700
-777
-899
-1062
-1171
-1218
-1124
-1024
-993
-943
-816
-728
-611
-432
-212
28
248
433
580
670
796
809
856
980
1166
1310
1416
1547
1571
1536
1516
1594
1728
1788
1798
1821
1842
1880
1987
2061
2120
2183
2199
2298
2371
2340
2162
1842
1534
1345
1189
792
456
259
114
-69
-304
-530
-723
-908
-1054
-1053
-919
-867
-975
-1116
-1126
-985
-826
-737
-636
-550
-505
-449
-346
-153
-51
-20
-44
0
135
154
118
6
-101
-162
-164
-212
-282
-419
-805
-1282
-1524
-1413
-1169
-1157
-1332
-1532
-1690
-1773
-1607
-1268
-1054
-1091
-1189
-1194
-1070
-867
-806
-870
-987
-966
-893
-848
-748
-692
-774
-900
-909
-773
-650
-704
-822
-862
-881
-810
-782
-811
-851
-858
-850
-776
-572
-344
-299
-240
-103
136
419
459
542
538
513
548
693
907
1052
1060
1063
1158
1220
1278
1286
1375
1385
1456
1537
1586
1680
1741
1884
1956
2085
2185
2241
2273
2328
2372
2247
2059
1818
1643
1494
1266
931
566
266
115
-19
-187
-443
-616
-857
-1037
-1038
-981
-913
-1056
-1167
-1125
-974
-857
-721
-599
-494
-432
-371
-231
-140
-57
-22
-4
92
174
123
-4
-160
-240
-365
-457
-546
-643
-908
-1374
-1714
-1889
-1829
-1778
-1795
-1868
-2002
-2044
-1987
-1869
-1683
-1533
-1428
-1326
-1175
-964
-843
-862
-908
-849
-650
-527
-458
-442
-521
-590
-690
-620
-565
-581
-709
-852
-947
-991
-993
-1012
-1060
-1119
-1114
-1049
-877
-741
-660
-621
-535
-338
-133
31
151
206
288
402
584
803
984
1104
1110
1214
1334
1489
1544
1510
1573
1715
1828
1871
1966
1993
1946
1946
2062
2250
2376
2382
2343
2327
2190
1997
1817
1682
1560
1298
939
589
386
299
172
-74
-270
-475
-687
-818
-899
-805
-801
-889
-1024
-982
-869
-853
-724
-597
-505
-488
-430
-313
-213
-114
-89
-67
4
76
30
-28
-96
-168
-191
-238
-300
-306
-475
-728
-1120
-1560
-1781
-1745
-1507
-1374
-1380
-1516
-1600
-1655
-1536
-1296
-1079
-973
-960
-990
-942
-876
-807
-749
-760
-715
-623
-522
-559
-672
-787
-903
-855
-712
-693
-758
-896
-1048
-1121
-1188
-1113
-1054
-1076
-1054
-1001
-854
-679
-528
-329
-153
33
193
321
377
394
443
534
717
891
1107
1205
1231
1236
1302
1371
1436
1571
1687
1770
1825
1862
1879
1944
2060
2160
2223
2284
2372
2476
2452
2178
1896
1690
1537
1368
1052
709
473
249
-48
-325
-530
-661
-880
-1059
-1005
-941
-931
-1062
-1082
-1002
-889
-713
-528
-362
-225
-129
-96
7
232
398
456
450
506
590
529
403
241
61
-37
1
-28
-197
-460
-691
-857
-1015
-1141
-1376
-1541
-1635
-1640
-1702
-1649
-1536
-1493
-1436
-1361
-1182
-960
-790
-674
-522
-457
-357
-316
-329
-318
-307
-328
-379
-423
-423
-532
-629
-660
-708
-733
-797
-829
-849
-892
-953
-962
-911
-881
-854
-768
-762
-626
-452
-264
-41
166
377
438
493
571
644
678
741
822
967
1120
1225
1309
1296
1299
1371
1504
1650
1785
1899
1943
2016
2051
2156
2270
2366
2495
2626
2642
2442
2142
1897
1743
1504
1203
877
675
467
135
-184
-492
-707
-953
-1168
-1184
-1093
-1070
-1178
-1232
-1197
-1026
-910
-822
-596
-496
-335
-229
-108
95
291
348
402
488
585
624
483
431
356
271
184
90
-137
-541
-829
-833
-722
-883
-1397
-1973
-2302
-2248
-1871
-1483
-1357
-1494
-1699
-1761
-1490
-979
-585
-518
-625
-561
-384
-251
-165
-192
-296
-403
-352
-210
-154
-283
-585
-811
-878
-751
-603
-677
-940
-1136
-1245
-1279
-1183
-1055
-1081
-1195
-1127
-936
-653
-408
-259
-74
119
396
617
823
933
944
948
957
1150
1393
1570
1612
1587
1598
1631
1665
1786
1903
2043
2130
2202
2321
2354
2374
2380
2468
2673
2832
2808
2497
1980
1629
1425
1280
1096
967
782
372
-105
-448
-622
-791
-926
-960
-863
-821
-926
-1096
-1221
-1170
-998
-805
-548
-254
-101
-116
-173
-99
207
348
430
583
673
605
578
602
562
463
272
102
36
-87
-431
-956
-1291
-1286
-1267
-1480
-1858
-2167
-2250
-2182
-1986
-1665
-1538
-1597
-1649
-1555
-1265
-886
-706
-728
-731
-666
-526
-463
-450
-470
-572
-746
-775
-579
-547
-725
-952
-1088
-1098
-1093
-1077
-1119
-1272
-1383
-1371
-1289
-1111
-998
-1015
-997
-882
-645
-374
-151
5
188
409
663
928
1103
1079
990
916
974
1150
1363
1483
1478
1461
1479
1517
1609
1801
2014
2096
2176
2333
2491
2649
2749
2872
3042
3173
3153
2855
2444
2063
1792
1540
1316
1238
1076
601
-33
-518
-764
-859
-995
-949
-890
-1017
-1194
-1242
-1161
-1013
-831
-654
-491
-305
-112
-39
17
131
360
531
695
859
931
881
728
680
626
594
451
163
-180
-493
-652
-759
-922
-1123
-1359
-1521
-1669
-1850
-2069
-2298
-2300
-1999
-1702
-1545
-1453
-1429
-1467
-1358
-1014
-611
-447
-381
-468
-534
-500
-426
-389
-463
-610
-679
-809
-822
-839
-975
-1155
-1300
-1260
-1224
-1242
-1322
-1388
-1476
-1382
-1225
-1007
-869
-856
-837
-775
-597
-280
47
283
500
715
870
999
1083
1085
1041
957
1015
1172
1380
1544
1603
1628
1612
1668
1802
1932
2107
2244
2397
2482
2580
2701
2811
2901
2884
2676
2450
2218
1958
1623
1217
965
802
592
195
-256
-624
-876
-995
-1008
-1014
-1027
-1098
-1236
-1267
-1140
-944
-766
-641
-443
-185
29
121
258
451
568
666
804
953
1015
914
778
656
612
586
511
357
110
-198
-466
-754
-1071
-1399
-1593
-1531
-1510
-1785
-2257
-2439
-2326
-2052
-1738
-1326
-1188
-1278
-1326
-1165
-828
-632
-452
-439
-464
-361
-241
-343
-468
-543
-635
-737
-646
-541
-615
-869
-1136
-1162
-1167
-1094
-1077
-1144
-1280
-1333
-1285
-1237
-1116
-1064
-982
-962
-797
-423
-114
71
264
541
743
839
894
938
864
888
1032
1304
1530
1640
1616
1538
1485
1640
1884
2010
2147
2293
2406
2387
2508
2683
2687
2679
2662
2523
2268
2020
1658
1189
852
752
688
363
-174
-621
-967
-1206
-1264
-1145
-1051
-1156
-1324
-1343
-1334
-1164
-1023
-868
-649
-472
-266
-154
-17
151
256
358
501
685
800
765
680
619
527
447
429
295
156
-218
-592
-875
-1023
-1018
-1008
-1111
-1262
-1535
-1962
-2281
-2351
-2063
-1711
-1419
-1252
-1207
-1245
-1221
-1029
-755
-470
-299
-222
-231
-265
-336
-485
-592
-577
-463
-474
-506
-576
-749
-933
-1074
-1084
-988
-898
-913
-993
-1131
-1182
-1170
-1057
-959
-819
-703
-637
-503
-338
-145
-22
269
618
901
1073
1091
1069
1019
1006
1063
1203
1358
1534
1665
1702
1710
1681
1725
1803
1979
2303
2487
2522
2508
2528
2635
2747
2788
2601
2270
1976
1722
1354
1023
786
605
243
-269
-580
-740
-952
-1143
-1225
-1305
-1268
-1284
-1287
-1251
-1204
-1059
-915
-726
-496
-254
-212
-160
54
273
445
546
668
753
743
693
646
656
591
495
323
110
-56
-169
-527
-883
-1242
-1414
-1374
-1379
-1501
-1895
-2385
-2635
-2380
-1912
-1491
-1364
-1410
-1544
-1448
-1163
-742
-483
-455
-487
-444
-363
-299
-271
-476
-626
-583
-468
-381
-400
-573
-874
-1089
-1089
-883
-770
-807
-949
-1136
-1228
-1150
-1007
-913
-807
-735
-630
-558
-366
-179
-17
113
358
721
1010
1264
1312
1219
1087
1086
1229
1465
1676
1791
1834
1753
1746
1889
2070
2292
2479
2605
2683
2749
2861
2947
2959
2912
2691
2381
2103
1848
1559
1149
864
689
426
27
-302
-522
-746
-990
-1096
-1010
-939
-999
-1063
-1029
-931
-787
-623
-415
-161
0
90
147
275
485
636
668
715
792
780
692
590
584
484
311
125
-23
-203
-495
-904
-1209
-1296
-1335
-1361
-1449
-1620
-1931
-2214
-2363
-2243
-1866
-1528
-1293
-1221
-1176
-1105
-943
-759
-586
-415
-377
-454
-471
-424
-504
-628
-702
-667
-691
-726
-778
-969
-1161
-1267
-1292
-1273
-1169
-1132
-1226
-1323
-1353
-1253
-1209
-1126
-1030
-946
-856
-699
-510
-316
-153
8
218
533
849
1050
1082
1047
1012
1013
1124
1302
1471
1564
1631
1634
1672
1805
1927
1982
2136
2331
2500
2597
2691
2700
2736
2678
2493
2257
2043
1868
1531
1145
813
558
366
139
-134
-452
-716
-922
-978
-966
-888
-924
-990
-1079
-1087
-909
-772
-596
-422
-258
-97
14
136
260
374
433
465
582
676
713
659
520
386
325
292
169
17
-130
-394
-637
-804
-891
-1149
-1511
-1741
-1737
-1783
-1984
-2073
-2018
-1879
-1804
-1575
-1412
-1295
-1155
-1063
-922
-721
-606
-530
-586
-633
-566
-557
-643
-691
-700
-765
-829
-872
-806
-917
-1049
-1120
-1143
-1122
-1065
-1061
-1132
-1179
-1196
-1158
-1122
-999
-888
-849
-805
-628
-361
-213
-21
264
505
670
779
869
934
951
1099
1243
1329
1414
1514
1594
1643
1819
1978
2040
2041
2168
2327
2377
2428
2558
2599
2468
2193
1837
1588
1431
1148
825
523
290
136
-147
-429
-618
-805
-1007
-1130
-1098
-1014
-985
-1124
-1146
-996
-775
-624
-427
-328
-211
-99
-56
114
330
465
489
495
575
627
632
553
403
311
181
-17
-224
-367
-514
-684
-820
-916
-1014
-1164
-1318
-1392
-1522
-1647
-1800
-1808
-1619
-1364
-1177
-1108
-1047
-1058
-935
-737
-502
-361
-270
-304
-454
-423
-369
-407
-473
-544
-665
-740
-821
-849
-877
-968
-1020
-1059
-1040
-994
-985
-1044
-1073
-1050
-992
-915
-836
-778
-680
-660
-519
-329
-154
-3
108
388
685
938
1045
1038
951
886
947
1131
1302
1413
1461
1476
1550
1637
1753
1838
1921
2070
2215
2341
2389
2376
2287
2130
1892
1666
1533
1342
1066
682
365
111
-73
-273
-472
-551
-742
-900
-1066
-1149
-1105
-1145
-1193
-1104
-983
-888
-842
-815
-678
-506
-377
-279
-140
21
68
69
133
237
301
284
202
87
58
-27
-134
-242
-395
-567
-710
-850
-898
-990
-1245
-1601
-1826
-1816
-1727
-1581
-1443
-1373
-1490
-1499
-1360
-1114
-887
-705
-627
-643
-605
-523
-486
-503
-494
-471
-455
-457
-434
-465
-649
-803
-830
-772
-718
-762
-810
-945
-987
-967
-896
-799
-819
-810
-907
-874
-683
-474
-337
-237
-138
25
252
564
825
947
974
970
1033
1136
1273
1370
1469
1551
1682
1778
1841
1848
1829
1859
1926
2140
2349
2425
2354
2275
2164
2017
1839
1685
1531
1350
1062
751
457
179
-20
-151
-268
-391
-497
-705
-939
-989
-974
-923
-841
-791
-734
-666
-613
-556
-440
-388
-286
-145
-16
71
146
175
101
80
79
91
104
34
-83
-201
-304
-415
-546
-655
-809
-894
-1058
-1297
-1497
-1690
-1790
-1791
-1622
-1499
-1475
-1479
-1470
-1399
-1232
-1038
-864
-718
-684
-617
-631
-659
-615
-625
-637
-614
-601
-630
-737
-837
-857
-911
-943
-934
-956
-1010
-1076
-1085
-1084
-1075
-1038
-977
-931
-896
-817
-718
-579
-445
-292
-102
145
364
596
762
752
770
800
908
1041
1175
1297
1404
1470
1555
1670
1744
1840
1927
2008
2165
2327
2364
2366
2370
2393
2320
2125
1884
1684
1437
1160
871
617
479
263
-14
-257
-472
-600
-745
-838
-888
-826
-791
-810
-786
-705
-592
-539
-444
-279
-98
-33
81
213
265
329
339
376
412
354
340
292
187
113
-40
-175
-263
-382
-475
-635
-748
-872
-994
-1191
-1500
-1699
-1784
-1695
-1527
-1400
-1315
-1404
-1473
-1386
-1159
-887
-748
-645
-661
-685
-666
-621
-598
-608
-651
-694
-726
-768
-810
-955
-1008
-1039
-1042
-1013
-989
-1026
-1151
-1190
-1204
-1146
-1016
-909
-866
-860
-789
-671
-474
-289
-172
9
261
520
773
885
882
887
925
1043
1233
1438
1534
1533
1566
1658
1828
1924
2000
2050
2108
2224
2277
2354
2324
2053
1685
1431
1315
1265
1073
682
344
91
-70
-237
-366
-551
-766
-883
-910
-812
-705
-720
-845
-834
-763
-545
-385
-319
-198
-150
-105
-15
146
266
305
269
300
321
316
301
258
150
31
-45
-149
-248
-321
-473
-634
-775
-805
-844
-1006
-1286
-1606
-1644
-1531
-1282
-1061
-1037
-1181
-1246
-1140
-930
-685
-569
-529
-522
-539
-452
-432
-433
-493
-599
-603
-553
-480
-519
-669
-831
-912
-869
-788
-713
-724
-835
-921
-891
-761
-661
-614
-608
-537
-454
-275
-34
147
243
373
546
794
1048
1179
1178
1101
1109
1244
1410
1642
1791
1707
1676
1646
1714
1868
2009
2131
2126
2167
2165
2133
1982
1629
1315
1115
999
950
738
462
147
-154
-379
-457
-509
-584
-704
-811
-826
-807
-778
-838
-838
-766
-651
-497
-378
-299
-289
-326
-276
-158
-4
111
133
116
82
-32
-40
-27
-97
-173
-211
-220
-322
-404
-521
-640
-736
-875
-1200
-1565
-1650
-1499
-1308
-1149
-1144
-1218
-1315
-1225
-1033
-733
-501
-452
-537
-600
-561
-450
-388
-430
-435
-458
-465
-487
-492
-560
-725
-816
-728
-645
-564
-558
-681
-787
-833
-722
-550
-449
-428
-401
-395
-232
28
190
364
481
664
872
1122
1306
1414
1408
1380
1525
1684
1880
2048
2036
1985
1968
2065
2219
2343
2424
2422
2413
2377
2226
1892
1575
1287
1174
1053
832
587
284
-1
-246
-378
-439
-502
-651
-775
-733
-710
-699
-738
-733
-617
-520
-414
-295
-240
-201
-229
-163
-37
92
90
1
-31
-66
-83
-76
-43
-100
-195
-310
-412
-472
-537
-684
-962
-1293
-1449
-1344
-1168
-1081
-1142
-1302
-1390
-1433
-1256
-958
-735
-658
-678
-673
-644
-504
-432
-476
-505
-525
-497
-516
-515
-572
-709
-821
-768
-679
-644
-665
-856
-916
-933
-856
-704
-628
-620
-595
-595
-501
-313
-97
53
123
238
462
655
878
1146
1205
1223
1244
1383
1610
1699
1761
1731
1716
1820
1983
2121
2177
2157
2148
2188
2207
2120
1843
1515
1278
1052
845
587
326
47
-163
-389
-523
-636
-761
-869
-936
-908
-878
-784
-772
-717
-693
-606
-517
-330
-193
-162
-94
-113
-52
73
132
178
166
107
62
25
-27
-73
-153
-257
-361
-461
-580
-795
-1034
-1239
-1390
-1536
-1563
-1457
-1329
-1287
-1305
-1334
-1286
-1096
-898
-703
-548
-512
-424
-441
-374
-239
-246
-267
-288
-285
-324
-380
-503
-535
-586
-626
-617
-653
-666
-773
-848
-911
-833
-710
-663
-652
-651
-601
-479
-289
-50
161
287
447
652
862
1011
1158
1301
1426
1601
1733
1887
1971
2074
2123
2167
2274
2352
2448
2421
2239
1971
1559
1208
1031
815
527
177
-158
-409
-614
-775
-941
-1138
-1313
-1424
-1370
-1190
-1065
-1064
-1102
-1072
-877
-660
-465
-330
-229
-167
-154
-49
94
164
128
58
54
67
29
-62
-210
-308
-447
-517
-676
-844
-1125
-1512
-1669
-1645
-1520
-1462
-1556
-1649
-1695
-1658
-1480
-1240
-1034
-905
-818
-762
-626
-437
-301
-296
-313
-262
-187
-100
-67
-63
-188
-331
-328
-318
-271
-319
-398
-534
-629
-573
-558
-557
-516
-458
-461
-368
-212
-39
102
187
388
555
783
990
1176
1293
1427
1597
1776
1977
2119
2218
2289
2340
2461
2586
2686
2814
2736
2400
1904
1508
1329
1176
896
457
33
-294
-524
-684
-878
-1114
-1394
-1491
-1451
-1303
-1130
-1100
-1176
-1197
-994
-735
-553
-367
-262
-246
-271
-103
80
170
148
24
-64
-119
-144
-216
-400
-605
-751
-849
-960
-1120
-1391
-1745
-1931
-1947
-1852
-1744
-1785
-1878
-1906
-1825
-1629
-1407
-1224
-1049
-981
-851
-683
-508
-386
-334
-378
-355
-242
-244
-245
-340
-400
-497
-574
-497
-491
-567
-656
-730
-728
-690
-619
-515
-488
-411
-240
-114
70
295
471
655
920
1214
1465
1684
1826
1905
2058
2308
2561
2743
2864
2952
3012
3161
3249
3041
2453
1933
1630
1379
1143
777
226
-288
-667
-920
-1037
-1184
-1406
-1622
-1798
-1645
-1405
-1211
-1135
-1071
-913
-670
-317
-41
193
255
313
415
632
813
856
711
513
411
346
300
212
29
-263
-518
-674
-747
-944
-1250
-1643
-1974
-2015
-1892
-1787
-1831
-1995
-2067
-1980
-1782
-1418
-1119
-960
-920
-840
-605
-352
-108
-13
-44
-95
-90
18
39
-8
-150
-332
-422
-405
-352
-450
-583
-743
-740
-676
-487
-361
-348
-268
-172
57
279
507
712
943
1230
1561
1960
2314
2570
2761
2919
3143
3457
3865
4112
3929
3389
2719
2272
2083
1837
1394
744
98
-444
-831
-1164
-1475
-1837
-2165
-2396
-2345
-2087
-1979
-1940
-1976
-1817
-1447
-1010
-527
-206
-81
48
201
473
728
882
908
838
806
754
718
590
378
56
-181
-353
-612
-921
-1360
-1697
-1886
-1989
-2058
-2118
-2160
-2198
-2134
-1959
-1789
-1551
-1355
-1148
-881
-585
-325
-184
-88
-16
108
216
289
293
246
98
-43
-93
-149
-215
-296
-362
-448
-547
-593
-590
-567
-462
-320
-162
16
259
506
725
961
1314
1728
2098
2550
2891
3227
3470
3724
4027
4245
4412
4184
3552
2800
2273
1969
1666
1200
540
-205
-873
-1319
-1611
-1914
-2156
-2414
-2574
-2466
-2200
-1961
-1870
-1741
-1454
-1053
-540
-84
245
411
510
686
929
1195
1292
1249
1109
967
872
745
523
240
-72
-383
-727
-1017
-1337
-1755
-2162
-2445
-2435
-2327
-2270
-2288
-2392
-2354
-2126
-1810
-1439
-1093
-856
-718
-549
-279
15
213
280
304
332
265
230
194
63
-94
-241
-299
-370
-424
-551
-701
-797
-807
-691
-531
-421
-277
-163
14
263
612
1003
1261
1556
1915
2324
2674
2921
3142
3319
3457
3503
3535
3372
2853
2073
1339
870
567
253
-160
-702
-1290
-1857
-2299
-2429
-2433
-2391
-2378
-2254
-2014
-1737
-1464
-1258
-924
-532
-72
300
626
855
945
964
1042
1207
1338
1327
1186
981
690
475
228
-78
-414
-740
-1077
-1491
-1818
-2029
-2169
-2202
-2160
-2077
-2033
-2018
-1891
-1652
-1328
-974
-677
-429
-269
-40
168
336
462
527
567
521
520
451
382
265
79
-46
-135
-192
-185
-247
-316
-349
-279
-142
48
373
634
877
1166
1478
1866
2287
2768
3203
3527
3787
4027
4186
4145
3691
3056
2523
2162
1796
1325
678
-13
-775
-1405
-1855
-2263
-2565
-2870
-3029
-3083
-3038
-2851
-2636
-2465
-2172
-1704
-1191
-755
-315
34
258
511
820
1107
1324
1393
1270
1169
1041
931
737
410
32
-368
-875
-1316
-1619
-1925
-2192
-2458
-2611
-2713
-2683
-2694
-2583
-2411
-2211
-1884
-1564
-1179
-813
-515
-222
65
302
560
732
829
831
793
770
623
546
416
249
114
-62
-136
-278
-292
-289
-240
-115
113
375
597
896
1266
1668
2127
2655
3054
3470
3786
4120
4333
4234
3785
3078
2563
2269
2129
1776
1088
346
-435
-1055
-1535
-1876
-2198
-2535
-2813
-2919
-2796
-2627
-2563
-2472
-2215
-1744
-1212
-669
-199
67
303
523
841
1274
1593
1672
1596
1456
1284
1175
966
654
239
-227
-587
-1003
-1489
-2027
-2509
-2739
-2757
-2679
-2612
-2682
-2799
-2763
-2507
-2006
-1476
-1067
-761
-553
-331
51
394
635
757
859
916
928
969
922
778
587
447
352
329
257
154
33
-36
49
303
488
684
906
1187
1564
1966
2476
2864
3212
3531
3758
3708
3389
2863
2453
2224
2055
1727
1144
450
-155
-663
-1128
-1506
-1942
-2294
-2630
-2742
-2689
-2605
-2566
-2524
-2368
-2060
-1568
-1079
-712
-414
-196
30
360
751
1056
1161
1168
1139
1104
1021
817
499
87
-267
-607
-952
-1295
-1637
-1995
-2335
-2474
-2583
-2529
-2475
-2443
-2357
-2181
-1916
-1630
-1263
-967
-624
-389
-108
182
463
694
825
906
937
977
918
924
877
766
738
682
686
705
768
759
815
990
1183
1550
1862
2212
2495
2778
3087
3485
3789
3800
3429
2895
2490
2351
2240
1970
1539
850
242
-235
-610
-1008
-1352
-1720
-2045
-2196
-2226
-2165
-2190
-2217
-2132
-1867
-1450
-1044
-709
-480
-334
-88
259
573
840
981
1001
1015
1041
1045
831
510
165
-197
-463
-763
-1032
-1338
-1794
-2100
-2237
-2270
-2239
-2251
-2221
-2287
-2117
-1869
-1585
-1291
-1036
-767
-527
-322
-11
274
420
547
571
698
779
824
882
813
724
673
711
782
789
846
828
863
1006
1309
1584
1851
2172
2353
2536
2812
3102
3182
2965
2539
2122
1915
1838
1621
1214
636
101
-271
-614
-881
-1275
-1688
-2066
-2236
-2172
-2089
-2005
-2067
-2092
-1933
-1636
-1242
-871
-672
-492
-298
-91
200
472
623
674
669
668
643
528
283
-39
-312
-599
-823
-1062
-1340
-1643
-1986
-2149
-2144
-2123
-2136
-2106
-2032
-1930
-1784
-1525
-1305
-1039
-809
-550
-241
19
227
389
566
679
800
965
1042
1004
990
1016
1081
1137
1218
1289
1331
1411
1457
1591
1855
2150
2395
2579
2734
2883
3109
3268
3227
2973
2514
2168
2069
2000
1731
1123
479
-45
-307
-462
-705
-1040
-1528
-1970
-2084
-1976
-1794
-1723
-1801
-1822
-1697
-1407
-1040
-744
-582
-503
-390
-97
231
392
508
485
399
376
323
156
-120
-414
-723
-936
-1109
-1263
-1536
-1859
-2080
-2199
-2157
-2098
-2062
-2031
-2004
-1910
-1753
-1537
-1351
-1139
-910
-688
-450
-199
-6
83
161
310
513
586
668
714
677
722
791
868
914
1009
1002
1107
1310
1509
1806
1950
2094
2292
2492
2754
2917
2944
2762
2444
2164
2065
2049
1957
1515
864
217
-182
-265
-353
-635
-1097
-1606
-1881
-1891
-1749
-1607
-1627
-1778
-1717
-1498
-1089
-767
-639
-546
-459
-196
117
395
511
511
429
347
392
359
208
-128
-437
-604
-772
-958
-1206
-1524
-1832
-1977
-1981
-1893
-1852
-1901
-1985
-1998
-1838
-1547
-1261
-1048
-899
-711
-496
-245
33
238
352
471
645
818
915
1000
1052
1053
1081
1106
1152
1133
1178
1250
1368
1531
1699
1824
1915
2079
2242
2435
2605
2635
2455
2183
1946
1870
1890
1813
1499
946
325
-125
-188
-155
-345
-788
-1267
-1597
-1738
-1610
-1473
-1513
-1553
-1629
-1569
-1332
-1124
-927
-859
-845
-661
-425
-145
13
57
10
-120
-162
-185
-227
-421
-646
-800
-920
-1043
-1223
-1478
-1687
-1803
-1826
-1775
-1742
-1751
-1907
-1965
-1860
-1623
-1318
-1167
-1071
-963
-805
-579
-337
-80
66
190
321
421
633
848
921
926
933
958
989
1072
1187
1325
1460
1530
1624
1696
1798
1925
2049
2216
2327
2310
2145
1849
1689
1625
1625
1635
1395
998
439
-74
-306
-316
-359
-584
-963
-1295
-1452
-1432
-1346
-1301
-1303
-1351
-1319
-1167
-932
-718
-650
-649
-586
-390
-119
-5
77
-6
-42
-61
-101
-174
-521
-924
-1024
-809
-749
-931
-1359
-1754
-1933
-1838
-1561
-1406
-1412
-1619
-1754
-1709
-1373
-994
-897
-909
-885
-719
-436
-211
-26
90
117
186
442
666
807
892
810
819
961
1134
1207
1215
1266
1384
1426
1541
1665
1732
1848
1967
2160
2270
2236
2099
1896
1705
1599
1637
1672
1469
1143
679
189
-138
-278
-329
-545
-885
-1165
-1378
-1550
-1575
-1507
-1456
-1438
-1403
-1385
-1293
-1162
-1067
-989
-922
-756
-658
-576
-573
-587
-584
-644
-648
-646
-711
-803
-952
-1055
-1146
-1249
-1332
-1498
-1540
-1561
-1583
-1611
-1657
-1679
-1694
-1645
-1564
-1370
-1226
-1135
-988
-859
-650
-384
-148
76
276
413
553
671
803
990
1147
1311
1449
1580
1685
1699
1810
1997
2133
2308
2382
2313
2245
2181
2100
2059
1974
1741
1464
1202
973
741
427
67
-226
-433
-594
-791
-987
-1123
-1249
-1330
-1253
-1188
-1099
-1026
-1036
-970
-829
-626
-536
-499
-467
-427
-451
-478
-412
-380
-430
-542
-592
-639
-715
-824
-856
-927
-982
-1039
-1117
-1143
-1185
-1219
-1229
-1230
-1220
-1204
-1144
-1132
-989
-839
-764
-669
-555
-386
-194
-19
159
288
384
475
563
679
821
931
944
967
1033
1114
1232
1341
1512
1633
1709
1829
1999
2105
2098
2091
1998
1955
1897
1803
1664
1427
1212
1005
744
491
190
-166
-454
-630
-798
-968
-1112
-1283
-1431
-1480
-1461
-1337
-1308
-1264
-1268
-1253
-1194
-1145
-985
-924
-924
-883
-836
-819
-781
-773
-799
-816
-771
-765
-792
-861
-964
-1007
-1044
-1053
-1045
-1098
-1166
-1262
-1318
-1291
-1247
-1185
-1148
-1072
-979
-845
-649
-536
-432
-282
-142
49
255
434
605
749
835
967
1175
1342
1525
1617
1683
1790
1895
2092
2264
2378
2386
2361
2334
2307
2305
2225
2071
1768
1488
1240
1021
843
563
195
-207
-479
-612
-677
-682
-835
-983
-1123
-1169
-1057
-929
-842
-764
-778
-731
-618
-522
-488
-545
-534
-527
-476
-512
-526
-583
-651
-726
-763
-756
-820
-885
-971
-992
-1008
-1018
-1029
-1054
-1101
-1068
-1055
-959
-840
-853
-800
-771
-621
-437
-278
-101
-37
-8
89
212
356
501
597
617
659
781
910
983
1081
1100
1173
1268
1375
1479
1613
1657
1755
1844
1878
1932
1886
1833
1697
1618
1506
1446
1290
1050
787
555
312
49
-202
-398
-559
-752
-847
-1048
-1181
-1278
-1360
-1351
-1226
-1156
-1144
-1124
-1137
-1022
-962
-873
-796
-748
-694
-702
-648
-592
-560
-608
-609
-667
-755
-716
-724
-739
-852
-862
-896
-956
-957
-955
-930
-932
-858
-817
-746
-640
-604
-451
-334
-210
-55
35
132
228
312
438
612
736
855
920
952
1008
1138
1261
1333
1439
1504
1543
1633
1688
1858
1866
1864
1830
1722
1717
1719
1673
1502
1239
1054
948
842
703
487
288
52
-99
-251
-364
-487
-647
-754
-828
-791
-786
-850
-904
-924
-856
-792
-653
-633
-670
-640
-601
-500
-427
-410
-429
-483
-522
-485
-497
-533
-546
-630
-697
-728
-762
-754
-725
-785
-740
-727
-705
-604
-552
-514
-495
-410
-288
-179
-61
37
148
240
282
376
478
615
704
822
944
1006
1048
1095
1138
1162
1230
1293
1326
1321
1312
1303
1300
1326
1277
1230
1150
1111
1082
1046
968
755
633
507
484
412
252
36
-228
-370
-415
-392
-441
-549
-746
-953
-1033
-982
-921
-917
-951
-980
-992
-979
-850
-786
-785
-794
-791
-709
-621
-495
-495
-581
-636
-593
-479
-343
-326
-345
-453
-550
-540
-449
-429
-431
-549
-632
-619
-568
-442
-382
-359
-329
-253
-169
-30
86
130
192
281
367
558
628
669
667
736
886
1032
1131
1155
1158
1147
1143
1208
1221
1204
1146
1025
928
936
958
927
895
747
701
673
647
668
647
528
418
388
260
266
221
156
141
129
9
-73
-187
-199
-244
-237
-246
-366
-467
-535
-548
-562
-507
-589
-662
-685
-659
-621
-647
-685
-690
-733
-731
-683
-641
-597
-578
-596
-622
-621
-582
-557
-521
-429
-341
-322
-308
-282
-258
-202
-79
-5
38
0
-11
84
167
292
351
399
392
486
609
690
790
785
813
857
911
985
973
932
941
930
917
911
875
780
719
650
682
698
595
526
405
399
386
398
385
285
211
116
47
-31
-99
-147
-181
-257
-292
-319
-405
-471
-515
-528
-543
-516
-569
-643
-718
-825
-855
-766
-735
-720
-726
-794
-860
-854
-801
-692
-637
-598
-538
-543
-487
-397
-309
-254
-232
-211
-130
-101
1
22
16
81
102
150
226
270
325
386
437
414
455
521
571
653
742
772
810
843
858
923
945
961
932
947
923
889
907
894
838
754
723
732
636
603
534
472
438
419
429
385
286
200
173
180
218
157
97
71
-2
-13
0
10
-97
-154
-234
-300
-253
-234
-270
-306
-348
-407
-422
-422
-457
-512
-548
-561
-531
-496
-517
-490
-460
-540
-468
-420
-360
-326
-346
-282
-251
-225
-134
-147
-119
-82
-100
-40
20
20
44
58
73
132
195
247
185
210
208
244
279
311
373
389
403
393
458
470
478
510
493
495
472
455
446
409
412
411
379
346
305
249
226
271
266
194
168
108
65
74
103
126
76
39
71
82
69
69
35
-13
2
-2
-16
-67
-113
-135
-169
-207
-224
-215
-240
-250
-302
-304
-293
-336
-368
-376
-374
-317
-351
-282
-187
-169
-144
-147
-110
-66
-45
2
62
34
81
81
159
215
155
180
254
261
255
306
310
330
302
342
364
324
372
358
389
430
436
409
438
450
439
481
516
515
473
455
534
485
467
455
422
396
358
357
296
225
192
180
181
183
153
108
23
9
31
40
66
43
8
-13
-26
-94
-85
-64
-125
-118
-151
-138
-118
-155
-160
-127
-132
-100
-127
-170
-152
-204
-223
-261
-273
-311
-303
-280
-251
-207
-205
-189
-163
-130
-100
-8
32
59
74
70
59
92
98
117
129
93
114
135
126
113
121
100
70
34
23
-10
26
61
3
-2
-7
58
92
81
103
115
107
144
182
172
180
187
121
121
148
167
175
135
47
13
78
43
56
1
-25
-42
-21
-18
-11
-29
-93
-127
-139
-116
-88
-59
-60
-44
-28
-40
-11
61
55
11
9
-4
-43
-49
-105
-127
-148
-131
-121
-152
-211
-182
-107
-93
-88
-54
-46
-28
2
25
66
80
119
145
209
178
177
139
105
134
166
206
188
190
128
141
157
149
184
160
150
110
96
169
200
182
196
215
149
208
261
240
223
177
221
262
273
286
299
287
302
276
241
193
160
152
114
89
83
-3
-93
-149
-198
-133
-108
-117
-210
-195
-163
-178
-124
-177
-166
-215
-174
-161
-175
-161
-175
-187
-203
-126
-134
-153
-135
-148
-124
-138
-173
-150
-182
-193
-186
-183
-168
-209
-237
-214
-196
-144
-109
-80
-97
-151
-98
-61
-31
-19
-8
-43
-42
-22
-19
57
68
54
57
25
6
7
5
33
41
59
56
34
7
50
95
108
95
67
40
69
81
111
89
49
78
56
67
108
127
160
132
89
132
114
149
151
130
101
125
140
142
103
77
86
72
35
65
73
32
74
55
125
114
98
114
76
105
127
121
126
65
60
124
126
144
100
100
110
127
133
71
44
42
34
83
127
95
42
51
11
52
92
97
104
42
-5
2
41
31
31
-9
-15
1
-2
-33
-30
-41
-49
-32
-19
-21
-58
-45
-51
-61
-57
-70
-40
-52
-36
-22
-47
-45
-43
-15
-30
-30
-13
-16
-4
-10
-44
-58
-112
-97
-85
-92
-81
-78
-83
-85
-53
-43
-35
-35
-46
-60
-85
-112
-57
-75
-32
-66
-102
-123
-95
-62
-79
-66
-157
-115
-116
-104
-124
-175
-211
-214
-213
-163
-141
-140
-102
-110
-77
-42
-30
9
9
-3
43
33
50
62
34
-26
4
5
-5
0
-4
-16
-30
-29
-34
-27
-21
10
-26
-62
-49
-25
-7
9
15
23
4
-19
72
80
96
94
48
82
92
92
110
107
-9
-22
-33
-32
52
31
4
-7
16
105
97
44
75
81
109
113
125
122
141
154
135
160
124
116
115
118
180
195
186
104
104
100
86
53
25
-60
-75
-65
-97
-32
-38
-49
-131
-94
-49
-2
-35
-87
-48
38
83
39
22
43
56
65
72
73
50
20
-30
-47
-19
-69
-129
-122
-90
-95
-24
-23
-81
-47
-60
-70
-63
-34
-37
14
-17
-26
-28
-66
-55
-37
-27
-27
-10
-80
-16
-13
-7
-14
-66
-57
-89
-74
-63
-73
-75
-83
-88
-64
-69
-66
-92
-98
-38
-6
19
-41
-42
6
42
43
8
45
-12
6
21
39
22
-10
-33
-38
11
12
41
25
35
30
19
38
18
28
-4
-3
32
31
54
-4
25
96
86
103
109
128
77
43
72
51
77
107
89
68
23
47
61
59
85
92
105
99
126
143
110
97
107
44
76
61
72
59
57
78
62
72
78
83
55
41
6
29
48
36
-26
-8
37
37
73
106
105
95
62
135
166
190
177
123
103
96
123
121
56
80
88
70
107
155
93
90
72
75
67
39
47
-11
-22
-42
-43
-19
-33
-28
-32
-27
-20
9
16
-21
-22
-32
-15
-9
-22
-42
-57
-77
-81
-61
-86
-53
-16
-68
-61
-61
-101
-70
-67
-104
-97
-78
-64
-63
-69
-88
-45
-52
-51
-28
-15
-37
-36
-40
-34
-33
-31
-7
-15
-17
-45
-71
-28
-38
-84
-75
-68
-70
-67
-36
-15
-46
-41
-41
-43
-25
-34
5
-2
51
74
85
68
54
73
89
110
87
35
4
-17
1
11
-23
-21
-60
-84
-24
-60
-81
-82
-96
-59
-65
-44
-55
-67
-2
3
-11
-7
32
73
71
100
159
192
157
127
177
185
208
195
142
126
127
111
109
94
69
40
-8
39
71
103
99
63
79
81
52
63
38
7
1
3
31
12
6
29
8
52
49
20
28
22
-3
-32
10
-19
0
-4
-5
-69
-84
-34
-1
28
20
-14
-16
22
16
30
55
14
36
48
36
51
16
45
-8
-56
-102
-105
-96
-67
-98
-88
-70
-115
-136
-118
-114
-87
-107
-132
-139
-123
-90
-71
-33
-16
-4
-50
-27
-36
0
39
58
54
37
33
51
54
42
51
11
35
37
30
24
12
-9
-30
-3
-28
-35
-14
-1
17
48
47
5
55
77
69
98
70
80
71
56
75
34
69
61
33
64
35
38
16
14
10
13
9
6
-18
-33
-21
-5
23
0
30
68
78
56
39
16
44
95
92
115
92
71
45
39
72
53
48
65
51
69
101
100
143
156
157
172
157
176
181
191
137
163
179
189
192
159
180
156
165
153
154
170
103
92
58
21
46
28
7
2
0
-18
-19
-12
-9
-22
14
19
12
-18
4
-21
-2
24
31
46
47
49
9
35
42
-25
-46
-48
-83
-83
-93
-145
-213
-197
-196
-171
-166
-169
-163
-145
-191
-133
-96
-96
-96
-74
-41
-32
-31
-54
-47
-61
-28
-47
-48
-44
-35
-12
-29
-51
-44
-43
-65
-34
-34
-94
-105
-78
-105
-111
-74
-69
-72
-97
-92
-50
-82
-51
-43
-16
43
22
19
-5
-11
15
-17
-32
-18
3
33
0
11
23
-34
-29
-10
-5
18
42
18
15
51
26
30
47
65
82
106
55
87
109
88
134
131
129
132
86
85
129
91
131
110
44
80
43
80
124
144
143
112
149
143
138
176
236
172
186
223
202
222
170
107
105
91
87
87
46
63
49
47
24
14
35
2
-49
-20
6
-52
-17
-5
13
26
18
28
48
61
57
65
56
4
-13
3
15
2
-27
-7
-31
-44
12
-33
-35
-60
-104
-59
-37
-37
-18
-40
-17
-18
-19
-25
-45
-55
-49
-68
-33
-53
-50
-54
-65
-84
-108
-92
-51
-34
-49
-43
-53
-90
-86
-62
-50
-10
-48
-20
18
31
31
19
30
70
56
78
65
71
63
83
55
22
51
61
22
35
31
-2
15
30
16
-14
30
20
-7
20
11
-23
-14
7
38
74
45
60
49
38
63
38
53
71
68
16
62
32
-6
17
3
42
58
17
-37
15
47
28
-8
-34
-4
5
17
47
30
55
53
104
109
76
92
73
119
145
127
94
102
103
161
147
110
105
104
126
159
179
121
145
186
148
131
142
135
118
142
159
120
98
103
123
112
138
109
68
71
95
92
116
73
85
140
105
83
94
79
91
113
54
73
114
68
40
83
208
200
129
-50
-63
18
65
133
162
54
-60
-60
5
64
63
40
-32
-32
-71
36
77
-14
-44
-25
-45
-46
-48
5
38
-13
-30
-23
-13
-27
10
5
59
3
-16
-42
-66
-55
-72
-30
-58
-26
-26
-46
-24
-16
-22
-18
-1
-6
-28
-5
-34
-15
-23
-23
-27
-4
12
15
4
-8
-43
-34
1
-12
16
12
13
-31
-61
-21
-14
36
84
62
65
103
93
98
119
144
120
144
139
153
164
169
152
143
187
151
164
137
149
156
146
172
114
113
116
106
103
90
138
75
56
95
102
108
80
107
112
84
98
144
181
129
113
156
134
149
114
131
127
95
138
133
139
89
126
147
98
148
151
111
80
115
112
127
111
107
77
35
33
26
1
15
1
-4
44
3
22
24
39
9
7
-11
-2
-37
-36
-23
-62
-107
-80
-106
-53
-29
-89
-71
-98
-90
-99
-111
-128
-154
-151
-132
-106
-122
-99
-82
-72
-48
-41
-22
-32
-16
-49
-26
-2
-13
0
18
-11
-13
12
32
-21
-57
-77
-68
-65
-65
-67
-86
-40
-78
-89
-92
-92
-100
-69
-63
-45
-35
-54
-6
-13
-29
-5
55
2
10
23
42
70
50
64
90
72
70
85
53
95
66
37
65
51
27
36
10
-14
-5
-24
15
-3
-35
4
11
-3
23
54
70
103
132
119
139
152
150
130
157
152
131
175
169
163
147
141
131
116
72
72
73
-14
39
7
25
44
6
30
7
18
13
52
44
56
79
33
99
36
59
63
53
54
33
57
18
8
8
22
-28
-6
-13
-34
-46
-89
-92
-49
-92
-80
-82
-99
-90
-27
-24
-21
-31
-106
-22
-81
-53
-45
-65
-43
-30
-31
-44
-85
-60
-84
-179
-131
-189
-207
-197
-228
-192
-188
-166
-122
-166
-193
-145
-81
-73
-132
-98
-55
-63
-35
-70
-46
-37
-36
-44
-28
-14
-52
-79
-32
-43
-76
-69
-88
-86
-83
-76
-88
-92
-85
-105
-81
-77
-30
-46
-57
-25
-50
-6
17
22
52
39
60
50
80
99
67
63
22
30
70
49
-8
53
84
56
80
66
59
112
61
93
50
33
31
39
76
28
53
47
60
30
65
50
73
123
64
22
36
109
81
57
27
55
45
44
62
59
70
71
87
49
64
63
69
91
71
111
93
120
121
97
109
141
131
82
90
114
117
125
138
133
102
104
137
103
86
76
94
80
53
82
33
27
2
5
-8
-5
26
2
-35
-61
-14
-7
-24
14
-1
-26
-15
-34
-12
8
16
42
30
38
37
49
73
19
23
59
-12
26
16
-7
8
17
-4
-10
0
-18
-18
-39
-25
-40
-15
-40
-42
-44
-58
-67
-75
-34
-65
-52
-45
-54
-4
-4
-2
-33
24
32
62
35
-10
41
47
4
2
68
53
67
57
58
30
33
51
22
5
15
50
40
36
41
34
31
10
56
13
12
25
38
69
55
111
142
98
117
98
119
140
118
145
141
145
115
106
121
108
72
77
85
86
105
117
104
102
75
87
78
109
96
96
120
108
120
127
111
82
71
107
134
130
129
116
81
92
146
161
158
168
164
144
137
103
120
123
107
134
113
140
124
113
109
87
101
107
92
61
84
94
77
51
80
102
52
65
66
65
28
16
60
21
-3
3
-10
2
-10
-15
9
-33
-31
-43
-51
-86
-59
-52
-89
-75
-96
-111
-125
-115
-133
-95
-65
-106
-110
-100
-103
-86
-105
-93
-42
-67
-42
-52
-53
-40
-46
-39
-18
-29
-44
-16
-69
-45
-9
-52
-32
-13
-24
-38
-48
-23
-42
-46
-30
-7
3
-30
29
87
67
33
69
73
98
69
83
97
121
150
92
120
125
163
128
118
93
102
111
130
111
100
123
83
113
93
90
54
106
71
94
141
100
141
157
154
183
222
187
213
209
235
227
244
237
178
196
180
126
157
134
125
139
81
82
85
68
60
58
42
15
21
3
20
53
77
66
94
100
53
98
108
97
65
39
74
95
88
50
47
45
28
51
81
27
-5
7
-27
-34
-7
36
28
7
1
-2
-8
-62
-13
-30
7
-18
-25
-10
-33
-43
-54
-71
-85
-54
-54
-64
-64
-82
-103
-122
-84
-124
-145
-95
-109
-103
-104
-87
-84
-105
-92
-102
-135
-133
-121
-152
-148
-135
-152
-120
-139
-97
-128
-137
-150
-152
-151
-132
-119
-139
-136
-161
-103
-112
-106
-81
-81
-64
-53
-42
-47
-54
-60
-46
-53
-46
-28
-28
-56
-14
30
5
15
1
4
44
42
66
70
49
81
29
55
85
97
79
95
117
102
112
100
99
97
89
90
92
73
105
83
87
82
84
106
75
66
106
108
102
75
77
86
105
98
127
96
73
48
36
63
76
86
53
48
36
100
47
44
53
68
55
35
60
27
47
54
35
52
63
43
33
13
11
27
30
0
16
31
5
19
-6
33
39
0
16
45
67
44
18
-6
0
33
5
-12
7
9
5
-7
-30
-94
-56
-65
-87
-80
-78
-69
-65
-76
-112
-103
-92
-76
-118
-94
-89
-111
-116
-143
-109
-86
-119
-116
-146
-88
-91
-127
-144
-128
-112
-97
-93
-137
-153
-137
-109
-140
-108
-110
-172
-170
-137
-136
-127
-134
-127
-160
-137
-133
-154
-122
-115
-127
-139
-128
-130
-96
-108
-84
-85
-40
-37
-62
-24
-29
-43
-28
-25
-15
-4
-17
-7
-10
41
15
11
34
2
26
42
21
38
79
76
88
45
22
84
98
87
77
85
89
56
75
72
50
99
101
82
71
56
43
7
2
48
15
-10
-1
-64
-30
-61
-28
-20
-9
-1
-66
-4
3
20
-4
-5
17
7
7
32
12
-12
7
-3
-9
9
16
-22
-15
-21
-66
-67
-28
-70
-88
-63
-75
-74
-89
-115
-85
-74
-84
-56
-103
-129
-108
-62
-59
-80
-56
-91
-84
-94
-78
-103
-104
-102
-100
-73
-127
-113
-137
-177
-133
-146
-143
-114
-117
-107
-88
-86
-121
-126
-137
-160
-184
-165
-152
-162
-177
-199
-183
-219
-203
-214
-234
-203
-186
-221
-258
-223
-235
-238
-205
-240
-248
-221
-243
-231
-265
-222
-216
-234
-193
-162
-165
-210
-180
-166
-162
-153
-154
-147
-134
-118
-112
-119
-100
-89
-112
-91
-91
-90
-67
-39
-37
-69
-67
-41
-39
-51
-48
-1
-8
-21
20
20
12
10
19
55
40
49
65
43
67
57
75
80
48
57
46
32
39
28
54
88
66
37
74
1
51
53
23
-10
-13
54
32
42
19
-6
31
51
26
11
10
-10
5
-3
10
26
1
8
-3
1
-11
-26
-24
-60
-52
-72
-105
-102
-158
-134
-131
-124
-133
-128
-126
-104
-117
-129
-123
-160
-138
-149
-144
-134
-162
