SAMPLES:	17260
BITSPERSAMPLE:	16
CHANNELS:	1
SAMPLERATE:	16000
NORMALIZED:	FALSE
-6
-11
-46
-36
-10
-39
-25
-42
-38
-60
-52
-72
-133
-88
-66
-44
-37
-87
-45
-43
-24
-22
-9
-19
-18
-34
-24
12
-47
-51
-57
-71
-42
-78
-47
-19
-20
-10
-44
-51
-36
-74
-86
-74
-123
-127
-168
-163
-179
-176
-202
-200
-207
-222
-205
-171
-129
-140
-121
-129
-92
-170
-165
-139
-162
-144
-168
-143
-145
-122
-121
-146
-122
-121
-101
-122
-102
-105
-170
-93
-91
-116
-54
-97
-106
-63
-64
-131
-106
-118
-133
-152
-121
-121
-131
-122
-110
-92
-124
-109
-110
-109
-111
-126
-101
-89
-80
-61
-53
-14
-14
8
8
23
-11
10
14
-7
-35
-36
-51
-58
-9
-10
4
10
19
20
37
31
14
-19
-5
-5
17
41
43
42
54
81
52
39
31
44
22
46
43
-21
26
35
49
52
94
114
102
120
57
34
55
6
28
4
9
40
39
34
94
71
43
57
57
93
84
88
70
68
73
93
92
76
88
108
64
69
61
77
66
54
17
5
-4
-5
58
0
4
-9
-11
-3
-29
-12
-3
-23
-22
18
16
-7
-5
11
48
10
-27
-3
12
-26
-30
-16
-21
-18
-15
-29
29
-4
11
11
-9
25
-55
-26
-12
-37
-42
-64
-74
-45
-60
-58
-4
-57
-43
-54
-78
-78
-70
-67
-78
-61
-37
-55
-62
-72
-56
-37
-42
-48
-45
19
14
18
24
5
17
23
9
32
-11
-7
1
-23
-15
39
16
40
56
21
24
-15
-20
3
7
25
15
45
54
72
75
84
56
51
57
60
88
70
52
79
75
57
73
137
121
89
118
73
67
78
59
71
66
93
111
66
43
65
50
27
38
38
47
20
30
45
10
69
72
57
70
53
27
42
0
21
16
-2
28
-12
15
0
-10
9
-32
10
15
-3
-11
9
5
-13
-15
13
17
-4
37
-10
-2
-32
-19
-35
-58
-13
-31
-31
-33
-40
-31
-53
-14
-36
-71
-35
-55
-79
-90
-91
-90
-79
-89
-106
-113
-90
-104
-148
-144
-135
-143
-117
-144
-140
-135
-160
-161
-107
-107
-126
-129
-116
-100
-107
-117
-79
-60
-103
-110
-116
-137
-147
-123
-96
-97
-141
-104
-79
-61
-124
-111
-117
-143
-169
-184
-114
-152
-150
-145
-133
-137
-111
-111
-125
-108
-115
-154
-103
-131
-138
-106
-152
-135
-149
-131
-93
-130
-73
-91
-72
-98
-81
-61
-71
-51
-39
-1
-10
-27
-45
-25
-68
-47
-32
-82
-25
-34
-31
-10
-28
-39
-29
-47
-83
-58
-88
-70
-60
-52
-30
-1
-6
12
-29
9
32
56
6
22
23
-84
-20
-38
-4
-23
-38
-19
-41
-34
-64
-13
3
-30
-42
-29
8
-18
-5
31
-7
-15
-23
19
1
43
20
-51
-19
-41
-20
-51
-31
-16
-47
-72
-86
-84
-65
-64
-103
-99
-123
-147
-119
-119
-128
-106
-116
-151
-125
-124
-140
-110
-99
-96
-135
-110
-107
-143
-125
-77
-127
-127
-106
-124
-121
-136
-114
-121
-118
-124
-125
-101
-113
-101
-111
-98
-97
-109
-91
-116
-77
-74
-80
-69
-41
-76
-82
-88
-100
-63
-82
-71
-100
-81
-97
-106
-87
-121
-74
-90
-91
-78
-42
-45
-60
-42
-49
-51
-61
-40
-32
0
15
21
-5
21
4
19
-10
28
25
30
23
20
34
26
69
39
59
36
54
60
26
43
53
39
22
52
42
20
84
59
46
63
70
61
46
81
49
77
78
64
95
48
92
63
75
63
59
58
84
80
95
59
89
123
72
101
66
43
76
81
84
112
110
149
111
88
65
95
113
122
117
81
70
102
128
87
65
43
69
93
83
66
57
36
40
63
99
66
51
48
42
62
70
36
21
-8
-17
34
8
-7
-12
-9
-7
-10
7
-7
-40
-20
-13
-55
-36
-6
-13
-16
-26
-54
-58
-56
-48
-65
-56
-89
-58
-60
-64
-27
-92
-79
-112
-111
-66
-88
-88
-87
-71
-13
-23
-54
-38
-23
-43
2
-22
-14
-14
-16
15
-13
9
6
15
6
-4
25
16
13
45
29
16
4
-7
65
18
22
-12
-39
48
54
84
87
100
98
45
66
79
75
68
50
35
18
55
59
43
48
51
67
118
89
114
118
56
111
98
93
85
96
73
63
58
79
101
30
31
61
78
68
57
75
68
63
61
48
76
113
92
42
70
53
27
58
79
11
-11
24
48
51
28
49
43
51
59
36
30
40
6
29
19
22
34
25
45
52
36
3
17
16
8
46
1
-13
1
11
-21
-17
-2
-13
-36
-46
-37
10
-8
-9
-5
-35
-9
-29
-20
2
-2
0
-54
-64
-67
-36
-48
-18
-25
-18
6
15
14
-4
-4
-13
1
9
-35
-28
-18
-45
-35
-42
-24
-28
1
-20
-44
-29
-3
-17
-21
-8
-31
-21
-47
-39
-28
-64
16
5
-21
-30
6
2
-11
13
-58
-11
-40
-9
-2
-37
-6
-29
20
21
7
35
31
29
71
54
33
39
61
70
54
68
14
25
60
48
61
12
32
61
82
70
65
61
40
37
47
40
60
74
72
71
44
20
41
74
81
98
78
90
70
73
52
50
66
93
116
58
91
61
78
46
36
11
22
56
5
13
28
44
14
37
5
3
36
60
37
89
74
27
38
-14
-5
-4
7
-6
1
-40
-38
-47
-50
-39
-68
-42
-65
-13
-30
-32
-12
-59
-21
-70
-75
-43
-73
-79
-94
-104
-86
-55
-77
-66
-62
-49
-89
-102
-96
-88
-125
-130
-93
-114
-125
-85
-108
-147
-144
-133
-107
-127
-111
-139
-130
-134
-147
-123
-119
-128
-122
-84
-112
-125
-124
-96
-80
-115
-100
-87
-110
-124
-110
-106
-103
-67
-32
-50
-32
-16
-24
-23
-42
-9
10
-14
-22
-32
10
-12
-9
-17
-32
-5
-16
-29
-25
-4
-7
-2
-29
-24
-32
26
7
-12
22
57
53
41
48
45
35
23
26
36
17
5
7
17
29
61
20
13
17
5
27
35
61
58
30
67
59
78
104
65
90
51
87
85
83
66
24
36
6
20
29
28
23
32
39
51
52
20
35
89
22
19
3
-7
31
7
2
-26
-7
-16
-26
-25
-29
-6
11
4
40
33
25
-9
-20
-35
-33
-43
-56
-65
-80
-47
-60
-50
-46
-62
-70
-90
-67
-81
-71
-48
-32
-92
-108
-88
-63
-27
-40
-54
-98
-69
-66
-81
-61
-67
-62
-61
-51
-75
-84
-70
-62
-55
-116
-90
-98
-41
-66
-79
-25
-20
-57
-53
-46
-69
3
-35
-72
-90
-48
-21
-35
10
-19
-8
-34
-16
-10
-18
-6
-34
-27
22
25
-7
-7
-20
5
11
33
22
42
30
24
40
19
42
53
56
28
33
38
46
45
34
44
50
27
54
74
97
103
79
75
61
70
59
55
60
63
94
138
103
88
93
83
94
125
107
104
143
155
163
112
93
118
105
120
126
107
108
87
108
103
90
104
84
74
58
69
63
82
87
72
102
92
61
93
85
52
80
82
43
82
80
102
70
46
64
27
17
38
12
-30
14
-5
-18
21
27
0
-14
-35
-15
17
13
-7
-40
-21
-3
-6
-17
-19
-14
-35
-26
-12
-29
3
-17
-31
-6
-17
-4
14
10
0
-9
-3
-7
-12
-45
-16
-10
-7
-16
-37
-10
-29
-5
-14
17
11
-11
-36
-18
-16
-1
15
0
-5
7
18
-15
22
38
39
10
-1
-1
10
24
11
9
35
40
48
55
59
56
46
68
82
19
60
75
65
57
48
42
37
58
55
63
32
57
57
58
58
49
64
20
29
89
37
74
77
76
82
64
92
85
59
70
60
57
98
56
57
88
93
80
84
128
139
129
118
103
83
109
114
116
100
95
78
83
61
23
98
73
70
53
51
68
69
91
76
50
28
55
32
26
22
-33
-31
8
2
-21
21
20
10
6
-43
8
-17
-48
-32
-70
-28
-75
-39
-19
-41
-47
-2
25
-38
-27
-55
-39
-55
-61
-53
-29
-61
-51
-42
-86
-101
-114
-117
-98
-99
-110
-93
-96
-86
-84
-55
-56
-59
-65
-59
-76
-72
-11
4
-17
-24
-66
-42
-65
-38
-30
-79
-47
-49
-39
-22
-63
-38
-16
-4
56
16
-10
2
3
-2
-9
39
19
6
24
22
18
-18
44
17
21
73
22
59
80
53
64
80
50
43
62
75
92
67
124
101
118
88
118
122
138
97
105
134
75
103
88
97
122
112
109
113
104
97
120
154
100
104
147
152
105
134
135
132
113
131
128
77
111
69
84
143
153
197
156
142
120
134
147
118
135
132
99
89
121
128
48
100
88
62
64
62
63
59
94
65
59
52
69
54
68
64
49
19
45
54
64
57
24
55
38
20
-7
28
29
14
30
25
31
6
28
34
62
33
37
36
15
54
9
-44
-12
15
-15
-31
-24
-39
-7
7
15
12
10
-7
8
39
-3
-5
4
36
9
42
54
73
80
85
78
83
97
80
92
44
68
63
92
86
97
96
60
94
62
64
58
102
112
108
97
77
91
89
105
108
122
122
128
130
131
143
138
161
124
101
133
166
186
166
194
180
191
214
215
203
230
199
201
242
201
184
200
202
183
211
175
208
176
178
184
162
164
165
145
170
218
172
165
224
189
167
148
178
191
153
146
166
198
186
209
204
194
169
155
158
183
174
180
186
190
174
141
132
145
141
116
107
130
130
118
144
134
163
155
129
128
168
142
114
143
119
95
142
104
113
111
101
102
75
81
80
120
80
100
69
84
89
82
44
28
30
-11
-3
-22
34
32
-6
17
29
7
8
-26
-31
0
-6
-8
-5
-15
0
8
-6
4
14
32
-8
-1
-1
-5
-10
-9
-3
10
33
15
67
42
8
23
38
55
32
49
21
25
43
34
49
24
74
83
61
21
49
32
50
14
9
-1
12
45
31
16
25
56
64
71
67
83
74
113
120
57
75
69
60
86
48
84
70
87
65
118
148
90
111
77
81
105
94
71
117
95
96
100
102
155
134
114
90
134
90
106
90
114
125
137
163
94
137
98
76
97
101
110
110
83
83
97
108
93
79
84
51
42
45
91
43
35
28
-10
54
29
34
22
16
-4
-6
-8
-34
4
-32
-4
26
8
-32
13
-5
-28
20
-23
-30
-32
-18
-6
-18
-21
5
40
18
19
6
22
18
-3
13
-6
-6
-16
-66
-57
-51
-40
-45
-38
-44
-41
-32
-41
-36
-25
-21
-51
-29
-18
-49
-41
-35
-40
-25
-22
-35
-29
-19
-29
8
49
17
37
38
24
57
14
0
29
52
33
8
47
32
68
106
71
48
121
140
104
105
70
89
84
75
73
91
76
113
79
56
91
55
74
111
116
104
100
91
115
152
181
144
143
105
108
82
84
95
93
125
134
143
136
139
141
119
86
98
96
65
100
94
99
140
84
102
102
150
136
135
147
116
154
149
145
118
113
118
143
156
117
130
119
110
118
121
92
72
104
71
84
64
73
80
64
78
107
76
42
86
76
100
111
95
105
85
34
60
12
12
22
29
28
42
38
18
44
21
38
59
31
15
23
30
21
23
33
3
15
-1
-6
49
32
-13
-1
-7
6
34
28
2
-16
-3
21
3
22
24
52
9
-5
43
13
17
68
104
66
75
119
96
114
100
121
129
149
115
128
131
146
183
87
128
116
134
137
108
118
95
114
131
137
147
159
150
168
181
162
126
167
174
161
158
169
162
141
181
226
189
191
178
171
196
195
177
194
179
188
219
153
148
154
167
191
201
171
178
185
187
151
144
175
163
194
184
151
159
184
162
161
206
218
181
177
171
182
156
155
155
137
141
139
155
126
130
151
139
141
156
110
98
131
108
100
94
101
109
44
46
58
66
82
82
56
86
103
82
67
66
20
33
67
21
7
41
49
-1
13
14
-6
15
25
45
11
-6
62
13
9
18
6
38
-10
12
14
3
30
21
14
16
17
10
-14
-1
1
-21
33
-4
1
27
24
21
18
38
19
6
47
14
18
-18
-19
26
56
56
12
27
42
10
12
11
63
66
75
75
27
90
56
59
90
74
70
66
51
67
60
69
46
60
44
78
121
70
98
67
99
76
68
127
115
118
139
136
101
107
134
156
132
128
81
96
132
144
147
165
139
121
146
141
156
153
160
136
117
93
138
134
106
92
102
89
82
128
84
147
89
131
121
116
150
119
134
117
124
100
88
87
120
72
122
130
100
122
106
90
57
42
57
60
46
87
56
32
70
39
52
68
33
66
58
48
32
10
-3
-7
19
53
51
25
33
14
32
6
-6
13
5
-3
2
-4
-37
-41
-5
-18
-14
-28
9
15
-16
16
7
47
29
-6
25
10
-44
-32
-43
-48
-36
-25
-29
-47
-40
-44
11
-1
-28
-45
-59
-10
-5
-22
-50
-35
-82
-55
-10
-51
-37
-16
-5
-4
-10
17
-8
-53
17
2
-2
-30
-54
-51
-61
-28
12
20
33
58
68
75
94
91
114
94
109
103
65
27
15
-8
37
46
-4
54
52
72
59
84
69
74
81
91
71
38
49
-19
-48
-20
6
4
67
59
106
137
173
177
123
96
84
65
-3
8
-7
14
-18
42
64
81
137
146
193
166
175
155
141
114
51
19
30
30
13
-1
40
59
77
112
142
138
164
155
159
125
137
150
116
107
78
55
59
85
31
61
99
107
110
124
148
128
138
150
119
134
128
104
66
66
125
88
112
94
138
145
130
184
145
153
127
153
130
102
133
103
99
106
109
114
121
81
133
177
172
178
125
173
134
120
79
44
88
37
78
58
26
44
84
70
106
132
107
108
112
145
117
92
56
82
67
75
79
30
57
79
88
90
142
163
163
191
159
183
196
148
180
144
161
150
105
142
76
43
72
97
112
114
113
148
185
247
235
193
136
144
79
42
56
56
49
56
91
109
110
142
157
135
159
180
171
158
149
139
170
189
249
222
209
196
160
179
102
102
98
116
177
193
200
179
187
224
191
174
170
114
168
115
60
82
93
86
64
100
95
89
85
114
100
85
107
115
118
111
137
118
131
102
112
92
39
33
22
9
-18
4
-29
3
-33
26
64
54
82
87
83
45
2
-5
7
9
-53
-52
-76
-67
-42
19
32
27
32
-20
29
16
27
25
13
-25
-30
-45
-77
-53
-98
-73
-54
-56
-46
-33
-22
17
48
36
51
60
35
3
7
-69
-57
2
-41
-13
-43
2
41
39
53
51
70
64
25
-32
-9
-10
-16
8
6
-1
19
51
58
35
15
21
14
-19
-12
-23
-26
-31
-23
22
55
65
86
72
84
49
58
42
-11
-25
-55
-26
-6
-30
17
46
66
128
190
193
125
112
89
59
13
-48
-31
-49
-35
-31
-49
-13
25
13
44
42
40
69
56
43
38
70
45
31
35
51
32
10
12
-7
0
28
-7
-18
-11
1
14
-14
-1
18
39
1
-36
-44
-51
-58
-59
-63
-92
-95
-61
-55
-77
-79
-82
-93
-96
-102
-94
-76
-87
-68
-47
-64
-133
-105
-85
-91
-121
-149
-144
-171
-168
-185
-159
-132
-143
-133
-74
-100
-90
-84
-118
-104
-95
-128
-145
-118
-151
-135
-117
-125
-107
-109
-116
-91
-71
-76
-57
-95
-103
-107
-106
-111
-130
-136
-135
-89
-90
-75
-108
-94
-135
-134
-58
-43
-29
-62
-33
-67
-105
-108
-100
-90
-116
-134
-130
-76
-35
-11
-16
-46
-59
-41
-20
-67
-71
-58
-100
-59
-8
-39
-27
-1
-52
-72
-84
-89
-64
-73
-60
-68
-76
-81
-72
-89
-97
-117
-115
-84
-111
-97
-106
-83
-90
-114
-126
-84
-132
-124
-111
-132
-106
-117
-94
-92
-81
-70
-44
-114
-111
-92
-116
-106
-147
-145
-120
-121
-122
-131
-94
-63
-90
-90
-86
-101
-107
-120
-82
-142
-135
-142
-152
-144
-121
-107
-123
-138
-121
-103
-94
-98
-125
-147
-150
-135
-185
-168
-151
-154
-158
-148
-160
-165
-165
-186
-158
-194
-219
-183
-181
-200
-208
-182
-177
-183
-150
-185
-181
-179
-207
-172
-188
-178
-187
-178
-164
-167
-155
-125
-98
-165
-140
-120
-148
-112
-125
-145
-143
-127
-154
-142
-132
-132
-120
-141
-120
-115
-79
-49
-92
-68
-95
-83
-87
-61
-90
-101
-72
-111
-46
-75
-91
-106
-54
-67
-75
-47
-55
-70
-56
-56
-111
-56
-64
-34
-32
-25
-55
-66
-52
-95
-64
-76
-81
-10
-34
-73
-69
-73
-65
-90
-117
-61
-69
-66
-94
-38
-45
-56
-66
-86
-54
-73
-65
-59
-22
-25
-15
-32
-22
-38
-7
12
-47
-49
-74
-82
-81
-67
-39
-55
-42
-36
-32
-12
-19
-55
-93
-59
-91
-79
-58
-123
-104
-121
-125
-82
-104
-123
-127
-116
-148
-101
-100
-81
-58
-52
-100
-119
-118
-117
-103
-104
-104
-99
-84
-74
-86
-104
-74
-82
-74
-96
-79
-134
-128
-82
-84
-60
-97
-62
-79
-81
-113
-74
-44
-61
-77
-48
-52
-50
-17
-71
-50
-72
-104
-105
-75
-73
-86
-66
-61
-42
-80
-75
-74
-86
-69
-56
-102
-91
-53
-62
-65
-74
-61
-35
-19
-36
-33
-64
-81
-57
-32
-14
-18
-24
-31
-61
-17
5
-10
8
-1
3
20
-5
-6
-22
-41
-18
-15
-30
-19
3
-11
-18
-39
7
-11
17
25
-40
12
8
-41
-36
-6
-38
3
-41
-50
-30
-79
-56
-60
-68
-50
-71
-75
-45
-67
-57
-78
-69
-75
-52
-35
-29
-53
-49
-44
-44
-13
-14
-6
-43
-27
-62
-59
-72
-108
-75
-64
-65
-77
-41
-82
-43
-53
-62
-92
-91
-71
-89
-48
-75
-93
-66
-37
-59
-73
-34
-43
-63
-92
-97
-87
-111
-100
-97
-98
-102
-121
-114
-121
-103
-162
-142
-104
-119
-141
-133
-137
-148
-138
-160
-135
-148
-111
-157
-178
-162
-143
-135
-159
-156
-122
-83
-141
-127
-133
-149
-146
-151
-154
-155
-198
-176
-148
-136
-128
-175
-149
-135
-111
-133
-115
-95
-139
-115
-109
-156
-118
-105
-57
-58
-108
-83
-56
-90
-54
-46
-55
-67
-107
-71
-84
-95
-125
-111
-75
-76
-121
-66
-38
-83
-83
-83
-115
-104
-52
-77
-47
-85
-42
-48
-53
-14
-68
-38
-37
-70
-89
-44
-51
-49
-38
-90
-49
-60
-60
-25
-71
-32
-46
-31
-32
-14
-11
-27
-41
-69
-58
-14
-48
-47
-14
-50
-49
-94
-81
-38
-14
-73
-73
-85
-82
-66
-48
-52
-79
-50
-81
-49
-55
-46
-9
-14
-31
-53
-37
-52
-65
-88
-71
-37
-63
-28
-75
-65
-29
-90
-87
-63
-68
-107
-66
-78
-85
-82
-79
-84
-84
-97
-144
-99
-114
-122
-131
-97
-112
-154
-136
-141
-122
-141
-132
-93
-97
-115
-107
-100
-124
-123
-114
-108
-67
-98
-77
-71
-109
-74
-87
-96
-81
-82
-74
-66
-32
-40
-63
-75
-58
-25
-18
-40
-13
-12
-4
-48
-10
-16
23
-46
-49
0
-32
-35
-31
10
-2
22
20
8
17
37
23
12
25
49
63
51
46
84
46
42
58
71
63
45
28
12
53
47
19
49
36
65
71
73
52
57
74
89
107
94
96
115
152
104
66
76
86
107
105
93
132
113
86
68
82
88
88
82
89
80
109
75
69
102
96
147
119
107
78
52
84
44
58
72
39
47
45
45
28
58
55
47
64
11
66
-21
-24
12
2
34
59
49
25
31
38
49
17
2
-30
-2
-17
9
-29
-5
15
5
-1
-25
8
27
18
17
36
33
22
16
2
20
40
5
-7
16
-16
-28
-27
-40
-16
-41
-39
-62
-18
-21
-48
3
-4
-1
-36
-25
-4
-25
6
16
-28
13
13
-59
-17
-1
-29
-29
-42
-4
18
-58
-49
-18
-49
4
13
-11
-11
-8
17
-5
-41
-43
-29
11
-32
-38
-28
4
-13
-12
-26
-36
24
8
40
3
-2
-7
-33
-14
-55
-43
-16
-15
-6
5
-30
-17
13
54
53
33
61
32
46
89
55
42
75
38
33
53
-14
13
-2
14
32
60
21
7
38
-8
40
33
50
75
55
47
8
-3
14
27
16
24
23
-8
22
26
10
-12
-33
20
-10
-15
22
-46
-23
-49
-69
-47
-87
-127
-136
-95
-81
-96
-90
-89
-90
-108
-99
-107
-89
-107
-120
-81
-77
-86
-79
-56
-74
-65
-94
-62
-72
-102
-124
-103
-63
-76
-76
-69
-73
-57
-39
-49
-53
-39
-27
-82
-55
-55
-35
-68
-16
-22
-70
-41
-42
-30
-46
-2
30
5
-24
-20
-17
-16
-38
-77
-55
-58
-47
-32
-48
-33
-56
-58
-32
-46
-28
-25
-35
-4
-31
-24
-21
-77
-83
-80
-77
-64
-23
-52
-50
-44
-32
-36
-31
-15
-7
-22
-47
11
-22
-30
-2
1
20
34
20
46
24
-3
29
51
51
28
51
76
78
84
64
27
43
76
62
110
82
66
73
74
112
127
96
74
57
65
87
69
63
79
102
79
82
75
80
63
37
69
16
36
18
0
-26
-53
-26
-61
-88
-46
-62
-85
-96
-137
-158
-137
-159
-144
-99
-134
-153
-165
-147
-177
-163
-170
-158
-171
-131
-146
-183
-130
-109
-138
-121
-91
-88
-82
-62
-61
-99
-110
-107
-82
-74
-42
-32
-25
-10
49
35
68
79
96
95
75
95
115
111
98
122
93
121
162
140
165
165
157
146
153
108
108
124
83
94
90
112
84
66
46
61
25
4
-7
-36
-59
-85
-93
-76
-97
-120
-125
-147
-143
-172
-147
-160
-177
-201
-224
-248
-246
-228
-236
-238
-261
-251
-253
-219
-186
-185
-143
-163
-214
-182
-172
-144
-132
-104
-64
-56
-58
33
56
57
110
135
172
205
291
312
294
329
374
373
389
405
451
465
528
530
511
586
586
587
599
612
593
589
568
548
551
554
551
507
467
444
357
309
248
198
125
40
-1
-68
-128
-176
-231
-236
-270
-293
-319
-326
-268
-324
-325
-333
-364
-384
-414
-419
-452
-490
-567
-590
-583
-633
-649
-632
-603
-626
-615
-616
-606
-577
-577
-569
-560
-535
-492
-458
-396
-318
-270
-228
-161
-127
-37
52
93
146
202
264
309
411
446
491
528
656
783
862
924
1007
1045
1107
1197
1237
1304
1392
1428
1500
1538
1576
1660
1610
1559
1445
1263
994
635
328
-76
-417
-749
-1124
-1346
-1525
-1594
-1597
-1473
-1297
-1069
-751
-492
-187
-4
184
259
247
164
19
-167
-405
-620
-845
-1035
-1213
-1365
-1526
-1581
-1595
-1594
-1526
-1477
-1377
-1264
-1091
-945
-790
-614
-473
-346
-230
-138
-65
-23
-75
-132
-223
-296
-318
-319
-270
-194
-64
121
337
527
733
987
1182
1363
1478
1598
1647
1713
1762
1811
1866
1949
2147
2329
2641
2912
3125
3310
3444
3388
3026
2470
1582
400
-903
-2165
-3185
-4064
-4586
-4694
-4453
-3725
-2708
-1463
-188
1048
2091
2843
3299
3436
3208
2660
1941
1195
456
-153
-688
-1076
-1240
-1314
-1267
-1172
-1085
-1115
-1198
-1350
-1450
-1633
-1764
-1798
-1685
-1398
-1026
-553
-16
532
1024
1313
1458
1363
915
354
-253
-918
-1712
-2345
-2729
-2935
-2913
-2601
-2009
-1420
-872
-260
255
588
742
715
509
227
-86
-351
-574
-738
-838
-732
-636
-497
-249
-58
-29
-97
-69
-135
-329
-427
-422
-433
-384
-111
211
551
844
1109
1461
1584
1604
1568
1427
1201
950
812
677
488
381
442
498
584
736
838
822
780
728
518
282
6
-290
-622
-897
-1012
-1111
-1112
-1091
-995
-809
-646
-481
-384
-374
-373
-438
-546
-647
-807
-983
-1092
-1160
-1194
-1172
-1122
-1039
-1026
-1055
-992
-977
-1002
-1012
-1089
-1164
-1147
-1098
-999
-890
-790
-620
-424
-301
-164
-78
-91
-145
-201
-314
-374
-417
-479
-477
-424
-302
-152
55
231
380
578
734
815
921
964
1018
1071
1109
1221
1344
1472
1592
1805
2008
2223
2419
2614
2875
3122
3402
3620
3767
3847
3772
3493
2892
1960
489
-1244
-2744
-3927
-4935
-5833
-6284
-6115
-5307
-4037
-2474
-805
717
2004
3100
3928
4363
4202
3603
2717
1790
942
128
-619
-1230
-1576
-1794
-1753
-1549
-1352
-1401
-1666
-1853
-1922
-2028
-2210
-2300
-2262
-2132
-1790
-1144
-464
133
547
870
1157
1190
935
470
-132
-869
-1588
-2084
-2373
-2557
-2585
-2396
-1941
-1356
-801
-205
141
374
510
457
390
187
-121
-461
-675
-698
-596
-454
-314
-121
103
297
478
576
569
493
372
347
402
542
656
862
1231
1591
2010
2449
2865
3202
3454
3728
3976
4187
4288
4296
4275
4081
3832
3383
2470
935
-897
-2446
-3659
-4780
-5899
-6682
-6753
-6144
-4981
-3401
-1671
-48
1394
2699
3838
4665
4874
4403
3583
2751
1946
1065
237
-513
-1103
-1530
-1652
-1441
-1295
-1401
-1694
-1924
-2037
-2242
-2570
-2832
-2940
-2954
-2820
-2260
-1428
-683
-124
449
1145
1530
1497
1252
813
78
-805
-1511
-2038
-2540
-2913
-2969
-2728
-2236
-1608
-920
-419
-59
246
435
460
226
-16
-338
-756
-831
-717
-634
-559
-367
33
333
548
792
904
725
542
602
651
664
709
899
1231
1722
2260
2977
3668
4153
4712
5408
6127
6711
7083
7301
7046
5915
3953
1460
-1001
-3280
-5668
-7949
-9696
-10475
-10154
-8890
-6919
-4625
-2249
235
2554
4611
6154
6782
6527
5794
4959
3942
2838
1786
833
38
-427
-471
-285
-196
-462
-906
-1467
-2121
-2772
-3476
-4198
-4722
-4880
-4422
-3459
-2184
-751
753
2210
3492
4396
4685
4234
3303
1986
281
-1574
-3082
-4317
-5420
-5835
-5514
-4728
-3727
-2447
-1129
-105
670
1221
1424
1166
610
-46
-605
-1095
-1373
-1413
-1375
-1241
-863
-445
-170
-69
-62
-275
-729
-1094
-1304
-1479
-1665
-1529
-1130
-675
-17
727
1413
1884
2152
2465
2572
2410
2162
2009
1903
1826
2119
2632
3250
4023
5059
6176
7271
8198
8838
8688
7039
3901
452
-2269
-4838
-7839
-10828
-12727
-13015
-11849
-9571
-6600
-3520
-616
2188
4883
7159
8410
8326
7170
5599
4190
2988
1688
398
-555
-1081
-1204
-705
77
340
-142
-866
-1561
-2368
-3474
-4606
-5631
-6519
-6696
-5838
-4201
-2425
-699
1068
2894
4485
5557
5792
5044
3431
1382
-616
-2484
-4172
-5690
-6709
-6945
-6361
-5023
-3399
-1949
-712
252
1054
1640
1701
1232
379
-580
-1212
-1469
-1507
-1515
-1522
-1328
-891
-413
-14
118
-266
-820
-1155
-1348
-1455
-1522
-1481
-1262
-732
177
1201
2072
2646
2962
3285
3564
3649
3645
3446
3223
3309
3812
4647
5652
6723
7813
8812
9283
8691
6902
4242
1153
-2185
-5726
-9129
-11908
-13621
-14003
-13017
-10856
-7811
-4314
-743
2724
5758
8065
9312
9429
8655
7283
5598
3832
2155
723
-432
-1110
-1202
-881
-519
-393
-532
-954
-1724
-2807
-3968
-5174
-6309
-7012
-7075
-6341
-4968
-3159
-968
1300
3412
5198
6427
6822
6347
5209
3368
1021
-1538
-3815
-5679
-7199
-7851
-7676
-6955
-5760
-4107
-2252
-728
406
1258
1674
1567
1166
646
-22
-753
-1213
-1343
-1367
-1277
-1008
-708
-676
-686
-747
-996
-1430
-1844
-2060
-2202
-2175
-1772
-1079
-401
344
1338
2178
2681
2997
3183
3152
2821
2510
2362
2304
2391
2825
3658
4756
6072
7665
9315
10578
11198
10752
8807
5743
1870
-2486
-7006
-10987
-14014
-16098
-16716
-15565
-12723
-8867
-4488
-15
4077
7530
9938
11269
11339
10245
8244
5862
3579
1539
-33
-1106
-1639
-1580
-1013
-240
382
547
176
-695
-2000
-3495
-5031
-6492
-7502
-7806
-7235
-5815
-3739
-1158
1435
3878
5819
7074
7475
6828
5264
2935
392
-2131
-4438
-6277
-7362
-7677
-7221
-5997
-4294
-2453
-839
450
1363
1728
1613
1115
306
-698
-1568
-2006
-2111
-1980
-1593
-1087
-517
-8
346
406
49
-544
-1154
-1766
-2312
-2552
-2513
-2238
-1705
-790
271
1242
2012
2591
2907
2919
2722
2373
2035
1674
1474
1656
2204
3006
4109
5390
6815
8306
9781
10886
11295
10793
9041
6143
2461
-1393
-5250
-8921
-12070
-14240
-15065
-14363
-12191
-9168
-5521
-1815
1675
4844
7427
9052
9420
8785
7465
5811
4120
2569
1198
118
-527
-678
-386
132
485
413
-43
-838
-1885
-3128
-4489
-5811
-6818
-7281
-6905
-5738
-4007
-1974
120
2295
4232
5680
6371
6182
5294
3857
1911
-200
-2254
-4135
-5746
-6588
-6640
-6199
-5361
-4222
-2884
-1642
-525
348
830
887
619
216
-183
-531
-764
-950
-1015
-963
-797
-529
-475
-567
-727
-1089
-1490
-1769
-1902
-2061
-2101
-1896
-1361
-757
-25
733
1321
1753
2041
2288
2353
2228
1971
1846
1872
2112
2631
3358
4158
5141
6312
7631
8948
10057
10677
10663
9927
8166
5256
1775
-1805
-5362
-8747
-11537
-13322
-13892
-13241
-11348
-8426
-5081
-1623
1655
4583
6939
8318
8809
8422
7317
5857
4309
2804
1519
516
-116
-475
-416
18
128
-5
-446
-1104
-2107
-3320
-4413
-5484
-6347
-6706
-6330
-5277
-3684
-1814
214
2177
3886
5186
5815
5662
4842
3575
1807
-287
-2310
-4057
-5490
-6501
-6681
-6307
-5595
-4464
-3078
-1784
-739
139
724
833
701
399
-13
-412
-741
-922
-1027
-994
-932
-793
-738
-864
-1094
-1285
-1587
-2006
-2201
-2310
-2300
-2038
-1556
-942
-309
318
952
1444
1755
1882
1847
1707
1506
1394
1403
1581
1944
2561
3446
4422
5535
6730
7971
9104
10080
10599
10480
9507
6986
3127
-811
-3793
-6494
-9341
-11791
-13030
-12923
-11416
-8562
-5219
-2211
297
2744
5155
7087
7928
7575
6416
4907
3645
2777
1889
951
194
-233
-240
332
1097
1122
377
-514
-1320
-2306
-3457
-4504
-5548
-6448
-6615
-5681
-4009
-2320
-724
989
2789
4256
5200
5439
4801
3462
1702
27
-1481
-3035
-4523
-5536
-5861
-5510
-4664
-3526
-2379
-1482
-723
-18
634
865
539
-36
-581
-935
-1052
-1046
-1103
-1174
-1141
-933
-684
-561
-611
-1085
-1623
-1978
-2058
-2125
-2214
-2178
-1973
-1500
-823
60
752
1062
1236
1462
1586
1436
1155
819
501
334
564
1094
1719
2338
3117
4121
5102
6081
6963
7724
8230
8560
8615
8180
7154
5324
2808
178
-2364
-4870
-7220
-9108
-10262
-10517
-9864
-8259
-6057
-3706
-1330
1052
3368
5191
6304
6673
6443
5743
4792
3783
2734
1669
770
87
-345
-371
-270
-371
-662
-978
-1385
-1997
-2652
-3296
-3916
-4430
-4554
-4128
-3352
-2379
-1261
5
1176
2217
3091
3589
3506
2948
2140
1142
21
-1143
-2246
-3254
-3953
-4254
-4203
-3836
-3312
-2681
-2018
-1306
-636
-181
42
76
14
-119
-282
-492
-633
-778
-969
-1034
-959
-931
-966
-1016
-1164
-1300
-1365
-1364
-1338
-1314
-1209
-1031
-660
-232
140
430
688
973
1188
1381
1535
1570
1552
1633
1834
2157
2631
3165
3778
4405
5098
5930
6743
7464
7954
8058
7850
7193
5924
3978
1597
-810
-3239
-5511
-7451
-8739
-9313
-9086
-8066
-6347
-4215
-2059
154
2254
4053
5264
5922
5972
5471
4668
3771
2742
1781
936
199
-340
-572
-560
-574
-659
-844
-1127
-1542
-2058
-2553
-3016
-3478
-3752
-3650
-3158
-2406
-1528
-472
594
1600
2320
2785
2927
2600
1985
1072
12
-1124
-2110
-2968
-3638
-3972
-3995
-3716
-3197
-2626
-1963
-1352
-854
-426
-233
-129
-191
-342
-501
-643
-704
-796
-794
-796
-857
-859
-796
-892
-1063
-1175
-1304
-1473
-1590
-1575
-1453
-1300
-1001
-621
-216
268
633
932
1203
1336
1378
1472
1446
1470
1653
1875
2290
2775
3369
4084
4878
5785
6715
7619
8366
8700
8602
8066
6891
5011
2610
32
-2567
-5091
-7329
-8880
-9691
-9694
-8853
-7240
-5102
-2772
-407
1854
3801
5197
5945
6154
5787
5030
4078
2983
1852
847
117
-404
-688
-658
-603
-622
-716
-895
-1199
-1738
-2347
-2965
-3427
-3735
-3767
-3416
-2747
-1881
-849
371
1399
2143
2711
2911
2722
2142
1295
275
-851
-1956
-2864
-3568
-3954
-4089
-3988
-3591
-3054
-2456
-1830
-1245
-824
-523
-328
-240
-256
-322
-389
-514
-598
-616
-686
-735
-855
-959
-1092
-1316
-1478
-1670
-1833
-1874
-1871
-1742
-1444
-1185
-849
-392
107
492
788
1043
1212
1245
1300
1387
1446
1586
1802
2225
2732
3336
4057
4813
5642
6447
7318
8063
8396
8217
7599
6440
4554
2352
-20
-2465
-4868
-6948
-8413
-9106
-8999
-8152
-6641
-4747
-2601
-378
1787
3566
4867
5586
5733
5378
4760
3956
2924
1872
1032
331
-170
-425
-404
-406
-580
-738
-915
-1218
-1706
-2231
-2696
-3184
-3455
-3434
-2996
-2383
-1623
-614
409
1403
2128
2574
2672
2460
1915
1079
90
-992
-2013
-2862
-3462
-3787
-3841
-3640
-3251
-2672
-1992
-1378
-802
-446
-257
-113
-95
-150
-277
-463
-599
-714
-733
-718
-719
-775
-863
-971
-1131
-1249
-1372
-1543
-1674
-1692
-1591
-1421
-1163
-831
-471
-133
144
466
716
863
880
882
930
978
1173
1469
1901
2394
3004
3779
4645
5604
6549
7405
8216
8828
8839
8210
6973
5078
2734
194
-2373
-4964
-7328
-9053
-9961
-9899
-9015
-7437
-5432
-3169
-817
1569
3597
5028
5812
6005
5640
4950
4085
3044
1923
876
118
-414
-618
-649
-597
-679
-861
-998
-1209
-1660
-2231
-2765
-3249
-3613
-3597
-3205
-2601
-1814
-850
237
1276
2134
2608
2756
2469
1931
1178
202
-859
-1960
-2951
-3591
-3899
-3924
-3723
-3338
-2736
-2045
-1339
-643
-162
73
160
141
46
-110
-246
-505
-677
-795
-805
-781
-799
-863
-927
-1050
-1186
-1215
-1307
-1465
-1583
-1492
-1292
-1108
-785
-408
-49
196
507
840
1059
1129
1206
1240
1313
1454
1702
2065
2505
2984
3602
4415
5207
6014
6787
7531
8025
8025
7540
6506
4849
2813
583
-1723
-3981
-6009
-7551
-8391
-8526
-7878
-6626
-4943
-2995
-984
1050
2799
4125
4896
5200
5051
4428
3695
2875
1942
1011
300
-143
-432
-518
-491
-572
-726
-878
-1047
-1371
-1817
-2244
-2639
-2950
-2970
-2653
-2205
-1603
-900
-48
763
1438
1917
2015
1770
1239
617
-175
-1156
-2114
-2898
-3413
-3692
-3619
-3300
-2797
-2224
-1564
-863
-349
18
210
186
2
-185
-378
-545
-756
-925
-975
-911
-870
-834
-746
-839
-977
-1115
-1195
-1342
-1458
-1536
-1557
-1451
-1267
-865
-487
-155
180
480
772
936
1023
1047
1029
1004
1022
1227
1527
1923
2424
3051
3802
4612
5573
6517
7321
8020
8423
8421
7763
6454
4585
2319
-90
-2505
-4826
-6822
-8251
-8883
-8698
-7782
-6247
-4410
-2322
-235
1803
3513
4719
5282
5294
4978
4289
3455
2544
1632
697
76
-238
-353
-303
-254
-290
-413
-557
-797
-1156
-1733
-2263
-2765
-3068
-3090
-2867
-2397
-1776
-999
-125
743
1441
1899
2037
1757
1257
634
-188
-1127
-2088
-2836
-3298
-3517
-3357
-2972
-2480
-1916
-1351
-700
-180
134
220
135
-95
-327
-513
-728
-975
-1194
-1248
-1198
-1138
-1022
-949
-990
-1067
-1103
-1129
-1227
-1325
-1387
-1386
-1248
-994
-642
-309
-85
233
569
810
969
1120
1161
1192
1265
1455
1791
2150
2634
3196
3895
4701
5612
6427
7191
7794
8039
7744
6952
5580
3647
1491
-821
-3074
-5263
-7014
-8115
-8458
-8055
-7039
-5445
-3587
-1584
423
2266
3758
4706
5134
5084
4608
3965
3187
2300
1396
667
193
-127
-263
-181
-175
-310
-419
-644
-966
-1475
-2028
-2475
-2880
-3099
-2953
-2594
-2055
-1354
-529
352
1109
1703
1989
1998
1718
1225
573
-263
-1165
-1936
-2542
-2880
-2973
-2854
-2516
-2067
-1572
-1043
-576
-278
-119
-123
-168
-300
-446
-619
-793
-947
-959
-847
-803
-739
-650
-647
-736
-841
-919
-1083
-1210
-1320
-1418
-1402
-1300
-1090
-817
-544
-206
101
371
592
748
852
936
1024
1190
1374
1585
1926
2376
2972
3627
4346
5033
5741
6434
7005
7319
7273
6678
5606
4126
2306
370
-1671
-3661
-5381
-6750
-7421
-7449
-6841
-5785
-4446
-2823
-1116
601
2155
3330
4005
4237
4172
3800
3236
2553
1773
1086
449
31
-227
-382
-488
-642
-836
-1046
-1279
-1581
-1948
-2308
-2590
-2708
-2650
-2361
-1941
-1411
-761
-70
648
1238
1576
1607
1377
947
419
-179
-895
-1711
-2339
-2771
-2961
-2877
-2693
-2370
-1981
-1538
-1018
-565
-285
-153
-220
-343
-479
-638
-806
-964
-1063
-1111
-1072
-972
-869
-825
-795
-842
-883
-950
-1032
-1128
-1228
-1285
-1241
-1040
-775
-527
-267
3
291
561
775
906
989
1102
1188
1399
1688
2006
2473
2941
3504
4167
4936
5593
6226
6794
7218
7368
7088
6244
4877
3226
1284
-665
-2574
-4439
-5973
-6904
-7229
-6967
-6110
-4805
-3253
-1606
101
1712
3058
3966
4371
4373
4063
3561
2904
2170
1358
643
106
-264
-481
-546
-581
-761
-927
-1054
-1211
-1521
-1852
-2067
-2283
-2351
-2156
-1787
-1384
-899
-267
374
886
1225
1407
1297
931
439
-112
-789
-1526
-2091
-2546
-2818
-2782
-2601
-2263
-1818
-1420
-974
-601
-336
-212
-256
-430
-550
-739
-927
-1012
-1050
-1014
-981
-871
-755
-661
-649
-680
-809
-941
-1036
-1128
-1167
-1228
-1207
-1026
-797
-522
-221
63
305
465
684
837
869
967
1074
1213
1468
1768
2212
2632
3154
3764
4444
5158
5822
6478
6936
7136
7054
6504
5453
4022
2268
428
-1452
-3250
-4772
-5949
-6555
-6596
-6030
-5070
-3719
-2232
-727
846
2206
3255
3854
4135
4060
3704
3208
2566
1827
1099
456
57
-183
-401
-497
-593
-728
-872
-975
-1171
-1399
-1630
-1881
-1977
-1947
-1759
-1399
-1003
-545
-4
534
921
1119
1125
931
530
56
-521
-1156
-1724
-2166
-2457
-2645
-2519
-2211
-1865
-1472
-952
-584
-358
-124
-56
-210
-413
-609
-863
-1039
-1150
-1227
-1278
-1249
-1149
-1039
-916
-914
-934
-923
-977
-1059
-1074
-1063
-1121
-1034
-826
-623
-405
-224
24
202
371
548
703
807
921
1123
1361
1637
2016
2517
3103
3719
4394
5065
5762
6362
6855
7141
6970
6346
5356
3996
2301
449
-1446
-3230
-4835
-5951
-6525
-6583
-6138
-5267
-4013
-2525
-969
516
1857
2885
3457
3683
3665
3360
2832
2256
1584
979
498
135
-87
-266
-354
-472
-605
-780
-994
-1283
-1589
-1907
-2158
-2290
-2304
-2135
-1795
-1354
-873
-318
220
591
753
800
647
314
-115
-674
-1231
-1733
-2084
-2315
-2341
-2176
-1941
-1561
-1156
-789
-531
-305
-259
-272
-388
-621
-849
-1018
-1200
-1319
-1277
-1270
-1172
-995
-815
-745
-636
-563
-633
-701
-757
-862
-947
-910
-861
-803
-692
-470
-260
-112
99
289
472
643
817
986
1197
1436
1735
2205
2748
3327
4010
4679
5329
5998
6633
7148
7322
7102
6415
5304
3721
1961
77
-1860
-3648
-5281
-6415
-6949
-6915
-6296
-5338
-4022
-2524
-917
705
2057
3054
3626
3854
3801
3425
2923
2331
1612
949
440
104
-158
-320
-444
-608
-808
-997
-1238
-1522
-1946
-2293
-2502
-2635
-2601
-2382
-2030
-1588
-1005
-469
82
433
623
609
396
49
-401
-859
-1376
-1816
-2135
-2245
-2193
-2060
-1711
-1373
-1146
-853
-651
-530
-563
-662
-853
-1011
-1179
-1281
-1297
-1384
-1317
-1166
-965
-837
-693
-587
-554
-599
-632
-675
-802
-880
-938
-958
-900
-794
-616
-412
-330
-115
107
311
538
770
1035
1278
1573
1936
2398
2897
3479
4134
4746
5332
5990
6525
6955
7192
7064
6490
5480
4081
2398
566
-1323
-3214
-4840
-6024
-6674
-6741
-6281
-5324
-4057
-2576
-992
588
1983
3061
3706
3980
3983
3715
3270
2655
1992
1357
819
402
102
-102
-284
-429
-638
-904
-1134
-1425
-1787
-2155
-2397
-2539
-2494
-2333
-1981
-1542
-1030
-441
154
558
764
769
600
263
-243
-737
-1249
-1744
-2133
-2265
-2220
-2017
-1753
-1406
-1090
-801
-566
-422
-448
-633
-873
-1125
-1297
-1435
-1552
-1525
-1512
-1380
-1085
-830
-590
-440
-352
-443
-524
-601
-733
-910
-1097
-1212
-1202
-1063
-922
-724
-531
-387
-145
92
391
601
779
1097
1384
1732
2226
2712
3181
3700
4361
5025
5621
6166
6640
6997
7060
6665
5859
4645
2998
1155
-712
-2512
-4286
-5695
-6608
-6961
-6705
-5992
-4826
-3386
-1845
-291
1230
2508
3432
3994
4120
3955
3586
3058
2436
1723
1060
553
176
-116
-329
-466
-631
-876
-1104
-1375
-1713
-2076
-2389
-2599
-2726
-2575
-2236
-1819
-1299
-707
-94
333
577
680
678
397
26
-348
-797
-1292
-1669
-1808
-1795
-1713
-1485
-1181
-940
-753
-563
-448
-544
-668
-905
-1155
-1398
-1498
-1499
-1471
-1410
-1246
-982
-768
-556
-363
-281
-305
-411
-490
-555
-721
-828
-882
-922
-835
-728
-548
-364
-200
-3
247
500
727
916
1107
1376
1686
2136
2574
3059
3506
4126
4733
5385
6031
6623
7057
7134
6828
6012
4806
3172
1323
-659
-2611
-4466
-5937
-6907
-7285
-7080
-6321
-5088
-3616
-1975
-281
1312
2596
3541
4046
4153
3911
3469
2934
2253
1540
931
399
22
-231
-397
-541
-708
-932
-1173
-1498
-1828
-2200
-2565
-2786
-2899
-2785
-2519
-2058
-1450
-874
-333
108
525
716
641
401
32
-352
-864
-1263
-1621
-1872
-1937
-1916
-1726
-1462
-1209
-1005
-788
-693
-752
-799
-922
-1123
-1313
-1423
-1485
-1495
-1378
-1213
-965
-715
-513
-322
-258
-241
-246
-390
-546
-635
-732
-839
-879
-844
-711
-545
-358
-123
98
330
538
771
1008
1258
1498
1832
2284
2762
3323
3932
4632
5296
5965
6695
7254
7540
7414
6765
5634
4102
2181
97
-1955
-3994
-5806
-7074
-7724
-7700
-7092
-5972
-4522
-2832
-983
797
2340
3499
4166
4500
4437
4030
3503
2794
1989
1253
665
189
-34
-256
-363
-553
-814
-1047
-1344
-1698
-2186
-2599
-2993
-3212
-3209
-2987
-2644
-2094
-1407
-618
155
782
1148
1245
1108
679
145
-504
-1137
-1818
-2401
-2749
-2795
-2650
-2338
-1933
-1525
-1124
-780
-508
-411
-534
-779
-1063
-1351
-1534
-1658
-1674
-1666
-1577
-1345
-1025
-777
-561
-419
-418
-444
-507
-566
-717
-909
-966
-944
-823
-655
-367
-103
138
384
603
812
965
1145
1333
1592
1931
2363
2892
3485
4123
4954
5759
6553
7273
7728
7734
7156
6095
4508
2560
400
-1838
-4079
-6021
-7422
-8156
-8195
-7561
-6370
-4836
-3014
-1059
829
2506
3707
4414
4708
4636
4252
3610
2878
2023
1257
725
337
137
13
-80
-242
-415
-645
-1007
-1434
-1997
-2531
-2952
-3308
-3353
-3192
-2837
-2306
-1572
-739
80
865
1338
1468
1258
950
487
-159
-894
-1583
-2199
-2597
-2694
-2465
-2158
-1837
-1446
-1077
-739
-436
-305
-416
-724
-1017
-1248
-1414
-1499
-1532
-1512
-1483
-1305
-1001
-754
-530
-471
-451
-471
-616
-607
-664
-786
-864
-819
-636
-484
-286
-71
73
212
417
628
788
954
1106
1292
1592
2030
2551
3123
3785
4548
5383
6178
6928
7495
7716
7385
6521
5208
3413
1317
-906
-3077
-5192
-6890
-7903
-8249
-7916
-6969
-5509
-3808
-1993
-94
1664
3131
4119
4563
4649
4390
3839
3189
2463
1677
999
499
187
19
-38
-109
-327
-587
-858
-1232
-1716
-2217
-2718
-3128
-3318
-3331
-3011
-2508
-1934
-1165
-289
476
1101
1469
1418
1034
567
22
-616
-1339
-1969
-2432
-2614
-2549
-2265
-1856
-1454
-1004
-593
-292
-141
-120
-321
-676
-1026
-1253
-1401
-1516
-1577
-1501
-1352
-1128
-802
-528
-369
-354
-393
-431
-473
-546
-641
-716
-736
-610
-386
-82
150
365
553
788
1005
1224
1366
1513
1670
1884
2302
2831
3456
4143
4904
5663
6540
7385
7991
8093
7595
6559
5076
3117
957
-1309
-3617
-5756
-7432
-8302
-8527
-8017
-6909
-5391
-3593
-1607
430
2249
3655
4526
4899
4877
4514
3947
3206
2353
1501
844
398
162
27
-16
-101
-350
-546
-814
-1212
-1774
-2403
-2926
-3337
-3513
-3395
-3039
-2567
-1912
-1121
-248
625
1248
1518
1428
1080
642
65
-633
-1396
-2088
-2603
-2826
-2725
-2402
-2035
-1605
-1205
-863
-486
-280
-286
-488
-813
-1103
-1290
-1411
-1527
-1568
-1521
-1394
-1091
-807
-587
-497
-519
-528
-529
-583
-611
-739
-871
-847
-713
-493
-207
94
306
503
766
1044
1249
1438
1531
1658
1967
2381
2929
3524
4228
4992
5843
6685
7422
8004
8033
7430
6332
4775
2812
607
-1660
-3929
-5960
-7498
-8319
-8366
-7805
-6638
-5122
-3332
-1334
590
2350
3658
4425
4780
4730
4388
3840
3179
2386
1603
1021
632
401
203
88
-18
-253
-530
-826
-1268
-1861
-2426
-2941
-3277
-3412
-3333
-2969
-2474
-1821
-1027
-154
647
1222
1549
1581
1254
690
-15
-805
-1599
-2318
-2857
-3108
-3115
-2886
-2413
-1939
-1450
-977
-546
-240
-154
-263
-474
-801
-1113
-1337
-1453
-1525
-1585
-1498
-1374
-1157
-958
-803
-774
-808
-868
-894
-895
-908
-885
-804
-674
-440
-96
227
478
695
891
1083
1224
1368
1548
1685
1943
2334
2874
3510
4220
4973
5811
6586
7310
7695
7588
6860
5587
3924
1955
-163
-2366
-4516
-6385
-7675
-8246
-8098
-7365
-6158
-4640
-2840
-984
862
2473
3587
4259
4442
4334
4055
3511
2837
2144
1454
907
621
504
323
175
-36
-360
-673
-1084
-1595
-2142
-2694
-3188
-3411
-3421
-3209
-2789
-2239
-1537
-752
103
795
1327
1479
1341
912
322
-303
-1092
-1753
-2434
-2851
-2994
-2839
-2475
-2024
-1595
-1158
-711
-416
-247
-260
-468
-777
-1081
-1310
-1478
-1547
-1526
-1492
-1389
-1134
-858
-686
-636
-646
-690
-767
-867
-909
-911
-940
-864
-645
-348
11
339
602
870
1137
1319
1540
1735
1901
2068
2361
2773
3279
3984
4624
5268
6001
6788
7371
7589
7238
6380
4977
3257
1296
-792
-2884
-4900
-6571
-7646
-7959
-7676
-6827
-5609
-4037
-2245
-395
1375
2767
3685
4177
4318
4167
3812
3293
2607
1877
1239
800
551
349
190
23
-256
-550
-867
-1259
-1829
-2390
-2864
-3242
-3379
-3319
-3027
-2542
-1942
-1212
-401
390
1031
1446
1539
1242
707
49
-688
-1465
-2171
-2741
-3052
-3104
-2908
-2478
-1984
-1458
-940
-586
-319
-172
-256
-525
-879
-1193
-1381
-1483
-1559
-1526
-1365
-1132
-851
-546
-347
-249
-233
-307
-432
-560
-681
-734
-787
-771
-532
-160
214
566
933
1311
1631
1928
2195
2443
2631
2850
3194
3638
4218
4840
5516
6235
7008
7593
7782
7413
6519
5177
3404
1392
-711
-2886
-5001
-6700
-7733
-8050
-7686
-6805
-5492
-3822
-1975
-63
1700
3164
4125
4565
4685
4512
4086
3433
2663
1925
1275
881
548
422
318
124
-70
-321
-591
-1031
-1618
-2210
-2796
-3293
-3504
-3464
-3187
-2713
-2122
-1366
-626
-26
453
719
786
627
231
-220
-721
-1293
-1645
-1907
-2031
-2034
-1904
-1662
-1400
-1129
-915
-865
-928
-1120
-1292
-1526
-1770
-1838
-1903
-1889
-1764
-1436
-1077
-767
-547
-240
-82
-115
-107
-232
-436
-705
-831
-907
-975
-913
-733
-482
-204
167
517
850
1116
1421
1683
1982
2313
2704
3157
3644
4255
4923
5582
6292
7114
7687
7863
7535
6667
5265
3458
1415
-753
-2982
-5156
-6903
-8004
-8427
-8158
-7263
-5927
-4286
-2440
-447
1408
2892
3958
4456
4581
4444
4085
3494
2736
2018
1377
885
618
479
372
223
-8
-236
-576
-1033
-1537
-2178
-2756
-3254
-3578
-3577
-3339
-2923
-2371
-1614
-708
161
895
1346
1509
1350
946
317
-436
-1140
-1902
-2507
-2831
-2893
-2674
-2300
-1797
-1346
-981
-638
-473
-456
-665
-963
-1351
-1712
-1946
-2080
-2070
-1910
-1600
-1207
-795
-407
-106
58
99
-51
-210
-411
-669
-886
-974
-970
-830
-551
-217
142
510
957
1332
1684
1954
2231
2494
2788
3225
3735
4310
4938
5673
6418
7178
7676
7756
7288
6270
4732
2778
681
-1547
-3906
-6103
-7738
-8701
-8905
-8444
-7439
-5956
-4217
-2229
-148
1725
3133
4059
4584
4634
4411
4008
3390
2526
1724
1115
639
358
221
136
-93
-338
-539
-860
-1348
-1920
-2562
-3147
-3607
-3872
-3795
-3543
-3147
-2475
-1640
-755
103
883
1350
1356
1073
742
279
-445
-1125
-1824
-2396
-2707
-2593
-2287
-2040
-1769
-1450
-1174
-914
-771
-796
-1075
-1476
-1757
-2012
-2101
-2113
-2008
-1862
-1593
-1229
-690
-265
-61
45
69
18
-108
-210
-366
-631
-779
-679
-489
-261
-7
295
587
860
1178
1495
1753
1936
2160
2514
3040
3682
4398
5122
5811
6602
7411
8068
8268
7794
6747
5162
3195
1057
-1256
-3627
-5867
-7639
-8727
-9008
-8573
-7586
-6091
-4322
-2357
-237
1698
3198
4178
4682
4852
4631
4206
3638
2869
2051
1357
889
623
437
288
94
-207
-479
-776
-1196
-1826
-2476
-3090
-3576
-3822
-3756
-3467
-3085
-2545
-1744
-818
41
788
1236
1316
1088
748
311
-225
-923
-1556
-2122
-2481
-2454
-2238
-2015
-1781
-1485
-1288
-1058
-962
-1010
-1220
-1606
-1904
-2082
-2186
-2168
-2090
-1905
-1664
-1284
-794
-396
-117
-13
20
24
-94
-175
-322
-515
-654
-597
-455
-281
-27
189
440
679
941
1240
1472
1662
1943
2327
2832
3442
4140
4920
5690
6450
7266
7928
8277
7996
7096
5706
3895
1824
-412
-2760
-4972
-6824
-8113
-8630
-8429
-7656
-6376
-4758
-2905
-850
1112
2747
3852
4513
4780
4699
4400
3914
3157
2377
1702
1209
884
634
511
357
113
-220
-492
-884
-1420
-2089
-2724
-3222
-3548
-3622
-3442
-3066
-2486
-1707
-948
-161
444
836
1035
942
753
434
-25
-532
-989
-1390
-1586
-1625
-1512
-1391
-1282
-1091
-986
-926
-966
-1110
-1378
-1713
-1971
-2119
-2227
-2219
-2074
-1914
-1607
-1188
-777
-446
-224
-62
-41
-24
-87
-189
-281
-447
-563
-524
-431
-327
-94
44
219
462
683
959
1163
1353
1647
1969
2395
3032
3681
4404
5229
6023
6831
7528
8054
8034
7400
6273
4688
2669
513
-1698
-3989
-6078
-7681
-8515
-8647
-8193
-7178
-5639
-3939
-2043
-59
1755
3120
3978
4464
4554
4364
3990
3467
2715
2005
1402
1044
743
579
467
202
-105
-434
-740
-1218
-1878
-2547
-3097
-3506
-3691
-3563
-3284
-2898
-2280
-1463
-553
271
928
1233
1185
991
730
411
-169
-836
-1392
-1764
-1899
-1810
-1548
-1436
-1298
-1145
-955
-815
-815
-976
-1324
-1677
-1882
-2011
-2059
-2028
-1933
-1771
-1478
-1043
-600
-281
-201
-122
-51
-99
-160
-219
-355
-503
-579
-391
-221
-50
172
322
500
734
1030
1287
1424
1589
1860
2192
2681
3275
3946
4628
5350
6081
6885
7532
7751
7513
6760
5445
3787
1905
-171
-2380
-4471
-6259
-7508
-8042
-7994
-7348
-6304
-4848
-3169
-1359
460
1948
3067
3776
4141
4148
3992
3622
3040
2393
1751
1312
916
640
458
185
-105
-398
-739
-1131
-1670
-2290
-2842
-3301
-3557
-3601
-3399
-3074
-2584
-1876
-1114
-399
93
382
544
495
258
-38
-421
-893
-1273
-1478
-1557
-1539
-1434
-1222
-1069
-933
-781
-782
-868
-1132
-1453
-1733
-2012
-2162
-2270
-2306
-2263
-2070
-1726
-1355
-1041
-740
-461
-339
-271
-148
-145
-267
-360
-375
-368
-295
-160
42
193
274
436
672
877
1000
1160
1366
1621
1931
2380
2929
3496
4206
4888
5580
6250
6879
7252
7261
6826
5946
4595
2873
1015
-966
-2936
-4734
-6253
-7219
-7507
-7299
-6633
-5494
-4008
-2416
-775
777
2112
3092
3707
3975
3995
3755
3330
2833
2298
1762
1324
994
746
532
275
-26
-344
-727
-1164
-1667
-2245
-2762
-3108
-3295
-3347
-3118
-2739
-2241
-1624
-864
-110
513
1046
1373
1466
1134
550
-115
-677
-1315
-1972
-2333
-2531
-2591
-2354
-1863
-1426
-1097
-860
-674
-586
-665
-815
-1103
-1507
-1858
-2087
-2180
-2142
-1971
-1680
-1395
-1116
-755
-395
-234
-213
-176
-220
-386
-483
-445
-446
-478
-347
-13
249
434
668
908
1027
1178
1425
1674
1921
2164
2586
3108
3760
4459
5157
5836
6410
6914
7142
6903
6198
5076
3543
1813
-60
-1915
-3759
-5360
-6518
-7086
-7066
-6520
-5609
-4343
-2914
-1443
123
1485
2573
3210
3506
3635
3514
3250
2934
2449
1909
1463
1184
977
800
590
280
-80
-456
-829
-1347
-1893
-2440
-2914
-3220
-3289
-3136
-2797
-2369
-1823
-1188
-533
74
415
560
575
439
177
-100
-411
-837
-1144
-1306
-1235
-1148
-1068
-951
-857
-805
-750
-750
-864
-1091
-1394
-1680
-1895
-2004
-2029
-1949
-1846
-1654
-1277
-874
-601
-321
-131
-75
-85
-64
-53
-154
-242
-281
-237
-172
-32
158
289
459
609
824
1068
1250
1448
1710
2002
2351
2859
3424
3979
4491
5091
5715
6284
6722
6923
6621
5882
4842
3522
1939
186
-1583
-3298
-4803
-5840
-6366
-6411
-6003
-5261
-4235
-2931
-1501
-98
1126
2020
2653
3100
3268
3259
3059
2684
2266
1794
1512
1293
1087
893
629
341
37
-284
-687
-1224
-1775
-2299
-2738
-3001
-3076
-3029
-2808
-2404
-1845
-1156
-447
225
780
1087
1190
1003
651
186
-411
-1025
-1588
-1964
-2154
-2209
-2064
-1766
-1452
-1118
-853
-616
-515
-555
-705
-1023
-1290
-1608
-1785
-1870
-1878
-1763
-1566
-1228
-923
-589
-313
-153
-108
-64
-71
-174
-302
-362
-407
-390
-286
-106
99
249
525
722
899
1084
1315
1525
1713
1985
2401
2836
3350
3976
4574
5151
5795
6405
6845
6970
6635
5871
4768
3369
1709
-53
-1901
-3641
-5076
-6077
-6530
-6513
-6020
-5125
-3967
-2615
-1114
320
1473
2369
2953
3294
3361
3265
3031
2599
2119
1722
1403
1210
1032
856
656
353
87
-233
-633
-1178
-1797
-2312
-2779
-3088
-3207
-3111
-2890
-2561
-2089
-1448
-851
-415
-41
226
315
301
258
113
-228
-520
-683
-843
-1040
-1112
-1095
-1132
-1149
-1143
-1090
-1187
-1307
-1456
-1618
-1758
-1822
-1816
-1831
-1785
-1630
-1357
-1117
-930
-691
-447
-361
-288
-126
-124
-247
-313
-342
-465
-464
-442
-400
-342
-274
-125
73
210
410
690
936
1204
1546
1949
2374
2790
3211
3793
4439
4959
5495
6038
6429
6608
6408
5734
4769
3433
1883
209
-1511
-3155
-4614
-5694
-6291
-6353
-5991
-5224
-4137
-2887
-1546
-175
1065
2046
2723
3090
3187
3194
3010
2674
2272
1842
1458
1212
989
818
610
334
36
-293
-641
-1159
-1656
-2156
-2505
-2857
-2972
-2835
-2667
-2298
-1777
-1235
-648
-80
268
394
348
265
101
-214
-588
-913
-1214
-1399
-1394
-1211
-1115
-1054
-904
-827
-733
-731
-831
-1084
-1334
-1564
-1753
-1807
-1799
-1766
-1665
-1492
-1215
-819
-524
-331
-176
-82
-86
-92
-113
-229
-434
-520
-544
-478
-399
-272
-116
-27
159
395
675
851
1079
1349
1636
2033
2536
3061
3633
4214
4779
5344
5933
6488
6712
6569
5984
5074
3830
2320
689
-1060
-2808
-4386
-5530
-6186
-6406
-6172
-5567
-4636
-3405
-2001
-613
662
1674
2410
2840
3084
3109
2995
2663
2240
1831
1541
1263
1082
927
688
481
179
-103
-489
-944
-1487
-2049
-2469
-2788
-2939
-2919
-2782
-2481
-2001
-1383
-727
-104
375
657
707
554
336
50
-372
-788
-1177
-1511
-1637
-1586
-1418
-1176
-1055
-864
-691
-624
-543
-659
-849
-1153
-1375
-1494
-1532
-1507
-1458
-1297
-1085
-821
-480
-187
-66
-20
56
7
-68
-78
-169
-270
-392
-343
-194
-56
62
142
331
467
684
945
1163
1364
1617
1968
2422
2978
3552
4159
4729
5356
5970
6575
6963
7013
6638
5750
4582
3150
1466
-370
-2217
-3961
-5328
-6240
-6613
-6469
-5961
-5072
-3873
-2467
-980
457
1598
2469
2981
3245
3302
3146
2879
2431
1899
1514
1212
1015
842
666
494
300
50
-327
-745
-1234
-1777
-2279
-2681
-2964
-3044
-2942
-2728
-2385
-1834
-1275
-771
-378
-16
237
281
231
134
-46
-326
-622
-783
-885
-999
-974
-921
-922
-901
-849
-880
-977
-1167
-1303
-1467
-1613
-1695
-1692
-1670
-1571
-1327
-1049
-742
-505
-258
-54
58
148
184
135
-31
-126
-214
-365
-363
-338
-356
-300
-161
7
214
400
583
818
1080
1395
1709
2102
2533
2979
3561
4167
4764
5383
5999
6490
6753
6754
6383
5524
4327
2893
1233
-493
-2178
-3719
-5003
-5850
-6203
-6021
-5372
-4463
-3322
-2068
-696
560
1564
2389
2924
3106
3130
2973
2710
2324
1885
1534
1183
963
794
629
477
221
-59
-434
-798
-1214
-1670
-2104
-2448
-2666
-2695
-2532
-2309
-1926
-1489
-917
-395
78
381
440
342
118
-132
-425
-752
-1048
-1269
-1425
-1456
-1275
-1034
-869
-682
-579
-580
-602
-685
-879
-1165
-1452
-1647
-1741
-1729
-1605
-1435
-1222
-935
-589
-250
-56
81
150
54
-32
-145
-264
-386
-542
-600
-556
-432
-260
-55
145
333
622
856
1065
1299
1548
1844
2179
2631
3130
3671
4239
4835
5473
6085
6524
6674
6401
5694
4718
3401
1853
210
-1521
-3209
-4598
-5549
-6014
-6016
-5685
-4927
-3887
-2654
-1378
-54
1098
1935
2502
2809
2950
2890
2677
2302
1893
1528
1256
1052
873
716
586
379
114
-146
-500
-951
-1446
-1862
-2284
-2600
-2684
-2653
-2459
-2144
-1639
-1063
-544
-19
367
598
656
534
332
18
-429
-849
-1254
-1485
-1549
-1509
-1463
-1262
-1047
-820
-583
-470
-460
-610
-767
-997
-1211
-1364
-1517
-1543
-1481
-1273
-1040
-737
-462
-239
-44
73
152
142
90
-76
-214
-354
-446
-489
-370
-327
-241
-64
141
382
574
840
1036
1277
1519
1872
2239
2625
3093
3598
4220
4864
5519
6091
6549
6675
6378
5716
4673
3298
1696
-29
-1766
-3372
-4716
-5714
-6162
-6138
-5693
-4881
-3784
-2470
-1177
104
1241
2085
2634
2924
2996
2828
2568
2150
1748
1352
1046
846
686
569
447
275
-30
-317
-613
-1057
-1573
-1994
-2348
-2625
-2763
-2639
-2415
-2095
-1652
-1129
-607
-205
144
376
345
214
-3
-332
-673
-1005
-1226
-1356
-1433
-1353
-1192
-1031
-864
-717
-658
-677
-704
-857
-1062
-1301
-1496
-1578
-1606
-1529
-1382
-1181
-940
-680
-387
-151
38
89
111
85
-37
-141
-255
-354
-426
-427
-370
-254
-103
78
247
407
605
847
1067
1286
1493
1805
2162
2583
3099
3655
4270
4894
5452
5949
6418
6529
6280
5590
4594
3311
1784
153
-1450
-2947
-4281
-5183
-5619
-5637
-5204
-4483
-3536
-2406
-1171
33
1041
1809
2343
2603
2662
2594
2454
2173
1821
1510
1285
1092
940
857
707
475
171
-175
-496
-917
-1398
-1818
-2258
-2516
-2617
-2533
-2327
-2087
-1692
-1230
-814
-424
-70
106
92
32
-126
-302
-570
-794
-946
-1149
-1198
-1150
-1084
-938
-799
-759
-715
-776
-874
-973
-1157
-1364
-1479
-1555
-1569
-1503
-1390
-1221
-989
-704
-446
-187
-61
16
50
-31
-104
-183
-283
-397
-440
-431
-386
-308
-150
-7
112
263
452
639
845
1102
1368
1769
2184
2689
3241
3874
4528
5113
5634
6195
6502
6491
6133
5390
4359
3008
1551
-29
-1637
-3142
-4353
-5161
-5512
-5485
-5046
-4303
-3354
-2203
-973
139
1088
1814
2266
2538
2647
2659
2469
2164
1831
1582
1395
1210
1088
923
771
507
215
-111
-452
-931
-1411
-1870
-2220
-2460
-2574
-2483
-2288
-2006
-1671
-1224
-777
-378
-33
117
177
141
-7
-182
-423
-667
-866
-931
-967
-931
-878
-782
-731
-698
-689
-678
-810
-990
-1168
-1300
-1427
-1485
-1408
-1356
-1222
-1037
-824
-583
-314
-139
-35
-51
-20
-21
-67
-123
-215
-260
-260
-241
-139
-44
17
106
197
329
460
597
767
1004
1210
1609
1981
2422
2981
3531
4105
4687
5262
5707
6042
6144
5869
5222
4298
3132
1788
228
-1258
-2647
-3831
-4637
-5091
-5151
-4853
-4229
-3400
-2414
-1338
-334
563
1270
1774
2086
2171
2205
2014
1832
1634
1353
1222
1132
1042
873
755
549
263
-21
-388
-816
-1310
-1734
-2109
-2383
-2542
-2556
-2457
-2177
-1793
-1436
-1016
-639
-335
-213
-126
-144
-207
-370
-614
-741
-885
-936
-921
-841
-746
-672
-618
-559
-579
-655
-838
-1012
-1168
-1402
-1488
-1598
-1608
-1513
-1334
-1157
-899
-583
-425
-274
-95
-45
-79
-103
-145
-218
-298
-396
-358
-307
-260
-108
-5
150
286
385
567
736
922
1175
1483
1778
2196
2715
3196
3762
4277
4810
5297
5651
5882
5856
5398
4631
3709
2502
1163
-258
-1698
-3042
-4066
-4661
-4910
-4836
-4489
-3840
-2978
-1974
-941
15
794
1412
1754
2023
2135
2100
1930
1693
1514
1291
1159
1060
942
755
543
348
91
-214
-642
-1082
-1592
-2009
-2332
-2533
-2654
-2622
-2476
-2296
-1945
-1532
-1129
-809
-536
-350
-200
-164
-166
-237
-368
-539
-623
-695
-743
-714
-732
-729
-745
-780
-831
-936
-1059
-1240
-1364
-1425
-1508
-1477
-1434
-1335
-1171
-909
-679
-465
-242
-117
-33
17
34
15
-94
-190
-238
-267
-259
-242
-222
-160
-48
37
188
366
544
695
955
1228
1556
1900
2353
2824
3289
3841
4336
4841
5254
5517
5638
5506
4981
4212
3283
2107
777
-549
-1850
-3012
-3883
-4456
-4626
-4508
-4082
-3473
-2654
-1674
-777
111
820
1344
1705
1935
2008
1972
1866
1707
1508
1335
1271
1183
1025
850
681
458
111
-227
-644
-1184
-1591
-2019
-2313
-2558
-2647
-2552
-2479
-2181
-1923
-1604
-1182
-812
-532
-384
-281
-201
-182
-186
-247
-327
-433
-489
-498
-535
-539
-610
-656
-741
-844
-969
-1107
-1249
-1350
-1453
-1512
-1459
-1347
-1203
-1063
-894
-672
-415
-251
-107
9
17
6
-3
-7
-94
-150
-143
-211
-212
-148
-11
132
291
464
646
935
1189
1451
1766
2082
2473
2875
3289
3741
4181
4654
5046
5386
5516
5256
4793
4068
3089
1907
643
-690
-1975
-3060
-3854
-4324
-4520
-4363
-3947
-3267
-2442
-1468
-532
231
952
1465
1777
1954
2056
1960
1782
1633
1493
1382
1249
1154
1032
932
766
511
258
-100
-607
-1087
-1520
-1923
-2260
-2495
-2580
-2607
-2454
-2208
-1911
-1585
-1232
-873
-582
-287
-86
-29
-42
-55
-104
-199
-214
-230
-298
-363
-382
-430
-532
-623
-734
-881
-1048
-1213
-1347
-1478
-1516
-1451
-1354
-1164
-973
-709
-490
-292
-143
-6
190
205
184
167
95
13
-53
-62
-97
-90
-5
107
260
389
576
788
1005
1242
1520
1806
2121
2510
2880
3297
3737
4190
4613
4948
5210
5229
4945
4389
3614
2688
1515
228
-980
-2183
-3201
-3903
-4338
-4418
-4295
-3888
-3212
-2400
-1514
-649
104
733
1234
1567
1764
1836
1810
1670
1510
1364
1263
1185
1047
937
777
576
340
50
-273
-762
-1236
-1708
-2093
-2375
-2634
-2737
-2693
-2529
-2326
-2012
-1608
-1255
-916
-596
-302
-146
-60
-18
-6
-56
-145
-198
-256
-322
-387
-440
-516
-602
-718
-873
-1032
-1155
-1279
-1382
-1474
-1488
-1453
-1352
-1233
-1048
-808
-566
-363
-190
-16
116
185
246
235
146
137
121
102
57
37
121
184
244
392
570
757
925
1212
1474
1755
2066
2408
2868
3274
3617
4017
4397
4632
4847
4856
4634
4086
3352
2493
1489
403
-699
-1747
-2667
-3354
-3736
-3780
-3689
-3364
-2826
-2143
-1341
-617
61
636
1052
1322
1504
1596
1577
1494
1355
1250
1171
1048
969
861
729
606
397
137
-198
-610
-1105
-1504
-1851
-2080
-2341
-2508
-2463
-2329
-2217
-1972
-1636
-1370
-1094
-896
-596
-453
-359
-234
-216
-171
-229
-257
-243
-296
-317
-365
-442
-511
-654
-829
-995
-1167
-1273
-1387
-1483
-1529
-1513
-1430
-1274
-1115
-858
-702
-526
-338
-154
23
90
162
196
216
151
166
189
159
161
217
285
361
464
608
807
993
1216
1495
1780
2117
2483
2799
3136
3503
3854
4128
4358
4505
4463
4193
3694
3070
2281
1347
302
-681
-1575
-2408
-3026
-3354
-3437
-3354
-3011
-2485
-1897
-1230
-594
3
550
951
1232
1430
1562
1533
1450
1353
1250
1201
1085
976
879
773
604
380
136
-181
-564
-959
-1276
-1604
-1945
-2186
-2311
-2315
-2182
-2072
-1916
-1598
-1285
-1006
-738
-562
-406
-289
-217
-146
-113
-137
-191
-208
-230
-287
-339
-394
-467
-581
-707
-856
-1029
-1170
-1310
-1463
-1541
-1464
-1412
-1347
-1181
-983
-778
-551
-390
-193
-29
63
157
166
197
204
153
142
161
179
232
336
440
551
741
967
1141
1346
1616
1903
2186
2541
2915
3252
3629
3920
4190
4409
4497
4361
3948
3392
2683
1790
771
-303
-1261
-2192
-2917
-3366
-3555
-3550
-3377
-2957
-2309
-1643
-928
-306
255
745
1059
1302
1401
1440
1320
1209
1159
1110
1021
946
924
788
743
610
396
136
-226
-666
-1084
-1446
-1805
-2119
-2358
-2434
-2419
-2298
-2155
-1893
-1550
-1227
-948
-671
-373
-225
-154
-58
-10
-28
-50
-99
-138
-160
-197
-241
-296
-363
-504
-629
-762
-935
-1063
-1238
-1305
-1332
-1321
-1275
-1134
-952
-769
-601
-389
-187
-8
131
217
319
358
389
369
387
382
429
447
511
660
753
901
1095
1305
1470
1693
1993
2274
2526
2876
3211
3498
3779
3997
4183
4301
4210
3874
3362
2729
1922
1000
48
-881
-1762
-2511
-2993
-3229
-3235
-3094
-2767
-2243
-1626
-950
-419
162
619
910
1148
1301
1340
1285
1200
1107
1016
909
868
788
698
583
449
327
55
-281
-635
-1055
-1394
-1708
-2061
-2328
-2502
-2576
-2525
-2340
-2090
-1844
-1582
-1285
-955
-677
-405
-247
-167
-112
-94
-58
-104
-158
-190
-297
-378
-406
-502
-632
-815
-959
-1144
-1293
-1390
-1507
-1587
-1608
-1549
-1375
-1189
-1023
-783
-495
-281
-79
96
252
293
323
320
340
309
277
327
423
529
617
812
940
1160
1413
1648
1902
2176
2467
2744
2981
3258
3498
3730
3907
4041
4051
3856
3551
2974
2366
1594
701
-223
-1153
-1906
-2529
-2929
-3122
-3108
-2923
-2545
-1966
-1330
-739
-152
383
782
1084
1279
1380
1400
1292
1169
1059
1008
942
840
748
680
597
436
227
-6
-315
-683
-1038
-1348
-1686
-2020
-2201
-2365
-2459
-2389
-2302
-2040
-1789
-1538
-1219
-949
-673
-456
-275
-202
-164
-133
-99
-131
-173
-230
-320
-394
-496
-570
-711
-911
-1088
-1265
-1422
-1530
-1612
-1670
-1701
-1621
-1462
-1259
-1067
-869
-610
-376
-247
-24
105
153
189
201
223
252
293
316
439
567
708
907
1102
1308
1564
1815
2087
2367
2622
2857
3110
3345
3562
3700
3837
3865
3722
3399
2924
2361
1584
697
-177
-1017
-1806
-2455
-2950
-3232
-3292
-3173
-2820
-2302
-1698
-1108
-485
53
492
883
1129
1233
1245
1200
1135
1042
969
885
735
650
589
493
392
227
-8
-263
-639
-943
-1284
-1582
-1882
-2138
-2329
-2435
-2423
-2300
-2104
-1907
-1655
-1350
-1016
-717
-438
-201
-18
81
143
141
98
61
-12
-130
-250
-434
-539
-742
-921
-1139
-1284
-1400
-1522
-1552
-1595
-1558
-1489
-1318
-1176
-973
-745
-588
-339
-124
7
161
226
312
408
452
512
581
639
731
867
1028
1201
1396
1568
1787
2028
2277
2511
2767
2976
3172
3442
3631
3814
3937
3961
3767
3441
2951
2324
1613
743
-173
-1040
-1865
-2513
-2898
-3160
-3221
-3095
-2784
-2218
-1646
-1023
-424
82
570
921
1105
1196
1197
1118
979
871
807
667
565
468
450
350
287
120
-54
-301
-624
-900
-1263
-1547
-1844
-2104
-2264
-2320
-2318
-2270
-2165
-1987
-1732
-1473
-1249
-997
-813
-619
-466
-306
-128
-68
-21
13
28
-16
-157
-253
-425
-657
-868
-1088
-1340
-1517
-1676
-1787
-1799
-1762
-1664
-1540
-1342
-1111
-904
-661
-406
-221
-100
47
167
258
342
375
435
536
666
794
920
1072
1224
1432
1627
1838
2059
2249
2469
2646
2875
3101
3261
3510
3689
3844
3925
3860
3635
3203
2603
1887
1073
234
-611
-1443
-2094
-2608
-2887
-3000
-2876
-2590
-2092
-1519
-938
-309
267
717
1032
1281
1400
1450
1310
1173
1001
867
718
632
585
465
389
338
284
179
-14
-283
-548
-862
-1218
-1504
-1767
-1951
-2069
-2171
-2123
-1982
-1798
-1678
-1428
-1190
-957
-729
-553
-350
-238
-163
-97
-73
-35
-29
-79
-119
-229
-348
-500
-728
-913
-1112
-1345
-1552
-1676
-1752
-1780
-1770
-1715
-1556
-1381
-1154
-925
-693
-521
-357
-163
-11
83
144
202
297
405
441
546
758
896
1024
1203
1400
1585
1779
1986
2213
2413
2618
2830
3012
3238
3452
3627
3757
3811
3669
3403
2919
2387
1605
744
-110
-1010
-1742
-2376
-2796
-3026
-3049
-2875
-2497
-1964
-1374
-773
-215
278
699
975
1191
1235
1194
1138
1011
895
748
638
534
489
434
378
355
218
73
-142
-396
-643
-887
-1179
-1493
-1735
-1850
-1945
-1913
-1837
-1758
-1626
-1455
-1266
-1067
-897
-738
-614
-480
-338
-225
-93
-39
4
73
104
79
-20
-151
-382
-643
-856
-1093
-1301
-1462
-1593
-1635
-1613
-1573
-1393
-1242
-1047
-862
-634
-422
-310
-180
-78
-8
85
147
208
258
378
487
655
827
993
1159
1253
1371
1594
1772
1910
2093
2259
2465
2646
2850
3041
3222
3386
3534
3642
3527
3248
2860
2316
1668
914
44
-789
-1548
-2182
-2622
-2861
-2906
-2813
-2516
-2046
-1496
-949
-386
70
406
727
914
975
954
865
760
599
469
384
327
275
248
157
99
1
-83
-326
-589
-796
-1086
-1328
-1576
-1769
-1908
-1971
-2005
-1964
-1880
-1802
-1676
-1540
-1348
-1239
-1125
-941
-800
-639
-460
-331
-235
-127
-70
-85
-82
-188
-366
-560
-803
-1003
-1223
-1400
-1527
-1631
-1671
-1635
-1515
-1346
-1220
-1083
-916
-760
-644
-486
-341
-317
-186
-80
10
101
198
329
445
591
749
892
1007
1159
1279
1454
1622
1802
1997
2200
2420
2645
2898
3102
3331
3527
3700
3876
3815
3600
3220
2751
2103
1339
534
-346
-1121
-1803
-2302
-2604
-2707
-2635
-2428
-1997
-1495
-934
-430
22
402
685
873
1029
1030
918
829
708
664
558
474
433
401
360
288
165
35
-141
-421
-685
-908
-1195
-1403
-1589
-1775
-1846
-1852
-1857
-1786
-1737
-1672
-1570
-1413
-1295
-1173
-1037
-932
-775
-594
-415
-289
-155
-95
-95
-76
-114
-298
-476
-717
-987
-1169
-1372
-1583
-1722
-1745
-1768
-1701
-1487
-1342
-1167
-1015
-839
-663
-575
-446
-410
-355
-264
-210
-108
-14
73
251
375
523
727
864
992
1142
1267
1449
1612
1743
1912
2102
2345
2567
2811
2991
3192
3425
3625
3745
3726
3478
3120
2685
2097
1366
577
-227
-995
-1671
-2153
-2427
-2516
-2457
-2236
-1835
-1342
-785
-287
136
493
783
976
1075
1086
993
826
719
604
510
444
337
263
216
168
75
-22
-193
-434
-651
-919
-1107
-1323
-1426
-1511
-1557
-1520
-1447
-1345
-1252
-1193
-1197
-1082
-987
-948
-864
-772
-651
-544
-395
-277
-200
-107
-88
-129
-186
-324
-544
-744
-975
-1223
-1389
-1495
-1584
-1560
-1550
-1424
-1235
-1071
-934
-786
-654
-574
-439
-394
-369
-340
-307
-286
-188
-71
-3
159
346
471
656
859
956
1087
1170
1279
1436
1514
1697
1885
2006
2166
2344
2501
2646
2819
2958
3099
3167
3026
2803
2447
1967
1368
699
39
-653
-1261
-1744
-2096
-2181
-2174
-2062
-1724
-1325
-839
-341
155
505
748
955
1011
970
845
677
476
243
67
-84
-161
-240
-337
-356
-374
-463
-555
-687
-874
-991
-1143
-1248
-1330
-1390
-1397
-1357
-1279
-1199
-1133
-1137
-1151
-1101
-1068
-1083
-1022
-1020
-956
-818
-635
-510
-369
-297
-259
-211
-292
-389
-574
-839
-1059
-1243
-1418
-1488
-1517
-1523
-1436
-1259
-1099
-907
-753
-618
-495
-426
-385
-415
-474
-496
-462
-398
-377
-261
-115
54
242
422
631
787
914
1013
1097
1186
1326
1401
1525
1645
1742
1929
2094
2237
2389
2534
2700
2775
2937
3026
3029
2907
2635
2266
1829
1310
678
74
-560
-1069
-1472
-1701
-1781
-1768
-1551
-1230
-816
-355
47
436
697
887
985
1002
900
699
467
186
-8
-157
-349
-473
-550
-615
-628
-630
-699
-787
-863
-985
-1081
-1130
-1190
-1255
-1267
-1203
-1153
-1094
-962
-959
-1025
-1106
-1168
-1218
-1386
-1419
-1443
-1438
-1357
-1234
-1048
-939
-741
-633
-587
-538
-549
-641
-816
-1059
-1218
-1371
-1515
-1613
-1604
-1531
-1438
-1223
-1032
-900
-760
-662
-552
-466
-428
-389
-413
-427
-425
-336
-313
-212
-48
136
269
478
656
746
898
1002
1077
1143
1186
1270
1376
1457
1589
1722
1877
2025
2227
2393
2543
2747
2813
2908
2890
2706
2430
2081
1574
993
408
-192
-680
-1100
-1369
-1482
-1466
-1283
-978
-602
-140
293
641
909
1105
1137
1029
860
631
396
83
-221
-364
-494
-632
-673
-704
-668
-639
-685
-704
-704
-766
-808
-897
-904
-888
-911
-888
-803
-706
-639
-633
-697
-883
-1162
-1346
-1444
-1651
-1787
-1826
-1674
-1430
-1176
-859
-576
-349
-210
-133
-161
-267
-568
-898
-1178
-1433
-1612
-1749
-1746
-1642
-1474
-1183
-862
-590
-417
-271
-157
-108
-184
-250
-387
-488
-524
-524
-502
-376
-229
-71
109
327
457
541
606
637
712
748
762
800
896
1010
1138
1274
1446
1588
1679
1796
1884
1931
1972
2001
2098
2222
2279
2310
2174
1988
1768
1459
1033
562
102
-356
-728
-896
-982
-933
-776
-496
-104
287
680
893
1071
1114
1092
928
656
335
-77
-432
-720
-931
-1057
-1138
-1108
-992
-848
-727
-615
-543
-559
-658
-810
-1007
-1235
-1498
-1684
-1738
-1707
-1587
-1480
-1235
-999
-739
-544
-410
-409
-402
-506
-672
-878
-1096
-1250
-1400
-1398
-1406
-1309
-1199
-1034
-866
-710
-562
-505
-444
-472
-480
-481
-482
-482
-517
-495
-429
-334
-296
-246
-150
-137
-128
-89
-83
-59
-53
-28
-7
61
130
195
309
379
469
538
626
673
693
749
777
817
823
857
940
1046
1175
1257
1359
1459
1603
1708
1765
1748
1779
1800
1721
1667
1614
1472
1319
1143
990
820
630
369
168
124
29
-16
-32
46
120
221
353
482
540
426
294
150
1
-198
-443
-696
-826
-982
-1007
-1057
-1052
-1113
-1205
-1289
-1308
-1316
-1421
-1420
-1356
-1263
-1186
-1067
-868
-758
-682
-593
-639
-716
-902
-1121
-1270
-1491
-1665
-1818
-1871
-1793
-1599
-1382
-1137
-845
-602
-346
-211
-133
-110
-200
-307
-381
-485
-600
-672
-661
-567
-502
-403
-282
-166
-61
-12
3
96
37
-26
-39
-61
-81
-128
-91
-53
13
52
143
211
269
375
446
526
596
697
788
899
969
997
1038
1067
1088
1104
1081
1054
1026
1019
1003
989
1024
1091
1122
1228
1293
1317
1411
1378
1330
1215
1144
1103
953
754
625
508
351
201
120
41
-56
-148
-167
-199
-244
-246
-279
-299
-329
-389
-429
-456
-502
-570
-648
-685
-724
-754
-757
-754
-712
-765
-759
-791
-822
-866
-967
-1041
-1096
-1135
-1214
-1235
-1216
-1102
-1080
-1018
-890
-827
-722
-650
-581
-565
-542
-524
-510
-465
-433
-406
-356
-335
-327
-281
-283
-271
-250
-284
-302
-338
-380
-378
-384
-377
-309
-261
-200
-133
-137
-95
0
25
44
59
47
32
24
71
118
199
275
369
433
494
543
580
619
638
659
630
673
643
625
614
617
589
619
626
620
650
696
754
762
779
830
782
764
745
690
695
598
573
565
556
491
413
383
300
207
150
102
87
68
121
185
272
318
346
383
373
293
228
150
17
-74
-234
-269
-369
-416
-461
-448
-496
-482
-414
-399
-393
-416
-369
-394
-397
-451
-485
-517
-523
-525
-541
-536
-480
-459
-412
-374
-338
-285
-279
-280
-310
-354
-334
-332
-403
-433
-416
-417
-411
-440
-455
-388
-336
-321
-302
-238
-208
-190
-146
-176
-188
-175
-190
-149
-126
-98
-49
6
55
141
216
268
320
341
317
262
255
241
198
165
135
172
237
253
297
386
449
461
470
482
414
407
368
330
301
242
204
205
285
377
433
445
575
619
564
548
522
457
382
334
208
146
151
153
122
146
169
249
301
333
363
395
423
346
376
299
177
128
92
21
-18
-2
19
78
77
101
149
167
153
166
184
169
170
122
152
135
121
99
35
-19
-66
-166
-212
-239
-263
-283
-246
-163
-53
54
113
183
217
224
138
16
-145
-253
-460
-565
-691
-744
-684
-601
-438
-277
-130
21
142
205
227
149
144
48
-40
-148
-244
-304
-362
-359
-348
-272
-121
-9
100
238
293
399
429
501
431
292
219
153
64
24
-16
-24
-19
-54
18
107
150
250
311
342
382
382
390
376
382
313
241
185
119
24
-9
-13
22
93
89
123
178
284
351
383
394
383
354
335
272
217
132
86
82
44
43
46
88
129
256
306
374
390
361
341
263
209
131
100
71
78
81
50
45
72
67
65
-2
2
-60
-85
-77
-146
-131
-45
4
82
132
105
100
82
39
-90
-200
-317
-374
-434
-468
-509
-483
-368
-291
-167
-120
-23
33
50
29
-11
-65
-135
-189
-303
-280
-272
-265
-186
-136
-67
-43
36
80
60
63
88
21
15
40
24
10
-22
-4
39
49
65
144
172
194
250
280
283
292
256
230
163
131
122
102
88
76
122
163
198
227
245
285
222
217
193
161
120
139
205
204
249
290
347
350
372
361
329
257
191
147
107
104
61
121
173
232
295
299
299
294
270
234
204
137
75
-7
-11
-4
18
72
142
197
182
233
278
280
240
186
144
90
39
11
-16
-20
-27
-32
-23
28
64
53
41
12
12
0
-9
-75
-102
-83
-130
-135
-183
-194
-235
-252
-255
-274
-281
-274
-259
-296
-275
-291
-261
-208
-178
-179
-78
-23
-34
30
-2
-7
-48
-155
-184
-219
-214
-291
-296
-241
-272
-227
-168
-106
-52
-47
19
88
60
78
52
74
24
-9
44
-12
51
34
44
30
62
117
63
46
81
83
33
78
95
102
112
122
148
124
111
61
62
47
64
47
74
119
113
163
245
276
288
318
292
230
120
57
-10
-48
-116
-90
-67
3
76
142
178
229
319
314
297
166
131
38
-18
-95
-157
-206
-255
-180
-127
-83
-52
-4
39
41
61
9
14
13
-63
-120
-141
-143
-203
-217
-210
-193
-174
-105
-40
8
101
134
161
207
193
146
65
49
12
-53
-67
-92
-80
-59
-43
19
60
96
149
122
89
49
18
-62
-60
-139
-203
-191
-199
-141
-135
-30
42
50
58
39
39
-56
-72
-133
-184
-197
-222
-192
-169
-93
-59
-32
18
-53
-50
-105
-206
-206
-311
-333
-333
-333
-274
-236
-166
-72
24
59
111
121
171
171
89
31
-33
-63
-159
-175
-156
-159
-166
-141
-124
-74
-16
-5
51
104
124
177
207
185
204
116
103
146
80
86
98
122
128
122
180
180
182
198
200
174
145
142
38
45
45
-17
27
39
68
52
91
109
155
195
187
167
226
235
126
120
97
41
0
-20
-69
-62
-45
-105
-148
-136
-158
-133
-145
-163
-121
-161
-132
-110
-75
-35
-56
-20
-21
21
7
-51
-48
-40
-47
-79
-103
-105
-139
-153
-204
-190
-204
-232
-133
-123
-153
-73
-63
-37
13
17
-59
-64
-25
9
8
5
14
23
85
79
96
86
70
77
49
10
-26
17
-39
-105
-81
-72
-57
-52
-39
-50
-44
-90
-72
-39
-21
-17
-32
-1
-42
-37
-13
24
73
60
18
3
-7
-19
-64
-113
-78
-109
-77
-49
5
7
-22
-52
-43
-71
-92
-102
-125
-125
-133
-109
-95
-12
52
133
139
164
207
204
212
139
110
44
-11
-98
-192
-201
-233
-214
-153
-124
-73
-15
12
73
88
120
121
105
82
49
4
4
10
-17
23
58
18
49
32
43
33
12
43
17
24
-18
-79
-77
-110
-93
-85
-98
-83
-39
-22
0
-3
10
49
9
13
31
51
34
32
-21
-29
-7
-49
-36
-58
-99
-81
-119
-88
-126
-173
-140
-148
-162
-159
-180
-174
-189
-195
-133
-178
-111
-80
-69
-13
-45
19
-11
4
5
2
0
-26
0
-21
-66
-45
-49
-77
-81
-109
-83
-19
-38
-80
-28
39
43
10
36
13
-10
11
-6
-21
-43
-68
-95
-94
-83
-115
-127
-126
-156
-140
-105
-84
-94
-98
-56
-44
-32
-28
-24
-50
-7
22
54
61
69
59
74
58
30
47
19
11
-27
-58
-68
-99
-103
-105
-136
-155
-148
-125
-119
-80
-18
23
15
50
46
64
82
78
66
53
73
48
14
21
26
-10
45
18
13
7
-14
18
28
23
-5
1
35
39
51
54
88
88
82
53
84
84
79
100
58
75
86
94
44
21
28
-3
32
39
10
5
-21
16
43
22
13
-4
-22
7
1
17
13
14
0
-23
-68
-55
17
-6
-5
-29
-21
-28
-22
-50
-91
-120
-120
-151
-169
-188
-172
-194
-201
-194
-168
-143
-100
-61
-27
21
39
39
-28
-22
-36
-11
-51
-77
-48
-123
-150
-131
-99
-84
-114
-111
-83
-87
-87
-50
-74
-120
-74
-103
-143
-92
-115
-105
-79
-49
8
14
34
77
106
124
95
57
20
-15
-52
-89
-112
-128
-101
-80
-48
-6
55
73
77
89
144
140
103
67
44
21
-8
-5
36
30
61
174
198
190
209
192
177
126
86
56
20
-2
-48
-69
-40
-29
26
100
118
172
176
188
173
193
161
154
100
37
21
17
8
6
48
43
51
93
145
127
142
97
70
38
-13
-43
-54
-93
-64
-28
-59
17
52
83
103
123
157
99
120
115
66
58
-8
-9
-56
-61
-95
-76
-26
-7
-2
41
56
51
47
3
-54
-49
-63
-76
-91
-100
-130
-91
-31
-17
27
48
56
30
14
4
-44
-97
-90
-151
-190
-165
-115
-107
-71
-70
-44
-20
-28
-16
-48
-31
-64
-101
-124
-128
-65
-31
4
-1
84
127
123
123
91
71
25
-8
-42
-76
-88
-122
-101
-60
-93
-47
-11
53
46
124
146
103
120
84
57
52
35
-7
-1
-3
-1
-39
-1
33
80
98
101
86
119
124
95
136
69
64
49
40
10
19
16
51
78
61
85
113
93
103
167
167
152
116
146
126
137
114
42
86
70
52
14
30
41
24
49
55
38
54
90
92
98
59
45
78
56
73
94
93
92
92
96
157
177
149
132
144
160
98
115
96
90
63
37
38
33
51
22
24
29
38
11
42
5
16
45
43
84
53
52
92
94
100
54
49
34
-23
-31
-68
-53
-22
-12
16
5
32
24
54
32
-13
-3
-28
9
-77
-49
-92
-104
-83
-110
-66
-33
2
11
11
33
44
-22
-64
-30
-6
-56
-52
-76
-55
0
-20
0
29
60
52
29
39
30
-5
-7
7
-8
55
62
86
154
120
93
84
91
94
93
71
57
38
19
8
6
10
-2
33
50
58
41
62
80
70
37
84
71
74
113
126
147
128
133
131
165
170
189
173
185
190
138
101
128
120
143
130
105
105
128
95
90
125
153
164
159
229
262
258
234
300
284
222
241
232
186
168
150
134
114
100
126
164
174
185
174
178
175
190
174
186
150
126
92
19
65
44
54
72
105
109
99
93
86
77
85
39
23
19
2
-1
-26
-11
27
12
-19
14
-29
12
22
22
-9
-5
31
8
35
23
-18
22
-7
-18
-27
-44
-47
-28
-53
-86
-74
-123
-123
-169
-151
-166
-152
-137
-112
-89
-111
-113
-156
-85
-62
-87
-85
-60
-75
-86
-96
-58
-50
-76
-81
-69
-33
-11
-73
-57
-46
-102
-99
-128
-116
-85
-110
-136
-34
-79
-30
16
41
52
17
84
29
74
13
46
27
1
-20
-18
-33
-38
-1
-31
-22
-23
-20
-13
-21
4
11
5
17
-29
-39
-67
-48
-28
-7
-6
-8
41
33
80
78
77
74
26
24
33
31
40
45
-20
-9
37
38
62
49
65
49
99
144
123
121
99
103
62
34
49
16
1
31
31
53
67
75
52
80
14
-20
9
-59
-45
-79
-97
-127
-102
-110
-141
-130
-120
-88
-84
-107
-43
-40
-69
-68
-123
-92
-86
-95
-111
-121
-148
-150
-157
-175
-156
-176
-171
-161
-171
-109
-150
-163
-145
-149
-130
-109
-106
-85
-60
-98
-74
-65
-59
-59
-121
-109
-123
-140
-173
-198
-226
-183
-169
-189
-206
-195
-172
-192
-217
-220
-212
-153
-165
-167
-193
-169
-182
-233
-176
-140
-150
-157
-125
-187
-174
-176
-173
-166
-170
-162
-150
-99
-117
-150
-134
-98
-92
-84
-81
-84
-39
-51
-77
-38
-29
-3
16
11
36
24
11
21
50
59
62
58
35
45
41
-5
-29
-76
-59
-62
-14
-22
-37
-45
-50
2
18
15
39
94
75
102
104
95
88
125
86
80
130
53
47
65
88
62
58
44
56
78
46
55
46
68
70
104
93
111
122
83
116
130
131
70
88
100
48
42
26
-9
18
-5
-10
5
-56
-50
-77
-69
-44
-57
-75
-85
-117
-60
-81
-58
-43
-79
-23
-34
-62
-70
-42
-80
-91
-89
-101
-116
-161
-134
-125
-155
-164
-141
-127
-116
-105
-79
-101
-135
-127
-87
-111
-118
-132
-80
-87
-86
-55
-79
-78
-60
-61
-70
-40
-57
-66
-52
-35
-68
-82
-118
-134
-127
-163
-155
-147
-152
-146
-167
-170
-164
-130
-86
-85
-73
-66
-26
15
30
34
19
60
35
10
29
23
-18
-63
-46
-37
-28
-18
-13
-10
-3
-17
-6
-5
32
31
63
103
98
99
126
136
124
117
127
105
74
126
79
58
46
41
53
68
40
21
10
39
48
60
73
79
139
116
130
98
100
132
93
60
65
103
102
69
111
64
15
53
44
45
44
26
43
54
49
75
55
61
57
89
126
143
123
130
107
137
138
185
151
145
170
123
150
153
137
132
144
98
82
71
50
-32
-16
-20
-53
-54
-49
-53
-34
-40
-22
-14
17
9
-4
41
0
40
26
9
-33
-32
-47
-42
-20
-69
-37
-45
-61
-66
-56
-51
-64
-80
-89
-71
-35
-31
-52
-35
-13
-39
-9
4
17
8
61
-4
-17
12
-12
-41
-27
-83
-91
-70
-132
-107
-70
-91
-83
-72
-55
19
-8
46
38
31
54
19
21
18
-23
-29
-30
19
13
-10
-22
-26
-29
-50
-60
-62
-42
-63
-63
-64
-77
-69
-82
-48
-13
36
20
42
57
30
75
59
56
69
80
68
78
86
83
106
100
133
118
114
103
71
68
43
24
13
12
28
33
75
34
29
71
72
66
101
77
58
59
82
71
72
64
82
76
79
70
73
67
36
70
57
60
62
21
-5
58
66
78
97
67
128
146
82
98
93
73
102
45
53
10
-6
-38
-107
-107
-128
-137
-155
-136
-153
-164
-157
-148
-148
-151
-112
-121
-72
-68
-78
-15
-42
-69
-81
-101
-94
-107
-103
-75
-113
-125
-99
-149
-178
-159
-156
-133
-139
-133
-130
-154
-118
-111
-88
-95
-104
-49
-40
-24
-29
-48
-42
-54
-61
-67
-43
-71
-38
1
-70
-49
-60
-80
-83
-77
-106
-116
-90
-107
-111
-147
-101
-103
-145
-109
-99
-47
-58
-24
37
40
12
42
56
95
89
69
63
65
86
85
67
40
40
42
69
26
34
57
56
100
145
146
147
149
166
206
213
225
219
217
220
190
145
134
154
120
103
85
46
45
45
42
64
89
75
127
127
148
159
163
145
121
151
173
174
172
156
180
133
126
173
114
90
54
65
25
5
-1
-30
-71
-57
-6
1
38
14
-3
41
37
39
44
54
80
42
57
33
64
61
34
30
-16
6
0
-4
13
-35
-33
-2
-33
-85
-98
-118
-153
-140
-165
-162
-149
-151
-131
-137
-118
-112
-120
-116
-115
-87
-81
-87
-113
-116
-133
-117
-109
-107
-77
-106
-89
-78
-92
-111
-52
-59
-58
-37
-32
-15
-4
-1
8
25
22
28
53
48
11
17
-20
-22
-45
-76
-54
-109
-89
-118
-93
-86
-70
-29
-56
13
-11
9
67
49
68
84
88
100
58
80
82
85
99
49
74
77
56
35
7
16
14
-18
1
1
-12
-1
19
-1
25
95
101
139
113
130
166
171
194
132
128
181
213
184
193
189
186
181
196
143
111
121
95
74
41
53
27
14
4
23
24
29
35
17
12
38
71
99
94
87
62
45
25
72
64
31
39
46
8
7
24
18
-9
-63
-80
-63
-21
-19
-24
-59
-21
-7
12
11
6
11
15
35
-36
-7
-3
-11
-50
-79
-106
-146
-127
-145
-139
-176
-173
-174
-140
-110
-129
-105
-99
-55
-44
-46
-15
-42
-50
-18
-75
-52
-35
-84
-58
-61
-52
-61
-90
-108
-102
-145
-120
-122
-113
-130
-135
-103
-107
-98
-118
-15
-25
-4
-14
-60
-34
7
21
-2
41
13
71
84
80
37
34
39
-33
-25
-2
-25
-40
-46
-39
13
-18
-8
-38
-30
-14
-67
-3
2
30
22
-11
56
83
92
102
108
44
69
33
59
89
49
59
59
106
91
91
72
44
63
64
111
125
124
118
149
206
170
198
178
186
168
139
122
105
110
103
48
41
34
41
23
35
72
87
76
119
129
84
114
80
84
53
51
72
111
97
131
137
112
89
66
66
53
59
24
13
-25
-17
-41
-22
-63
-123
-117
-112
-119
-95
-113
-107
-86
-108
-59
-59
-23
-17
-28
-28
-5
-4
-14
-20
-12
-30
-75
-62
-93
-92
-115
-122
-97
-117
-101
-117
-137
-125
-175
-151
-178
-196
-154
-170
-154
-172
-163
-108
-97
-64
-79
-103
-63
-63
-122
-124
-104
-111
-115
-87
-71
-101
-92
-93
-38
-52
-15
2
-21
-7
17
28
7
-10
49
37
50
46
20
10
11
22
-25
6
-4
3
0
19
20
25
-2
-3
39
5
17
34
33
81
105
114
86
134
151
133
139
141
138
111
135
140
128
110
82
74
109
54
72
25
-5
22
48
86
41
80
106
88
79
103
128
142
95
104
131
99
121
162
125
123
116
133
131
80
76
77
54
41
23
60
45
-6
20
-8
-32
-7
-13
2
-30
-39
-24
-19
-1
14
7
-15
34
47
-13
-7
-42
-44
-89
-81
-60
-101
-93
-87
-54
-80
-28
-66
-52
-70
-60
-33
-34
-50
-10
-40
-43
-19
-57
-24
-22
12
-27
-39
-41
-83
-71
-78
-68
-66
-63
-94
-62
-58
-46
-20
-6
5
16
48
24
55
15
35
23
-10
26
-7
15
33
12
39
32
62
32
51
59
56
58
45
58
48
27
36
33
59
50
61
104
68
90
85
81
107
121
157
133
157
150
143
137
153
129
108
117
82
134
99
99
70
117
132
114
128
110
117
135
123
116
170
123
154
158
183
123
145
169
146
176
165
190
197
160
167
183
212
203
181
175
176
190
198
203
212
212
184
200
172
137
148
188
153
137
115
139
158
119
143
172
121
145
128
148
150
134
99
83
85
103
89
106
111
65
114
99
96
71
57
23
-5
11
49
33
-10
-23
-33
-17
-22
-1
6
-5
19
17
-4
-7
35
-10
-14
-6
34
17
7
51
21
-4
52
83
69
57
14
44
33
72
69
32
4
34
13
-13
-24
-34
-22
-8
-35
-37
-9
4
12
54
84
13
55
44
90
68
47
87
24
51
25
42
25
22
22
-5
-5
-21
6
4
19
33
37
19
40
49
86
52
25
71
47
60
50
62
98
79
84
95
74
95
74
62
88
96
73
117
86
72
104
67
105
91
92
115
121
114
120
115
131
117
123
128
87
102
82
64
69
118
98
141
126
120
138
107
84
97
110
70
47
51
47
40
70
64
112
105
95
100
51
78
71
79
103
99
115
88
129
130
107
73
74
73
40
40
13
29
10
20
54
30
19
30
72
63
78
62
35
62
45
84
34
68
10
-9
7
-2
-12
-11
-57
-52
-4
0
-47
-60
-72
-58
-1
-26
-15
-18
-22
-45
-42
-33
-24
-29
-58
-51
-28
-50
-19
-13
-51
-25
-36
-55
-52
-88
-69
-76
-86
-40
-40
-61
-70
-51
-24
-60
-44
-70
-79
-54
-46
-30
-31
15
-36
22
22
-34
1
57
68
41
25
47
72
67
80
85
101
61
57
32
32
73
98
91
63
89
88
89
109
78
47
71
53
89
108
103
105
48
65
60
75
77
38
67
50
87
125
127
103
96
85
82
87
99
105
107
115
101
135
122
105
95
83
76
86
49
54
31
38
31
1
13
2
37
40
12
46
31
21
53
87
80
65
62
44
19
57
53
7
-12
15
7
-5
10
7
-22
-16
-3
-61
-5
-27
-35
-30
-3
-1
-1
-27
-36
-16
-49
-49
-56
-29
-45
-73
-60
-75
-78
-71
-66
-52
-66
-67
-19
-59
-66
-59
-58
-34
-41
-24
-16
-51
-34
-45
-44
-20
-42
-15
-24
14
-5
-37
-4
55
13
3
17
-2
-17
-16
4
-4
-16
-39
-65
-63
-57
-47
-22
-9
20
41
42
68
87
53
75
54
65
115
108
81
87
88
71
84
102
33
-5
31
57
82
84
82
57
91
82
100
94
115
102
102
115
116
168
116
113
85
96
130
107
70
78
84
72
71
42
36
60
88
67
105
116
108
112
149
82
68
111
39
93
47
19
41
47
33
74
69
32
59
54
98
64
78
77
59
59
28
22
24
23
8
-12
-30
-2
4
-21
-23
-17
-51
-73
-39
7
-17
-31
-14
-18
-42
-13
-21
-56
-23
-88
-66
-59
-46
-64
-94
-112
-76
-51
-78
-90
-139
-57
-92
-42
-33
-44
-46
-60
-51
-64
-66
-84
-123
-109
-79
-97
-71
-117
-88
-118
-102
-98
-81
-75
-42
-76
-82
-14
-49
-13
-42
-35
-1
-19
-31
-36
-33
-33
-70
-76
-38
-27
-44
-52
-26
-4
-6
32
-19
-39
-29
-7
-9
-22
-1
-29
17
-16
-55
-14
34
22
-28
-31
-20
-50
-31
-16
-46
-3
4
-53
-48
-20
-22
-10
38
77
28
17
27
29
42
41
47
55
32
16
15
7
-4
-7
29
36
20
-18
43
60
64
91
76
62
44
33
5
6
-35
-25
-34
-50
-31
-28
-15
5
10
-38
-43
-23
-39
-15
1
16
-8
-5
4
-28
-53
-76
-66
-76
-60
-50
-71
-60
-76
-97
-92
-75
-63
-33
28
9
-20
-33
-27
-36
-61
-64
-84
-60
-71
-77
-119
-90
-59
-122
-82
-101
-101
-118
-109
-116
-108
-103
-141
-88
-118
-104
-98
-148
-109
-115
-101
-125
-96
-94
-82
-94
-141
-153
-164
-124
-125
-97
-103
-102
-93
-95
-118
-113
-75
-98
-95
-97
-108
-59
-37
-52
-73
-74
-62
-83
-59
-26
-60
-90
-80
-65
-56
-79
-54
-53
-48
-47
-58
-39
-52
-36
-90
-80
-73
-39
-4
-47
-39
-23
11
-8
-10
15
51
22
2
29
16
11
2
18
8
0
18
33
13
45
18
12
16
40
23
37
43
7
26
11
41
21
54
31
61
67
41
36
48
45
-18
29
14
-31
-32
-21
-18
-3
20
-19
-8
19
5
7
19
6
-10
7
-8
-6
17
11
-17
-39
14
15
24
16
-36
-7
-23
-50
-72
-35
-48
-70
-56
-53
-82
-97
-112
-100
-92
-81
-33
-95
-103
-66
-118
-115
-103
-109
-119
-115
-110
-106
-99
-84
-91
-55
-98
-108
-101
-99
-116
-153
-113
-149
-130
-94
-108
-105
-97
-97
-70
-58
-51
-90
-49
-23
-60
-72
-61
-30
-69
-34
-16
-48
-80
-83
-85
-106
-110
-74
-63
-87
-81
-79
-52
-34
-33
-41
-30
-47
30
32
-10
35
18
-11
19
-3
-40
-33
-20
-14
4
7
-30
-15
5
17
-9
-2
7
2
24
43
7
43
68
81
47
40
42
43
32
30
32
-3
58
12
50
68
41
33
45
75
32
58
52
11
31
9
0
-24
-24
-18
-9
-27
5
24
43
20
-6
11
5
37
28
62
51
26
55
46
26
49
4
6
17
-41
-34
-45
-54
-63
-47
-27
-34
-32
-59
-50
-36
-44
-19
-34
-26
-5
-46
-46
-24
-24
-34
-21
-25
-41
-18
-29
-15
-13
-19
-36
-84
-36
-20
-43
-11
26
-5
-11
-18
-25
-7
-22
16
-28
-19
-31
-39
-21
-52
-20
-24
-17
-36
-62
-39
-49
-75
-61
-53
-78
-52
-66
-51
-36
-69
-26
-29
-41
-30
-33
-15
55
37
26
79
-4
-17
-1
-37
-35
-8
-7
-25
17
26
11
36
19
33
11
14
-7
0
29
16
36
26
13
41
74
66
42
22
3
34
48
25
24
51
17
3
-12
-49
-21
-14
-28
-34
-33
7
-20
-17
-7
-30
-6
-6
-12
6
27
54
53
25
13
20
16
9
-2
-15
-6
-18
7
-6
8
28
43
41
6
-5
-22
8
-15
-28
-9
-31
9
22
37
55
1
27
33
-1
-3
-45
-19
-35
-36
-15
-25
-34
-45
-36
-64
-51
-53
-47
-87
-58
-80
-78
-82
-122
-63
-65
-65
-94
-89
-66
-72
-88
-98
-104
-86
-93
-71
-89
-102
-85
-71
-66
-76
-59
-42
-48
-61
-58
-71
-41
-29
-46
-14
-17
-4
-53
-8
-13
-6
-49
-48
-35
-58
-14
-40
-13
-80
-69
-50
-66
-75
-52
-62
-52
-74
-89
-46
-61
-23
13
-11
19
31
-34
-8
30
-19
-18
10
3
14
-5
22
25
20
38
24
21
54
37
14
16
15
6
26
28
24
34
17
86
64
74
23
98
94
48
102
70
60
62
37
64
77
27
71
51
79
65
55
47
39
13
13
41
67
62
-1
-9
19
33
62
26
5
9
-2
-27
-11
-20
-39
-13
-24
-29
-32
-42
-39
-17
-45
-43
-17
3
-17
-2
-5
-1
38
14
15
-23
43
40
21
-24
-3
25
-28
-40
-71
-63
-84
-22
-46
-11
-53
-72
-65
-62
-66
-81
-73
-93
-59
-84
-91
-95
-98
-56
-59
-82
-54
-77
-60
-65
-45
-17
-15
10
-22
12
6
-18
-26
-9
-24
-49
-16
-16
-35
-12
-1
-31
-13
2
-23
28
17
21
35
36
52
25
7
35
21
0
13
25
-23
-3
43
21
35
11
1
-6
4
-14
-2
23
-14
-8
18
18
14
45
44
76
53
17
15
61
72
45
65
30
39
46
58
91
112
123
85
68
69
128
122
102
113
107
126
169
196
169
188
187
139
125
108
