SAMPLES:	14885
BITSPERSAMPLE:	16
CHANNELS:	1
SAMPLERATE:	16000
NORMALIZED:	FALSE
34
61
72
50
63
50
24
63
53
46
37
61
100
81
76
50
57
21
37
59
60
95
77
80
114
106
124
126
111
87
91
144
96
104
104
148
132
116
163
174
146
142
184
133
198
172
105
159
141
150
169
169
190
143
159
138
144
155
129
148
128
159
123
102
123
121
88
118
132
133
142
110
134
118
132
107
141
123
121
105
78
122
84
91
90
51
58
70
91
76
43
45
36
8
54
44
33
11
13
30
28
-11
-28
-30
-8
15
-34
-29
-24
-41
-58
-72
-75
-58
-88
-78
-115
-85
-72
-91
-95
-113
-154
-141
-118
-117
-94
-119
-113
-113
-100
-80
-94
-100
-79
-44
-77
-127
-83
-94
-85
-69
-92
-76
-25
-59
-84
-53
-47
-33
-1
7
-14
-16
-36
17
43
18
48
49
75
110
86
83
99
102
97
109
102
110
137
125
139
128
177
195
149
170
130
155
157
139
171
190
183
149
202
175
180
193
224
250
211
192
208
197
212
219
214
224
221
218
221
248
216
241
199
195
212
207
185
151
90
121
134
148
161
125
126
140
146
179
178
144
151
144
140
160
152
128
151
99
90
74
89
114
59
98
119
100
44
33
48
27
54
34
50
41
32
34
18
42
8
9
-24
-3
2
-16
-26
-19
-15
-60
-39
-9
-8
-31
-14
-21
-37
-42
-23
-17
-53
-87
-35
-59
-42
-53
-67
-63
-93
-85
-87
-78
-106
-124
-79
-98
-98
-73
-61
-86
-77
-69
-93
-43
-46
-76
-84
-78
-52
-15
19
-51
-42
-7
-46
-62
-27
-51
-74
-34
-31
-1
7
-14
-14
-7
22
22
16
4
6
47
27
53
59
42
64
52
41
51
52
51
24
49
54
51
60
55
35
30
70
67
90
94
82
42
78
74
52
81
81
127
100
99
123
111
140
153
143
134
152
108
133
147
111
130
158
170
141
134
182
183
169
166
156
144
138
144
160
139
154
134
118
161
138
103
130
147
144
116
88
81
57
62
68
71
59
37
67
64
29
36
60
61
72
53
61
61
79
41
38
34
10
74
65
29
0
3
-18
-13
7
-22
-62
-32
-57
-60
-46
-55
-35
-70
-63
-84
-106
-90
-119
-96
-68
-81
-70
-118
-103
-76
-79
-75
-108
-101
-114
-99
-112
-111
-70
-71
-101
-87
-105
-90
-96
-125
-115
-97
-91
-69
-73
-36
-6
-30
-31
-27
-13
20
59
61
60
39
62
47
53
71
46
27
27
15
44
47
74
73
69
90
100
106
128
120
62
63
68
75
113
92
105
140
87
101
116
172
168
142
126
156
144
132
174
192
189
215
187
239
243
180
175
168
210
192
144
191
210
188
185
167
181
175
205
185
217
185
125
143
120
166
155
169
148
159
145
120
109
83
143
123
118
127
95
118
89
128
124
111
143
114
113
133
109
103
70
53
107
101
70
56
82
71
45
33
46
57
78
5
-11
0
40
-16
-22
13
-27
-33
-29
-29
-40
-30
-22
-43
-48
-52
-82
-62
-70
-67
-59
-90
-91
-77
-79
-122
-100
-103
-96
-84
-43
-35
-64
-67
-61
-22
-67
-52
-67
-68
-41
-62
-52
-66
-58
-67
-83
-53
-70
-78
-37
-35
-36
11
39
-24
7
36
28
20
53
25
37
30
21
94
63
94
1
38
86
80
98
79
64
68
111
95
96
96
80
44
57
68
117
101
114
109
84
113
148
166
147
154
159
151
195
160
175
155
183
192
195
198
154
163
162
194
207
143
135
137
132
138
112
168
143
153
157
170
148
152
137
107
145
164
151
113
155
177
164
182
148
134
103
126
118
104
114
84
84
99
81
38
59
51
42
93
62
71
17
22
68
20
7
-4
4
6
22
-11
-19
-19
-23
-12
-11
29
27
-3
0
13
-6
-59
-44
-73
-63
-63
-65
-68
-102
-91
-50
-28
-81
-71
-61
-64
-10
-30
-58
-44
-27
-63
-47
6
-5
-38
-49
-57
-47
-41
-26
-3
-3
2
25
63
47
34
31
26
56
52
78
39
81
91
53
111
126
114
95
116
145
130
116
140
154
145
124
152
128
109
165
163
145
140
156
157
117
124
142
138
162
146
114
188
201
208
171
178
226
226
224
207
231
247
244
219
245
255
226
212
193
195
181
198
206
211
215
166
207
209
180
215
238
213
214
224
189
159
194
202
233
219
214
207
179
191
184
185
187
174
158
194
169
187
194
188
160
120
152
153
110
115
100
111
103
123
133
136
165
125
112
130
124
112
84
48
57
72
71
85
76
79
64
79
66
64
88
22
88
112
81
70
23
22
26
42
2
2
26
0
-33
-5
21
14
56
14
13
1
14
48
34
26
-6
-1
4
29
16
10
7
40
53
24
64
126
118
91
77
85
117
127
126
106
94
128
122
123
125
81
135
138
117
87
71
88
143
161
130
130
115
128
168
155
137
142
150
165
135
120
104
164
148
124
176
193
162
156
201
189
187
213
214
209
226
209
204
176
142
192
203
207
189
209
211
219
248
246
207
192
203
180
204
202
222
174
166
186
157
178
185
135
142
149
125
119
120
139
126
127
145
119
99
110
124
154
139
164
181
111
126
126
122
65
103
95
71
38
56
80
78
89
48
46
21
20
18
31
29
42
-10
41
46
13
10
17
12
-36
-5
-52
-57
-73
-86
-60
-97
-58
-66
-65
-61
-58
-38
-19
-6
3
-30
-23
-10
-8
-13
-30
0
6
29
-17
-27
-28
-19
-11
21
18
8
42
61
79
80
79
79
108
70
103
68
54
88
89
129
113
105
84
49
35
30
89
125
85
95
85
104
96
111
115
93
83
81
100
146
154
98
106
101
91
107
129
138
114
82
136
157
126
177
152
158
150
166
130
118
104
120
143
123
127
113
155
156
137
156
142
126
145
139
131
127
105
118
111
104
79
56
87
80
85
95
99
55
75
92
38
63
57
112
103
47
66
71
51
29
19
33
-15
5
41
18
13
19
4
-51
-7
-25
8
49
1
-9
-50
-26
-25
-74
-47
-91
-141
-120
-154
-165
-173
-165
-152
-139
-162
-180
-221
-203
-202
-170
-190
-222
-213
-189
-187
-162
-171
-181
-207
-238
-216
-230
-201
-217
-217
-236
-225
-253
-234
-227
-258
-248
-234
-225
-241
-261
-229
-216
-217
-227
-189
-196
-203
-193
-157
-152
-162
-176
-203
-144
-142
-158
-177
-163
-147
-168
-153
-163
-168
-137
-147
-149
-159
-186
-152
-135
-155
-159
-142
-150
-157
-128
-135
-85
-100
-128
-59
-84
-62
-60
-53
-62
-60
-31
-16
-80
-70
-46
-67
-54
-59
-68
-35
-63
-50
-57
-57
-49
-48
-34
-8
-14
-42
-19
-17
3
-7
3
-28
-27
-39
-50
-41
-77
-86
-128
-114
-102
-95
-98
-99
-90
-126
-139
-126
-129
-142
-132
-117
-70
-55
-112
-89
-103
-115
-152
-125
-138
-111
-109
-180
-134
-157
-162
-160
-201
-167
-173
-181
-171
-191
-199
-177
-198
-259
-250
-245
-254
-283
-263
-238
-341
-323
-320
-310
-280
-286
-273
-296
-310
-278
-290
-295
-290
-331
-301
-307
-301
-301
-235
-255
-313
-278
-274
-276
-283
-320
-308
-274
-325
-311
-324
-320
-271
-244
-250
-216
-196
-253
-226
-224
-232
-218
-235
-222
-194
-169
-187
-183
-190
-204
-174
-199
-196
-181
-141
-147
-151
-138
-138
-139
-140
-133
-146
-127
-103
-90
-101
-123
-108
-127
-115
-134
-114
-92
-68
-33
-49
-50
-69
-44
-13
-17
-60
-38
-65
-74
-25
-12
-27
-33
-8
6
10
10
29
40
43
52
53
43
-3
41
1
4
36
6
22
11
-5
-17
-33
-53
6
-9
-43
-21
-38
-49
-43
-63
-30
-63
-95
-73
-22
-56
-75
-66
-74
-70
-58
-98
-51
-35
-96
-77
-118
-112
-121
-101
-115
-91
-92
-124
-90
-103
-136
-156
-128
-128
-117
-135
-133
-161
-139
-154
-182
-169
-162
-143
-186
-201
-210
-221
-239
-250
-240
-238
-239
-277
-290
-265
-282
-232
-216
-246
-247
-241
-262
-264
-208
-219
-220
-248
-212
-174
-210
-211
-232
-215
-166
-229
-192
-201
-227
-222
-212
-167
-176
-222
-209
-228
-193
-219
-231
-207
-217
-145
-160
-155
-154
-135
-129
-107
-137
-123
-91
-132
-143
-160
-178
-183
-144
-118
-151
-117
-99
-93
-97
-75
-90
-62
-38
-53
-30
-50
-61
-55
-82
-121
-101
-88
-46
-47
-42
-52
-55
-37
-38
-43
-58
2
32
24
40
13
-2
-15
-27
-22
1
-35
18
42
38
44
32
13
34
24
3
41
36
57
-4
19
12
-5
-19
-1
17
-2
-36
-26
-10
-42
-37
-33
-30
-43
-27
-35
-21
-28
-40
-15
-41
-53
-29
-40
-50
-75
-62
-62
-58
-49
-68
-86
-98
-99
-87
-108
-118
-127
-82
-111
-119
-129
-136
-139
-153
-150
-183
-157
-160
-185
-185
-145
-172
-200
-176
-154
-175
-163
-177
-215
-198
-166
-174
-188
-210
-237
-209
-186
-200
-183
-186
-145
-183
-211
-199
-193
-206
-206
-169
-179
-153
-190
-175
-184
-195
-177
-186
-149
-174
-145
-155
-203
-190
-162
-159
-164
-149
-181
-144
-133
-165
-122
-117
-119
-117
-101
-153
-137
-112
-93
-109
-124
-109
-109
-72
-56
-41
-26
-48
-35
-53
-11
-35
-37
-12
-2
-2
-17
-28
-3
5
-17
26
39
5
-13
-21
-37
-16
0
-19
6
59
24
1
-5
34
37
24
48
22
57
52
78
85
58
49
36
32
42
33
14
39
48
59
23
23
35
32
37
45
92
58
31
37
-20
-35
-26
2
-32
-67
-32
-55
-23
-47
-57
-40
-58
-51
-86
-36
-41
-74
-94
-100
-88
-74
-86
-108
-87
-103
-114
-154
-142
-134
-157
-137
-74
-98
-155
-120
-106
-111
-152
-121
-137
-173
-145
-147
-168
-195
-192
-155
-169
-187
-148
-156
-132
-150
-96
-129
-138
-119
-136
-124
-172
-99
-116
-125
-105
-119
-119
-152
-139
-124
-136
-118
-146
-143
-101
-85
-92
-89
-71
-66
-96
-73
-93
-92
-66
-93
-73
-59
-61
-32
13
9
-21
-25
-49
3
11
32
34
10
28
29
51
33
21
9
30
44
91
71
124
133
101
155
145
150
137
179
184
163
134
124
159
158
151
171
124
112
162
140
117
138
136
153
139
87
135
104
109
117
124
171
120
95
108
87
120
93
154
144
120
149
141
150
109
101
103
86
123
105
90
89
51
64
53
-4
12
57
51
82
71
47
59
5
10
-19
5
10
-14
-7
-48
-33
-31
-75
-71
-58
-48
-45
-113
-108
-84
-110
-88
-84
-100
-79
-62
-113
-127
-91
-106
-102
-100
-111
-126
-85
-139
-136
-112
-92
-102
-115
-145
-136
-120
-115
-91
-83
-122
-121
-94
-123
-116
-158
-135
-103
-101
-72
-80
-95
-118
-75
-97
-100
-63
-67
-51
-63
-37
-46
-19
-29
-11
8
-15
-3
-3
17
-17
-43
-31
-44
-2
2
-22
16
4
3
12
-7
-16
-7
-15
36
30
3
-7
76
41
44
45
-6
64
59
55
79
95
80
88
59
113
89
113
115
97
82
133
120
87
111
102
100
98
128
96
84
89
97
85
131
106
88
104
132
117
97
104
98
97
105
133
137
117
101
75
118
111
95
93
88
139
115
132
116
134
47
81
88
60
75
43
100
27
25
43
45
51
-12
3
33
1
36
4
-26
-7
-36
-22
6
-23
-20
-34
-86
-108
-106
-88
-96
-83
-93
-109
-116
-94
-101
-95
-81
-133
-107
-95
-113
-100
-111
-79
-72
-77
-101
-84
-50
-90
-110
-106
-114
-118
-103
-78
-99
-109
-94
-120
-106
-115
-82
-93
-102
-96
-97
-91
-64
-59
-57
-49
-44
-35
-38
1
10
0
6
48
71
59
30
62
40
29
28
37
83
79
76
82
92
73
128
72
54
53
59
67
48
86
78
75
90
163
138
114
112
125
120
115
112
121
130
188
166
156
162
137
154
145
168
141
139
169
158
115
128
135
119
122
133
144
147
102
117
124
126
124
99
102
63
54
28
83
67
49
52
29
55
51
47
28
43
47
72
50
80
70
40
59
23
47
5
-29
2
-23
-51
-39
-21
-52
-60
-25
-53
-21
-57
-86
-92
-66
-72
-97
-81
-104
-96
-91
-114
-106
-107
-99
-94
-105
-91
-106
-85
-129
-99
-98
-114
-136
-123
-104
-114
-98
-132
-101
-75
-85
-118
-92
-101
-89
-93
-85
-95
-86
-97
-111
-78
-87
-91
-106
-76
-84
-76
-100
-67
-46
-89
-75
-74
-75
-38
-20
-69
-61
-55
-18
-11
-21
-49
-54
-22
-50
-64
-42
-23
-15
-24
-9
-16
-4
36
41
70
34
23
47
64
83
71
102
58
46
55
51
88
104
102
100
84
104
99
59
51
41
64
44
73
116
75
79
59
77
78
89
115
85
79
61
72
70
98
85
78
63
97
83
90
105
87
88
45
56
88
111
57
76
35
44
78
61
111
114
96
85
116
107
64
53
75
63
80
70
50
48
24
23
57
44
12
-32
-29
-30
-31
-59
-30
-19
-75
-63
-64
-121
-106
-65
-80
-84
-79
-78
-65
-6
-53
-100
-109
-116
-122
-84
-102
-95
-129
-106
-78
-110
-73
-118
-116
-138
-163
-113
-159
-118
-130
-124
-91
-73
-68
-115
-76
-75
-86
-91
-63
-61
-106
-108
-59
-105
-70
-62
-91
-74
-59
-11
-23
-72
-60
-17
1
-14
-13
-21
-24
6
7
7
3
-21
-34
14
-18
-24
-48
-2
21
34
38
36
54
7
11
14
21
67
42
58
28
30
83
91
74
56
61
65
84
79
77
67
58
58
89
140
104
91
104
93
89
66
59
62
64
90
63
83
90
94
70
78
88
78
107
87
94
73
72
71
51
97
102
45
37
43
70
23
6
42
43
21
5
22
-7
8
-4
-8
-32
-16
6
-52
-37
-29
-60
-85
-58
-107
-123
-113
-117
-115
-126
-130
-159
-125
-158
-155
-99
-96
-144
-146
-121
-161
-172
-179
-134
-161
-171
-145
-104
-111
-114
-108
-123
-118
-147
-161
-138
-115
-135
-167
-137
-116
-138
-143
-139
-155
-140
-124
-146
-115
-117
-102
-120
-125
-113
-139
-138
-122
-131
-107
-125
-89
-71
-78
-69
-37
-67
-66
-64
-74
-67
-104
-80
-98
-86
-108
-67
-65
-108
-60
-43
-46
-40
-63
-71
-51
-12
21
-6
-7
-12
33
13
8
9
-4
34
20
36
19
-24
10
23
-40
20
30
65
91
79
57
35
82
39
44
18
24
41
36
33
33
63
31
35
44
60
46
62
76
57
56
56
56
34
48
18
-37
-62
-24
-19
1
1
-2
-9
-27
-24
-45
-8
-42
-14
-1
-23
-15
-55
-43
-26
-81
-37
-3
-24
14
-14
-30
-17
-35
-32
-15
-73
-130
-98
-96
-69
-97
-77
-45
-56
-98
-113
-106
-124
-84
-78
-63
-121
-114
-112
-174
-115
-154
-128
-136
-161
-125
-161
-153
-124
-137
-163
-136
-140
-153
-152
-148
-180
-150
-162
-165
-153
-151
-171
-151
-162
-165
-127
-113
-157
-111
-118
-112
-44
-96
-55
-38
-45
-68
-46
-28
-19
-30
-40
-29
-66
-47
-30
-18
-13
-11
-37
-29
-22
-56
-19
-43
-56
-13
-1
-13
-34
-9
-8
8
-9
21
30
22
36
33
43
31
19
41
39
-3
48
41
14
55
59
55
56
73
35
57
92
70
68
64
86
102
69
73
127
97
105
128
122
102
91
137
118
121
90
136
115
86
136
127
40
66
84
31
42
44
40
38
37
16
-17
-8
-4
-58
-28
-37
-85
-37
-84
-117
-88
-55
-95
-119
-128
-181
-147
-167
-142
-151
-163
-141
-157
-151
-154
-165
-183
-183
-195
-184
-199
-171
-160
-156
-176
-159
-109
-102
-84
-87
-113
-120
-111
-122
-121
-131
-133
-123
-136
-142
-116
-139
-128
-103
-117
-120
-110
-139
-129
-136
-131
-117
-151
-148
-133
-169
-141
-105
-118
-113
-125
-162
-154
-171
-127
-135
-185
-182
-192
-197
-204
-163
-166
-178
-174
-171
-178
-139
-162
-147
-167
-167
-132
-142
-92
-96
-99
-106
-94
-94
-102
-70
-59
-72
-80
-60
-45
-69
-50
-30
-42
-54
-25
-10
-18
-25
-50
-18
-15
-15
-56
-32
-81
-56
-28
-55
-82
-37
-17
-72
-19
-92
-52
-42
-78
-105
-84
-70
-65
-65
-52
-35
-77
-21
-13
-36
-35
-37
-40
-101
-80
-63
-75
-91
-82
-124
-126
-120
-140
-125
-159
-159
-189
-202
-177
-178
-185
-192
-216
-222
-211
-202
-195
-167
-154
-139
-165
-135
-141
-135
-124
-140
-96
-134
-107
-65
-57
-67
-63
-41
-30
-45
-80
-72
-53
-40
-42
-50
-37
-66
-78
-50
-27
-7
-48
-29
-50
-95
-88
-96
-118
-90
-134
-95
-111
-155
-165
-226
-239
-248
-292
-341
-324
-377
-388
-428
-441
-380
-413
-404
-422
-406
-382
-411
-348
-317
-298
-313
-299
-224
-192
-204
-228
-174
-158
-150
-132
-62
-53
-36
-19
-11
11
35
74
71
62
106
148
154
157
125
186
180
197
176
170
177
173
159
126
172
184
174
202
181
190
179
185
262
230
277
283
279
269
306
315
346
368
360
374
354
305
336
368
350
361
313
310
340
336
354
366
312
305
318
333
280
273
298
278
221
196
206
164
136
127
101
87
38
-9
-59
-126
-123
-190
-176
-249
-280
-307
-348
-346
-385
-409
-430
-422
-459
-480
-501
-495
-473
-521
-535
-529
-548
-533
-544
-503
-517
-518
-480
-437
-408
-398
-349
-350
-291
-271
-212
-160
-162
-138
-69
-24
-28
58
109
121
154
167
204
237
273
312
318
345
370
371
415
527
525
511
561
586
626
607
658
686
658
712
732
749
832
805
836
885
926
968
1006
1122
1143
1164
1200
1242
1335
1371
1424
1439
1479
1546
1524
1544
1565
1502
1408
1397
1319
1252
1153
1008
861
731
629
482
318
129
-8
-214
-400
-543
-735
-884
-1032
-1239
-1405
-1514
-1672
-1815
-1948
-2049
-2122
-2221
-2275
-2327
-2327
-2329
-2294
-2269
-2224
-2182
-2097
-1932
-1842
-1736
-1551
-1369
-1225
-1039
-821
-635
-524
-341
-162
18
203
373
468
608
744
811
889
951
1041
1122
1174
1212
1253
1289
1324
1326
1359
1390
1388
1363
1398
1423
1439
1493
1445
1513
1577
1619
1653
1706
1817
1910
2107
2283
2437
2668
2895
3214
3444
3704
3924
4038
4175
4131
4118
4010
3743
3445
3054
2594
2050
1456
906
355
-201
-792
-1317
-1809
-2231
-2522
-2773
-2938
-3066
-3090
-3068
-3046
-2989
-2904
-2788
-2681
-2648
-2627
-2625
-2661
-2705
-2820
-2911
-3010
-3092
-3133
-3125
-3103
-3047
-2892
-2674
-2437
-2145
-1884
-1576
-1298
-1013
-816
-613
-437
-317
-298
-255
-233
-290
-349
-422
-498
-611
-631
-602
-530
-508
-414
-323
-135
15
164
398
560
781
965
1093
1208
1279
1333
1267
1252
1244
1160
1139
1039
967
948
946
953
1007
1067
1195
1269
1431
1705
1899
2137
2374
2608
2826
3065
3338
3581
3702
3770
3807
3755
3618
3452
3215
2879
2481
2105
1648
1191
786
357
24
-382
-746
-1015
-1229
-1431
-1540
-1684
-1800
-1864
-1909
-1900
-1956
-1955
-1992
-2011
-2037
-2047
-2093
-2180
-2263
-2352
-2416
-2456
-2456
-2465
-2402
-2389
-2303
-2198
-2032
-1811
-1687
-1531
-1346
-1144
-970
-857
-779
-701
-673
-666
-634
-636
-694
-730
-776
-855
-856
-847
-822
-781
-709
-556
-442
-298
-124
32
161
320
376
460
544
548
554
462
345
224
136
-5
-111
-183
-219
-279
-237
-88
38
212
434
701
1013
1343
1613
1933
2245
2470
2720
2934
3155
3351
3435
3562
3667
3745
3890
3979
4047
4027
3942
3886
3774
3662
3458
3208
2948
2590
2246
1873
1451
1035
572
124
-324
-715
-1097
-1473
-1754
-2040
-2292
-2476
-2595
-2684
-2720
-2765
-2739
-2635
-2534
-2453
-2414
-2349
-2322
-2231
-2165
-2143
-2084
-2033
-1984
-1932
-1802
-1690
-1603
-1470
-1328
-1205
-1011
-847
-705
-569
-466
-344
-277
-212
-205
-170
-151
-154
-155
-232
-225
-229
-243
-269
-279
-261
-209
-192
-157
-167
-145
-80
-82
-48
-36
-51
-86
-133
-191
-183
-169
-206
-235
-189
-135
-111
20
154
308
477
679
894
1140
1409
1650
1912
2162
2351
2556
2774
2990
3097
3218
3243
3265
3338
3397
3414
3397
3313
3197
3069
2903
2707
2449
2131
1835
1498
1144
813
477
118
-240
-554
-904
-1209
-1470
-1666
-1937
-2130
-2242
-2389
-2493
-2538
-2561
-2546
-2575
-2541
-2416
-2332
-2233
-2178
-2124
-2046
-1976
-1871
-1810
-1745
-1683
-1609
-1524
-1411
-1350
-1260
-1134
-1074
-1003
-916
-849
-794
-750
-674
-655
-645
-636
-573
-556
-588
-589
-625
-633
-570
-556
-554
-540
-563
-478
-447
-372
-305
-271
-246
-277
-232
-239
-292
-331
-403
-458
-504
-530
-546
-530
-502
-397
-251
-79
116
303
523
767
978
1206
1417
1592
1735
1833
1907
1989
2084
2125
2146
2167
2161
2153
2218
2336
2409
2570
2744
2965
3173
3341
3578
3660
3729
3740
3701
3593
3414
3147
2830
2429
2008
1605
1138
697
257
-189
-562
-914
-1176
-1339
-1536
-1698
-1726
-1744
-1749
-1704
-1631
-1541
-1512
-1466
-1419
-1425
-1465
-1550
-1631
-1682
-1783
-1858
-1905
-1954
-1987
-2006
-1919
-1773
-1670
-1473
-1312
-1142
-920
-714
-533
-415
-294
-216
-207
-181
-203
-270
-318
-435
-532
-629
-704
-735
-716
-770
-732
-683
-656
-526
-452
-373
-326
-292
-233
-232
-259
-320
-436
-581
-649
-704
-751
-798
-795
-680
-590
-428
-225
-24
213
424
710
902
1087
1299
1436
1564
1677
1752
1806
1817
1849
1843
1830
1886
1941
1957
1997
2050
2168
2312
2517
2651
2874
3064
3165
3267
3303
3317
3192
3014
2780
2470
2085
1785
1384
1007
563
113
-251
-580
-872
-1109
-1281
-1449
-1551
-1584
-1605
-1576
-1516
-1468
-1431
-1363
-1366
-1341
-1313
-1391
-1379
-1452
-1530
-1646
-1702
-1756
-1820
-1848
-1818
-1732
-1633
-1453
-1296
-1129
-918
-688
-468
-285
-168
-15
89
155
176
105
57
-19
-113
-279
-426
-546
-644
-748
-770
-807
-813
-792
-700
-635
-649
-593
-585
-600
-633
-620
-693
-786
-838
-885
-925
-940
-944
-886
-864
-762
-628
-471
-212
4
252
507
750
949
1087
1183
1242
1226
1215
1253
1234
1173
1127
1105
1065
1045
1110
1205
1301
1417
1598
1842
2051
2333
2550
2749
2896
2961
3007
2973
2849
2651
2368
2061
1742
1345
997
661
252
-101
-401
-662
-882
-1026
-1122
-1218
-1303
-1324
-1342
-1284
-1222
-1206
-1155
-1172
-1173
-1215
-1269
-1388
-1525
-1627
-1738
-1823
-1877
-1923
-1935
-1915
-1829
-1702
-1530
-1317
-1061
-814
-607
-384
-222
20
142
197
202
182
107
24
-58
-184
-287
-417
-427
-485
-534
-481
-435
-443
-388
-298
-234
-152
-118
-110
-118
-148
-142
-164
-246
-312
-430
-515
-605
-655
-682
-677
-538
-388
-198
21
313
537
774
1003
1159
1335
1511
1609
1603
1611
1601
1563
1491
1427
1362
1281
1240
1234
1277
1373
1496
1640
1824
2020
2298
2503
2703
2890
3034
3164
3201
3225
3223
3080
2884
2657
2336
2006
1586
1251
867
492
143
-167
-474
-681
-832
-998
-1079
-1179
-1239
-1255
-1263
-1244
-1256
-1308
-1312
-1408
-1479
-1591
-1748
-1908
-2066
-2222
-2358
-2419
-2501
-2546
-2543
-2469
-2319
-2145
-1925
-1698
-1470
-1181
-984
-764
-585
-479
-410
-417
-418
-466
-561
-712
-862
-1016
-1179
-1275
-1375
-1449
-1429
-1363
-1308
-1175
-1046
-923
-799
-711
-597
-589
-555
-590
-622
-686
-829
-897
-964
-1049
-1075
-1054
-1040
-943
-816
-638
-446
-272
-79
148
314
553
711
850
971
967
1052
1040
1031
1034
926
879
858
877
907
963
1100
1272
1463
1658
1939
2278
2526
2809
3052
3222
3361
3442
3508
3354
3204
2977
2669
2345
1981
1611
1264
905
548
221
-74
-277
-414
-563
-652
-728
-803
-770
-806
-819
-846
-911
-975
-982
-1108
-1202
-1306
-1462
-1581
-1724
-1856
-1962
-1996
-2014
-1944
-1874
-1788
-1649
-1459
-1279
-1094
-888
-687
-532
-422
-280
-206
-200
-212
-271
-344
-421
-526
-662
-792
-905
-934
-997
-1056
-1039
-978
-969
-885
-817
-776
-706
-644
-639
-604
-587
-638
-697
-754
-823
-889
-890
-909
-936
-899
-841
-795
-685
-539
-427
-263
-95
140
329
465
572
719
778
766
780
767
775
767
789
819
812
840
894
976
1064
1171
1315
1489
1678
1860
2089
2358
2583
2728
2861
2927
2930
2883
2775
2519
2288
1995
1637
1299
933
578
288
-16
-292
-546
-728
-866
-964
-1030
-1111
-1102
-1111
-1078
-1092
-1117
-1183
-1219
-1249
-1297
-1312
-1388
-1459
-1564
-1603
-1640
-1670
-1675
-1648
-1563
-1422
-1285
-1155
-950
-777
-617
-453
-309
-198
-86
-66
-33
-70
-123
-189
-259
-336
-417
-593
-740
-781
-838
-860
-862
-836
-794
-814
-743
-685
-648
-559
-500
-491
-477
-497
-529
-582
-600
-640
-678
-679
-658
-629
-577
-519
-482
-385
-333
-147
24
139
304
461
568
668
795
812
875
940
940
914
894
878
836
861
830
883
973
1033
1179
1357
1522
1719
1946
2172
2336
2484
2569
2642
2640
2502
2307
2074
1789
1472
1121
755
390
-27
-339
-686
-946
-1170
-1338
-1467
-1568
-1613
-1664
-1633
-1611
-1540
-1535
-1534
-1520
-1529
-1546
-1562
-1649
-1701
-1764
-1856
-1884
-1876
-1841
-1828
-1797
-1742
-1612
-1437
-1307
-1183
-963
-793
-678
-535
-427
-314
-257
-292
-310
-402
-479
-516
-646
-757
-844
-934
-969
-1002
-1017
-974
-931
-862
-757
-717
-609
-557
-517
-475
-452
-438
-470
-500
-556
-593
-574
-541
-508
-458
-365
-269
-145
61
215
391
516
654
775
899
1074
1178
1269
1357
1392
1399
1376
1364
1392
1378
1391
1434
1506
1648
1777
1961
2158
2365
2578
2822
3061
3170
3300
3376
3350
3267
3103
2913
2690
2390
2046
1698
1353
1009
688
341
85
-180
-398
-549
-689
-798
-854
-876
-952
-962
-956
-960
-991
-1103
-1126
-1224
-1287
-1330
-1458
-1503
-1543
-1564
-1581
-1498
-1430
-1405
-1267
-1180
-1024
-902
-763
-628
-576
-538
-476
-475
-481
-538
-601
-713
-858
-921
-1012
-1114
-1214
-1353
-1375
-1446
-1526
-1549
-1554
-1519
-1538
-1464
-1420
-1366
-1285
-1217
-1134
-1048
-1021
-993
-943
-955
-920
-887
-842
-787
-771
-700
-649
-598
-538
-409
-303
-159
39
241
449
678
835
1026
1189
1207
1291
1342
1353
1386
1401
1388
1369
1398
1496
1567
1676
1822
2017
2244
2494
2692
2859
3043
3221
3248
3235
3173
3036
2836
2515
2205
1823
1440
1041
643
257
-126
-403
-652
-843
-990
-1106
-1170
-1197
-1208
-1161
-1105
-1055
-1012
-1005
-1014
-1056
-1079
-1108
-1179
-1209
-1227
-1238
-1272
-1201
-1175
-1134
-1046
-927
-822
-657
-497
-412
-311
-247
-144
-135
-134
-188
-302
-419
-552
-715
-835
-982
-1185
-1330
-1452
-1546
-1527
-1587
-1605
-1589
-1579
-1542
-1472
-1426
-1349
-1280
-1267
-1235
-1162
-1115
-1058
-978
-1025
-967
-880
-824
-771
-680
-563
-482
-391
-279
-109
76
267
427
560
694
789
929
944
979
1015
992
992
1081
1127
1177
1261
1348
1474
1570
1751
1957
2163
2352
2519
2707
2849
2911
3020
2966
2851
2737
2532
2304
1987
1648
1290
929
600
256
-39
-293
-478
-700
-844
-955
-1047
-1087
-1141
-1110
-1109
-1084
-1099
-1095
-1122
-1119
-1149
-1206
-1206
-1211
-1219
-1196
-1199
-1148
-1054
-889
-738
-621
-427
-275
-156
-29
96
176
215
244
202
129
50
-102
-237
-382
-558
-744
-846
-1004
-1143
-1203
-1253
-1328
-1334
-1276
-1292
-1218
-1173
-1138
-1130
-1108
-1088
-1093
-1082
-1080
-1110
-1142
-1132
-1129
-1079
-1009
-914
-787
-629
-431
-216
-17
198
403
537
727
951
1073
1202
1326
1401
1440
1436
1414
1356
1333
1272
1275
1256
1313
1411
1528
1697
1871
2123
2330
2471
2656
2790
2857
2939
2950
2849
2677
2472
2149
1778
1433
1077
671
313
-55
-405
-702
-935
-1121
-1262
-1349
-1440
-1423
-1402
-1404
-1332
-1355
-1337
-1315
-1315
-1329
-1343
-1359
-1391
-1415
-1444
-1429
-1443
-1389
-1302
-1178
-1005
-864
-686
-500
-346
-189
-44
72
155
197
152
153
46
-52
-211
-424
-624
-870
-1071
-1258
-1405
-1560
-1658
-1748
-1783
-1721
-1673
-1583
-1508
-1418
-1320
-1199
-1092
-1021
-962
-931
-877
-881
-910
-952
-903
-892
-861
-781
-701
-522
-352
-121
92
295
545
788
1053
1288
1488
1653
1777
1866
1946
1911
1891
1842
1804
1775
1742
1795
1841
1920
2054
2219
2424
2617
2808
2987
3127
3255
3302
3283
3157
2992
2746
2476
2160
1739
1344
907
493
84
-289
-631
-935
-1125
-1364
-1530
-1601
-1612
-1632
-1639
-1572
-1578
-1469
-1419
-1413
-1401
-1397
-1412
-1443
-1411
-1429
-1417
-1390
-1327
-1259
-1208
-1040
-873
-681
-523
-375
-183
-61
9
127
152
133
36
-20
-122
-267
-402
-634
-813
-1070
-1233
-1394
-1530
-1629
-1741
-1787
-1809
-1790
-1745
-1695
-1643
-1549
-1495
-1400
-1350
-1304
-1288
-1187
-1172
-1161
-1151
-1144
-1061
-1021
-893
-775
-645
-486
-254
-14
224
447
747
946
1151
1314
1436
1532
1610
1653
1677
1701
1693
1727
1736
1778
1775
1840
2011
2116
2271
2432
2543
2687
2802
2889
2912
2878
2781
2669
2447
2226
1966
1649
1276
915
545
193
-170
-506
-790
-1026
-1217
-1420
-1546
-1627
-1669
-1651
-1630
-1602
-1533
-1524
-1467
-1426
-1422
-1352
-1370
-1369
-1364
-1373
-1305
-1256
-1202
-1062
-944
-808
-641
-503
-329
-184
-41
45
131
201
151
131
84
-71
-188
-353
-544
-750
-951
-1095
-1255
-1394
-1503
-1599
-1695
-1652
-1605
-1617
-1594
-1532
-1497
-1431
-1354
-1272
-1212
-1201
-1168
-1139
-1116
-1072
-1038
-1001
-925
-859
-763
-662
-547
-365
-90
171
421
679
886
1128
1320
1515
1672
1809
1831
1895
1936
1948
1977
1964
2002
2011
2077
2149
2235
2351
2488
2583
2737
2846
2926
2938
2901
2850
2729
2523
2278
2012
1640
1285
884
507
122
-296
-622
-939
-1200
-1432
-1606
-1743
-1794
-1812
-1813
-1811
-1790
-1688
-1619
-1561
-1465
-1416
-1408
-1363
-1366
-1265
-1201
-1192
-1123
-1072
-994
-847
-681
-528
-419
-275
-104
4
151
211
296
289
251
182
67
-110
-291
-501
-738
-951
-1189
-1353
-1572
-1703
-1788
-1881
-1893
-1922
-1925
-1888
-1837
-1733
-1604
-1536
-1451
-1335
-1220
-1171
-1128
-1061
-1008
-933
-887
-861
-791
-703
-542
-357
-174
-43
174
429
640
878
1068
1286
1487
1659
1776
1899
1981
2029
2035
2057
2027
2036
2066
2086
2188
2284
2410
2527
2645
2739
2845
2885
2867
2814
2745
2612
2378
2118
1822
1434
1024
638
209
-202
-592
-904
-1209
-1526
-1714
-1896
-1998
-2054
-2087
-2051
-2003
-1928
-1880
-1858
-1777
-1714
-1685
-1635
-1542
-1522
-1519
-1422
-1394
-1313
-1260
-1136
-1022
-924
-742
-656
-569
-459
-334
-233
-153
-137
-156
-185
-324
-387
-511
-660
-851
-1047
-1298
-1477
-1722
-1863
-1969
-2091
-2124
-2165
-2134
-2142
-2082
-2017
-1948
-1797
-1679
-1560
-1413
-1343
-1275
-1142
-1081
-982
-926
-903
-789
-718
-601
-488
-303
-127
72
294
531
753
1001
1237
1473
1670
1825
1931
2055
2124
2176
2286
2268
2328
2356
2425
2540
2659
2788
2884
2992
3050
3135
3171
3139
3091
2944
2744
2549
2264
1912
1535
1183
795
384
-27
-393
-755
-1035
-1278
-1503
-1596
-1729
-1795
-1799
-1783
-1741
-1695
-1600
-1519
-1422
-1369
-1324
-1283
-1234
-1149
-1066
-995
-977
-863
-759
-721
-574
-417
-301
-228
-147
-56
19
77
101
72
-13
-105
-247
-408
-543
-725
-960
-1140
-1336
-1532
-1699
-1819
-1945
-2001
-2040
-2019
-1987
-1943
-1848
-1749
-1634
-1523
-1404
-1289
-1230
-1149
-1063
-1003
-892
-833
-718
-644
-566
-457
-317
-151
8
193
459
670
904
1177
1418
1622
1788
1900
2008
2103
2157
2192
2211
2250
2356
2464
2563
2724
2871
3008
3149
3251
3368
3392
3335
3284
3176
2977
2752
2452
2088
1723
1316
897
462
89
-269
-629
-946
-1237
-1471
-1638
-1775
-1894
-1901
-1931
-1927
-1890
-1864
-1784
-1679
-1607
-1579
-1511
-1428
-1382
-1282
-1162
-1078
-970
-855
-682
-564
-411
-249
-99
30
152
228
285
312
252
205
78
-46
-212
-370
-534
-727
-881
-1107
-1271
-1421
-1518
-1620
-1669
-1661
-1671
-1624
-1571
-1500
-1431
-1314
-1235
-1150
-1082
-993
-880
-798
-717
-640
-587
-572
-486
-387
-324
-164
32
157
358
602
789
1013
1212
1452
1677
1862
2026
2184
2268
2336
2358
2382
2362
2396
2450
2549
2648
2758
2887
2971
3032
3066
3137
3132
3076
2924
2777
2528
2248
1936
1571
1171
748
313
-105
-517
-876
-1180
-1436
-1663
-1901
-2063
-2172
-2181
-2190
-2180
-2127
-2092
-2018
-1975
-1866
-1803
-1740
-1631
-1528
-1434
-1373
-1254
-1180
-1002
-871
-723
-528
-370
-258
-155
-49
74
120
150
135
73
-4
-71
-217
-361
-513
-662
-826
-1053
-1198
-1290
-1432
-1573
-1635
-1690
-1705
-1678
-1646
-1611
-1523
-1491
-1352
-1258
-1167
-1079
-973
-882
-826
-718
-647
-610
-531
-458
-273
-173
-5
214
375
572
782
1006
1185
1406
1591
1747
1926
2101
2206
2307
2466
2590
2715
2807
2858
2942
3050
3156
3199
3240
3228
3269
3255
3207
3114
2992
2811
2576
2280
1994
1666
1284
926
548
149
-244
-588
-877
-1168
-1444
-1664
-1809
-1921
-2009
-2066
-2140
-2126
-2114
-2049
-1928
-1893
-1806
-1701
-1629
-1511
-1332
-1217
-1054
-913
-801
-644
-491
-323
-188
-111
-60
0
31
34
20
-29
-95
-214
-355
-528
-644
-827
-1011
-1147
-1308
-1412
-1556
-1654
-1738
-1776
-1811
-1864
-1806
-1771
-1734
-1609
-1532
-1484
-1407
-1347
-1306
-1203
-1139
-1060
-936
-877
-790
-630
-494
-353
-151
14
231
424
641
856
1064
1343
1516
1664
1878
2025
2140
2202
2275
2368
2421
2480
2518
2644
2789
2930
3073
3144
3227
3283
3264
3219
3097
2984
2770
2513
2165
1825
1482
1083
693
239
-134
-550
-879
-1149
-1421
-1618
-1825
-1941
-2031
-2073
-2028
-2010
-1953
-1958
-1871
-1774
-1712
-1615
-1587
-1488
-1408
-1314
-1212
-1075
-941
-797
-633
-436
-238
-51
115
272
370
461
498
549
509
425
338
157
61
-199
-424
-602
-818
-1025
-1247
-1405
-1538
-1620
-1660
-1697
-1683
-1626
-1551
-1488
-1396
-1296
-1211
-1137
-1086
-1017
-959
-907
-905
-853
-850
-783
-705
-608
-452
-279
-110
81
320
501
780
1002
1221
1472
1683
1854
2002
2101
2204
2251
2303
2416
2467
2568
2659
2768
2820
2923
2976
3036
3081
3015
2965
2796
2658
2429
2145
1875
1522
1128
741
314
-97
-507
-916
-1243
-1570
-1854
-2082
-2270
-2395
-2479
-2536
-2545
-2536
-2500
-2481
-2376
-2306
-2236
-2147
-2053
-1975
-1846
-1724
-1615
-1502
-1369
-1207
-1037
-859
-713
-528
-439
-307
-170
-120
-111
-63
-115
-209
-290
-418
-550
-757
-983
-1164
-1358
-1548
-1743
-1941
-2052
-2162
-2280
-2335
-2360
-2336
-2298
-2233
-2155
-2043
-1961
-1811
-1700
-1582
-1432
-1309
-1186
-1048
-894
-739
-602
-458
-307
-192
-25
143
306
535
775
1059
1360
1624
1943
2163
2387
2600
2717
2873
2962
3118
3233
3330
3421
3490
3513
3498
3495
3415
3343
3243
3087
2906
2648
2401
2107
1789
1518
1157
813
451
101
-201
-535
-830
-1115
-1360
-1566
-1749
-1855
-1994
-2052
-2100
-2102
-2094
-2082
-1968
-1877
-1770
-1710
-1553
-1392
-1247
-1038
-814
-632
-438
-234
-21
188
355
439
608
702
732
800
723
655
543
448
320
144
-24
-219
-391
-574
-769
-973
-1135
-1299
-1441
-1539
-1656
-1715
-1773
-1791
-1793
-1852
-1860
-1837
-1774
-1713
-1616
-1524
-1414
-1279
-1143
-1014
-834
-675
-514
-375
-226
-35
134
311
518
680
892
1131
1317
1545
1767
1954
2119
2300
2487
2676
2822
3000
3141
3251
3355
3363
3411
3402
3327
3249
3059
2824
2634
2382
2035
1708
1358
1027
692
323
33
-265
-534
-821
-1060
-1242
-1389
-1571
-1672
-1768
-1842
-1876
-1920
-1948
-2022
-1975
-1949
-1863
-1842
-1777
-1601
-1489
-1320
-1136
-928
-698
-459
-210
55
282
497
687
843
958
986
999
929
907
793
619
450
268
86
-182
-386
-586
-781
-898
-1062
-1181
-1267
-1390
-1460
-1466
-1478
-1519
-1486
-1481
-1469
-1488
-1491
-1442
-1437
-1414
-1354
-1207
-1111
-1039
-899
-720
-519
-337
-137
106
355
628
868
1107
1343
1566
1782
1956
2155
2318
2471
2577
2624
2738
2876
2991
3130
3264
3327
3347
3394
3369
3322
3240
3090
2912
2713
2435
2109
1778
1397
1040
662
277
-101
-421
-728
-1062
-1303
-1542
-1735
-1899
-2000
-2057
-2107
-2098
-2092
-2076
-2018
-1952
-1895
-1860
-1793
-1707
-1567
-1450
-1371
-1217
-1055
-872
-699
-484
-282
-81
102
266
410
555
605
651
660
662
591
450
291
116
-15
-254
-497
-700
-901
-1075
-1239
-1379
-1479
-1599
-1682
-1718
-1756
-1803
-1787
-1739
-1704
-1663
-1583
-1525
-1461
-1441
-1316
-1203
-1079
-995
-933
-772
-592
-432
-244
-13
127
299
482
719
952
1193
1482
1705
1918
2152
2370
2582
2778
2904
3028
3154
3251
3307
3291
3340
3306
3200
3074
2952
2794
2527
2291
2031
1723
1419
1098
772
429
113
-202
-507
-810
-1118
-1322
-1546
-1729
-1857
-1977
-2076
-2142
-2182
-2172
-2188
-2166
-2110
-2085
-1985
-1850
-1742
-1544
-1365
-1192
-1005
-804
-579
-361
-135
47
286
420
509
574
615
665
631
559
460
342
195
14
-186
-390
-601
-772
-928
-1093
-1246
-1385
-1537
-1608
-1711
-1803
-1830
-1909
-1927
-2004
-1981
-1950
-1926
-1879
-1834
-1784
-1672
-1546
-1430
-1247
-1027
-854
-677
-472
-267
-42
140
332
541
758
938
1197
1376
1535
1748
1936
2150
2367
2556
2681
2891
3079
3226
3314
3391
3406
3343
3290
3171
2975
2698
2436
2137
1818
1443
1059
649
259
-91
-442
-777
-1103
-1355
-1540
-1717
-1844
-1938
-2034
-2056
-2109
-2121
-2161
-2087
-2099
-2130
-2018
-1968
-1885
-1784
-1635
-1541
-1364
-1175
-984
-732
-482
-219
2
230
481
666
803
915
940
939
922
824
688
516
354
151
-88
-338
-520
-717
-943
-1076
-1224
-1376
-1490
-1565
-1638
-1675
-1655
-1641
-1635
-1627
-1579
-1524
-1470
-1375
-1326
-1239
-1125
-1012
-939
-791
-674
-519
-285
-84
148
387
634
918
1192
1469
1712
1973
2211
2435
2673
2846
3041
3209
3369
3495
3639
3745
3810
3841
3766
3744
3647
3481
3280
3048
2761
2444
2071
1690
1292
872
509
105
-275
-601
-976
-1279
-1524
-1762
-1946
-2120
-2223
-2296
-2343
-2403
-2441
-2384
-2350
-2316
-2251
-2168
-2089
-1941
-1781
-1647
-1500
-1291
-1058
-827
-588
-333
-92
126
377
528
629
737
787
837
791
707
625
467
318
148
-54
-246
-448
-668
-842
-997
-1141
-1266
-1390
-1460
-1545
-1556
-1591
-1589
-1567
-1539
-1524
-1469
-1405
-1373
-1317
-1273
-1119
-1071
-940
-752
-597
-389
-185
50
287
582
841
1090
1353
1662
1975
2212
2458
2711
2908
3109
3287
3516
3707
3792
3931
3963
3971
3992
3940
3838
3644
3445
3238
2937
2634
2310
1929
1558
1153
707
293
-107
-489
-815
-1114
-1420
-1646
-1860
-2003
-2166
-2247
-2304
-2323
-2360
-2372
-2302
-2283
-2179
-2136
-2037
-1928
-1780
-1585
-1426
-1255
-1062
-820
-577
-363
-162
75
315
488
610
692
767
791
762
695
624
499
314
187
22
-179
-382
-576
-755
-947
-1086
-1212
-1360
-1419
-1453
-1528
-1574
-1574
-1601
-1593
-1560
-1570
-1556
-1494
-1429
-1363
-1288
-1170
-1015
-875
-700
-419
-211
-27
206
458
680
936
1203
1478
1741
1968
2219
2492
2703
2939
3168
3378
3574
3703
3835
3934
3999
3931
3872
3725
3546
3292
2963
2648
2288
1893
1445
971
590
157
-265
-679
-1033
-1314
-1643
-1872
-2069
-2221
-2376
-2497
-2588
-2655
-2671
-2663
-2655
-2650
-2639
-2589
-2491
-2418
-2282
-2125
-1965
-1759
-1530
-1292
-1027
-742
-472
-183
50
249
467
615
689
759
741
703
625
513
347
121
-121
-281
-431
-706
-830
-1028
-1204
-1294
-1375
-1394
-1452
-1458
-1465
-1520
-1481
-1422
-1361
-1300
-1199
-1154
-1110
-1048
-974
-854
-743
-596
-462
-283
-72
174
428
676
955
1317
1605
1912
2218
2518
2775
3013
3284
3512
3738
3900
4071
4217
4286
4315
4302
4187
4039
3842
3582
3313
2952
2585
2169
1730
1257
842
422
17
-374
-817
-1099
-1481
-1710
-1892
-2132
-2318
-2481
-2624
-2726
-2788
-2786
-2803
-2826
-2750
-2695
-2655
-2558
-2459
-2361
-2206
-2034
-1797
-1569
-1289
-998
-739
-507
-234
8
214
392
528
594
651
639
597
472
320
174
-29
-253
-488
-649
-861
-1064
-1246
-1415
-1551
-1637
-1705
-1783
-1831
-1805
-1821
-1828
-1755
-1722
-1670
-1549
-1485
-1418
-1281
-1199
-995
-819
-621
-420
-210
40
304
573
870
1208
1464
1774
2092
2386
2693
2981
3263
3508
3773
4003
4217
4385
4542
4596
4605
4567
4458
4326
4059
3813
3457
3116
2700
2256
1791
1304
853
413
-48
-436
-793
-1078
-1384
-1623
-1793
-2010
-2151
-2207
-2326
-2390
-2416
-2458
-2460
-2496
-2435
-2403
-2381
-2304
-2221
-2047
-1903
-1747
-1510
-1263
-1030
-820
-538
-281
-36
190
370
563
645
690
672
615
524
404
224
10
-168
-443
-660
-876
-1077
-1230
-1415
-1487
-1634
-1650
-1681
-1723
-1744
-1722
-1692
-1655
-1597
-1584
-1487
-1439
-1331
-1291
-1204
-1066
-997
-832
-646
-469
-235
-20
229
521
816
1150
1487
1838
2171
2469
2824
3170
3456
3733
3999
4198
4339
4466
4518
4467
4418
4301
4110
3838
3516
3177
2752
2321
1851
1418
945
494
76
-371
-759
-1048
-1361
-1645
-1875
-2082
-2232
-2371
-2514
-2541
-2644
-2681
-2675
-2674
-2661
-2622
-2566
-2491
-2369
-2257
-2032
-1864
-1612
-1416
-1192
-866
-595
-338
-103
145
345
544
647
702
733
720
668
554
379
198
36
-209
-399
-578
-807
-959
-1102
-1212
-1322
-1410
-1425
-1445
-1468
-1452
-1414
-1400
-1382
-1349
-1309
-1284
-1236
-1171
-1120
-1040
-978
-868
-709
-598
-384
-154
69
355
637
1010
1315
1646
2064
2376
2706
3026
3331
3677
3978
4186
4396
4545
4598
4625
4551
4418
4242
4035
3775
3357
3017
2628
2183
1754
1272
863
432
24
-403
-792
-1097
-1347
-1643
-1843
-2018
-2208
-2304
-2433
-2508
-2608
-2610
-2593
-2632
-2609
-2540
-2492
-2409
-2308
-2110
-1948
-1778
-1529
-1276
-955
-694
-415
-158
80
279
447
579
661
704
712
690
566
466
311
95
-86
-340
-517
-768
-903
-1064
-1230
-1303
-1377
-1438
-1455
-1446
-1463
-1458
-1483
-1440
-1413
-1360
-1350
-1314
-1272
-1234
-1169
-1096
-979
-876
-790
-616
-440
-241
15
292
639
992
1370
1750
2148
2524
2817
3211
3513
3763
4030
4211
4361
4435
4441
4431
4354
4166
3937
3654
3331
2969
2596
2202
1774
1361
948
547
138
-257
-566
-884
-1169
-1432
-1713
-1856
-2013
-2186
-2350
-2433
-2510
-2566
-2604
-2615
-2544
-2509
-2429
-2333
-2160
-1976
-1749
-1565
-1304
-1049
-795
-472
-253
-45
174
353
487
635
694
678
665
625
536
413
258
101
-87
-275
-440
-583
-742
-855
-962
-1040
-1139
-1186
-1253
-1322
-1296
-1320
-1314
-1344
-1300
-1287
-1263
-1210
-1141
-1048
-1040
-900
-760
-619
-483
-274
-59
147
368
709
977
1292
1603
1947
2264
2567
2858
3143
3398
3642
3900
4060
4183
4242
4280
4192
4068
3905
3674
3430
3078
2708
2258
1848
1393
908
450
-23
-411
-802
-1141
-1468
-1776
-1971
-2134
-2358
-2474
-2586
-2675
-2706
-2695
-2689
-2695
-2615
-2590
-2531
-2434
-2322
-2184
-2037
-1806
-1570
-1333
-1057
-804
-509
-284
-59
182
384
504
637
729
755
756
677
589
476
290
105
-110
-311
-508
-760
-911
-1067
-1191
-1288
-1386
-1384
-1393
-1425
-1401
-1357
-1282
-1201
-1118
-1078
-958
-884
-873
-754
-640
-535
-384
-232
-15
149
417
678
886
1182
1500
1853
2130
2415
2699
3012
3255
3556
3827
4069
4272
4400
4512
4585
4554
4444
4354
4119
3808
3472
3082
2624
2184
1743
1233
696
221
-184
-608
-1002
-1321
-1656
-1912
-2074
-2254
-2375
-2433
-2492
-2560
-2587
-2543
-2549
-2532
-2495
-2431
-2385
-2248
-2167
-2084
-1899
-1724
-1471
-1260
-995
-706
-470
-218
35
252
415
589
648
670
652
558
438
261
80
-155
-337
-606
-887
-1095
-1268
-1449
-1603
-1724
-1817
-1876
-1871
-1848
-1840
-1735
-1666
-1594
-1511
-1414
-1313
-1242
-1111
-983
-868
-746
-642
-494
-350
-145
100
307
546
798
1067
1327
1653
1950
2306
2605
3119
3502
3665
3881
4115
4447
4718
4895
4813
4619
4337
4201
3957
3701
3283
2736
2221
1719
1297
761
282
-218
-651
-1052
-1351
-1598
-1843
-2054
-2262
-2353
-2397
-2480
-2513
-2569
-2584
-2573
-2546
-2507
-2443
-2387
-2383
-2274
-2128
-1911
-1684
-1492
-1260
-1019
-697
-377
-86
166
411
633
771
887
977
948
897
782
583
394
170
-114
-387
-626
-904
-1103
-1318
-1490
-1635
-1712
-1823
-1824
-1794
-1750
-1710
-1639
-1525
-1452
-1374
-1334
-1233
-1138
-1077
-1005
-932
-819
-717
-619
-452
-332
-126
86
302
563
852
1158
1496
1896
2227
2605
2973
3284
3630
3906
4154
4331
4452
4490
4453
4371
4218
3930
3576
3232
2741
2349
1866
1363
830
289
-131
-641
-1066
-1412
-1726
-2080
-2324
-2528
-2742
-2849
-2939
-2994
-3053
-3078
-3123
-3103
-3037
-3001
-2936
-2884
-2782
-2645
-2462
-2224
-1977
-1755
-1470
-1171
-873
-513
-275
37
225
476
643
709
758
710
654
505
325
137
-59
-353
-630
-849
-1068
-1334
-1449
-1579
-1720
-1762
-1758
-1800
-1800
-1755
-1681
-1570
-1490
-1362
-1275
-1152
-1058
-987
-877
-786
-653
-540
-432
-274
-116
84
285
530
770
1005
1298
1581
1919
2267
2591
2925
3302
3636
3933
4265
4528
4754
4856
4896
4850
4778
4574
4325
4016
3587
3095
2648
2107
1579
1047
550
65
-455
-913
-1338
-1675
-1995
-2240
-2439
-2602
-2670
-2791
-2873
-2882
-2886
-2879
-2848
-2852
-2815
-2768
-2764
-2667
-2554
-2364
-2206
-1991
-1763
-1471
-1158
-881
-553
-269
1
238
444
600
696
733
667
584
392
218
4
-247
-531
-844
-1090
-1336
-1612
-1826
-1949
-2050
-2193
-2264
-2212
-2156
-2167
-2096
-2010
-1895
-1761
-1676
-1546
-1438
-1364
-1286
-1133
-1006
-837
-688
-581
-384
-208
-13
275
533
783
1129
1466
1824
2215
2598
2957
3324
3681
4028
4379
4671
4843
4969
4973
4956
4835
4574
4288
3870
3411
2923
2329
1793
1250
667
123
-361
-823
-1272
-1599
-1889
-2150
-2359
-2492
-2598
-2667
-2731
-2790
-2787
-2805
-2774
-2735
-2747
-2729
-2683
-2574
-2535
-2417
-2217
-2053
-1834
-1565
-1289
-974
-671
-335
-31
211
416
545
689
738
745
667
527
377
140
-105
-346
-620
-934
-1165
-1388
-1618
-1778
-1882
-1936
-2026
-2032
-2002
-1919
-1846
-1762
-1598
-1527
-1421
-1312
-1193
-1097
-1002
-930
-786
-686
-567
-385
-209
-86
123
340
571
887
1170
1513
1834
2194
2593
2994
3383
3770
4187
4527
4802
5064
5196
5201
5192
5022
4775
4462
4071
3601
3070
2476
1908
1322
722
194
-359
-867
-1338
-1704
-2054
-2304
-2546
-2699
-2784
-2850
-2877
-2967
-2954
-2969
-2976
-2910
-2901
-2872
-2845
-2790
-2736
-2615
-2439
-2266
-2004
-1788
-1461
-1170
-867
-487
-218
57
268
480
571
628
620
559
439
250
54
-218
-509
-762
-1077
-1370
-1592
-1794
-2003
-2091
-2183
-2226
-2189
-2191
-2104
-2001
-1878
-1781
-1654
-1513
-1454
-1319
-1232
-1164
-1013
-920
-830
-702
-556
-400
-241
-58
193
462
717
1032
1408
1768
2136
2582
2961
3383
3777
4147
4529
4823
5034
5139
5231
5214
5123
4899
4614
4304
3871
3400
2879
2333
1798
1214
688
164
-311
-767
-1156
-1508
-1784
-1993
-2207
-2353
-2466
-2541
-2608
-2638
-2668
-2644
-2656
-2662
-2637
-2597
-2513
-2390
-2279
-2110
-1911
-1690
-1415
-1154
-812
-466
-207
88
342
555
740
848
893
873
815
656
479
270
34
-247
-523
-818
-1108
-1382
-1596
-1736
-1866
-1969
-1991
-2073
-2047
-1992
-1924
-1834
-1757
-1648
-1602
-1467
-1341
-1243
-1165
-1090
-962
-820
-671
-541
-349
-170
-14
232
478
745
1034
1324
1699
2063
2394
2778
3162
3548
3865
4169
4474
4735
4865
4925
4937
4866
4718
4513
4236
3865
3442
2953
2471
1982
1426
905
371
-82
-497
-936
-1253
-1576
-1843
-2095
-2298
-2441
-2538
-2595
-2704
-2698
-2672
-2683
-2633
-2580
-2501
-2437
-2286
-2172
-1987
-1806
-1618
-1329
-1087
-822
-518
-231
48
306
509
662
814
918
889
886
759
627
469
211
-27
-304
-545
-800
-1097
-1301
-1521
-1688
-1780
-1827
-1871
-1846
-1841
-1768
-1666
-1597
-1520
-1419
-1322
-1219
-1166
-1035
-932
-835
-699
-565
-436
-295
-116
85
312
555
768
1015
1325
1576
1925
2244
2548
2934
3297
3611
3902
4210
4447
4641
4808
4864
4798
4698
4512
4304
3970
3575
3181
2702
2222
1723
1183
672
174
-336
-734
-1162
-1518
-1795
-2051
-2199
-2374
-2483
-2633
-2660
-2688
-2730
-2745
-2732
-2654
-2646
-2608
-2508
-2424
-2311
-2094
-1932
-1719
-1512
-1258
-955
-678
-381
-80
153
307
474
544
608
606
574
475
311
111
-59
-323
-633
-839
-1058
-1301
-1514
-1685
-1848
-1912
-1971
-2020
-2022
-2004
-1924
-1842
-1727
-1657
-1545
-1479
-1356
-1209
-1060
-920
-841
-709
-571
-409
-253
-43
167
355
548
805
1063
1373
1626
1885
2255
2567
2890
3193
3489
3752
4037
4254
4418
4520
4580
4584
4520
4372
4221
3920
3563
3144
2723
2283
1830
1383
868
430
-2
-432
-759
-1078
-1402
-1647
-1860
-1982
-2107
-2189
-2265
-2264
-2247
-2264
-2217
-2178
-2159
-2091
-1974
-1900
-1749
-1598
-1414
-1223
-1009
-770
-512
-233
2
213
453
639
765
881
884
854
804
692
561
382
153
-91
-346
-643
-856
-1121
-1333
-1514
-1668
-1789
-1881
-1898
-1908
-1870
-1827
-1750
-1716
-1635
-1522
-1465
-1343
-1251
-1133
-1015
-904
-814
-684
-527
-381
-250
-110
120
310
515
718
933
1246
1539
1872
2184
2474
2792
3076
3352
3590
3824
3956
4136
4205
4235
4253
4100
3934
3708
3430
3164
2797
2394
1934
1500
1087
650
225
-177
-521
-901
-1197
-1472
-1695
-1907
-2076
-2166
-2259
-2252
-2318
-2298
-2312
-2254
-2197
-2126
-1997
-1924
-1767
-1655
-1471
-1272
-1054
-812
-567
-327
-108
144
348
513
648
758
822
820
795
757
654
533
360
154
-53
-350
-601
-822
-1021
-1208
-1381
-1516
-1618
-1696
-1742
-1766
-1727
-1683
-1637
-1551
-1492
-1426
-1281
-1204
-1123
-958
-847
-694
-557
-443
-322
-189
38
176
350
578
774
993
1244
1483
1742
1988
2244
2491
2781
3062
3240
3494
3727
3885
4037
4102
4125
4114
3982
3859
3679
3444
3105
2733
2315
1905
1512
1048
597
218
-204
-637
-943
-1226
-1495
-1734
-1943
-2112
-2190
-2296
-2388
-2409
-2413
-2404
-2394
-2332
-2297
-2235
-2126
-1990
-1830
-1694
-1510
-1320
-1074
-844
-599
-362
-148
59
187
367
482
554
590
545
451
416
259
65
-133
-395
-550
-780
-1014
-1187
-1401
-1551
-1692
-1757
-1837
-1939
-1926
-1883
-1845
-1813
-1688
-1642
-1532
-1432
-1323
-1223
-1180
-1012
-914
-819
-668
-543
-416
-289
-139
22
256
468
675
889
1149
1381
1609
1866
2116
2393
2656
2879
3103
3272
3436
3576
3662
3716
3748
3673
3579
3432
3261
3092
2777
2488
2161
1821
1462
1080
713
341
-35
-373
-666
-925
-1175
-1429
-1583
-1757
-1882
-1913
-2013
-2039
-2059
-2024
-2038
-1990
-1907
-1901
-1738
-1595
-1457
-1284
-1113
-847
-576
-336
-102
137
344
474
638
772
852
894
866
829
732
662
481
296
145
-79
-332
-512
-725
-934
-1061
-1238
-1377
-1464
-1489
-1504
-1543
-1503
-1505
-1449
-1373
-1336
-1261
-1199
-1112
-1039
-948
-891
-802
-631
-512
-410
-298
-148
20
186
370
595
787
972
1161
1411
1647
1872
2128
2344
2530
2714
2901
3081
3225
3314
3402
3444
3479
3447
3367
3247
3120
2926
2658
2403
2119
1792
1434
1060
734
325
-41
-387
-738
-1030
-1291
-1525
-1753
-1908
-2084
-2152
-2236
-2289
-2302
-2284
-2259
-2213
-2143
-2011
-1906
-1798
-1637
-1445
-1273
-1083
-848
-631
-432
-225
-18
168
317
407
497
554
601
585
586
468
340
183
18
-118
-333
-513
-712
-877
-1021
-1181
-1326
-1447
-1478
-1535
-1530
-1521
-1484
-1434
-1402
-1321
-1271
-1164
-1053
-919
-801
-737
-592
-525
-358
-226
-107
29
171
341
480
665
847
1028
1216
1429
1626
1819
2039
2249
2477
2661
2853
3011
3121
3253
3349
3402
3455
3463
3389
3324
3229
3047
2864
2613
2340
2037
1741
1417
1076
698
306
21
-312
-649
-919
-1159
-1385
-1586
-1749
-1910
-2001
-2080
-2153
-2177
-2149
-2120
-2126
-2072
-1937
-1854
-1732
-1553
-1400
-1224
-1098
-892
-724
-517
-298
-127
4
115
185
238
269
242
201
155
59
-55
-205
-417
-573
-726
-897
-1113
-1228
-1376
-1498
-1589
-1695
-1734
-1784
-1833
-1797
-1798
-1744
-1682
-1616
-1539
-1427
-1320
-1250
-1159
-996
-808
-745
-620
-487
-344
-258
-98
60
239
365
521
715
892
1112
1325
1539
1755
1940
2153
2371
2456
2646
2753
2869
2995
3078
3119
3091
3077
2992
2953
2810
2671
2517
2274
2069
1745
1449
1144
849
528
181
-131
-472
-729
-955
-1225
-1428
-1597
-1756
-1876
-1897
-1930
-2040
-2053
-2027
-1986
-1933
-1855
-1728
-1599
-1443
-1290
-1119
-978
-770
-559
-392
-214
-59
75
149
263
426
454
413
404
327
240
100
-17
-130
-328
-481
-642
-822
-979
-1106
-1238
-1387
-1440
-1512
-1583
-1615
-1613
-1587
-1538
-1472
-1398
-1303
-1226
-1188
-1099
-973
-864
-734
-595
-472
-381
-239
-72
31
141
270
416
575
707
884
1076
1221
1400
1577
1741
1902
2029
2175
2327
2446
2554
2640
2701
2757
2735
2782
2740
2704
2647
2475
2376
2208
2033
1788
1546
1241
962
691
343
-1
-313
-603
-913
-1188
-1426
-1627
-1798
-1982
-2086
-2188
-2269
-2262
-2250
-2250
-2169
-2111
-2026
-1933
-1826
-1674
-1510
-1324
-1181
-1040
-885
-714
-549
-379
-261
-129
-50
-16
2
10
-32
-85
-149
-235
-364
-506
-660
-815
-1001
-1140
-1261
-1394
-1484
-1559
-1616
-1673
-1704
-1715
-1736
-1659
-1625
-1611
-1506
-1422
-1325
-1238
-1083
-966
-848
-709
-544
-413
-289
-170
-45
67
189
324
467
567
746
880
1037
1236
1420
1590
1755
1957
2088
2310
2384
2551
2647
2751
2859
2971
3055
3014
3063
2971
2878
2757
2642
2433
2258
2016
1760
1444
1119
807
429
164
-168
-459
-719
-1000
-1187
-1407
-1614
-1733
-1892
-1993
-2078
-2128
-2126
-2093
-2060
-2031
-1926
-1840
-1761
-1626
-1465
-1323
-1166
-1012
-861
-677
-517
-340
-191
-52
31
110
160
156
138
74
4
-89
-210
-387
-521
-677
-862
-997
-1136
-1232
-1318
-1438
-1523
-1579
-1585
-1577
-1558
-1557
-1483
-1417
-1337
-1242
-1147
-1057
-966
-857
-761
-670
-547
-444
-344
-252
-125
-5
105
239
327
449
648
806
989
1135
1277
1494
1658
1880
2016
2182
2345
2470
2590
2722
2814
2857
2916
2967
2958
2886
2863
2737
2590
2412
2235
1993
1714
1441
1121
798
471
169
-144
-481
-752
-1049
-1318
-1538
-1730
-1877
-1979
-2106
-2118
-2154
-2208
-2124
-2094
-2026
-1925
-1807
-1705
-1589
-1425
-1287
-1108
-921
-784
-613
-413
-258
-104
-21
97
118
141
173
137
104
4
-87
-200
-333
-450
-592
-791
-887
-1020
-1146
-1264
-1335
-1410
-1474
-1478
-1460
-1466
-1463
-1403
-1410
-1350
-1264
-1195
-1028
-933
-837
-739
-614
-472
-361
-265
-152
-50
57
173
296
397
524
651
826
1013
1162
1355
1519
1737
1929
2102
2280
2500
2632
2765
2914
3036
3130
3164
3216
3175
3134
3065
2942
2754
2545
2309
2037
1712
1376
1100
750
408
61
-277
-625
-886
-1144
-1404
-1590
-1752
-1894
-2052
-2138
-2177
-2184
-2150
-2169
-2195
-2106
-2049
-1949
-1830
-1683
-1555
-1448
-1240
-1057
-890
-698
-508
-342
-200
-64
48
123
140
171
150
68
30
-66
-164
-323
-484
-618
-770
-892
-1016
-1134
-1251
-1320
-1366
-1428
-1461
-1428
-1351
-1325
-1322
-1250
-1154
-1079
-1010
-935
-847
-736
-619
-547
-507
-380
-278
-172
-38
97
266
393
510
674
840
1023
1208
1412
1628
1878
2101
2226
2416
2631
2770
2929
3082
3142
3262
3357
3397
3445
3410
3392
3289
3157
2978
2726
2542
2300
1998
1660
1342
984
586
279
-81
-388
-662
-960
-1210
-1463
-1648
-1774
-1890
-2028
-2078
-2121
-2153
-2066
-2011
-1964
-1918
-1808
-1660
-1530
-1377
-1198
-1040
-824
-668
-543
-351
-191
-26
44
134
195
258
251
238
172
88
-20
-158
-269
-443
-631
-770
-919
-1086
-1184
-1304
-1397
-1477
-1540
-1518
-1522
-1528
-1499
-1457
-1375
-1339
-1251
-1178
-1110
-995
-892
-781
-728
-602
-509
-372
-269
-163
-8
139
284
349
495
708
867
1051
1235
1475
1693
1849
2076
2238
2483
2640
2818
2938
3059
3170
3241
3305
3289
3316
3249
3182
3050
2858
2628
2411
2168
1846
1513
1207
853
530
216
-121
-380
-655
-886
-1155
-1388
-1518
-1685
-1777
-1849
-1851
-1852
-1907
-1899
-1801
-1735
-1683
-1554
-1469
-1354
-1231
-1089
-916
-705
-533
-335
-159
-21
130
257
348
437
456
474
436
362
282
192
55
-82
-276
-417
-597
-800
-948
-1089
-1162
-1282
-1344
-1369
-1433
-1413
-1346
-1296
-1278
-1206
-1103
-1046
-991
-899
-832
-730
-636
-490
-430
-343
-200
-102
23
145
293
410
576
734
916
1107
1283
1511
1744
1897
2079
2250
2430
2628
2758
2895
2980
3087
3139
3201
3244
3237
3203
3104
2998
2872
2725
2449
2212
1957
1624
1335
1041
726
349
33
-278
-597
-887
-1158
-1392
-1626
-1761
-1895
-2030
-2105
-2160
-2136
-2121
-2123
-2078
-2031
-1897
-1800
-1697
-1563
-1407
-1237
-1058
-891
-719
-525
-391
-204
-68
30
116
171
185
187
174
116
46
-65
-204
-377
-529
-677
-839
-1014
-1165
-1316
-1376
-1422
-1514
-1566
-1597
-1557
-1567
-1487
-1456
-1368
-1323
-1238
-1126
-1025
-914
-817
-676
-574
-447
-306
-151
33
183
314
451
612
798
990
1138
1307
1499
1675
1867
2012
2185
2347
2477
2646
2788
2942
2990
3128
3174
3210
3273
3224
3239
3120
3024
2903
2742
2499
2229
1869
1574
1314
991
646
278
-47
-386
-646
-933
-1158
-1382
-1541
-1654
-1768
-1846
-1874
-1906
-1901
-1856
-1869
-1780
-1732
-1638
-1544
-1432
-1289
-1160
-1014
-859
-710
-541
-343
-179
-22
79
244
330
381
399
417
341
260
184
38
-131
-328
-507
-712
-902
-1074
-1234
-1376
-1503
-1595
-1649
-1729
-1721
-1736
-1722
-1628
-1520
-1477
-1378
-1280
-1199
-1055
-965
-825
-677
-542
-430
-285
-193
-58
89
245
372
480
671
846
1021
1236
1484
1650
1844
2052
2252
2374
2567
2648
2743
2871
2903
2983
3048
3083
3081
3021
2947
2844
2720
2562
2399
2189
1936
1651
1370
1065
791
493
160
-134
-426
-646
-929
-1162
-1334
-1525
-1664
-1789
-1876
-1894
-1948
-1962
-1933
-1871
-1847
-1752
-1644
-1521
-1382
-1226
-1059
-906
-716
-540
-366
-209
-70
106
212
280
352
390
385
306
274
205
8
-118
-270
-460
-611
-794
-975
-1130
-1231
-1297
-1391
-1489
-1541
-1590
-1586
-1544
-1526
-1496
-1423
-1348
-1263
-1141
-1079
-985
-857
-736
-585
-474
-337
-247
-113
23
195
322
425
665
812
885
1038
1200
1378
1538
1668
1844
1991
2122
2225
2371
2462
2495
2598
2660
2739
2741
2710
2728
2709
2645
2537
2416
2227
1987
1820
1520
1217
975
673
360
55
-244
-557
-846
-1083
-1321
-1516
-1670
-1828
-1932
-1993
-2042
-2103
-2087
-2088
-2061
-1961
-1865
-1807
-1697
-1560
-1430
-1293
-1168
-1021
-870
-707
-571
-399
-292
-153
-74
-48
4
-4
-49
-112
-137
-251
-435
-529
-694
-845
-976
-1149
-1295
-1424
-1491
-1587
-1630
-1663
-1681
-1651
-1554
-1530
-1481
-1375
-1270
-1144
-1015
-918
-795
-674
-575
-424
-355
-203
-55
39
183
275
401
555
644
793
899
1019
1242
1414
1554
1731
1914
2004
2162
2294
2427
2486
2573
2666
2674
2709
2668
2703
2687
2600
2534
2487
2360
2185
2008
1833
1622
1423
1173
898
666
379
93
-149
-427
-696
-930
-1105
-1296
-1499
-1632
-1747
-1850
-1851
-1859
-1875
-1840
-1803
-1735
-1657
-1528
-1423
-1332
-1195
-1060
-897
-752
-607
-507
-392
-301
-258
-201
-153
-118
-154
-176
-240
-372
-465
-606
-715
-819
-984
-1102
-1222
-1317
-1406
-1470
-1545
-1592
-1594
-1615
-1614
-1559
-1517
-1463
-1366
-1305
-1203
-1101
-1014
-984
-866
-730
-623
-490
-419
-286
-116
-14
141
249
394
540
626
767
907
1041
1189
1357
1447
1547
1676
1783
1910
2000
2112
2189
2287
2399
2428
2453
2546
2570
2535
2516
2449
2406
2307
2167
1968
1750
1597
1364
1100
844
534
255
3
-300
-520
-728
-944
-1094
-1249
-1352
-1445
-1510
-1543
-1569
-1617
-1571
-1549
-1464
-1376
-1340
-1220
-1111
-994
-905
-771
-652
-467
-367
-292
-191
-137
-52
-2
61
43
48
-30
-104
-172
-279
-358
-507
-637
-776
-876
-1001
-1124
-1194
-1216
-1251
-1312
-1291
-1273
-1250
-1172
-1108
-1063
-995
-949
-826
-706
-638
-515
-417
-312
-254
-150
-36
35
125
235
364
465
570
691
790
901
1028
1140
1312
1451
1561
1699
1874
1928
2043
2142
2218
2315
2381
2420
2445
2497
2524
2459
2399
2376
2265
2181
2020
1849
1699
1510
1240
1032
800
499
258
-23
-278
-504
-743
-959
-1154
-1340
-1494
-1628
-1712
-1781
-1801
-1797
-1795
-1792
-1692
-1593
-1570
-1415
-1383
-1263
-1144
-1053
-891
-789
-612
-536
-417
-334
-276
-232
-161
-184
-223
-222
-322
-369
-417
-506
-622
-721
-796
-894
-964
-1006
-1061
-1129
-1158
-1155
-1167
-1112
-1079
-1039
-1020
-963
-902
-816
-728
-654
-542
-453
-330
-265
-177
-109
-33
78
179
283
406
521
631
759
890
1042
1197
1334
1508
1627
1776
1969
2053
2182
2253
2307
2390
2464
2515
2573
2605
2644
2640
2600
2600
2600
2508
2462
2355
2186
2044
1829
1614
1391
1142
872
602
330
94
-186
-442
-751
-915
-1096
-1309
-1392
-1487
-1557
-1607
-1649
-1646
-1623
-1576
-1512
-1447
-1361
-1311
-1180
-1082
-999
-898
-765
-659
-576
-478
-426
-352
-326
-294
-259
-270
-290
-336
-363
-439
-476
-570
-665
-713
-840
-948
-1043
-1106
-1155
-1168
-1254
-1268
-1287
-1351
-1332
-1301
-1271
-1247
-1141
-1096
-1013
-891
-832
-746
-622
-518
-438
-352
-239
-145
-41
37
150
298
406
515
633
824
942
1090
1281
1450
1541
1634
1797
1928
1992
2086
2143
2216
2292
2339
2411
2406
2440
2420
2366
2328
2225
2112
2022
1868
1665
1495
1284
1054
824
566
316
63
-179
-391
-625
-838
-1012
-1148
-1285
-1334
-1413
-1452
-1466
-1493
-1489
-1425
-1395
-1337
-1261
-1159
-1068
-994
-852
-750
-654
-571
-438
-325
-262
-141
-65
-19
-36
13
38
45
-3
-57
-139
-241
-355
-436
-503
-606
-648
-733
-803
-902
-960
-1001
-1031
-1045
-1026
-1010
-1015
-952
-916
-881
-802
-754
-691
-591
-515
-432
-352
-253
-171
-121
-33
67
159
249
393
477
575
701
828
964
1134
1250
1363
1497
1604
1777
1842
1908
2003
2071
2174
2195
2184
2201
2226
2220
2136
2083
1998
1857
1752
1603
1475
1293
1088
907
671
453
205
-48
-317
-563
-757
-931
-1107
-1286
-1436
-1564
-1703
-1746
-1775
-1768
-1789
-1790
-1721
-1702
-1612
-1560
-1485
-1357
-1213
-1101
-1021
-871
-732
-605
-511
-386
-256
-240
-181
-135
-109
-125
-168
-251
-266
-353
-442
-506
-641
-754
-829
-864
-959
-1021
-1050
-1096
-1087
-1137
-1184
-1111
-1051
-1027
-1044
-970
-893
-836
-770
-703
-593
-540
-427
-342
-253
-176
-57
44
130
317
404
518
664
809
966
1130
1287
1413
1532
1621
1782
1880
1949
2010
2087
2151
2183
2223
2295
2327
2302
2357
2340
2290
2206
2149
2101
1986
1878
1681
1540
1424
1230
1026
796
578
324
79
-136
-317
-505
-695
-863
-1007
-1148
-1238
-1296
-1298
-1336
-1353
-1350
-1328
-1247
-1203
-1114
-1058
-980
-880
-817
-699
-623
-511
-402
-370
-261
-182
-148
-87
-84
-106
-100
-123
-178
-254
-337
-401
-539
-625
-685
-820
-861
-934
-1027
-1082
-1111
-1149
-1185
-1194
-1201
-1173
-1115
-1090
-1044
-974
-896
-860
-780
-674
-546
-476
-415
-282
-159
-94
53
138
252
361
491
648
743
859
955
1090
1221
1334
1418
1542
1634
1702
1794
1882
1915
1978
1969
1993
1975
1958
1976
1929
1905
1857
1806
1734
1643
1526
1436
1278
1168
1033
861
678
529
376
155
8
-185
-303
-451
-626
-753
-901
-989
-1110
-1163
-1170
-1238
-1219
-1214
-1224
-1182
-1100
-1061
-1019
-939
-876
-789
-711
-593
-478
-408
-330
-249
-167
-157
-91
-109
-167
-165
-233
-282
-331
-379
-449
-544
-600
-658
-709
-744
-802
-810
-834
-898
-867
-883
-888
-905
-876
-879
-801
-752
-697
-657
-612
-494
-429
-334
-251
-149
-49
56
152
281
362
487
614
680
819
945
1009
1138
1241
1291
1358
1459
1500
1507
1585
1574
1577
1587
1634
1642
1606
1622
1636
1662
1649
1594
1531
1467
1432
1362
1282
1150
1062
955
777
596
473
241
69
-74
-263
-380
-518
-674
-861
-965
-1031
-1104
-1165
-1198
-1223
-1226
-1268
-1273
-1260
-1185
-1155
-1117
-1058
-1027
-944
-880
-822
-790
-684
-700
-699
-622
-579
-584
-595
-593
-601
-644
-671
-658
-738
-741
-768
-781
-856
-888
-912
-900
-930
-939
-945
-980
-934
-931
-911
-929
-873
-809
-753
-698
-599
-502
-447
-369
-264
-159
-64
30
131
205
289
419
516
601
686
774
842
885
987
1107
1138
1168
1186
1229
1290
1313
1346
1383
1387
1394
1437
1455
1436
1454
1459
1426
1423
1450
1430
1382
1298
1279
1209
1132
1000
925
830
700
589
441
261
109
57
-101
-203
-353
-479
-605
-700
-733
-820
-909
-958
-986
-1030
-1017
-1042
-1055
-1036
-1017
-990
-979
-973
-927
-880
-870
-809
-760
-776
-763
-729
-736
-757
-785
-777
-793
-818
-848
-839
-814
-861
-888
-837
-825
-824
-806
-800
-758
-750
-717
-668
-610
-538
-516
-472
-407
-337
-288
-224
-171
-131
-34
12
111
191
270
358
449
512
615
694
736
826
870
896
930
968
1004
1022
1075
1074
1102
1126
1146
1177
1181
1205
1246
1262
1280
1318
1295
1352
1340
1315
1379
1382
1409
1378
1336
1300
1224
1185
1129
1037
988
918
793
695
557
476
382
266
194
107
-3
-112
-175
-314
-413
-499
-588
-662
-675
-718
-737
-784
-793
-809
-853
-862
-847
-847
-912
-921
-927
-897
-875
-819
-816
-794
-753
-740
-745
-703
-683
-653
-578
-555
-560
-505
-449
-423
-386
-376
-350
-363
-323
-327
-311
-232
-214
-131
-90
-85
-63
-57
-31
33
107
107
140
191
259
317
371
403
415
439
466
492
519
510
522
566
563
574
600
645
670
696
700
761
790
806
823
818
849
880
935
927
932
950
917
903
868
882
845
800
782
731
647
613
570
513
416
385
277
194
90
-13
-86
-226
-350
-471
-597
-732
-832
-911
-1007
-1126
-1188
-1229
-1277
-1360
-1395
-1401
-1408
-1453
-1430
-1337
-1268
-1221
-1165
-1091
-1024
-964
-884
-814
-729
-688
-627
-541
-533
-476
-440
-373
-324
-275
-208
-191
-151
-84
-33
24
33
92
130
138
151
147
180
141
140
160
179
166
109
119
79
94
117
131
146
150
162
172
217
268
294
340
390
404
489
486
526
541
551
619
656
649
630
690
703
717
744
764
800
788
805
853
850
820
820
788
771
727
670
648
541
458
360
329
171
145
92
-28
-78
-210
-281
-390
-469
-516
-542
-598
-659
-684
-727
-767
-787
-777
-806
-785
-764
-778
-777
-707
-666
-656
-585
-531
-490
-412
-347
-315
-288
-240
-247
-199
-159
-124
-91
-52
-26
-34
25
8
83
75
98
107
129
144
116
149
124
164
164
126
125
123
64
97
116
118
145
96
133
135
147
146
193
246
265
295
292
370
371
417
437
422
431
453
460
483
489
505
510
478
507
480
523
535
525
497
475
547
515
537
511
503
511
477
435
438
420
394
352
320
307
263
196
141
115
76
59
40
0
-57
-56
-62
-100
-83
-128
-107
-117
-102
-89
-69
-68
-74
-81
-96
-70
-49
-84
-86
-49
-45
-41
-24
31
33
40
58
69
133
134
133
171
169
186
197
238
233
229
209
180
155
121
124
47
34
55
-9
-18
3
-25
22
12
-9
8
9
63
64
33
16
24
23
27
11
-42
-33
-28
-56
-98
-95
-92
-108
-142
-117
-105
-75
-52
-94
-97
-99
-110
-116
-90
-151
-148
-194
-184
-180
-187
-187
-238
-259
-232
-237
-311
-253
-259
-303
-280
-342
-354
-313
-299
-295
-301
-321
-333
-412
-392
-406
-394
-403
-446
-415
-415
-430
-432
-421
-404
-390
-355
-331
-319
-284
-252
-232
-263
-260
-232
-223
-191
-213
-234
-205
-221
-239
-203
-200
-258
-316
-298
-221
-212
-152
-121
-89
-51
-39
39
1
0
9
-40
-52
-73
-64
-123
-146
-146
-167
-194
-173
-163
-188
-164
-158
-143
-146
-156
-139
-129
-74
-21
-30
-14
-36
-81
-18
-49
-69
-100
-109
-95
-84
-48
-79
-32
-43
-38
-7
41
57
57
113
83
83
64
15
-34
-86
-56
-111
-66
-112
-158
-126
-111
-89
-83
-94
-77
-49
-69
-28
-52
-102
-123
-104
-120
-95
-123
-171
-184
-179
-162
-134
-112
-137
-124
-102
-79
-89
-71
-55
-40
-28
-30
12
-33
-11
-28
-67
-100
-127
-124
-145
-162
-185
-139
-142
-155
-165
-139
-157
-190
-192
-162
-135
-117
-134
-194
-182
-212
-178
-217
-205
-208
-216
-208
-212
-225
-225
-185
-219
-168
-149
-125
-73
-77
-33
-36
-12
-51
-51
-47
-86
-94
-105
-115
-150
-144
-178
-142
-146
-145
-100
-118
-115
-107
-109
-75
-45
-29
-34
12
27
-23
-21
2
13
-8
-27
-26
-39
-24
-69
-94
-91
-111
-72
-29
4
-24
40
28
62
95
75
187
134
112
163
118
158
122
127
170
152
206
178
182
200
164
231
291
298
335
334
347
367
358
363
340
359
364
355
350
344
326
271
254
254
250
234
233
249
225
244
228
223
263
225
213
220
194
207
195
166
152
123
104
122
98
88
79
30
57
22
9
19
28
-10
-30
-17
-26
-78
-94
-43
-38
-81
-57
-95
-97
-103
-101
-92
-149
-137
-149
-131
-156
-160
-165
-147
-119
-130
-127
-129
-100
-108
-93
-104
-104
-121
-75
-54
-118
-107
-51
-19
-50
-67
-57
-73
-20
26
36
44
20
10
54
125
89
150
169
102
152
158
159
153
174
180
190
184
209
224
206
210
246
265
287
269
312
292
306
312
318
332
303
320
284
274
250
216
246
237
203
231
218
240
257
241
249
229
240
220
208
236
195
191
168
153
140
106
123
65
31
62
68
16
58
76
58
35
61
61
43
45
54
41
23
24
3
5
-15
-17
-26
-34
-28
-30
-45
-10
-8
-43
-12
54
12
-21
-28
-29
-16
-27
-48
-18
-31
-76
-74
-112
-121
-117
-103
-87
-86
-80
-73
-57
-55
-90
-65
-53
-37
-73
-48
-58
-47
-27
-24
8
-5
-5
15
30
-5
50
36
50
64
66
84
79
92
89
59
65
75
60
14
-36
1
-21
-11
-30
-40
-27
-66
-54
-91
-127
-113
-128
-120
-138
-146
-149
-187
-149
-199
-214
-224
-187
-204
-233
-191
-206
-194
-239
-213
-217
-195
-191
-197
-177
-169
-186
-167
-135
-110
-88
-119
-126
-144
-126
-96
-80
-69
-89
-82
-49
-72
-57
-25
-24
47
37
26
18
21
45
35
45
21
84
73
83
79
40
49
23
41
84
68
89
98
105
100
118
139
147
182
180
189
226
227
208
251
292
304
291
327
283
325
316
342
341
320
368
362
379
420
371
368
372
386
368
304
317
295
311
269
247
237
211
158
145
87
115
136
95
12
-7
22
-42
-38
-67
-51
-33
-66
-87
-76
-83
-97
-104
-135
-120
-115
-116
-90
-100
-117
-144
-108
-109
-99
-101
-125
-131
-139
-137
-146
-123
-94
-109
-90
-73
-78
-52
-52
-96
-111
-100
-49
-49
-58
-41
-77
-36
-98
-89
-56
-123
-72
-92
-95
-63
-107
-77
-64
-72
-97
-119
-76
-90
-46
-40
-9
37
32
98
90
95
126
138
155
206
216
216
240
271
303
317
355
334
329
391
385
380
387
354
342
344
379
365
349
370
346
299
305
231
198
213
195
163
168
194
125
129
112
78
97
111
61
50
50
48
49
69
81
78
100
87
84
96
84
104
53
42
93
60
95
90
101
119
115
131
123
143
138
131
183
133
117
129
143
100
122
95
79
111
107
99
64
94
80
54
47
31
-32
10
-12
22
33
20
6
4
45
3
19
-2
31
48
19
29
-27
-7
30
60
64
91
155
141
159
123
125
137
98
132
127
140
134
159
195
125
115
100
114
102
77
95
58
49
39
-18
5
-41
-53
-20
-79
-85
-89
-105
-126
-119
-133
-180
-184
-195
-198
-190
-191
-146
-183
-180
-161
-201
-190
-146
-142
-123
-83
-80
-61
-60
-71
-53
-69
-96
-67
-27
-29
-7
6
13
-7
-27
-26
-16
6
10
13
8
-20
-27
-13
-33
-23
-4
2
-11
14
7
28
66
39
51
36
38
30
35
77
77
87
97
128
126
135
123
169
153
134
141
205
204
180
196
217
247
253
293
322
341
333
341
335
308
286
278
303
262
226
241
242
214
192
168
145
119
106
89
76
36
9
25
-43
-18
-44
-38
-60
-110
-95
-107
-148
-117
-108
-126
-146
-177
-156
-159
-167
-198
-180
-182
-197
-171
-163
-207
-184
-159
-141
-159
-157
-161
-139
-124
-127
-157
-186
-161
-196
-181
-170
-184
-188
-156
-200
-234
-232
-252
-242
-266
-273
-291
-256
-246
-239
-262
-278
-256
-237
-260
-272
-253
-231
-235
-229
-208
-224
-218
-229
-206
-172
-167
-140
-98
-46
-72
-36
26
-9
-5
34
14
40
46
39
22
65
43
45
66
45
31
-18
16
40
12
-22
-17
-22
-34
-87
-69
-101
-86
-92
-84
-86
-49
-43
-108
-93
-93
-79
-92
-122
-88
-51
-73
-30
-60
-45
-15
-60
10
-14
-7
-23
-17
11
16
8
26
41
16
24
-1
34
6
-2
-15
7
-35
-60
-53
-34
8
-36
-72
-20
11
-56
-59
-66
-69
-57
-66
-46
-65
-118
-151
-110
-116
-125
-156
-124
-58
-76
-135
-102
-96
-123
-92
-86
-72
-70
-76
-82
-114
-65
-28
-40
-22
-30
-19
-19
-8
-34
20
5
-9
-27
-49
-76
-90
-53
-81
-92
-132
-101
-173
-182
-243
-280
-268
-304
-306
-332
-359
-327
-322
-341
-318
-336
-355
-350
-339
-298
-313
-327
-338
-292
-298
-312
-312
-314
-264
-254
-234
-258
-222
-221
-206
-229
-253
-233
-206
-206
-201
-228
-239
-200
-243
-240
-270
-223
-184
-194
-162
-180
-137
-158
-174
-149
-150
-112
-90
-108
-74
-85
-77
-90
-100
-73
-93
-67
-35
-28
-21
-17
-47
-19
7
8
23
3
11
38
46
57
94
64
96
105
93
78
99
134
148
166
144
193
162
141
156
168
129
140
133
135
133
147
149
136
123
116
96
39
46
29
25
-1
-15
-44
-19
-37
-77
-60
-89
-57
-85
-112
-130
-151
-99
-106
-113
-144
-159
-88
-104
-103
-124
-118
-71
-104
-83
-97
-112
-84
-98
-142
-178
-153
-173
-185
-204
-234
-194
-197
-205
-202
-235
-257
-238
-209
-204
-176
-182
-198
-213
-175
-210
-177
-181
-221
-167
-186
-209
-211
-196
-172
-151
-161
-160
-120
-107
-148
-120
-95
-147
-104
-106
-108
-84
-67
-72
-59
-106
-125
-93
-118
-97
-78
-79
-69
-84
-60
-44
-23
-8
-29
-39
-27
-7
-36
-25
-25
-29
-12
-79
-42
-59
-98
-79
-114
-107
-115
-128
-122
-89
-120
-139
-124
-105
-81
-118
-120
-114
-78
-66
-73
-67
-63
-73
-44
-16
4
-12
-3
21
4
24
30
27
22
13
19
29
20
-19
-41
-23
-50
-84
-57
-47
-30
-63
-30
-39
-49
-25
-48
-22
-57
-78
-36
-10
10
-32
2
-27
-4
13
14
-1
35
73
39
43
31
33
12
16
-24
-27
-17
-1
-31
-18
-8
35
-5
0
-10
-40
-58
-14
-60
-139
-109
-108
-69
-93
-102
-99
-95
-104
-104
-94
-135
-138
-168
-197
-188
-166
-174
-184
-171
-232
-187
-178
-194
-199
-207
-215
-219
-216
-243
-240
-260
-282
-236
-233
-220
-214
-166
-150
-185
-184
-191
-194
-197
-210
-200
-191
-181
-186
-173
-195
-165
-145
-197
-136
-218
-238
-236
-220
-189
-204
-219
-206
-197
-180
-166
-193
-173
-161
-141
-165
-159
-112
-110
-114
-98
-87
-93
-109
-60
-38
-19
20
-23
10
18
-3
-28
-21
18
38
-9
-3
53
12
24
5
12
24
4
9
14
-10
-24
-23
-15
7
-13
-27
-36
-52
-23
-20
-51
-52
-51
-34
-23
-23
2
1
33
26
29
-1
-1
17
24
26
-25
26
-38
-43
-6
-46
-29
-17
2
-18
-6
2
-4
43
22
36
37
12
4
-24
-25
-6
-54
-85
-116
-96
-88
-77
-77
-71
-76
-88
-99
-111
-100
-115
-131
-185
-220
-222
-179
-209
-179
-227
-166
-146
-153
-97
-133
-94
-113
-103
-87
-96
-93
-101
-96
-106
-125
-118
-116
-100
-59
-69
-87
-52
-16
-48
-23
-50
-57
-52
-90
-98
-84
-72
-112
-105
-117
-105
-139
-146
-134
-125
-134
-128
-85
-86
-97
-102
-81
-15
-27
-116
-67
-38
-97
-86
-70
-57
-16
3
-22
-36
-19
-2
37
24
46
5
-22
-11
-11
-21
-49
16
-2
47
34
35
44
57
77
87
96
92
65
77
99
-7
41
9
30
44
6
-9
-10
34
28
3
-28
-7
-7
-32
-54
-39
-28
-9
33
2
43
9
14
23
5
-14
-2
14
15
39
39
60
78
118
104
101
59
86
75
94
108
92
122
84
76
44
42
57
20
-10
-51
-55
-63
-53
-76
-76
-87
-62
-80
-71
-66
-109
-105
-157
-134
-162
-156
-160
-163
-158
-166
-122
-139
-148
-123
-123
-139
-110
-119
-102
-140
-113
-145
-139
-107
-114
-79
-66
-68
-63
-44
-96
-133
-142
-138
-151
-136
-100
-74
-59
-87
-31
-29
-49
-21
-47
-108
-105
-86
-102
-121
-136
-143
-123
-141
-108
-99
-110
-84
-69
-80
-118
-100
-119
-113
-130
-141
-120
-119
-69
-54
-59
-59
-67
-58
-77
-49
-8
-70
-49
-36
-51
-22
-2
-6
18
7
24
38
6
18
24
-18
-19
-14
-58
-11
-14
-49
-48
-39
-14
-4
-13
-33
-20
-42
-56
-79
-53
-59
-90
-62
-80
-95
-53
-59
-38
-35
-53
-49
-34
-49
-45
3
-4
40
43
59
30
28
41
56
29
-25
-3
-8
34
5
15
40
22
38
14
-1
-9
-50
-63
-65
-60
-84
-92
-61
-85
-96
-114
-112
-136
-164
-204
-206
-214
-242
-222
-218
-200
-219
-172
-139
-166
-160
-158
-185
-227
-250
-228
-214
-251
-247
-226
-189
-199
-186
-194
-189
-179
-218
-200
-222
-229
-249
-243
-242
-264
-271
-253
-267
-275
-244
-258
-224
-264
-256
-246
-277
-216
-191
-223
-202
-222
-215
-214
-229
-182
-197
-193
-192
-215
-255
-226
-212
-199
-198
-210
-241
-238
-218
-230
-192
-194
-159
-152
-139
-87
-107
-101
-82
-87
-70
-92
-86
-78
-106
-67
-58
-40
-40
-53
22
25
24
43
35
16
-3
-17
-18
-16
-7
5
-10
21
57
45
16
43
41
-2
12
-14
-17
-40
-56
-23
-10
-31
-2
10
-14
-13
-1
-2
-18
-18
-55
-60
-70
-41
-29
-42
-23
-22
-39
-33
-38
-44
-36
-48
-66
-50
-66
-91
-105
-97
-96
-125
-120
-134
-138
-125
-151
-152
-122
-139
-155
-142
-188
-171
-204
-224
-204
-205
-229
-202
-201
-218
-214
-227
-230
-216
-253
-277
-246
-257
-265
-264
-256
-223
-202
-201
-203
-172
-182
-163
-193
-179
-163
-160
-130
-128
-88
-118
-96
-112
-79
-81
-90
-91
-93
-94
-124
-137
-97
-106
-72
-100
-142
-123
-145
-136
-168
-145
-140
-124
-113
-184
-164
-173
-125
-144
-155
-146
-176
-139
-122
-94
-108
-118
-92
-107
-103
-91
-63
-24
-31
-24
-28
-19
-1
-16
-27
-8
22
3
12
16
2
20
29
38
1
-25
-16
14
1
-6
18
-9
-13
-32
-20
-7
16
-7
-25
6
0
4
0
-11
-24
-3
3
7
-26
-15
6
-24
8
48
45
32
39
-1
38
59
43
41
51
117
125
130
124
114
99
143
91
96
78
56
81
26
22
76
59
10
6
48
35
10
-64
-68
-109
-153
-135
-166
-114
-96
-108
-85
-93
-111
-84
-88
-99
-128
-170
-136
-156
-152
-107
-138
-122
-96
-87
-107
-94
-105
-97
-84
-61
-110
-103
-60
-94
-75
-74
-65
-61
-49
-17
0
-68
-60
-56
-100
-121
-122
-149
-153
-140
-108
-112
-79
-84
-118
-126
-160
-191
-153
-190
-242
-240
-212
-191
-164
-137
-96
-87
-94
-69
-25
-31
-46
-45
-69
-70
-62
-17
17
-1
36
59
106
115
107
169
187
145
132
129
131
123
134
116
128
174
149
166
159
173
168
184
171
174
170
143
130
87
142
151
145
158
144
143
152
156
162
155
110
86
65
68
55
101
72
33
65
61
83
80
27
42
63
19
27
53
31
51
69
58
5
4
45
36
38
20
4
22
13
-12
-14
9
-28
-19
-69
-75
-78
-114
-97
-110
-137
-109
-117
-124
-135
-140
-120
-115
-94
-76
-70
-115
-159
-222
-177
-167
-176
-148
-133
-118
-128
-115
-74
-98
-127
-109
-140
-121
-147
-170
-109
-89
-96
-118
-103
-70
-74
-86
-81
-112
-107
-102
-109
-107
-102
-103
-121
-108
-99
-113
-74
-86
-52
-52
-83
-62
-56
-85
-96
-107
-95
-74
-104
-87
-118
-80
-101
-82
-23
-41
0
8
16
1
24
-21
-16
20
46
51
38
20
9
79
36
87
118
104
87
100
128
125
153
177
143
123
134
99
139
115
118
88
40
74
118
113
78
112
113
82
93
93
79
90
92
60
40
43
48
60
58
53
91
93
105
118
60
71
57
59
73
58
107
99
91
104
105
95
96
104
115
137
143
146
136
109
95
84
54
31
54
107
64
50
39
70
63
23
11
12
-36
-62
-9
-41
-58
-19
-20
-67
-47
-93
-85
-110
-112
-117
-148
-123
-118
-93
-133
-108
-109
-123
-101
-66
-58
-84
-71
-64
-67
-82
-91
-92
-80
-105
-95
-51
-87
-86
-62
-117
-100
-117
-135
-135
-109
-131
-140
-149
-90
-64
-107
-96
-121
-78
-136
-117
-129
-124
-122
-137
-74
-119
-126
-117
-87
-72
-131
-68
-86
-100
-67
-58
-19
-31
-16
-1
46
94
129
131
113
115
135
95
98
109
127
187
186
157
199
245
236
268
239
230
225
177
203
194
136
163
147
153
185
200
227
207
178
184
186
161
125
135
125
122
114
109
125
135
147
133
108
146
154
136
136
138
162
169
222
182
169
203
191
187
227
192
218
221
180
172
162
190
195
173
169
157
90
111
121
137
99
66
97
54
35
26
32
7
-51
-56
-9
2
-28
-72
-56
-65
-101
-94
-99
-103
-109
-119
-136
-86
-160
-93
-71
-46
-67
-127
-74
-115
-109
-94
-116
-127
-79
-102
-97
-58
-36
-17
-33
-42
-18
-19
-30
-19
18
-32
3
-26
-36
-40
-62
-19
-19
-14
-24
-1
-36
-73
-10
0
-37
1
46
68
118
96
64
99
84
63
64
26
34
35
64
91
93
114
131
178
165
146
128
121
110
118
110
94
104
128
175
194
198
191
200
208
212
190
176
171
115
150
153
131
157
153
178
248
206
186
171
156
158
83
102
114
76
78
80
127
124
151
160
165
163
172
140
101
104
124
124
117
161
161
189
187
164
163
181
160
171
163
145
145
130
165
166
155
157
164
154
178
136
124
145
94
100
80
35
25
77
96
70
102
105
116
118
85
79
71
-4
-24
-8
-22
-21
-9
28
67
81
112
93
75
96
52
7
11
-54
-73
-71
-57
-67
-66
-16
-49
-15
-16
34
-31
-73
-75
-145
-134
-167
-140
-125
-128
-83
-49
-44
-9
-44
-42
-60
-89
-104
-113
-121
-85
-49
-46
-10
19
-27
6
35
-27
-51
-66
-39
-39
-39
-53
-43
-43
-30
-16
-13
13
0
-8
-24
-34
-7
-22
-27
-16
-7
0
11
5
32
47
49
96
102
100
91
101
138
130
129
133
145
