SAMPLES:	14735
BITSPERSAMPLE:	16
CHANNELS:	1
SAMPLERATE:	16000
NORMALIZED:	FALSE
-68
-43
-53
-61
-60
-90
-88
-70
-39
-31
3
-17
-20
-37
-44
-50
-54
-76
-90
-62
-85
-70
-52
-30
-23
-15
-2
-57
-12
-22
-23
-1
-47
-13
-16
-23
-24
-38
-49
-82
-76
-53
-37
-43
-53
-57
-23
-25
-46
-31
-55
-44
-58
-57
-32
-39
-30
-36
-58
-42
-24
-49
-67
-69
-92
-91
-89
-82
-100
-126
-115
-71
-105
-106
-78
-73
-35
-50
-86
-107
-75
-65
-73
-100
-91
-74
-94
-114
-111
-129
-151
-125
-135
-157
-170
-162
-138
-105
-117
-124
-77
-85
-77
-78
-73
-77
-98
-85
-68
-72
-47
-76
-78
-42
-79
-59
-67
-63
-49
-29
-29
-3
4
-10
-8
-23
-14
-21
-12
13
21
6
18
1
3
10
24
27
27
26
48
54
46
6
34
42
36
49
63
85
102
71
62
80
103
87
87
93
115
81
89
73
98
135
111
133
110
127
81
100
122
104
102
144
175
146
167
144
136
133
178
209
202
176
153
166
157
171
125
104
127
142
129
168
137
152
190
136
175
176
151
174
180
187
208
169
171
145
119
129
145
146
116
137
105
107
149
181
132
96
115
67
95
98
37
65
113
59
57
89
101
66
34
33
31
44
44
28
-2
-22
-24
-46
-17
5
-6
1
18
12
-1
11
-4
5
-6
-17
9
21
2
-28
-27
-25
18
-21
-42
-36
-38
-42
-45
-26
-21
-63
-17
-59
-20
-15
-33
-6
-8
-15
-17
39
4
-1
23
-4
-25
-18
-1
21
5
-16
-4
17
36
51
58
52
42
41
58
41
65
67
73
77
55
91
54
117
74
62
110
95
93
62
98
82
65
71
81
61
86
65
92
105
109
103
92
86
72
78
111
126
87
127
104
89
54
103
61
106
69
63
83
34
84
85
67
56
91
97
131
96
89
72
58
28
68
42
41
66
54
56
73
98
91
49
45
91
55
36
13
15
27
16
57
9
-34
-8
-42
-28
-39
-28
-23
-29
-38
-39
2
5
0
-4
-31
-17
-13
-62
-22
-31
-53
-40
-82
-79
-56
-85
-96
-110
-123
-55
-71
-99
-82
-110
-92
-55
-59
-72
-69
-50
-32
-74
-56
-93
-59
-33
-88
-67
-96
-71
-71
-84
-29
-81
-49
-32
-48
-24
-22
-37
-22
-24
-26
-42
-69
-61
-96
-38
-87
-63
-39
-49
-25
-52
-18
-61
-25
7
-25
-1
-66
-42
-4
-24
-72
-24
-31
-38
-23
-33
-33
-30
23
-28
-13
-3
5
14
9
23
2
25
20
33
27
1
14
11
36
12
12
12
6
43
38
4
16
8
23
30
20
52
18
26
-10
-11
-26
-54
-57
-41
-16
-50
-25
-34
14
-32
6
36
-16
34
10
27
58
29
23
21
12
-2
-15
-35
-30
-29
-42
-59
-34
-41
-36
-41
-70
-52
-68
-103
-66
-58
-95
-61
-59
-60
-99
-101
-78
-87
-52
-25
-45
-53
-70
-100
-106
-72
-127
-87
-104
-59
-62
-124
-114
-135
-104
-127
-119
-86
-113
-121
-96
-127
-146
-178
-143
-125
-127
-122
-128
-107
-128
-119
-107
-107
-117
-138
-90
-92
-90
-92
-87
-78
-58
-78
-74
-67
-59
-41
-38
-55
-94
-47
-16
-41
-79
-85
-88
-65
-42
-48
-68
-72
-109
-57
-65
-53
-33
-82
-33
-36
-51
6
-20
7
-11
-16
11
8
9
-4
20
39
28
42
53
28
45
15
42
43
1
58
53
75
87
80
94
52
61
68
52
50
63
51
52
40
48
57
36
54
78
82
70
68
69
51
48
54
76
114
104
69
97
112
82
66
89
75
95
61
74
107
95
98
93
101
80
84
45
25
28
26
72
16
17
32
-9
1
29
-10
3
55
36
35
15
12
-35
-23
-33
-26
-44
-25
-38
-58
-42
-80
-17
-73
-70
-77
-103
-93
-78
-74
-99
-134
-125
-92
-110
-101
-128
-118
-93
-93
-55
-58
-87
-89
-85
-90
-77
-54
-73
-63
-43
-56
-81
-79
-83
-78
-66
-47
-70
-67
-81
-68
-61
-76
-44
-38
-36
-80
-31
-32
-63
-32
-65
-49
-80
-66
-61
-44
-79
-74
-33
-26
-23
-43
-1
11
-19
-28
-23
-36
-48
-61
11
1
-6
25
25
41
46
20
17
0
-15
24
34
45
61
37
29
54
0
30
51
24
31
45
32
34
65
104
58
75
98
92
95
97
124
86
95
92
79
81
104
43
48
104
90
126
127
117
94
92
80
43
109
130
72
84
87
111
71
74
123
117
94
75
57
72
41
60
57
56
82
15
15
29
56
39
24
44
18
30
29
5
28
19
18
17
3
-1
-5
-7
-11
-17
-58
-69
-73
-65
-56
-71
-24
-107
-84
-85
-134
-137
-148
-92
-86
-122
-141
-120
-123
-138
-131
-137
-167
-117
-118
-141
-137
-141
-130
-118
-96
-111
-106
-123
-131
-113
-82
-104
-125
-127
-115
-104
-106
-131
-130
-110
-90
-114
-78
-74
-90
-80
-126
-116
-128
-105
-114
-105
-46
-78
-71
-102
-81
-29
-74
-71
-79
-75
-94
-82
-56
-35
-48
-67
-54
-18
-13
-52
-34
-31
-14
47
35
13
-23
-5
30
18
34
9
38
30
42
61
36
62
-19
30
25
34
36
-11
9
21
4
64
90
55
54
41
56
28
27
53
65
52
63
13
41
59
52
79
39
24
6
-27
-27
-43
-37
-46
2
13
-21
4
-12
-2
38
39
28
2
-2
37
-14
-11
20
-17
-55
-46
-10
-60
-68
-44
-59
-64
-83
-121
-112
-98
-99
-101
-125
-93
-158
-136
-119
-123
-115
-126
-123
-138
-110
-146
-143
-124
-149
-159
-146
-137
-115
-164
-142
-122
-180
-183
-187
-172
-169
-166
-180
-167
-139
-159
-127
-120
-175
-150
-124
-136
-125
-142
-141
-97
-126
-117
-112
-135
-125
-94
-103
-84
-62
-91
-63
-64
-46
-28
-29
18
-24
-40
-4
-33
-23
14
40
-9
-15
23
-2
-21
-32
-35
-49
-52
-34
-82
-53
-13
-30
-43
-37
-31
8
2
7
-21
21
27
6
18
38
30
10
59
24
28
61
65
83
64
58
67
28
44
47
40
71
86
114
108
50
82
64
37
96
56
88
94
65
83
67
109
111
98
97
129
160
144
136
119
88
95
89
85
117
105
106
70
67
104
77
64
97
102
134
132
134
120
92
113
86
105
66
89
93
73
93
58
35
49
70
26
5
26
37
52
12
16
9
22
-2
-24
-19
-6
-3
4
41
21
-24
-15
-11
-13
0
-6
11
-31
-24
-26
-31
-38
6
-52
-55
-18
-38
-16
-45
-23
-12
-11
-18
29
39
26
43
37
57
19
35
78
92
63
45
87
60
59
51
30
46
26
59
40
40
49
53
70
71
122
112
81
122
119
115
122
100
142
146
148
167
164
122
120
144
198
188
157
181
171
174
173
163
191
182
182
158
193
153
183
162
184
190
168
191
175
228
205
218
194
142
180
187
177
160
131
157
150
146
139
121
132
149
131
135
160
177
125
159
169
203
161
136
199
190
195
172
160
125
116
159
135
112
114
110
112
111
115
106
94
112
120
124
112
119
100
58
63
31
63
74
63
74
36
71
78
87
56
29
38
17
25
24
27
-21
6
23
-22
43
20
19
-15
-33
13
-2
5
19
23
12
23
11
26
14
50
28
45
45
17
61
33
15
-23
-6
-24
-35
-2
13
4
-1
34
12
-16
-16
-22
-30
-19
-11
-21
9
7
33
-21
-22
-23
-27
-1
20
-30
-17
3
12
44
33
38
42
47
2
16
33
58
40
48
65
58
74
57
39
64
43
75
49
32
94
35
75
60
62
72
70
76
57
55
15
36
52
37
48
66
46
45
30
26
53
53
81
89
84
67
107
113
95
86
92
68
89
74
85
109
84
96
60
55
85
7
43
64
24
51
15
59
30
18
40
71
81
36
59
52
37
35
11
26
23
19
27
12
26
14
9
5
11
-9
-10
1
24
21
26
17
-23
-12
-42
-24
-19
-9
-14
-24
-35
-40
-58
-52
-33
-49
-41
-14
-13
-27
0
-4
-22
-37
-43
-14
-36
-40
-62
-36
-35
-15
6
3
15
3
42
61
46
5
-5
-20
-4
21
17
7
15
12
2
23
-7
3
29
43
23
6
2
-12
-1
47
54
57
14
20
52
47
59
36
48
56
58
42
76
35
43
50
87
106
95
86
54
81
50
88
82
71
91
89
84
87
129
110
93
106
123
115
137
115
119
93
60
72
95
49
70
75
117
134
140
135
113
108
141
153
147
121
103
118
149
164
125
111
86
147
166
126
101
117
98
110
128
115
125
119
108
119
78
82
100
104
101
49
82
97
103
82
105
94
86
101
90
96
93
99
84
124
106
107
91
75
94
56
109
89
106
84
92
107
68
85
46
60
40
38
54
8
39
20
78
41
23
48
27
32
13
58
89
78
69
55
14
39
66
42
79
109
73
46
57
109
131
79
83
101
33
80
77
79
52
61
77
123
113
44
50
99
137
78
69
68
96
65
48
114
85
70
97
97
100
168
107
116
129
94
122
127
122
117
121
131
97
119
132
90
104
126
142
140
131
138
129
112
110
87
97
91
110
112
94
104
109
69
122
123
95
147
122
119
135
113
131
95
95
108
111
95
91
73
58
104
114
112
110
124
116
103
117
77
84
93
130
111
110
145
93
117
114
146
125
110
110
66
80
88
86
105
65
75
102
121
85
65
118
82
87
65
62
96
77
47
21
26
39
29
45
57
36
33
34
18
24
61
80
36
8
11
4
34
36
30
17
33
44
28
30
-2
28
51
69
38
31
1
4
-21
-42
-46
-43
-36
-11
-15
-3
-16
-4
-8
-12
16
-50
-2
-17
-27
34
27
36
-4
-7
-12
-46
-54
-31
1
-24
19
-9
-5
16
43
53
8
-10
-19
-6
-8
8
-10
-48
11
-2
-6
0
-20
-29
-26
9
10
0
9
-86
-28
-19
-48
-33
-58
-69
-81
-89
-42
-13
-47
-14
-19
3
-25
25
49
6
-1
-43
-13
-1
-91
-106
-59
-89
-96
-53
-68
-24
0
-33
16
8
-8
-11
-13
-21
-25
-76
-62
-58
-57
-38
-48
-82
-62
-83
-33
-36
-55
-34
-72
-53
-59
-28
-10
-4
-67
-35
1
-77
-32
-70
-97
-94
-120
-104
-140
-125
-98
-104
-91
-82
-99
-64
-81
-64
-66
-42
-61
-105
-107
-90
-103
-137
-95
-113
-75
-130
-84
-70
-69
-73
-79
-43
-71
-63
-75
-102
-122
-99
-92
-77
-81
-103
-105
-122
-67
-64
-123
-102
-63
-51
-60
-77
-68
-98
-79
-57
-49
-75
-61
-85
-90
-84
-77
-79
-84
-38
-61
-33
-49
-21
-21
7
-21
-26
-19
-35
-41
-51
-60
-47
-60
-67
-59
-82
-42
-40
-25
-4
11
-18
-30
-18
-10
1
-5
1
-37
-33
-17
-18
24
-13
0
14
39
-7
-4
31
6
54
65
93
69
61
56
55
46
42
17
43
66
49
43
73
72
68
89
58
30
-2
29
16
3
28
12
-7
-22
4
17
31
48
62
36
14
30
12
-52
-23
-31
-13
21
-1
67
43
97
53
2
34
-7
8
13
-5
12
-36
-14
13
21
5
-19
-9
-34
-44
-41
-58
-39
13
-26
-8
-28
-31
-2
24
15
-11
-9
-17
-30
-42
-50
-70
-38
-36
-22
5
-22
22
2
1
-2
-23
-6
-9
9
1
-2
5
-19
-41
-18
-10
37
19
-22
10
31
50
30
70
37
46
86
40
72
64
60
63
59
95
75
76
88
94
98
88
112
111
113
73
86
114
122
95
78
93
69
91
108
108
136
127
111
126
114
120
122
64
45
67
83
92
95
77
69
94
97
91
54
111
63
40
54
50
83
60
101
115
73
95
110
106
134
110
109
79
82
84
83
95
66
39
-18
18
30
21
18
86
81
82
54
16
39
50
58
57
69
19
44
48
63
32
26
17
-10
4
-13
38
21
21
-1
-46
-6
-18
-27
-21
-34
-57
-44
-28
-45
-52
-26
-40
-32
-11
-32
-31
-55
-46
-21
-22
-40
-24
-7
-14
-30
-51
-71
-77
-57
-17
-51
-61
-38
-41
-57
-56
-46
-57
-83
-56
-48
-55
-58
-80
-55
-63
-84
-77
-59
-47
-62
-77
-96
-96
-107
-61
-84
-87
-98
-70
-42
-53
-33
-56
-34
-56
-36
-68
-85
-80
-76
-90
-85
-68
-102
-71
-66
-55
-45
-41
-29
-35
-31
-38
-11
-42
10
-16
-43
-49
-80
-9
-16
-19
-16
-44
-44
-25
-5
-11
-8
-18
-63
-25
-16
-55
-27
28
-13
14
-8
-12
-10
-40
14
-19
-33
-22
-26
-29
-32
-38
-50
-48
-23
-21
-9
-36
-74
-48
-76
-64
-57
-86
-109
-107
-69
-79
-104
-111
-92
-105
-91
-85
-76
-71
-104
-61
-45
-51
-75
-135
-104
-111
-124
-88
-119
-78
-99
-105
-79
-81
-104
-106
-82
-143
-125
-117
-111
-149
-161
-81
-120
-141
-122
-120
-111
-108
-88
-113
-119
-143
-182
-132
-126
-121
-130
-157
-169
-175
-171
-156
-99
-114
-124
-112
-127
-91
-91
-137
-122
-97
-104
-83
-66
-78
-94
-85
-58
-76
-91
-71
-90
-72
-87
-52
-35
-45
-46
-35
-19
-40
-38
-36
-14
-10
-36
2
2
-8
-20
-62
-16
-31
-46
-28
3
10
-21
-10
-19
-35
-6
-24
-46
-12
-49
-39
-60
-44
-53
-26
-4
25
-10
-31
4
-8
-8
-16
-33
0
-25
-25
-26
16
33
2
28
31
-17
-22
36
29
43
-1
-1
30
29
39
-6
11
-20
-48
-4
-16
42
16
40
31
28
15
31
57
-3
16
-3
4
-7
-13
-24
7
-26
-25
-14
9
7
1
18
-11
-22
-13
-1
26
37
44
18
-4
-6
-1
-9
-31
-12
-24
6
8
-26
-26
-23
-16
-29
-34
-71
-24
-8
-39
-2
-21
-23
-29
-26
-34
-7
-18
-12
-20
0
-40
-26
-34
12
27
1
-9
-10
11
3
28
0
35
-16
-21
-3
-29
40
26
-7
30
38
33
49
47
41
51
35
30
27
45
48
88
72
35
33
51
64
54
30
43
48
57
81
73
79
55
72
61
62
73
93
104
75
111
120
129
117
97
114
69
108
134
117
94
65
93
139
103
97
84
94
84
77
86
83
71
89
133
103
113
110
72
44
63
66
47
56
57
58
96
32
54
117
66
75
61
22
63
86
85
89
98
73
48
45
21
46
78
53
90
44
37
61
21
25
8
14
33
6
-33
-13
7
15
7
12
7
25
38
18
-9
-8
-41
-57
-31
-24
-69
-80
-45
-57
-47
-85
-71
-78
-85
-60
-92
-68
-52
-55
-104
-92
-97
-79
-40
-63
-74
-61
-40
-51
-57
-29
-40
-69
-46
-101
-93
-92
-107
-94
-75
-67
-74
-60
-97
-70
-108
-69
-68
-91
-106
-133
-129
-137
-86
-98
-96
-106
-82
-115
-90
-80
-112
-102
-91
-53
-69
-30
-49
-38
-46
-33
-34
-57
-23
-43
-34
-32
11
-38
-31
-49
-72
-74
-87
-54
-33
-43
-36
1
-28
-23
-25
-26
-23
6
-9
-18
-26
-57
-87
-78
-20
-53
-61
-87
-90
-85
-66
-66
-96
-41
-50
-52
-43
-46
-25
-48
-79
-44
-109
-62
-39
-37
-41
-57
-29
-9
-21
-43
-51
-42
-62
-114
-120
-101
-76
-85
-138
-129
-104
-81
-80
-109
-146
-152
-142
-143
-145
-138
-154
-188
-156
-143
-149
-167
-175
-176
-161
-146
-175
-161
-188
-207
-274
-268
-287
-246
-218
-243
-235
-259
-220
-268
-244
-228
-246
-243
-222
-275
-239
-253
-238
-218
-217
-199
-227
-234
-267
-253
-261
-263
-253
-216
-240
-250
-260
-250
-239
-267
-235
-184
-222
-213
-177
-178
-192
-182
-175
-190
-163
-173
-168
-160
-176
-147
-146
-128
-190
-135
-123
-155
-127
-142
-135
-150
-150
-155
-135
-132
-164
-129
-140
-141
-116
-110
-105
-112
-86
-95
-105
-115
-105
-75
-72
-80
-61
-109
-81
-65
-78
-102
-120
-72
-80
-94
-103
-65
-31
-115
-111
-83
-60
-46
-84
-19
-65
5
-7
-24
-44
-23
-13
-51
-11
-40
-28
-42
-45
-44
-44
-70
-9
-48
-48
-55
-72
-24
-6
-4
-35
-60
-44
-51
-47
1
-14
-45
-44
-1
-20
-12
-17
-27
-26
-39
-23
-64
-48
-2
-15
-68
-98
-97
-74
-86
-98
-99
-65
-66
-94
-27
-4
-47
-46
-52
-49
-68
-110
-116
-105
-72
-85
-85
-83
-85
-74
-87
-99
-44
-72
-44
-42
-51
-46
-88
-43
-94
-97
-104
-97
-100
-99
-46
-47
-86
-77
-85
-61
-49
-60
-91
-101
-52
21
4
9
22
-15
25
-22
-4
-7
26
38
7
-8
-29
-21
9
8
7
41
59
25
59
66
25
23
10
22
16
54
33
83
42
47
74
71
80
44
78
81
73
97
77
89
117
64
85
80
85
80
98
88
74
93
74
71
57
56
51
62
53
106
124
88
93
54
83
65
85
95
76
86
79
107
108
93
66
68
75
70
90
52
48
32
70
88
71
56
36
29
56
58
15
50
58
63
70
32
57
68
6
18
27
15
5
-24
18
33
47
40
31
8
11
31
-10
-2
4
27
-6
-7
12
-16
-46
-48
-64
-24
-19
-36
-13
-34
-53
-37
-50
-51
-74
-35
-25
-10
3
-48
-39
-14
-14
-42
7
-35
-40
-15
-39
-54
-43
-42
-33
-23
-5
-4
-30
-37
-41
-10
-9
1
17
-19
1
-5
21
-17
-9
1
-15
5
3
24
4
21
20
-31
-7
-1
-11
9
47
53
70
23
9
-11
-6
33
32
-18
4
14
2
23
-3
27
31
77
57
60
25
35
41
25
46
27
33
-4
-11
6
20
-14
4
17
23
11
18
42
38
37
28
6
63
26
6
80
44
46
42
38
44
72
73
36
25
40
42
-18
-5
1
27
-5
-26
1
7
-3
-49
-72
-28
-15
-49
-16
-32
-23
-60
-85
-44
-65
-79
-72
-89
-82
-106
-61
-68
-78
-76
-80
-79
-100
-100
-114
-113
-104
-97
-156
-160
-160
-164
-151
-159
-164
-153
-132
-133
-159
-155
-152
-153
-156
-184
-169
-154
-159
-143
-169
-184
-195
-162
-173
-160
-152
-171
-194
-183
-160
-195
-189
-249
-233
-241
-225
-251
-235
-195
-204
-207
-199
-253
-252
-228
-237
-181
-195
-218
-173
-178
-162
-132
-103
-134
-163
-129
-120
-102
-122
-116
-124
-138
-124
-79
-77
-71
-107
-118
-81
-99
-67
-70
-78
-65
-100
-104
-85
-94
-86
-34
-92
-78
-38
-47
-41
-45
-57
-49
-25
-17
-43
-65
-80
-51
-37
-36
-60
-44
-57
-92
-69
-56
-26
-65
-95
-94
-92
-78
-65
-55
-57
-87
-45
-69
-77
-47
-69
-81
-94
-90
-92
-91
-99
-64
-84
-90
-88
-59
-123
-102
-99
-143
-133
-141
-107
-117
-137
-124
-99
-117
-115
-103
-126
-127
-116
-113
-117
-153
-136
-165
-142
-149
-166
-129
-141
-140
-152
-167
-150
-164
-200
-178
-182
-170
-137
-189
-176
-188
-223
-192
-205
-197
-190
-212
-169
-190
-222
-183
-210
-201
-183
-212
-213
-199
-183
-178
-157
-172
-178
-196
-164
-157
-174
-162
-163
-123
-188
-174
-147
-133
-114
-146
-101
-111
-113
-112
-97
-75
-93
-117
-89
-84
-90
-86
-75
-58
-86
-51
-51
-72
-76
-81
-19
-58
-79
-27
-42
-11
-17
-4
-8
-17
24
47
22
26
45
32
37
27
55
16
4
9
18
88
35
39
80
90
76
65
115
66
115
96
53
71
72
88
82
82
66
96
110
94
78
84
83
106
81
61
77
85
101
123
127
134
127
92
116
142
118
133
187
167
129
147
121
82
73
119
93
60
57
47
45
50
41
53
49
29
65
77
11
12
54
32
14
38
38
-25
19
65
39
1
-26
13
3
-27
8
-26
4
-22
-45
-42
-40
-33
-18
-22
-54
-26
-47
-40
-22
-42
-72
-57
-33
-37
-39
-102
-42
-50
-80
-39
-43
-39
-85
-64
-65
-40
-63
-63
-58
-73
-89
-100
-76
-42
-92
-74
-86
-61
-51
-89
-84
-76
-36
-49
-56
-27
-7
-8
-18
-51
-2
-24
4
-25
-44
-2
16
-13
10
10
11
29
30
15
19
51
19
51
40
65
58
42
55
49
30
19
38
70
41
22
64
57
41
65
65
39
43
45
30
0
29
19
38
67
50
34
35
43
25
19
37
10
46
80
35
47
56
23
26
38
44
64
70
92
69
41
74
67
38
46
68
39
39
32
37
49
30
10
28
32
-8
14
-18
-35
-20
18
-9
6
-2
-74
-14
-24
-35
-61
-89
-83
-74
-65
-41
-53
-59
-42
-72
-84
-61
-64
-85
-82
-96
-80
-61
-69
-111
-119
-101
-116
-165
-128
-144
-175
-152
-150
-170
-157
-144
-137
-92
-103
-104
-160
-183
-178
-161
-236
-181
-142
-158
-130
-132
-129
-140
-107
-111
-122
-166
-133
-121
-144
-128
-114
-125
-127
-98
-125
-114
-112
-121
-99
-98
-90
-107
-70
-98
-106
-86
-92
-89
-98
-107
-44
-41
-54
-65
-57
-56
-91
-58
-57
-83
-61
-44
-26
-21
-65
-29
-36
-52
-28
-50
7
-16
-44
-29
-33
-57
-52
-31
-68
-31
-59
-57
-38
-63
-61
-82
-51
-32
-58
-22
-16
-26
-37
-27
-52
-57
-17
-39
-43
-46
-12
-34
-38
-78
-92
-83
-82
-42
-62
-58
-52
-51
-29
-46
-59
-19
-45
-27
-1
-50
-7
-20
-19
-29
-56
-17
-62
-51
-52
-49
-20
-45
-70
-41
-34
-53
-68
-84
-99
-85
-69
-63
-102
-136
-110
-130
-81
-110
-92
-60
-99
-84
-88
-104
-93
-130
-126
-103
-108
-87
-106
-113
-101
-78
-69
-65
-40
-60
-26
-19
-28
-16
-31
3
-31
-47
-49
-32
-23
-21
-18
-37
-31
-35
-41
-32
-16
-29
12
7
-11
50
14
-14
14
17
-27
-13
14
9
36
44
29
-7
25
-11
-9
-11
-26
5
-41
-1
46
50
34
66
34
49
59
52
108
134
93
67
99
110
78
93
114
119
139
95
103
135
100
152
158
107
110
116
146
115
146
95
104
126
143
172
165
168
137
143
122
106
100
122
115
129
110
113
130
115
138
111
119
130
166
148
153
157
137
119
155
167
141
141
155
161
128
129
155
119
120
158
115
134
139
128
112
91
115
115
101
97
98
74
83
28
58
51
12
38
31
67
37
-12
1
-9
-33
-16
-15
-4
7
-13
-5
14
-28
-11
-11
-14
29
-1
-25
-33
-19
-48
-21
-5
-17
-38
-52
0
-79
-99
-81
-93
-60
-49
-78
-43
-31
-74
-83
-67
-67
-65
-53
-64
-73
-13
-33
-53
-71
-62
-52
-88
-17
-38
-46
-7
4
14
-27
-1
27
-16
-8
-10
-44
-42
10
-13
22
44
40
13
30
49
28
38
8
11
33
11
54
54
81
65
45
95
73
121
109
91
69
59
46
61
38
68
95
73
122
84
90
94
109
91
98
95
103
86
53
79
50
55
69
48
18
62
105
35
65
92
56
75
50
27
25
23
8
47
31
30
27
37
38
46
4
37
30
-23
16
25
15
-16
-14
-28
5
0
-10
-9
-31
-22
-8
-37
-25
-32
-66
-32
-22
-34
-42
-40
-35
-32
-23
-35
-30
-78
-54
-35
-63
-76
-77
-95
-131
-95
-95
-87
-118
-120
-81
-109
-121
-99
-93
-121
-136
-101
-118
-104
-101
-79
-97
-118
-108
-137
-116
-46
-75
-116
-77
-92
-87
-76
-107
-87
-97
-141
-133
-115
-106
-109
-117
-96
-122
-115
-89
-89
-99
-90
-109
-92
-81
-106
-72
-70
-74
-85
-89
-84
-54
-41
-69
-66
-46
-89
-85
-90
-101
-81
-66
-57
-79
-84
-78
-82
-75
-32
-65
-31
-49
-45
-46
-34
-40
-82
-42
-64
-72
-106
-77
-37
-24
-31
-37
-13
-13
-43
-21
-37
-62
-46
-26
-21
-24
-66
-29
-13
-16
-22
-1
11
-44
-34
-29
-55
-55
-22
-15
-12
-38
-28
-33
-36
-5
-40
-52
-48
-34
-47
-72
-64
-69
-29
-48
-4
-28
-34
-62
-24
-15
-50
-36
-67
-111
-84
-86
-37
-52
-88
-77
-103
-86
-114
-126
-156
-103
-113
-99
-104
-95
-118
-152
-91
-107
-102
-75
-69
-62
-85
-102
-121
-102
-114
-95
-114
-133
-108
-141
-120
-146
-126
-161
-114
-119
-120
-126
-136
-88
-98
-102
-121
-92
-146
-145
-132
-124
-92
-130
-123
-111
-116
-100
-97
-63
-67
-108
-58
-57
-76
-58
-79
-64
-70
-89
-101
-101
-123
-130
-81
-58
-37
-53
-89
-49
-97
-122
-105
-53
-78
-69
-50
-60
-64
-277
-822
-1420
-1727
-1840
-1954
-1940
-1668
-1268
-806
-93
751
1356
1668
1717
1643
1517
1208
636
-31
-624
-1089
-1456
-1484
-1297
-1172
-1133
-814
-341
-6
199
265
209
37
-161
-223
-250
-373
-475
-479
-254
-36
136
264
285
239
59
-30
-147
-405
-682
-907
-979
-896
-735
-493
-259
33
320
582
854
950
828
711
575
443
204
-36
-109
-254
-197
-50
170
379
520
648
734
802
826
762
613
437
262
190
178
176
204
266
391
501
658
745
741
694
626
461
311
161
-95
-299
-405
-428
-446
-387
-340
-247
-222
-154
-112
-119
-164
-248
-325
-430
-479
-516
-533
-495
-508
-464
-357
-308
-309
-299
-338
-350
-387
-509
-548
-585
-561
-537
-427
-334
-227
-98
13
131
186
205
176
88
15
-69
-129
-202
-254
-211
-196
-55
53
236
354
487
623
722
818
856
875
861
815
754
831
804
781
786
825
910
984
1147
1263
1339
1405
1547
1684
1759
1867
1925
1957
2013
1943
1868
1676
1390
1012
500
-65
-745
-1387
-1931
-2292
-2552
-2658
-2563
-2177
-1602
-1000
-352
272
826
1179
1406
1513
1433
1134
673
224
-224
-678
-1007
-1289
-1527
-1692
-1758
-1637
-1518
-1470
-1427
-1351
-1210
-1039
-856
-663
-525
-332
-114
100
311
373
412
375
268
132
-91
-337
-553
-764
-894
-897
-781
-636
-431
-134
131
480
763
1009
1127
1218
1201
1147
1084
995
836
735
733
803
945
1035
1239
1417
1666
1924
2259
2580
2831
3157
3426
3634
3825
3806
3135
1680
-101
-1466
-2307
-3195
-4412
-5530
-5753
-5039
-3864
-2553
-1225
37
1131
2059
2989
3721
3923
3454
2606
1827
1292
975
572
-93
-716
-916
-693
-365
-316
-617
-1022
-1359
-1719
-2022
-2182
-2314
-2603
-2704
-2297
-1637
-1055
-631
-147
337
630
843
941
836
405
-142
-508
-727
-1000
-1303
-1472
-1426
-1239
-949
-499
-119
35
50
135
258
150
-99
-376
-596
-790
-887
-810
-653
-542
-563
-426
-129
100
211
159
110
28
45
208
356
480
446
597
873
1262
1575
1788
2021
2171
2381
2591
2850
3090
3237
3449
3889
4453
5097
5229
4051
1757
-437
-1583
-2379
-3973
-6286
-7968
-8015
-6839
-5383
-3858
-2148
-478
971
2474
4081
5351
5598
4782
3503
2539
2201
1908
1095
-191
-1115
-1124
-522
-114
-212
-637
-1040
-1543
-2126
-2395
-2562
-3094
-3887
-4184
-3519
-2117
-683
325
1189
2103
2931
3441
3651
3209
1983
414
-955
-1861
-2700
-3644
-4309
-4433
-4015
-3168
-2059
-943
-167
299
601
1008
1183
826
191
-434
-942
-1257
-1234
-1078
-1002
-1004
-868
-426
6
149
-51
-357
-651
-865
-956
-936
-955
-1022
-772
-203
540
1197
1612
1878
2088
2220
2292
2275
2057
1730
1501
1538
1883
2420
3051
3747
4569
5602
6635
6861
5426
2678
120
-1417
-2874
-5204
-7906
-9704
-9731
-8408
-6599
-4433
-2129
50
1941
3789
5658
6869
6887
5754
4097
2829
2197
1653
686
-634
-1388
-1108
-274
394
493
233
-199
-893
-1755
-2251
-2746
-3679
-4837
-5325
-4580
-3037
-1359
-46
1237
2764
4407
5591
6002
5400
3844
1887
129
-1293
-2849
-4569
-5884
-6423
-5994
-4754
-3219
-1812
-717
243
1191
1991
2381
1991
1017
63
-690
-1096
-1235
-1377
-1522
-1610
-1300
-629
57
323
43
-356
-711
-932
-1025
-1185
-1510
-1764
-1588
-822
138
976
1544
1933
2294
2555
2724
2627
2137
1470
987
876
1103
1558
2058
2717
3612
4810
6191
7567
8619
8349
6140
2736
-29
-1688
-3488
-6561
-9933
-11775
-11257
-9316
-7016
-4761
-2281
223
2557
4859
6854
7964
7526
5995
4153
2925
2461
1947
645
-887
-1485
-812
489
1200
1002
505
-66
-907
-1819
-2520
-3408
-4785
-6152
-6525
-5486
-3579
-1716
-311
1234
3251
5366
7018
7648
7256
6032
4507
2829
861
-1491
-3975
-6055
-7199
-7270
-6680
-5762
-4654
-3352
-1833
-136
1306
2116
2151
1766
1280
920
611
68
-532
-1104
-1342
-1111
-700
-341
-366
-720
-973
-988
-1058
-1270
-1680
-2095
-2243
-1925
-1191
-407
296
857
1396
2021
2523
2745
2541
2020
1374
821
568
429
402
480
812
1575
2742
4095
5337
6478
7435
8483
9415
9184
6801
3056
-165
-2204
-4183
-6988
-10070
-11860
-11508
-9763
-7508
-5047
-2407
-37
1942
3928
5843
7020
6904
5531
3763
2629
2339
2121
1228
-20
-557
-10
1064
1601
1412
897
33
-1174
-2401
-3248
-4104
-5357
-6693
-7191
-6238
-4265
-2279
-666
1003
2915
4924
6564
7371
7235
6193
4727
3066
1167
-917
-3163
-5152
-6493
-6859
-6432
-5638
-4650
-3474
-2258
-995
258
1062
1297
1077
671
279
56
-155
-454
-784
-920
-842
-555
-229
-231
-541
-955
-1203
-1409
-1583
-1873
-2212
-2392
-2146
-1488
-657
160
732
1207
1727
2222
2435
2322
1905
1251
603
238
66
165
317
624
1308
2401
3786
5209
6585
7851
8958
9814
9971
8706
5944
2515
-495
-3084
-5774
-8745
-11312
-12381
-11820
-10059
-7732
-5113
-2516
-73
2194
4362
6142
6931
6566
5460
4211
3403
2961
2391
1483
654
472
996
1632
1826
1511
764
-381
-1606
-2820
-3899
-5117
-6488
-7477
-7519
-6403
-4614
-2697
-832
1250
3382
5445
6974
7604
7414
6434
4851
2804
629
-1589
-3676
-5437
-6559
-6825
-6433
-5607
-4425
-3090
-1805
-658
260
864
1077
846
356
-85
-484
-869
-1131
-1207
-1146
-1015
-748
-465
-381
-549
-862
-1155
-1486
-1831
-2250
-2512
-2551
-2231
-1663
-917
-99
638
1329
1861
2288
2393
2186
1736
1151
621
188
-19
142
536
1131
2037
3381
4798
6171
7424
8332
9007
9292
8825
7212
4495
1248
-1801
-4477
-6964
-9324
-11096
-11740
-11038
-9330
-6977
-4327
-1821
486
2597
4454
5874
6537
6333
5492
4383
3550
2995
2506
1898
1199
877
973
1228
1249
840
68
-1066
-2283
-3448
-4473
-5540
-6467
-7008
-6790
-5724
-4077
-2160
-247
1725
3641
5374
6594
7179
6934
5676
3725
1665
-141
-1954
-3792
-5357
-6272
-6423
-5755
-4566
-3262
-2047
-1083
-241
712
1326
1436
919
195
-409
-854
-1076
-1142
-1252
-1503
-1375
-955
-510
-299
-434
-783
-1187
-1466
-1621
-1699
-1840
-1976
-1847
-1234
-402
513
1224
1729
2125
2371
2529
2451
2175
1618
1029
772
866
1278
1810
2531
3465
4593
5893
7199
8226
8815
8874
8108
6253
3428
342
-2547
-5134
-7787
-10258
-11718
-11788
-10709
-8800
-6439
-3786
-1045
1454
3757
5611
6826
7155
6677
5692
4594
3672
2847
2055
1112
460
379
676
916
775
365
-281
-1255
-2379
-3467
-4540
-5667
-6659
-7098
-6694
-5428
-3756
-1885
91
2211
4301
6076
7194
7204
6229
4757
3154
1210
-857
-2914
-4764
-5995
-6375
-5895
-4911
-3727
-2604
-1459
-256
813
1492
1614
1186
513
-202
-657
-946
-1240
-1550
-1626
-1418
-921
-388
-83
-40
-290
-635
-947
-1109
-1370
-1734
-1967
-1816
-1272
-506
348
1203
1874
2426
2957
3276
3347
3036
2453
1972
1640
1616
1749
2115
2715
3486
4586
5879
7144
8044
8471
8240
7014
4840
2157
-606
-3334
-6076
-8682
-10601
-11370
-10969
-9583
-7467
-4880
-2273
318
2840
5027
6575
7273
7143
6434
5409
4353
3277
2139
1094
264
-84
-75
124
297
225
-137
-789
-1554
-2410
-3418
-4525
-5544
-6234
-6284
-5654
-4571
-3078
-1272
659
2540
4141
5289
5787
5544
4601
3243
1582
-309
-2123
-3680
-4794
-5293
-5263
-4671
-3730
-2628
-1463
-409
483
963
1103
863
402
-200
-831
-1297
-1598
-1727
-1732
-1495
-1041
-550
-248
-56
10
-107
-350
-634
-1020
-1341
-1566
-1541
-1250
-762
-29
763
1565
2224
2788
3147
3330
3283
3060
2822
2616
2518
2263
1898
1804
2124
2725
3525
4197
4730
5022
4813
4108
3035
1628
-196
-2450
-4761
-6571
-7651
-7961
-7618
-6606
-5087
-3156
-934
1404
3575
5098
5959
6187
5988
5299
4320
3070
1695
283
-789
-1345
-1523
-1453
-1287
-1024
-747
-453
-305
-344
-727
-1327
-2081
-2618
-2970
-3052
-2887
-2538
-1792
-845
218
1229
2058
2529
2631
2369
1860
1013
-55
-1232
-2293
-3147
-3658
-3782
-3587
-3136
-2491
-1649
-837
-33
439
637
551
260
-112
-559
-974
-1397
-1707
-1830
-1660
-1407
-1073
-786
-521
-278
-118
-137
-288
-492
-775
-1033
-1255
-1228
-1114
-915
-577
-122
462
1051
1549
1878
2115
2226
2262
2284
2293
2362
2445
2647
2987
3462
4060
4726
5372
5869
5987
5750
4876
3382
1235
-1348
-3693
-5504
-6829
-7892
-8248
-7881
-6652
-4771
-2442
-103
1901
3426
4496
5321
5690
5448
4550
3326
2055
941
137
-287
-686
-1020
-1058
-743
-279
61
155
-104
-536
-1111
-1766
-2241
-2646
-3173
-3458
-3259
-2574
-1598
-491
495
1322
2017
2470
2681
2548
1881
811
-344
-1411
-2304
-3066
-3496
-3708
-3612
-3100
-2287
-1298
-540
39
382
571
553
351
-16
-479
-995
-1433
-1569
-1500
-1357
-1221
-957
-684
-369
-117
-24
-37
-284
-559
-735
-881
-1004
-1105
-1064
-882
-531
-85
392
851
1141
1395
1606
1736
1811
1819
1804
1882
2124
2458
2822
3419
3958
4508
5104
5654
5993
5982
5573
4655
3302
1674
-105
-2029
-3867
-5494
-6655
-7259
-7189
-6487
-5320
-3830
-2104
-351
1339
2834
3910
4529
4669
4373
3833
3131
2328
1500
737
74
-391
-501
-484
-464
-467
-540
-677
-880
-1172
-1617
-2093
-2519
-2847
-3002
-2834
-2477
-1911
-1211
-425
349
987
1576
1846
1813
1454
869
135
-708
-1461
-2190
-2740
-2970
-2971
-2728
-2217
-1655
-1007
-434
-24
264
299
192
-80
-502
-907
-1295
-1524
-1570
-1569
-1411
-1128
-828
-441
-131
55
171
143
70
-114
-321
-497
-650
-706
-704
-517
-202
111
530
923
1294
1583
1805
2053
2228
2315
2496
2757
3042
3478
3916
4383
4881
5397
5739
5887
5684
5038
3927
2477
819
-979
-2829
-4616
-5928
-6826
-7075
-6681
-5819
-4505
-2900
-1148
693
2287
3591
4476
4897
4872
4489
3866
3071
2232
1349
602
65
-283
-372
-382
-382
-424
-531
-696
-942
-1278
-1743
-2258
-2687
-2901
-2957
-2782
-2386
-1812
-1085
-332
449
1103
1571
1773
1595
1240
633
-64
-888
-1637
-2194
-2539
-2665
-2544
-2135
-1655
-1045
-516
-99
173
254
167
-86
-504
-949
-1347
-1677
-1891
-1971
-1837
-1554
-1193
-836
-504
-176
97
177
188
138
14
-151
-272
-338
-397
-341
-193
38
329
627
933
1199
1385
1535
1709
1884
2086
2266
2467
2808
3267
3757
4350
4954
5438
5795
5803
5507
4717
3464
1988
254
-1592
-3439
-4978
-6096
-6687
-6757
-6300
-5251
-3821
-2236
-529
1119
2570
3646
4304
4580
4442
4006
3432
2683
1937
1171
549
198
19
-39
-81
-40
-154
-246
-446
-732
-1157
-1724
-2197
-2641
-2856
-2833
-2683
-2318
-1753
-1098
-374
303
856
1185
1315
1167
864
420
-63
-686
-1175
-1579
-1840
-1827
-1682
-1386
-1060
-660
-334
-143
-36
-75
-303
-627
-1006
-1335
-1617
-1753
-1832
-1775
-1598
-1347
-1025
-658
-384
-198
-8
65
106
57
60
-18
-154
-187
-125
-56
72
272
404
643
787
894
1029
1133
1254
1439
1713
1916
2218
2540
3018
3567
4134
4691
5160
5485
5466
5095
4273
3071
1665
129
-1626
-3319
-4764
-5814
-6403
-6435
-5971
-5047
-3781
-2350
-749
710
2044
3032
3591
3879
3741
3384
2888
2203
1520
864
337
43
-115
-192
-186
-127
-170
-295
-468
-764
-1229
-1754
-2234
-2677
-2888
-2928
-2782
-2459
-1984
-1387
-776
-152
316
602
731
634
395
73
-315
-744
-1072
-1355
-1488
-1363
-1201
-997
-662
-397
-243
-130
-151
-285
-519
-787
-1106
-1382
-1587
-1628
-1623
-1554
-1351
-1131
-844
-602
-354
-189
-78
-44
-63
-52
-89
-118
-118
-90
-53
101
213
334
520
692
860
1003
1133
1279
1481
1736
1985
2289
2668
3033
3497
4011
4540
5056
5386
5406
5035
4281
3090
1717
154
-1495
-3049
-4477
-5498
-6112
-6178
-5647
-4805
-3624
-2278
-865
588
1888
2861
3498
3700
3580
3232
2791
2213
1527
889
349
-2
-159
-186
-156
-139
-199
-348
-499
-708
-1060
-1550
-2105
-2481
-2768
-2798
-2667
-2392
-2022
-1578
-978
-430
4
226
297
219
7
-228
-592
-955
-1243
-1460
-1545
-1467
-1264
-1101
-930
-707
-509
-359
-362
-521
-691
-954
-1174
-1357
-1474
-1518
-1537
-1475
-1316
-1050
-745
-516
-359
-257
-170
-156
-130
-154
-224
-256
-246
-150
11
184
377
553
771
1020
1243
1435
1553
1662
1770
1927
2127
2360
2559
2815
3124
3526
3956
4228
4254
4114
3776
3235
2464
1429
228
-1039
-2242
-3215
-3875
-4300
-4417
-4196
-3621
-2734
-1670
-504
596
1442
2172
2735
2999
3084
2906
2506
2023
1544
1085
729
441
190
12
-115
-128
-147
-189
-368
-641
-900
-1206
-1406
-1645
-1838
-1908
-1865
-1590
-1194
-772
-325
78
363
558
561
456
223
-181
-642
-1019
-1330
-1582
-1745
-1696
-1563
-1312
-974
-642
-246
-72
28
63
-2
-150
-389
-651
-891
-1129
-1264
-1287
-1208
-1160
-1070
-876
-695
-543
-442
-366
-349
-382
-411
-396
-422
-345
-250
-241
-120
47
155
283
410
472
546
592
671
790
923
1052
1284
1570
1990
2388
2842
3372
3800
4271
4636
4839
4726
4372
3693
2736
1568
338
-922
-2195
-3235
-4034
-4508
-4586
-4231
-3671
-2848
-1908
-884
143
1080
1835
2291
2583
2653
2541
2271
1913
1479
1054
751
541
382
244
201
95
-32
-157
-340
-621
-896
-1185
-1536
-1769
-1901
-1932
-1897
-1750
-1458
-1123
-781
-482
-180
-14
77
85
1
-78
-253
-402
-586
-687
-669
-671
-615
-449
-328
-243
-195
-199
-226
-334
-445
-650
-829
-946
-1053
-1100
-1136
-1080
-995
-902
-758
-588
-430
-329
-257
-192
-138
-153
-145
-135
-182
-187
-138
-100
-33
68
130
250
323
427
557
628
762
871
1043
1280
1595
1910
2261
2657
3060
3522
3997
4398
4674
4684
4436
3925
3093
2061
856
-484
-1788
-2985
-3959
-4617
-4842
-4684
-4207
-3426
-2470
-1410
-311
713
1538
2173
2508
2620
2524
2212
1810
1373
871
502
202
6
-92
-182
-193
-242
-331
-465
-603
-877
-1200
-1535
-1807
-1987
-2091
-2144
-2112
-1965
-1715
-1398
-1087
-753
-533
-310
-199
-127
-136
-239
-362
-528
-617
-742
-755
-698
-681
-624
-555
-454
-369
-371
-418
-553
-731
-890
-1005
-1115
-1257
-1303
-1276
-1193
-1056
-882
-688
-532
-388
-288
-216
-164
-142
-167
-260
-284
-328
-279
-249
-141
-70
-20
85
235
376
474
601
628
687
786
1017
1192
1402
1702
2000
2382
2862
3336
3780
4159
4448
4484
4270
3800
3047
2037
886
-268
-1480
-2517
-3418
-3994
-4238
-4143
-3700
-3080
-2227
-1275
-362
523
1338
1869
2188
2312
2231
1993
1699
1317
889
587
296
98
22
-51
-137
-152
-222
-375
-570
-797
-1058
-1340
-1592
-1782
-1919
-2014
-2067
-1970
-1752
-1519
-1239
-927
-667
-462
-309
-178
-116
-194
-330
-407
-502
-586
-601
-569
-556
-542
-517
-479
-413
-411
-505
-611
-743
-887
-993
-1113
-1190
-1276
-1262
-1176
-1064
-885
-784
-626
-489
-410
-331
-309
-320
-419
-415
-403
-377
-307
-297
-196
-99
41
188
307
459
603
657
747
904
1032
1127
1308
1504
1785
2149
2498
2950
3430
3876
4221
4369
4254
3896
3254
2338
1303
160
-1072
-2180
-3136
-3764
-4112
-4195
-3856
-3265
-2461
-1568
-601
351
1152
1786
2151
2270
2230
2024
1740
1390
970
645
352
137
9
-33
-53
-124
-178
-279
-459
-613
-816
-1086
-1314
-1515
-1748
-1855
-1904
-1848
-1688
-1462
-1192
-874
-585
-388
-182
-11
46
-66
-117
-218
-287
-358
-451
-463
-465
-455
-418
-340
-274
-289
-344
-370
-498
-628
-778
-931
-995
-1070
-1104
-1075
-989
-905
-775
-614
-443
-336
-278
-213
-268
-275
-315
-399
-398
-405
-303
-275
-203
-97
51
190
371
540
582
734
893
1043
1181
1341
1551
1828
2171
2567
2975
3320
3713
3948
4024
3929
3513
2931
2078
1028
-67
-1151
-2182
-3061
-3650
-3933
-3943
-3619
-3033
-2258
-1445
-532
319
1018
1589
1883
2012
1966
1789
1499
1167
833
515
268
72
-32
-85
-139
-204
-309
-416
-579
-740
-1005
-1257
-1504
-1664
-1823
-1886
-1903
-1777
-1639
-1446
-1201
-964
-688
-502
-307
-191
-142
-163
-260
-319
-346
-339
-382
-351
-273
-304
-281
-224
-203
-244
-290
-420
-570
-708
-823
-984
-1021
-1086
-1080
-1037
-901
-761
-601
-395
-307
-167
-91
-52
-60
-102
-204
-250
-283
-282
-221
-208
-73
65
221
401
623
857
1015
1181
1311
1464
1643
1819
1989
2222
2521
2840
3209
3528
3767
3905
3866
3623
3067
2316
1390
350
-669
-1701
-2582
-3313
-3770
-3835
-3654
-3168
-2528
-1760
-953
-114
712
1339
1752
1925
1952
1804
1571
1273
932
615
294
58
-96
-200
-259
-280
-403
-532
-646
-804
-1023
-1219
-1467
-1692
-1842
-1992
-2042
-1971
-1838
-1688
-1485
-1269
-1027
-806
-652
-484
-401
-380
-381
-455
-480
-472
-492
-478
-489
-481
-469
-437
-423
-489
-558
-655
-824
-951
-1052
-1143
-1234
-1274
-1227
-1153
-980
-820
-625
-491
-382
-282
-233
-212
-269
-325
-418
-521
-556
-551
-468
-393
-265
-90
110
339
579
775
922
1053
1193
1351
1511
1668
1869
2095
2391
2724
3058
3424
3700
3865
3868
3653
3201
2574
1725
765
-294
-1331
-2229
-2973
-3511
-3727
-3668
-3316
-2713
-1990
-1160
-372
451
1144
1663
1990
2108
2087
1899
1627
1319
981
700
396
148
-6
-146
-210
-331
-482
-609
-769
-950
-1158
-1379
-1551
-1676
-1799
-1872
-1858
-1708
-1544
-1329
-1048
-827
-678
-500
-326
-206
-149
-183
-266
-306
-314
-346
-419
-432
-449
-496
-473
-490
-574
-643
-727
-874
-940
-1045
-1113
-1128
-1118
-1103
-1041
-908
-780
-618
-490
-394
-298
-278
-239
-291
-351
-413
-499
-556
-536
-562
-472
-295
-132
93
305
502
695
902
1083
1215
1362
1527
1751
1929
2157
2447
2719
3060
3335
3633
3784
3705
3488
2991
2310
1435
461
-553
-1588
-2423
-3103
-3511
-3666
-3539
-3206
-2616
-1867
-1049
-225
533
1144
1608
1916
2049
1970
1786
1573
1233
952
651
375
209
49
-99
-234
-369
-507
-672
-909
-1071
-1245
-1457
-1582
-1704
-1766
-1815
-1810
-1665
-1441
-1233
-1011
-774
-570
-431
-274
-132
-108
-151
-195
-231
-250
-245
-277
-249
-273
-250
-288
-307
-404
-525
-624
-729
-839
-885
-947
-996
-1007
-965
-794
-638
-462
-319
-180
-91
-48
-6
-6
-23
-42
-130
-207
-235
-183
-199
-154
-51
95
262
470
703
908
1103
1247
1468
1707
1984
2268
2528
2842
3121
3407
3765
4029
4195
4172
3969
3550
2839
1961
947
-116
-1187
-2280
-3132
-3714
-3946
-3933
-3597
-3072
-2338
-1463
-611
281
1038
1608
1956
2174
2178
2016
1803
1506
1128
799
533
331
161
27
-145
-326
-427
-641
-832
-1053
-1310
-1549
-1775
-1923
-2045
-2117
-2120
-2009
-1794
-1551
-1257
-955
-714
-502
-277
-199
-122
-89
-164
-197
-260
-308
-348
-357
-381
-463
-462
-450
-498
-525
-692
-849
-972
-1066
-1139
-1198
-1209
-1196
-1110
-952
-773
-532
-358
-226
-124
-18
62
69
35
-36
-148
-238
-252
-212
-140
-50
50
210
442
646
886
1076
1256
1458
1646
1852
2091
2362
2615
2873
3190
3522
3838
4103
4185
4017
3666
3045
2253
1314
251
-860
-1953
-2865
-3529
-3858
-3910
-3639
-3152
-2428
-1562
-677
232
1030
1598
2030
2220
2253
2132
1883
1596
1229
908
636
437
245
142
1
-133
-268
-427
-620
-886
-1216
-1507
-1718
-1893
-2036
-2132
-2159
-2054
-1836
-1569
-1325
-1076
-765
-552
-406
-250
-111
-81
-148
-255
-323
-390
-399
-450
-466
-488
-615
-621
-669
-726
-835
-957
-1090
-1265
-1334
-1412
-1417
-1411
-1360
-1195
-971
-709
-527
-388
-237
-94
-51
-20
7
-84
-183
-283
-336
-406
-402
-355
-264
-132
40
212
465
707
921
1173
1371
1636
1877
2130
2403
2707
2972
3279
3614
3909
4079
4038
3782
3302
2555
1638
638
-410
-1481
-2507
-3359
-3873
-4062
-3929
-3556
-2918
-2102
-1266
-369
506
1305
1798
2099
2204
2171
1985
1709
1373
1038
711
474
296
183
118
25
-42
-200
-386
-576
-818
-1150
-1489
-1745
-1960
-2054
-2117
-2151
-1993
-1742
-1479
-1165
-856
-544
-369
-204
-68
-32
-9
-90
-149
-234
-310
-366
-412
-421
-447
-533
-509
-540
-655
-729
-880
-1025
-1154
-1255
-1282
-1262
-1281
-1188
-988
-850
-571
-412
-283
-90
-29
-8
-2
-38
-105
-200
-302
-291
-299
-294
-195
-121
101
297
482
715
953
1186
1391
1627
1867
2155
2428
2740
3005
3286
3601
3862
4032
4060
3818
3364
2685
1791
790
-345
-1493
-2555
-3402
-4014
-4255
-4224
-3902
-3261
-2507
-1576
-652
258
1048
1593
1969
2146
2162
2007
1777
1495
1125
756
465
306
155
65
-23
-170
-282
-445
-696
-969
-1267
-1613
-1907
-2078
-2150
-2181
-2161
-2079
-1810
-1540
-1269
-966
-737
-528
-365
-262
-221
-168
-208
-233
-280
-332
-352
-335
-340
-380
-420
-490
-577
-669
-849
-979
-1114
-1255
-1317
-1350
-1326
-1247
-1078
-924
-742
-491
-283
-162
-53
61
106
108
43
-13
-66
-175
-261
-228
-185
-74
57
196
389
583
810
982
1211
1447
1645
1904
2124
2378
2667
2951
3257
3561
3852
4110
4220
4071
3742
3155
2318
1365
365
-777
-1828
-2824
-3554
-3990
-4083
-3889
-3444
-2756
-1947
-1076
-136
735
1432
1882
2138
2225
2146
1957
1689
1389
1042
715
492
326
242
192
61
-50
-270
-473
-678
-963
-1324
-1664
-1959
-2155
-2230
-2176
-2063
-1907
-1712
-1470
-1142
-897
-642
-434
-369
-352
-304
-281
-285
-300
-365
-401
-435
-388
-395
-425
-458
-577
-724
-806
-939
-1116
-1234
-1387
-1459
-1418
-1375
-1269
-1106
-966
-739
-531
-296
-143
-39
11
-12
50
5
-39
-88
-222
-283
-293
-256
-179
-52
54
215
430
631
892
1071
1351
1631
1870
2218
2544
2879
3156
3384
3698
4033
4279
4356
4161
3748
3106
2287
1271
186
-1013
-2121
-3106
-3869
-4257
-4304
-4035
-3513
-2741
-1865
-895
76
959
1669
2155
2386
2447
2394
2167
1802
1445
1049
667
472
314
189
90
-50
-103
-174
-353
-579
-870
-1241
-1526
-1785
-1992
-2069
-2057
-1962
-1834
-1635
-1362
-1022
-713
-476
-315
-216
-91
-25
0
-92
-216
-307
-331
-345
-381
-412
-474
-506
-612
-711
-806
-897
-1046
-1223
-1360
-1461
-1429
-1337
-1296
-1108
-952
-750
-526
-298
-147
-21
36
54
115
21
-72
-197
-297
-411
-399
-380
-330
-206
-66
87
306
538
769
984
1175
1375
1630
1929
2228
2459
2743
3065
3380
3732
4040
4206
4110
3869
3385
2602
1587
519
-611
-1730
-2737
-3554
-4094
-4281
-4155
-3774
-3093
-2284
-1344
-360
460
1267
1779
2114
2284
2249
2083
1765
1431
1123
789
511
335
209
81
-5
-83
-203
-322
-552
-799
-1104
-1422
-1657
-1849
-1987
-1962
-1921
-1748
-1575
-1384
-1113
-865
-656
-501
-377
-300
-269
-252
-288
-319
-347
-368
-361
-325
-328
-339
-370
-467
-544
-670
-776
-948
-1063
-1204
-1350
-1367
-1331
-1224
-1057
-927
-762
-558
-442
-256
-154
-123
-55
-87
-132
-113
-139
-181
-222
-238
-166
-77
-23
84
259
455
627
800
980
1218
1492
1742
1995
2220
2480
2790
3087
3383
3625
3881
4033
3971
3849
3422
2735
1855
919
-159
-1261
-2234
-3058
-3663
-3974
-3948
-3645
-3128
-2414
-1569
-700
195
938
1478
1833
2029
2029
1905
1725
1430
1078
763
478
279
133
7
-113
-160
-280
-436
-600
-867
-1165
-1453
-1688
-1876
-2007
-2049
-2011
-1847
-1635
-1392
-1102
-846
-650
-564
-476
-454
-439
-517
-632
-709
-769
-736
-720
-678
-594
-522
-482
-443
-450
-560
-679
-794
-997
-1169
-1256
-1331
-1350
-1330
-1253
-1124
-940
-748
-546
-377
-316
-262
-229
-212
-218
-267
-309
-330
-324
-276
-251
-147
-36
65
208
336
531
669
814
1017
1218
1445
1733
2010
2255
2522
2776
3089
3431
3745
4004
4176
4190
3967
3549
2898
2047
1096
35
-1035
-1992
-2879
-3464
-3713
-3754
-3474
-2948
-2222
-1404
-549
283
1015
1558
1941
2153
2190
2089
1841
1532
1216
890
643
411
279
190
109
30
-109
-225
-432
-713
-962
-1273
-1542
-1791
-1882
-1897
-1833
-1649
-1474
-1216
-940
-650
-477
-420
-408
-429
-469
-550
-638
-729
-832
-822
-776
-714
-559
-504
-468
-433
-435
-513
-658
-805
-960
-1151
-1282
-1325
-1347
-1308
-1209
-1108
-925
-752
-573
-422
-334
-331
-339
-327
-324
-371
-406
-439
-464
-424
-360
-225
-88
43
222
354
620
855
1072
1289
1483
1777
1968
2230
2436
2676
2875
3115
3366
3667
3949
4067
4061
3852
3382
2682
1864
857
-190
-1254
-2290
-3116
-3685
-3877
-3827
-3543
-2925
-2214
-1357
-461
417
1154
1700
2043
2238
2224
2069
1868
1538
1166
882
630
472
346
185
87
15
-127
-323
-511
-717
-955
-1250
-1491
-1668
-1733
-1747
-1668
-1444
-1199
-885
-594
-312
-116
-115
-173
-214
-310
-519
-681
-752
-873
-917
-860
-666
-466
-310
-251
-173
-151
-193
-290
-442
-633
-874
-1042
-1164
-1206
-1197
-1110
-1023
-849
-671
-427
-280
-198
-173
-188
-197
-266
-297
-367
-415
-464
-405
-254
-151
11
100
241
375
542
695
836
996
1200
1399
1668
1973
2224
2583
2832
3096
3452
3728
3974
4127
4131
3991
3623
3068
2284
1366
361
-688
-1715
-2585
-3276
-3691
-3839
-3738
-3360
-2731
-2022
-1182
-285
545
1207
1714
2058
2192
2157
2048
1818
1491
1224
877
603
413
262
114
-76
-209
-395
-639
-869
-1099
-1323
-1539
-1774
-1865
-1903
-1797
-1613
-1389
-1123
-877
-639
-438
-316
-363
-355
-467
-595
-652
-750
-782
-788
-725
-639
-495
-347
-298
-221
-200
-195
-320
-479
-624
-825
-992
-1091
-1163
-1178
-1098
-963
-810
-645
-527
-436
-317
-262
-264
-274
-304
-300
-298
-306
-299
-251
-145
-119
-11
104
208
377
510
702
883
1055
1298
1552
1823
2136
2428
2705
2942
3241
3535
3757
4035
4211
4166
3995
3578
2962
2160
1138
119
-993
-2053
-2921
-3568
-3939
-3976
-3797
-3377
-2724
-1863
-990
-113
689
1313
1808
2083
2176
2111
1961
1685
1380
1052
796
537
344
149
-69
-173
-356
-577
-795
-1046
-1337
-1571
-1797
-1994
-2083
-2063
-1946
-1757
-1479
-1196
-929
-704
-381
-218
-225
-294
-435
-610
-754
-881
-997
-1021
-1078
-992
-805
-625
-425
-359
-333
-375
-424
-540
-693
-838
-1037
-1239
-1294
-1273
-1208
-1045
-987
-829
-670
-498
-350
-267
-289
-329
-346
-409
-389
-411
-375
-323
-282
-170
-2
162
271
412
493
652
834
1024
1271
1458
1677
1940
2273
2624
2938
3203
3524
3856
4143
4414
4441
4283
3869
3225
2402
1354
266
-860
-1934
-2889
-3581
-3995
-4054
-3818
-3303
-2665
-1882
-923
28
900
1584
2036
2303
2457
2386
2202
1937
1615
1305
952
714
500
354
215
7
-124
-327
-502
-759
-1042
-1321
-1625
-1830
-1943
-1946
-1844
-1650
-1382
-1019
-656
-345
-127
-16
131
147
23
-253
-552
-782
-1006
-1057
-1077
-1013
-918
-763
-535
-300
-162
-124
-152
-320
-469
-651
-841
-1087
-1261
-1375
-1432
-1368
-1182
-985
-816
-662
-526
-409
-342
-272
-244
-347
-440
-455
-478
-426
-358
-312
-208
-43
113
271
412
486
612
743
887
1092
1300
1543
1842
2161
2554
2991
3443
3853
4206
4488
4655
4598
4303
3721
2866
1840
701
-447
-1562
-2676
-3563
-4140
-4381
-4222
-3829
-3169
-2376
-1482
-535
381
1157
1772
2167
2334
2320
2241
2047
1771
1451
1111
826
631
513
327
206
20
-244
-493
-729
-988
-1233
-1543
-1823
-1975
-2059
-1976
-1767
-1510
-1205
-816
-471
-101
113
274
288
167
-39
-271
-489
-781
-911
-978
-933
-863
-660
-451
-239
-66
-5
-21
-62
-236
-481
-710
-967
-1181
-1322
-1329
-1345
-1219
-1099
-882
-660
-507
-339
-276
-196
-180
-261
-299
-250
-272
-279
-189
-117
-28
125
212
371
440
523
599
636
708
860
1012
1177
1541
1843
2219
2658
3092
3571
3992
4335
4647
4759
4555
4130
3432
2489
1430
251
-953
-2084
-3081
-3819
-4240
-4297
-4083
-3586
-2848
-2048
-1181
-267
590
1268
1743
2047
2184
2172
2021
1770
1499
1160
907
671
505
375
188
22
-193
-400
-611
-887
-1155
-1471
-1745
-1930
-2038
-2043
-1978
-1776
-1438
-1144
-774
-416
-162
33
138
198
90
-121
-360
-590
-799
-938
-1009
-988
-956
-830
-598
-389
-282
-225
-222
-353
-521
-718
-874
-1081
-1279
-1413
-1459
-1347
-1216
-1074
-884
-715
-540
-380
-273
-207
-222
-306
-346
-373
-385
-398
-414
-338
-289
-173
13
149
292
347
411
495
603
786
930
1099
1336
1655
1995
2427
2936
3340
3795
4258
4634
4864
4817
4519
3915
3037
2027
893
-387
-1565
-2708
-3617
-4149
-4365
-4244
-3861
-3230
-2463
-1556
-572
329
1085
1641
1987
2212
2223
2125
1870
1536
1221
940
692
461
319
144
2
-167
-321
-501
-782
-1049
-1360
-1684
-1890
-2044
-2088
-2015
-1930
-1687
-1324
-991
-600
-238
13
216
306
299
104
-195
-502
-796
-1063
-1224
-1277
-1264
-1194
-1025
-782
-533
-348
-265
-259
-330
-458
-651
-901
-1125
-1229
-1390
-1448
-1376
-1253
-1079
-869
-698
-536
-416
-365
-309
-370
-473
-549
-561
-620
-570
-488
-391
-242
-124
108
247
345
463
530
551
636
773
932
1171
1431
1840
2323
2790
3350
3892
4377
4769
4974
4937
4604
3956
3045
1931
722
-558
-1798
-2925
-3744
-4294
-4483
-4309
-3840
-3152
-2298
-1357
-446
515
1237
1774
2102
2271
2224
2113
1862
1575
1271
934
751
549
416
317
202
0
-162
-351
-629
-921
-1287
-1589
-1810
-1978
-2048
-1961
-1818
-1596
-1262
-878
-497
-83
244
482
610
557
426
132
-173
-521
-832
-1045
-1173
-1203
-1156
-992
-859
-590
-411
-296
-235
-322
-420
-534
-746
-1000
-1131
-1260
-1306
-1306
-1201
-1030
-850
-678
-557
-426
-370
-351
-440
-527
-566
-627
-649
-618
-504
-428
-273
-128
55
166
280
355
410
446
487
568
679
872
1107
1490
1954
2428
2937
3493
4005
4443
4829
4938
4783
4369
3696
2761
1672
472
-799
-1992
-2988
-3724
-4123
-4227
-4089
-3663
-3013
-2193
-1287
-346
447
1066
1518
1868
1995
1940
1827
1571
1336
1135
912
722
594
418
346
224
53
-132
-411
-725
-1026
-1356
-1646
-1772
-1895
-1916
-1850
-1656
-1377
-1083
-733
-342
-12
251
442
492
480
298
17
-273
-535
-799
-987
-1042
-1086
-1033
-872
-676
-526
-373
-284
-270
-301
-391
-501
-655
-821
-953
-1106
-1132
-1030
-994
-891
-761
-625
-543
-437
-395
-403
-438
-481
-462
-520
-466
-436
-369
-301
-161
21
171
337
397
400
491
578
615
775
914
1125
1419
1833
2258
2751
3243
3784
4188
4559
4842
4865
4656
4147
3407
2459
1433
276
-828
-1908
-2839
-3493
-3845
-3901
-3640
-3158
-2544
-1817
-1009
-203
522
1050
1407
1681
1748
1729
1640
1481
1265
1048
839
698
562
463
381
239
78
-159
-385
-677
-998
-1318
-1591
-1766
-1875
-1827
-1702
-1548
-1285
-984
-602
-238
73
362
475
477
431
333
151
-146
-466
-745
-965
-1058
-1056
-976
-868
-792
-665
-455
-306
-184
-218
-328
-459
-592
-695
-814
-907
-981
-1017
-985
-874
-719
-635
-607
-530
-451
-469
-443
-441
-479
-512
-536
-435
-354
-202
-108
25
150
258
352
515
571
614
667
796
1018
1247
1608
1904
2264
2710
3179
3614
4036
4411
4622
4615
4417
4008
3433
2640
1637
584
-499
-1439
-2271
-2926
-3294
-3416
-3319
-2972
-2447
-1782
-1088
-382
245
745
1174
1449
1605
1604
1553
1433
1305
1178
1031
872
746
577
505
370
189
-26
-284
-590
-926
-1206
-1454
-1641
-1742
-1748
-1724
-1556
-1310
-1007
-682
-383
-53
209
310
375
273
152
-38
-293
-482
-730
-866
-924
-880
-821
-730
-542
-404
-265
-223
-226
-290
-395
-537
-692
-834
-958
-1060
-1105
-1130
-1060
-932
-905
-788
-704
-612
-581
-581
-561
-587
-601
-605
-600
-549
-428
-314
-212
-91
6
64
163
266
336
449
539
630
865
1085
1395
1777
2120
2464
2826
3238
3664
4008
4219
4297
4156
3750
3199
2473
1581
594
-395
-1353
-2167
-2758
-3133
-3266
-3177
-2900
-2452
-1872
-1205
-582
38
526
896
1178
1328
1436
1366
1286
1158
1039
916
820
685
617
466
305
128
-90
-286
-581
-841
-1099
-1304
-1495
-1552
-1553
-1526
-1384
-1176
-938
-650
-309
-10
226
375
428
389
259
43
-268
-524
-755
-918
-1021
-976
-865
-721
-496
-277
-127
42
54
-13
-100
-293
-457
-672
-868
-989
-1127
-1184
-1117
-1059
-975
-824
-677
-640
-600
-533
-500
-495
-497
-537
-527
-477
-422
-324
-214
-39
92
213
360
524
682
799
935
1101
1298
1489
1794
2045
2410
2748
3071
3483
3783
4068
4251
4229
3934
3453
2801
1943
1003
-4
-1020
-1894
-2600
-3107
-3352
-3341
-3159
-2697
-2149
-1509
-805
-160
379
836
1163
1358
1444
1458
1406
1296
1179
1042
912
775
705
614
429
265
82
-125
-424
-734
-1004
-1239
-1451
-1578
-1622
-1622
-1512
-1331
-1072
-761
-426
-127
181
387
431
461
374
231
-37
-327
-566
-761
-866
-865
-750
-594
-450
-265
-91
39
131
81
0
-150
-371
-485
-683
-831
-929
-1032
-1021
-981
-858
-726
-667
-623
-474
-445
-397
-405
-420
-412
-441
-394
-309
-179
-18
139
233
405
616
786
910
1026
1145
1319
1497
1710
1927
2207
2457
2757
3107
3506
3934
4222
4388
4368
4097
3642
2935
2090
1136
81
-949
-1925
-2641
-3143
-3380
-3383
-3178
-2720
-2155
-1453
-734
-106
459
899
1224
1429
1527
1540
1425
1275
1163
1017
887
802
752
651
485
312
131
-103
-349
-624
-971
-1278
-1488
-1614
-1737
-1709
-1594
-1388
-1074
-731
-386
-98
109
248
323
330
166
-35
-246
-497
-675
-724
-726
-704
-610
-444
-252
-114
-22
-6
14
-75
-236
-391
-559
-730
-909
-994
-1047
-1056
-947
-877
-739
-663
-577
-484
-478
-391
-433
-492
-484
-446
-414
-342
-253
-97
67
215
397
578
726
793
863
962
1078
1164
1290
1388
1549
1835
2171
2550
2873
3199
3539
3782
4007
4113
3975
3614
3087
2387
1573
790
-82
-961
-1736
-2337
-2679
-2820
-2788
-2544
-2157
-1688
-1180
-583
-45
432
789
1014
1177
1323
1343
1340
1209
1101
1006
880
790
653
586
387
213
56
-186
-395
-686
-934
-1138
-1334
-1399
-1385
-1313
-1162
-1026
-828
-600
-334
-144
-52
-18
-72
-115
-263
-446
-628
-749
-860
-879
-785
-637
-464
-324
-177
-14
51
109
14
-144
-279
-484
-651
-847
-1019
-1106
-1173
-1227
-1130
-1062
-964
-920
-878
-832
-822
-804
-770
-752
-716
-620
-552
-406
-226
-12
190
361
500
600
791
861
911
958
1087
1210
1375
1576
1817
2077
2360
2655
2958
3351
3604
3752
3786
3575
3140
2646
1977
1162
339
-530
-1326
-2007
-2486
-2764
-2833
-2745
-2479
-2126
-1627
-993
-493
6
401
729
948
1094
1155
1161
1075
968
856
761
651
597
481
308
198
2
-175
-395
-601
-821
-1055
-1239
-1392
-1456
-1430
-1379
-1226
-1047
-863
-605
-432
-338
-240
-231
-290
-355
-487
-620
-727
-772
-744
-646
-520
-408
-246
-69
37
193
176
87
-12
-136
-318
-552
-722
-961
-1077
-1141
-1136
-1127
-1077
-994
-931
-872
-791
-749
-722
-690
-672
-651
-568
-446
-296
-165
-12
160
334
501
639
750
806
877
997
1062
1093
1250
1390
1623
1883
2124
2393
2714
3020
3323
3550
3652
3532
3260
2813
2231
1552
743
-94
-945
-1632
-2233
-2616
-2811
-2871
-2704
-2390
-1954
-1434
-910
-362
90
469
739
902
1034
1012
951
854
768
637
543
437
320
205
113
-29
-206
-347
-516
-723
-949
-1131
-1251
-1360
-1373
-1349
-1305
-1179
-1000
-801
-601
-446
-392
-340
-310
-386
-476
-612
-704
-800
-839
-777
-649
-504
-367
-188
-49
85
132
124
51
-88
-310
-478
-656
-840
-958
-1059
-1090
-1059
-1016
-940
-895
-806
-799
-723
-675
-656
-601
-568
-522
-430
-271
-127
-9
198
379
534
707
869
968
1009
1147
1258
1385
1495
1669
1800
2023
2266
2552
2864
3155
3421
3573
3643
3553
3306
2873
2318
1592
794
-26
-808
-1515
-2124
-2488
-2637
-2611
-2450
-2094
-1639
-1123
-596
-76
409
731
1006
1108
1140
1121
999
884
740
619
521
389
319
242
117
-20
-106
-286
-471
-638
-869
-1028
-1152
-1223
-1260
-1239
-1181
-1083
-957
-791
-583
-386
-283
-272
-285
-388
-499
-641
-837
-932
-999
-1000
-891
-722
-583
-392
-198
-122
-50
54
2
-148
-261
-428
-567
-749
-912
-1016
-1038
-1032
-1007
-963
-899
-818
-780
-748
-737
-707
-650
-629
-649
-515
-373
-279
-76
109
300
431
612
759
882
977
1115
1202
1309
1491
1668
1915
2101
2373
2602
2900
3176
3423
3604
3635
3492
3147
2723
2121
1456
701
-106
-869
-1533
-2023
-2365
-2473
-2432
-2247
-1918
-1440
-907
-399
77
473
798
1021
1207
1257
1208
1124
971
865
720
636
519
393
277
91
10
-120
-245
-379
-538
-712
-919
-1014
-1098
-1106
-1104
-1041
-946
-843
-704
-600
-424
-359
-374
-360
-395
-432
-483
-525
-560
-588
-494
-411
-365
-251
-175
-160
-125
-120
-175
-243
-332
-493
-634
-704
-736
-818
-851
-860
-867
-837
-792
-751
-717
-700
-690
-642
-598
-535
-540
-476
-422
-341
-285
-163
-6
80
240
386
520
639
788
940
1085
1247
1384
1587
1789
1973
2222
2474
2745
2948
3185
3371
3407
3286
3011
2596
2040
1333
590
-151
-893
-1592
-2144
-2489
-2626
-2609
-2432
-2096
-1649
-1121
-593
-56
383
725
971
1089
1134
1094
1015
853
663
499
358
281
170
58
-61
-186
-247
-303
-468
-628
-803
-956
-1062
-1170
-1223
-1212
-1185
-1087
-934
-817
-664
-534
-439
-468
-451
-472
-483
-551
-592
-541
-584
-520
-462
-371
-256
-165
-125
-135
-153
-213
-308
-455
-546
-697
-826
-877
-897
-899
-909
-820
-739
-689
-632
-569
-517
-488
-486
-519
-466
-449
-401
-318
-247
-150
-57
85
234
424
569
692
819
971
1118
1285
1451
1657
1850
2055
2333
2557
2817
3065
3261
3447
3507
3421
3211
2852
2296
1628
909
137
-631
-1358
-1933
-2352
-2574
-2604
-2516
-2177
-1736
-1267
-720
-224
268
624
871
1083
1160
1169
1088
926
773
566
401
311
155
20
-141
-255
-390
-524
-682
-833
-959
-1129
-1265
-1340
-1328
-1332
-1262
-1138
-998
-871
-740
-677
-649
-648
-643
-644
-632
-662
-695
-660
-619
-517
-431
-340
-272
-271
-224
-199
-300
-369
-492
-623
-750
-858
-957
-974
-963
-999
-895
-794
-728
-628
-560
-518
-512
-493
-441
-417
-414
-386
-347
-352
-257
-174
-102
-2
97
271
408
569
743
894
1012
1166
1378
1650
1867
2051
2266
2467
2662
2915
3076
3254
3339
3370
3260
3013
2655
2111
1502
813
77
-665
-1312
-1829
-2214
-2405
-2438
-2264
-1928
-1518
-985
-405
99
562
931
1236
1405
1446
1427
1246
1063
865
607
394
222
61
-74
-200
-283
-348
-464
-611
-693
-811
-932
-989
-1062
-1154
-1155
-1112
-1013
-926
-833
-777
-726
-656
-620
-575
-617
-587
-626
-589
-583
-484
-410
-359
-264
-281
-253
-292
-325
-402
-561
-731
-879
-1006
-1082
-1134
-1146
-1151
-1082
-962
-825
-716
-629
-570
-509
-446
-436
-419
-421
-408
-440
-369
-288
-230
-106
38
170
307
432
623
782
863
1026
1126
1286
1440
1562
1715
1823
2056
2294
2506
2716
2962
3188
3311
3335
3184
2900
2423
1841
1155
406
-353
-1067
-1652
-2125
-2355
-2383
-2286
-1977
-1620
-1116
-600
-61
467
850
1112
1286
1349
1295
1121
966
799
540
357
205
79
-36
-148
-232
-333
-435
-542
-670
-764
-890
-1027
-1104
-1166
-1192
-1248
-1310
-1263
-1154
-1082
-999
-844
-732
-588
-368
-153
-76
17
27
35
59
17
-54
-128
-242
-387
-498
-617
-667
-790
-888
-924
-963
-980
-908
-866
-798
-744
-680
-585
-483
-387
-341
-269
-237
-206
-103
-47
-42
7
57
142
208
291
397
435
562
666
762
873
967
1054
1182
1297
1403
1504
1639
1780
1915
2074
2241
2488
2687
2837
2883
2790
2614
2310
1870
1306
676
-23
-670
-1203
-1662
-1895
-1975
-1948
-1677
-1296
-853
-387
133
558
878
1107
1230
1203
1042
828
524
255
0
-250
-473
-593
-718
-784
-798
-833
-813
-874
-948
-967
-1011
-1059
-1110
-1187
-1257
-1329
-1383
-1399
-1385
-1331
-1240
-1154
-1018
-824
-657
-531
-468
-371
-346
-349
-349
-358
-394
-489
-561
-681
-725
-726
-830
-941
-1044
-1085
-1130
-1128
-1052
-1041
-1012
-929
-813
-623
-484
-398
-262
-193
-103
-68
-37
1
-8
24
16
120
163
198
269
329
452
589
695
804
881
941
1029
1147
1230
1275
1338
1413
1544
1680
1863
1997
2215
2445
2568
2754
2782
2651
2371
1961
1537
1000
462
-105
-695
-1154
-1459
-1564
-1485
-1327
-1023
-649
-261
180
622
932
1056
1101
1069
966
741
459
160
-159
-433
-601
-696
-806
-876
-928
-906
-921
-920
-949
-1059
-1234
-1458
-1570
-1653
-1716
-1731
-1697
-1572
-1371
-1161
-896
-702
-534
-508
-457
-388
-387
-468
-635
-736
-821
-840
-849
-818
-857
-856
-777
-715
-655
-691
-753
-823
-895
-939
-948
-919
-888
-820
-719
-587
-423
-305
-201
-122
-58
29
79
100
114
92
102
118
141
177
240
323
342
408
452
434
471
515
533
519
590
685
764
813
969
1112
1243
1410
1508
1601
1660
1785
1823
1882
1870
1854
1822
1774
1633
1486
1225
907
649
350
115
-121
-277
-364
-370
-300
-184
-46
76
233
334
440
512
463
391
219
44
-108
-271
-448
-636
-802
-983
-1201
-1360
-1516
-1625
-1737
-1775
-1714
-1553
-1351
-1169
-892
-584
-376
-268
-111
-51
-126
-272
-471
-647
-850
-1066
-1188
-1283
-1271
-1218
-1089
-909
-742
-618
-429
-275
-239
-168
-229
-214
-206
-262
-300
-252
-261
-258
-222
-198
-156
-131
-146
-91
-33
-20
12
44
101
135
157
225
273
316
327
327
312
325
334
318
305
275
319
292
332
360
397
461
542
580
610
668
645
658
702
730
732
759
798
855
907
952
995
1033
1047
1000
991
884
801
735
641
552
473
425
360
288
168
157
77
38
-16
-88
-153
-224
-258
-350
-418
-446
-503
-551
-522
-530
-521
-518
-483
-535
-589
-629
-625
-637
-614
-615
-620
-562
-556
-495
-455
-400
-348
-305
-291
-281
-292
-332
-379
-403
-401
-397
-372
-326
-272
-203
-173
-151
-88
-90
-98
-53
-38
-45
13
60
73
95
115
144
225
250
297
342
356
381
374
345
317
249
213
237
253
280
299
302
300
307
309
270
311
360
346
382
405
406
453
470
472
530
520
525
573
588
602
618
675
693
681
687
745
749
742
716
656
608
612
532
459
384
323
268
245
263
215
263
286
289
253
289
289
249
230
157
91
1
-111
-176
-220
-272
-349
-387
-349
-291
-181
-101
0
115
228
313
355
336
308
262
139
-21
-152
-266
-408
-484
-570
-556
-436
-327
-211
-97
41
183
248
264
225
116
2
-102
-229
-351
-429
-502
-517
-517
-504
-479
-398
-303
-207
-110
-55
-2
60
80
82
71
91
71
7
-56
-56
-110
-196
-255
-306
-302
-290
-275
-201
-136
-44
31
85
159
239
222
178
176
134
133
118
128
131
164
172
214
246
275
278
320
342
342
388
364
385
324
308
285
245
281
229
239
229
223
218
226
190
179
160
131
167
117
138
126
130
111
119
125
53
-7
-61
-117
-185
-190
-247
-286
-189
-91
-30
113
220
276
347
418
385
311
283
156
45
-88
-233
-310
-390
-425
-414
-373
-318
-232
-168
-128
-28
-36
2
55
72
9
-25
-66
-164
-201
-254
-307
-398
-442
-470
-470
-442
-491
-436
-418
-380
-305
-257
-188
-140
-118
-145
-150
-193
-239
-299
-322
-340
-363
-377
-349
-339
-263
-208
-198
-151
-59
-10
-28
32
41
3
-11
43
8
-2
-1
-40
-79
-122
-70
-78
-55
-41
23
31
99
154
133
148
162
194
166
95
39
53
-8
-26
-52
-54
-120
-78
-57
-84
-79
-115
-106
-117
-130
-129
-169
-165
-150
-148
-90
-104
-53
-9
45
68
101
120
148
177
190
172
179
227
232
165
204
164
91
112
96
116
101
115
138
180
244
260
317
320
292
252
175
136
89
88
88
92
116
125
104
138
145
164
94
55
48
53
108
136
118
159
155
137
127
75
95
17
-47
-85
-178
-220
-268
-284
-299
-293
-220
-158
-96
-33
42
98
166
177
206
163
148
132
77
44
-41
-60
-127
-126
-88
-96
-35
1
43
125
160
167
202
244
223
217
217
200
188
186
140
112
95
69
42
18
-26
-85
-131
-168
-142
-140
-167
-142
-82
-63
-78
-21
18
100
104
161
195
276
341
321
351
339
317
302
309
242
173
185
185
134
151
194
220
221
234
229
249
269
212
202
200
156
116
70
55
66
115
111
194
229
257
285
277
281
241
248
217
179
142
136
105
67
25
-12
-73
-93
-81
-82
-89
-17
21
56
110
163
148
130
155
84
42
25
19
-39
-24
21
25
49
112
146
163
247
312
309
289
278
291
235
201
215
217
253
236
199
144
154
103
100
38
-8
-14
-18
12
20
39
50
73
66
80
49
3
-58
-108
-123
-199
-245
-280
-323
-326
-322
-219
-182
-150
-128
-70
-7
10
82
125
169
193
198
235
217
183
108
50
38
6
-46
-95
-117
-117
-61
-94
-94
-18
-35
6
1
11
16
24
15
-1
4
5
5
2
25
26
89
80
129
75
96
118
87
97
58
86
93
104
77
1
-79
-93
-132
-151
-168
-198
-185
-207
-186
-116
-44
10
3
7
44
70
115
106
90
67
1
-24
-98
-96
-122
-133
-136
-143
-73
-39
0
36
21
22
77
91
150
96
82
37
-28
-86
-132
-125
-184
-180
-161
-117
-99
-106
-84
-128
-128
-140
-171
-175
-249
-277
-274
-266
-237
-193
-152
-118
-48
44
68
113
187
178
210
214
186
134
83
110
73
53
38
-32
-44
-57
-96
-159
-209
-230
-226
-228
-253
-286
-275
-255
-237
-168
-128
-91
-33
5
40
33
26
38
31
31
-5
-71
-12
-7
-2
51
21
19
-9
-35
-79
-180
-165
-233
-239
-240
-309
-304
-317
-306
-269
-236
-179
-117
-40
17
75
122
122
113
119
72
46
16
-62
-113
-138
-140
-131
-91
-55
-13
-15
-7
-2
0
-3
18
34
30
-21
-41
-47
-27
-70
-87
-74
-92
-61
-94
-47
-28
11
-32
-92
-127
-207
-223
-267
-225
-256
-287
-248
-192
-167
-103
-66
-12
90
136
194
240
276
266
245
253
214
163
145
90
131
104
92
66
-14
-53
-87
-85
-135
-160
-164
-160
-138
-130
-86
-42
-4
-28
-25
44
82
115
127
141
168
200
152
155
158
135
98
75
52
2
-18
-93
-102
-158
-190
-172
-206
-221
-206
-193
-183
-176
-136
-84
-37
-43
-18
70
77
64
87
46
37
40
-33
-62
-130
-141
-161
-186
-204
-219
-204
-212
-204
-148
-137
-143
-122
-121
-178
-141
-150
-153
-124
-138
-148
-153
-187
-122
-144
-158
-162
-155
-109
-105
-78
-89
-133
-140
-168
-194
-160
-234
-228
-151
-129
-99
-40
-7
99
144
129
195
244
273
298
309
311
268
190
103
86
24
-48
-95
-158
-203
-149
-163
-150
-130
-114
-104
-105
-63
-41
-17
4
15
17
80
116
143
132
173
178
165
197
167
159
100
81
64
65
1
-3
-5
-44
-42
-111
-121
-130
-174
-160
-146
-193
-149
-99
-51
-11
18
22
43
127
125
164
150
100
91
47
32
18
-45
-73
-96
-99
-107
-111
-119
-177
-154
-110
-97
-145
-133
-90
-90
-43
-32
-37
-3
-29
-84
-105
-113
-164
-180
-240
-277
-312
-313
-323
-333
-330
-316
-280
-276
-210
-210
-177
-154
-146
-104
-104
-50
-68
-104
-74
-93
-81
-44
-57
-82
-41
-10
-17
-31
-58
-91
-92
-123
-170
-175
-228
-234
-210
-246
-240
-191
-185
-159
-115
-113
-95
-75
-52
19
-29
34
39
-1
37
30
24
29
-4
-32
-44
-18
-22
-57
-75
-110
-125
-175
-223
-208
-208
-198
-167
-131
-104
-50
-16
16
73
54
34
60
66
61
56
49
29
41
13
20
40
19
19
21
20
40
9
-20
-22
-19
-67
-78
-81
-70
-58
-88
-98
-54
12
31
18
43
-7
-26
-31
-54
-44
-93
-83
-105
-118
-135
-154
-99
-81
-35
-36
-20
59
76
80
75
86
65
81
80
106
102
58
68
32
35
74
72
52
30
-9
-16
-45
-60
-113
-150
-193
-167
-137
-113
-156
-181
-116
-131
-98
-106
-64
-107
-120
-86
-123
-87
-59
-57
-56
-15
-40
-9
-2
-64
-55
-141
-180
-184
-231
-248
-271
-256
-274
-275
-222
-187
-135
-127
-61
-6
-48
-24
-13
-5
-22
-39
-40
-90
-110
-91
-81
-104
-110
-80
-71
-77
-64
-78
-78
-95
-93
-95
-145
-153
-164
-182
-206
-192
-199
-181
-129
-131
-127
-130
-97
-104
-112
-97
-106
-157
-137
-167
-199
-156
-202
-184
-221
-222
-225
-237
-214
-228
-179
-157
-117
-99
-89
-17
-34
-24
-18
-40
19
-12
-9
39
17
14
3
-6
-54
-73
-78
-147
-144
-189
-149
-145
-130
-98
-134
-105
-61
-65
-45
3
-46
-7
4
-13
23
44
67
72
92
111
105
111
77
23
9
-30
-32
-103
-104
-62
-115
-76
-52
-46
-75
14
1
2
36
45
28
33
-4
8
3
-34
4
-36
-33
-35
-45
-3
4
-14
-19
4
-54
-63
-68
-126
-140
-168
-118
-123
-150
-154
-175
-176
-136
-155
-158
-92
-119
-112
-136
-122
-147
-202
-199
-235
-275
-260
-276
-284
-254
-253
-260
-243
-208
-211
-178
-213
-173
-121
-124
-118
-110
-101
-86
-32
-5
-30
-15
-6
27
-17
-59
-42
-76
-76
-112
-118
-123
-99
-101
-96
-128
-78
-59
-28
-18
-19
-3
44
76
78
85
72
97
32
69
77
71
85
80
95
84
61
43
49
11
5
41
28
80
90
72
46
97
90
89
126
98
110
130
173
172
163
103
102
98
94
108
114
104
116
141
161
184
139
180
178
183
192
137
96
76
78
2
-19
9
147
140
-170
-228
122
241
82
3
51
107
-60
-119
11
51
-41
-92
-60
-27
-59
-83
-28
-45
-70
-62
-30
-2
-73
-95
-57
-51
-45
-26
-56
-33
-26
-107
-67
-58
-19
-80
-91
-47
-83
-90
-144
-83
-74
-116
-143
-125
-149
-208
-220
-210
-221
-214
-212
-203
-141
-149
-123
-140
-152
-155
-165
-140
-169
-145
-122
-137
-151
-125
-109
-135
-182
-209
-184
-109
-121
-131
-143
-140
-140
-143
-136
-114
-87
-127
-94
-74
-89
-73
-68
-104
-76
-64
-71
-50
-21
-13
-14
23
39
91
72
89
127
75
94
114
92
57
20
-36
-64
-74
-84
-69
-60
-41
-65
-13
-6
13
53
40
5
-18
-10
-49
-60
-36
-44
-58
-22
-43
-17
-26
9
37
63
82
79
98
94
122
145
133
95
133
171
110
154
165
91
149
140
136
146
111
64
50
24
31
15
27
49
36
85
98
101
109
60
46
12
18
-27
-55
-82
-105
-84
-102
-110
-83
-36
-40
-15
0
-11
0
35
25
-3
1
24
-27
-59
-39
-70
-47
-60
-106
-79
-55
-83
-59
-45
-56
-115
-72
-89
-82
-104
-110
-94
-49
-55
-69
-39
-67
-20
-20
-42
-91
-54
-56
-89
-120
-160
-132
-155
-159
-143
-147
-168
-178
-200
-159
-183
-196
-165
-233
-224
-199
-211
-211
-158
-188
-199
-169
-185
-221
-190
-162
-178
-125
-103
-101
-63
-41
-18
1
21
-20
-14
-7
-22
-39
-38
-24
-44
-43
-35
-57
-83
-85
-91
-82
-63
-115
-117
-77
-40
-34
-15
-26
-26
12
58
46
38
69
36
28
45
16
-4
-29
-61
-72
-47
-14
29
11
42
79
72
99
107
114
109
101
94
99
93
102
117
120
123
112
121
78
77
35
11
6
-20
-8
5
26
62
66
114
175
128
145
127
107
103
99
94
46
7
-9
-18
-40
-7
-32
-57
-44
-18
-22
-43
-25
-34
-57
-106
-68
-81
-95
-97
-95
-85
-95
-70
-47
-62
-65
-61
-48
-72
-51
-18
-22
-4
1
33
3
-21
-13
4
-15
-11
-13
-52
-59
-34
-80
-99
-84
-118
-109
-135
-148
-116
-148
-123
-113
-83
-67
-39
-15
-53
-86
-61
-59
-107
-123
-119
-125
-120
-126
-126
-77
-90
-80
-96
-91
-42
-39
-29
26
34
33
35
107
76
62
100
102
107
94
80
53
40
-11
-21
-10
-29
-38
-30
-68
-11
30
23
36
56
79
98
90
121
126
119
99
84
62
52
78
30
54
37
-38
-2
49
35
17
46
48
41
15
-1
18
69
84
50
37
33
41
36
46
24
3
18
11
63
49
99
135
163
167
193
262
207
223
226
191
195
215
191
211
174
147
134
133
149
112
107
72
25
67
71
63
71
103
138
90
105
75
95
87
80
76
65
62
7
-2
1
-12
-18
-44
-29
-54
-63
-19
-16
64
71
52
67
65
86
62
93
77
17
15
65
54
15
-5
-33
-71
-65
-77
-72
-51
-68
-40
-29
-36
-23
-18
5
11
17
31
24
12
14
15
22
-8
-34
-25
-44
-54
-29
-30
-34
-8
10
9
23
16
26
31
20
12
17
22
-11
10
-12
-89
-77
-40
-31
-33
5
-8
-5
43
103
79
116
127
127
117
118
150
183
156
140
166
150
159
175
154
174
171
150
164
168
167
148
183
167
202
223
210
225
223
223
195
205
181
177
187
174
174
167
123
144
157
99
123
80
54
113
90
119
158
164
180
202
173
190
236
259
237
153
130
131
72
76
70
49
63
23
16
76
119
65
94
90
70
119
86
71
122
98
110
69
71
71
32
59
-4
7
-14
50
84
46
34
7
-8
-28
-3
-4
-12
-45
-71
-80
-82
-104
-116
-143
-134
-121
-126
-154
-143
-127
-111
-105
-116
-108
-147
-141
-87
-83
-104
-96
-95
-90
-78
-66
-86
-121
-171
-178
-162
-146
-162
-101
-115
-93
-96
-120
-114
-147
-155
-128
-116
-145
-126
-144
-125
-112
-91
-84
-121
-92
-84
-137
-97
-106
-92
-95
-131
-116
-90
-68
-82
-66
-41
-27
-8
-7
23
53
43
13
11
3
6
-4
41
8
-31
-26
-34
-29
-40
-40
-46
-50
-40
-25
-41
-5
-9
-5
11
-6
20
21
15
-7
7
19
25
5
44
8
-28
-80
-81
-56
-132
-54
-95
-126
-116
-88
-82
-91
-95
-107
-109
-117
-137
-153
-134
-189
-190
-179
-190
-186
-197
-183
-141
-171
-170
-154
-148
-148
-133
-110
-173
-135
-136
-112
-146
-189
-151
-113
-145
-157
-144
-154
-138
-145
-132
-115
-100
-105
-104
-145
-125
-219
-218
-171
-168
-142
-205
-216
-213
-200
-214
-198
-208
-220
-255
-248
-223
-221
-204
-221
-226
-234
-174
-178
-178
-156
-128
-90
-90
-61
-98
-65
-93
-119
-108
-137
-168
-151
-172
-198
-175
-165
-119
-136
-90
-63
-47
-50
-17
35
10
-2
-6
16
-26
-27
10
-30
-18
-51
-56
-32
-38
-31
-21
-61
-22
47
-27
31
29
28
51
38
30
35
53
47
53
51
86
54
48
75
62
48
75
77
66
75
60
51
79
47
19
28
21
59
74
63
64
5
2
44
72
86
67
52
82
75
16
6
-5
-33
8
18
-34
-56
-12
30
17
47
42
34
37
63
40
1
15
-29
-31
-52
-53
-29
-16
-13
-1
29
64
50
72
93
79
94
103
73
39
-13
-7
26
15
16
-10
-17
12
34
8
10
60
31
30
28
22
49
55
69
26
-15
18
10
-8
8
-20
-28
-29
-21
1
-35
-60
-43
-74
-44
-14
-49
-6
-24
-23
37
31
54
42
44
46
13
-2
43
28
24
-5
15
59
25
34
68
85
85
88
59
101
101
87
99
44
89
58
60
63
101
125
148
119
129
144
134
186
186
158
131
168
165
129
169
176
168
185
157
156
166
157
126
108
116
114
112
113
76
78
95
128
108
92
147
110
149
174
211
212
192
201
206
226
204
167
112
115
113
102
116
106
96
137
132
107
92
141
173
179
205
207
208
180
187
143
115
90
40
60
52
-7
-1
36
27
33
49
37
-18
-25
21
36
43
50
24
14
25
34
-8
0
-1
-41
-17
-10
-9
-1
-61
-36
-24
-63
-81
-79
-70
-100
-74
-102
-123
-86
-100
-98
-96
-77
-34
-67
-112
-72
-70
-33
-15
-55
-62
-41
-38
-68
-45
-51
-28
-36
-43
-44
-44
-56
-52
16
-24
-41
-26
-65
-70
-103
-109
-113
-125
-125
-158
-128
-74
-50
-29
10
3
-14
34
23
23
14
18
12
20
47
29
-9
-25
-15
-69
-42
-26
-34
-37
-48
-25
-28
15
-6
-26
17
14
7
54
16
32
40
1
39
57
24
16
-29
-49
-26
4
-32
-41
2
-14
25
63
53
26
5
9
60
44
25
32
39
38
42
5
11
10
72
72
31
46
18
54
29
63
68
60
38
-9
-56
-39
-53
-68
-76
-95
-114
-125
-101
-111
-108
-132
-153
-124
-131
-117
-110
-131
-78
-72
-37
-58
-57
-43
-69
-64
-80
-145
-121
-159
-109
-129
-185
-165
-182
-158
-168
-152
-130
-132
-79
-51
-79
-33
-62
-27
-42
-18
-35
-104
-84
-97
-87
-82
-77
-119
-93
-83
-117
-119
-156
-183
-186
-164
-132
-169
-142
-107
-100
-81
-80
-39
-67
-65
-49
-76
-73
-91
-69
-55
-66
-85
-77
-72
-86
-61
-102
-73
-41
-88
-85
-90
-58
-89
-104
-110
-110
-77
-104
-89
-125
-76
-60
-53
-20
-11
27
68
44
55
71
18
59
81
46
56
61
9
15
47
55
58
44
34
32
19
15
20
18
29
47
40
58
87
76
124
113
116
116
121
130
78
85
