SAMPLES:	16419
BITSPERSAMPLE:	16
CHANNELS:	1
SAMPLERATE:	16000
NORMALIZED:	FALSE
-70
-127
-118
-83
-131
-128
-123
-106
-108
-95
-83
-85
-98
-88
-70
-37
-55
-38
-57
-32
-37
-51
-55
-74
-38
-49
-35
-30
-66
-40
-46
-40
-23
-24
-35
3
4
13
28
33
15
20
49
36
33
32
53
33
67
38
28
25
53
25
17
20
17
51
-11
39
44
82
81
63
99
98
132
84
86
105
128
109
109
100
126
149
138
147
192
194
184
206
197
198
161
145
154
144
100
127
158
166
172
111
149
121
139
152
116
109
127
123
119
121
127
105
99
127
139
119
123
122
104
147
156
131
120
126
103
61
88
58
48
65
41
56
48
37
73
47
15
26
34
35
-2
20
-8
19
16
18
26
80
41
16
60
55
21
-2
5
21
18
14
41
5
21
11
-16
-1
-6
6
-16
-10
-9
-48
-25
-12
-3
20
33
6
-4
5
-7
-11
-35
-11
-10
-15
-30
20
28
-5
11
-16
0
14
31
31
37
36
37
54
51
33
45
37
20
20
15
32
6
18
46
67
72
45
36
51
87
33
66
42
12
14
22
38
61
62
35
45
64
73
42
48
56
73
86
67
44
103
84
79
98
117
93
107
128
126
94
76
83
65
65
42
3
44
42
26
20
-31
-10
-48
-22
14
29
-37
-38
-1
-34
9
1
-9
-25
-48
-39
-51
-86
-71
-53
-63
-81
-24
0
-56
-43
-22
-29
-42
-35
-47
18
-23
-59
-74
-78
-64
-98
-87
-88
-82
-82
-69
-77
-75
-114
-132
-116
-135
-110
-109
-94
-143
-149
-175
-100
-126
-145
-147
-156
-157
-164
-149
-191
-190
-196
-178
-191
-174
-200
-205
-197
-195
-207
-210
-152
-153
-189
-140
-144
-146
-163
-179
-179
-188
-147
-146
-153
-174
-130
-154
-177
-156
-192
-158
-157
-145
-149
-131
-121
-149
-139
-106
-124
-116
-105
-94
-110
-117
-122
-111
-122
-123
-101
-167
-135
-166
-147
-116
-117
-143
-114
-131
-117
-106
-84
-79
-83
-74
-78
-75
-110
-67
-101
-83
-62
-61
-82
-58
-20
-54
-47
-61
-73
-56
-39
-50
-58
-60
-92
-77
-92
-131
-81
-54
-83
-98
-95
-125
-98
-106
-80
-79
-96
-47
-98
-80
-83
-72
-120
-95
-64
-64
-89
-80
-88
-108
-55
-101
-107
-139
-136
-109
-134
-158
-155
-128
-142
-124
-117
-128
-130
-108
-156
-130
-134
-142
-118
-166
-176
-176
-151
-191
-190
-145
-155
-126
-130
-155
-139
-115
-149
-134
-116
-149
-125
-171
-134
-180
-169
-159
-185
-172
-217
-183
-184
-167
-196
-206
-218
-160
-159
-144
-148
-134
-119
-61
-89
-142
-133
-88
-106
-136
-81
-119
-88
-85
-110
-93
-96
-54
-56
-82
-18
-45
-40
-63
-32
-66
-54
-47
-32
-18
-60
-20
-10
1
12
12
4
39
39
-4
-6
4
50
32
18
50
64
54
34
46
71
48
62
61
42
82
79
87
19
49
93
48
23
34
67
32
27
34
64
88
72
94
126
72
72
79
77
83
60
59
30
74
37
33
102
103
59
96
70
75
95
71
90
75
86
87
89
100
123
92
105
123
91
134
135
83
132
111
98
60
82
108
104
87
49
84
83
113
97
81
92
60
76
100
79
52
57
80
47
61
43
57
31
3
-7
26
27
4
71
48
-15
-16
6
-13
21
30
18
16
25
49
35
60
3
0
36
15
20
-10
25
-11
-15
65
16
-6
36
-4
-23
-9
15
-20
-11
-9
-18
0
11
-22
9
-4
28
63
27
59
53
63
33
31
33
33
43
23
40
42
37
32
12
33
55
44
58
54
40
40
59
27
45
51
54
87
91
114
72
115
126
109
113
120
102
137
148
114
101
84
87
98
85
52
89
73
82
112
73
57
107
97
97
109
83
65
37
82
88
74
68
78
80
74
89
111
78
78
83
58
83
89
76
79
75
67
98
79
63
67
35
48
18
50
29
34
29
36
52
40
38
-14
12
17
3
17
-41
-22
-27
-57
-45
-52
-55
-46
-80
-86
-86
-66
-57
-72
-81
-82
-43
-114
-78
-70
-106
-91
-110
-105
-93
-57
-73
-103
-135
-111
-110
-111
-90
-146
-129
-133
-103
-135
-96
-102
-114
-119
-125
-112
-91
-83
-142
-112
-135
-131
-141
-180
-152
-185
-174
-155
-127
-155
-157
-104
-180
-137
-148
-106
-96
-121
-118
-145
-126
-133
-115
-132
-132
-118
-133
-115
-122
-127
-130
-171
-139
-148
-125
-108
-108
-115
-125
-110
-100
-100
-106
-115
-107
-85
-95
-59
-45
-48
-35
-25
-55
-54
-43
-64
-60
-40
-31
-17
-12
-13
0
-25
-20
-27
-44
-42
-57
-12
-28
-59
-30
-21
-22
-46
-35
-54
-49
-35
-44
-69
-85
-70
-50
-30
-23
-56
-48
-31
-40
-48
-39
-34
-44
-36
-27
-52
-75
-95
-76
-55
-72
-67
-53
-77
-70
-74
-83
-88
-82
-90
-100
-116
-122
-77
-87
-96
-114
-125
-101
-107
-154
-168
-203
-181
-140
-136
-157
-156
-146
-189
-168
-161
-175
-182
-173
-121
-110
-140
-153
-171
-178
-177
-175
-157
-151
-151
-193
-164
-171
-140
-119
-112
-118
-181
-142
-158
-121
-73
-105
-68
-75
-80
-102
-135
-170
-163
-103
-124
-97
-149
-145
-79
-103
-84
-104
-86
-105
-137
-121
-126
-116
-108
-86
-111
-90
-59
-56
-23
-25
-48
-30
-9
17
-35
-5
3
-10
-3
-9
31
25
19
42
-1
-3
16
-21
3
6
7
25
15
1
27
49
14
31
52
46
79
62
61
72
48
63
45
67
50
68
69
54
89
67
82
101
70
73
60
66
82
102
90
84
76
116
115
84
76
60
88
77
59
85
74
94
88
75
82
100
107
64
54
40
59
51
78
119
109
55
58
59
42
45
46
57
-3
40
45
6
46
39
62
69
36
29
18
-2
-7
-6
10
0
25
6
2
1
-33
7
-6
5
28
0
-30
-19
-38
-92
-31
-44
-65
-73
-98
-75
-61
-58
-12
-62
-95
-69
-98
-75
-85
-102
-43
-33
-36
-26
-47
-15
-9
-30
-52
-17
-9
-29
-17
0
-22
3
24
21
27
-13
1
16
52
33
41
31
18
37
14
32
50
26
79
70
69
96
93
78
68
73
83
80
95
129
78
102
104
83
69
70
110
101
93
122
84
108
133
129
130
110
132
91
141
143
160
166
126
167
133
135
177
137
161
164
185
208
158
149
133
158
142
138
181
180
161
197
173
132
166
170
149
143
176
135
121
141
140
111
138
113
98
88
102
123
70
103
126
97
81
30
31
56
46
5
6
31
38
43
45
20
42
37
9
-28
16
10
-42
25
-38
-39
-26
-55
-54
-23
-17
-18
-18
-37
-87
-90
-83
-86
-94
-87
-47
-54
-27
-37
-47
-53
-68
-13
-56
-62
-54
-71
-50
-48
-67
-34
-80
-75
-94
-87
-49
-75
-93
-70
-77
-64
-49
-71
-47
-59
-42
-9
-34
-73
-35
-47
-33
-69
-67
-32
4
-17
-3
-19
-8
27
-32
-43
7
-3
-54
-7
-47
-30
-17
-9
-18
21
11
-36
32
-15
0
40
-14
-1
-18
28
35
-4
62
24
23
36
21
-3
-29
26
22
23
67
51
70
63
38
51
45
64
25
21
31
25
80
98
41
70
73
65
52
83
98
89
55
68
67
47
46
59
59
92
88
76
45
48
69
64
45
35
69
28
11
45
16
38
67
12
7
5
33
31
19
26
23
-19
14
14
19
0
0
-20
-21
-5
-36
-35
-57
-64
-88
-63
-67
-78
-92
-103
-68
-82
-65
-66
-38
-52
-45
-57
-63
-74
-108
-59
-79
-58
-73
-42
-50
-93
-8
-64
-83
-69
-128
-83
-90
-85
-105
-71
-71
-97
-55
-51
-58
-78
-34
-53
-35
-51
-72
-8
-35
-16
28
-10
-6
-23
-18
25
28
42
27
17
-17
-8
34
15
41
41
31
14
25
43
-9
30
67
76
32
31
5
18
55
72
126
112
108
99
74
91
100
117
113
103
140
101
122
99
84
134
114
85
121
74
127
145
114
131
117
97
155
145
117
126
124
129
171
153
109
139
143
134
140
114
110
112
125
100
84
137
102
127
144
141
163
100
130
158
135
147
119
103
109
61
70
109
104
140
118
116
107
121
136
113
104
78
59
104
103
80
125
126
74
103
75
41
36
20
59
66
47
39
45
44
52
55
80
78
57
37
43
64
32
59
56
36
50
44
62
61
65
74
92
86
94
87
98
107
66
94
83
56
109
126
109
93
127
108
96
106
105
90
117
98
75
110
74
63
54
85
102
133
119
117
122
129
142
89
92
108
150
178
160
157
112
114
122
137
122
92
112
132
115
110
139
138
164
118
152
190
178
171
197
213
211
201
180
213
211
224
181
205
228
182
203
179
206
221
214
197
191
210
205
235
207
217
223
220
202
187
205
154
217
208
212
197
188
196
177
148
151
145
125
146
160
158
136
120
133
141
161
97
100
115
105
98
123
106
102
118
54
87
115
103
65
89
51
62
101
83
67
55
56
28
62
72
47
66
42
61
64
56
35
9
29
3
-6
37
-12
-9
31
29
48
21
-3
19
24
22
14
8
18
43
17
-2
-36
13
33
-7
-8
3
16
25
28
70
63
51
63
59
45
55
46
85
88
56
93
57
58
67
39
34
38
47
45
67
93
58
80
117
81
135
102
81
88
123
148
94
81
122
114
133
135
73
123
100
110
110
127
110
90
117
112
115
88
144
136
152
114
165
175
186
160
172
163
145
155
143
204
155
162
187
206
181
204
205
177
166
198
191
152
197
199
204
198
164
153
149
155
145
186
198
227
188
178
188
182
181
182
178
175
171
150
136
118
124
156
134
136
127
107
110
106
118
117
136
162
144
117
100
120
95
40
45
27
33
43
20
43
30
14
-14
15
25
2
16
18
16
10
37
-3
7
46
-9
-35
-10
-9
26
2
13
33
23
10
1
-9
-38
-40
-46
-4
-6
-10
-10
4
20
27
28
34
60
16
14
29
4
19
78
73
95
75
62
93
53
66
113
100
58
53
78
60
23
41
53
44
117
134
102
87
142
117
62
84
102
109
138
157
155
171
124
144
127
135
130
124
154
131
129
164
163
123
179
164
156
127
124
196
180
154
142
189
191
148
159
173
198
171
127
148
151
178
159
178
188
167
226
198
196
209
209
191
194
198
185
186
165
211
208
185
150
134
145
149
157
117
113
110
105
110
77
87
109
92
93
118
82
95
132
83
42
30
36
28
17
31
14
18
39
35
22
21
14
-19
3
49
43
45
22
18
32
39
56
65
38
-6
-4
-12
-16
-40
-39
-46
-38
-49
-68
-29
-12
-16
-15
-7
-18
-42
-61
-29
-13
-50
-51
-34
-60
-65
-59
-38
-65
-68
-57
-87
-37
-44
-72
-66
-72
-69
-46
-43
-44
-69
-53
-35
-20
-1
-12
-1
-17
-14
-5
9
8
32
56
36
19
28
22
66
63
63
75
10
4
-22
2
12
60
28
65
81
62
91
54
69
93
73
102
124
80
64
108
101
58
41
42
14
57
91
47
93
56
42
35
47
76
52
27
44
57
41
62
68
92
93
87
85
94
37
67
89
92
109
122
107
51
77
64
54
74
43
34
23
-9
14
8
3
53
-10
-32
-22
-20
-42
-51
-54
-54
-75
-22
-7
-64
-63
-43
-39
-79
-81
-58
-69
-49
-71
-99
-85
-109
-104
-61
-100
-93
-65
-69
-53
-58
-98
-79
-93
-147
-74
-93
-83
-75
-119
-111
-111
-145
-146
-138
-130
-131
-124
-128
-125
-124
-123
-155
-133
-128
-129
-183
-193
-161
-200
-168
-183
-186
-176
-172
-201
-182
-164
-171
-147
-148
-98
-128
-158
-193
-164
-164
-149
-140
-141
-141
-176
-105
-138
-141
-126
-111
-92
-98
-119
-131
-126
-138
-97
-122
-100
-77
-90
-49
-41
-20
-29
-24
-30
-42
-39
-32
-15
-51
-49
-55
-20
-30
-18
38
-9
-2
-21
-13
-18
-3
21
1
-1
-5
-9
-11
2
-75
-34
-26
-47
-39
-23
-30
-50
-27
-52
-49
-69
-67
-68
-22
-32
-30
-45
-46
-38
-80
-101
-67
-49
-70
-50
-50
-75
-92
-76
-49
-57
-112
-93
-91
-109
-108
-111
-46
-104
-91
-135
-107
-107
-128
-140
-112
-104
-136
-124
-137
-106
-133
-141
-121
-120
-113
-127
-110
-124
-130
-111
-151
-133
-147
-141
-134
-134
-141
-188
-156
-149
-209
-174
-172
-187
-140
-199
-186
-169
-142
-162
-191
-164
-150
-134
-132
-156
-124
-117
-134
-143
-180
-198
-132
-126
-154
-130
-116
-147
-107
-131
-120
-87
-80
-56
-106
-91
-101
-102
-91
-61
-71
-74
-86
-52
-78
-97
-114
-125
-55
-61
-43
-60
-52
-65
-48
-74
-31
-71
-39
16
-11
-35
-17
-18
-25
10
-27
-11
-37
4
19
5
18
-16
-26
14
31
22
0
-9
-5
36
36
37
22
46
68
15
8
77
51
40
91
84
106
81
94
84
89
122
83
102
95
147
133
93
115
119
78
100
124
82
58
-4
31
37
25
86
50
42
66
70
54
42
58
25
36
89
40
14
53
43
14
16
19
-15
8
-22
-3
-5
-40
-34
-44
-14
-7
-32
-8
-22
-30
-30
-52
-29
-33
-32
-50
-73
-24
-18
-31
-15
8
-8
-8
-3
-1
-3
-6
38
2
-26
1
3
5
-28
-2
-19
-63
-25
-3
14
-5
-4
38
38
46
72
42
32
63
46
87
74
30
72
47
37
56
72
77
69
88
68
65
65
84
62
51
80
55
69
44
92
117
128
110
116
133
119
103
87
72
92
112
81
129
86
113
132
116
133
109
132
132
97
133
98
102
96
84
103
102
109
89
146
120
131
120
107
149
133
129
86
82
103
115
113
125
113
118
106
107
116
101
149
107
100
93
97
82
31
85
83
107
105
83
36
57
66
51
46
46
59
59
34
40
32
37
45
19
-8
-7
24
34
20
23
-12
-33
-15
-25
-23
-20
0
-29
-18
-12
-14
-20
5
-4
-11
7
-2
-2
2
-28
-57
-34
-66
-40
-67
-120
-93
-91
-73
-55
-45
-80
-60
-39
-60
-65
-44
-53
-51
-48
-74
-60
-75
-76
-65
-66
-81
-35
-65
-57
-76
-82
-49
-77
-39
-27
-29
-53
-29
-46
-35
-79
-68
-54
-44
-17
-39
-11
1
-28
-25
-57
-60
-30
-26
-18
-58
-42
-53
-22
-19
-50
-32
-70
-38
-25
-24
-16
-28
-57
-82
-64
-53
-20
-33
-36
-39
-21
-7
-32
-32
-52
-12
-27
-27
-21
-22
-7
23
19
0
36
3
-2
13
6
8
31
-13
31
29
49
47
-1
28
16
10
-27
-29
-15
2
-54
-33
-7
-55
-7
-16
-40
-47
-33
-33
-65
-61
-59
-31
-115
-113
-121
-91
-94
-117
-61
-118
-73
-71
-113
-99
-77
-100
-83
-98
-110
-102
-96
-75
-72
-71
-89
-108
-118
-87
-125
-160
-154
-175
-154
-205
-187
-200
-216
-199
-172
-150
-169
-122
-107
-106
-65
-76
-88
-45
-73
-47
-28
-40
-45
-22
2
17
11
-7
0
5
37
24
12
5
-28
-52
-68
-103
-106
-154
-166
-156
-207
-238
-210
-199
-153
-143
-119
-124
-94
-66
-62
-39
-71
-98
-78
-75
-55
-19
-13
39
59
42
112
114
149
165
186
205
165
168
161
185
144
165
171
111
91
72
35
-27
-89
-140
-188
-217
-184
-159
-175
-97
-78
10
88
122
173
201
188
180
149
122
87
70
4
-11
-28
-6
5
21
86
120
127
140
188
151
103
70
28
45
54
-8
13
-25
-15
11
80
124
107
121
80
84
20
4
40
1
-29
-73
-89
-93
-81
-19
-6
-3
12
45
58
53
58
24
36
49
45
36
44
33
46
73
56
61
77
74
56
36
9
-25
-66
-106
-123
-131
-146
-112
-136
-94
-64
-59
-59
-29
-14
-12
-16
-27
14
-60
19
57
-10
5
64
78
58
66
63
79
97
90
82
46
9
16
10
-42
-47
-38
-55
-19
-20
-19
-35
-25
8
8
21
44
-6
-25
-7
-33
-35
8
-16
14
61
42
58
93
126
121
134
139
130
158
125
91
72
97
107
91
74
79
100
108
70
106
100
89
102
91
68
61
47
-17
54
42
83
103
120
158
146
174
151
152
163
127
116
110
138
118
103
119
100
114
98
83
104
58
71
93
61
67
38
24
10
6
-15
-17
24
33
35
86
53
94
95
61
73
95
69
38
50
0
-2
19
6
-29
-14
-17
-19
-35
-50
-7
-43
-52
-81
-96
-95
-111
-84
-82
-111
-89
-59
-56
-57
-47
-72
-60
-69
-84
-101
-130
-133
-140
-167
-173
-149
-131
-140
-114
-112
-137
-135
-122
-108
-100
-80
-102
-84
-110
-99
-93
-117
-102
-106
-93
-91
-73
-74
-101
-93
-95
-137
-136
-111
-108
-140
-75
-80
-90
-91
-66
-43
-33
-16
-91
-36
-37
-67
-42
-64
-71
-95
-102
-103
-86
-45
-81
-75
-58
-53
-19
-56
-46
-57
-67
-107
-84
-99
-111
-94
-121
-84
-60
-69
-29
-42
-76
-16
-56
-39
4
2
-11
-46
-39
-59
-43
-40
-38
-69
-91
-49
-25
-45
-43
-46
-85
-94
-110
-110
-76
-90
-67
-85
-101
-103
-129
-75
-84
-39
-85
-74
-111
-81
-108
-133
-113
-117
-106
-93
-105
-124
-102
-157
-119
-133
-148
-148
-130
-128
-122
-121
-133
-135
-145
-136
-185
-165
-168
-186
-162
-181
-222
-237
-170
-154
-160
-186
-203
-214
-200
-175
-203
-192
-193
-236
-231
-197
-179
-204
-192
-209
-229
-232
-208
-237
-263
-250
-234
-229
-255
-248
-222
-217
-259
-254
-256
-226
-235
-232
-240
-268
-235
-216
-207
-223
-220
-196
-198
-203
-164
-208
-219
-227
-213
-191
-221
-190
-204
-158
-197
-210
-200
-161
-164
-188
-152
-189
-176
-192
-202
-192
-186
-170
-184
-190
-167
-143
-151
-152
-149
-126
-128
-131
-88
-89
-120
-109
-98
-93
-120
-113
-85
-80
-96
-101
-43
-94
-79
-67
-85
-97
-87
-68
-84
-66
-77
-85
-130
-99
-115
-92
-68
-106
-49
-57
-72
-99
-108
-121
-130
-132
-104
-121
-89
-85
-141
-143
-122
-95
-90
-73
-67
-52
-57
-94
-147
-128
-109
-99
-100
-142
-133
-124
-97
-107
-90
-136
-160
-127
-129
-105
-159
-145
-155
-140
-120
-98
-132
-113
-107
-166
-153
-126
-124
-85
-119
-112
-128
-132
-116
-125
-116
-158
-169
-182
-204
-195
-192
-150
-157
-198
-187
-196
-163
-191
-188
-163
-147
-113
-141
-158
-148
-128
-118
-82
-61
-80
-52
-57
-106
-61
-120
-109
-105
-122
-104
-93
-116
-142
-105
-100
-79
-97
-92
-67
-57
-57
-86
-61
-51
-89
-43
-38
-69
-78
-26
-19
-24
-28
-23
-15
5
16
-20
-15
13
-3
0
-15
-11
20
-23
-25
-32
-19
-10
-13
6
1
-5
43
16
14
61
72
105
86
94
84
78
102
105
83
56
93
35
79
101
78
87
42
43
54
45
55
42
58
98
67
66
41
46
47
55
51
35
40
29
41
76
75
86
110
94
64
65
39
59
45
40
25
70
83
38
58
45
17
14
45
43
34
5
8
-19
-3
-35
-50
-26
-74
-72
-74
-87
-93
-64
-74
-27
7
-11
-25
-43
-31
-46
-56
-68
-71
-87
-96
-82
-94
-61
-37
-104
-39
-47
-31
7
-20
-20
-67
-76
-35
-37
-81
-69
-56
-46
-55
-25
-1
-44
-80
-72
-30
-88
-74
-36
-42
-22
-24
2
41
10
-11
0
-6
9
1
20
16
8
-6
14
43
47
14
60
31
77
76
41
39
-16
-32
-22
23
26
-18
-17
0
28
55
76
105
52
44
25
16
-12
15
10
-16
-33
-49
-10
6
-30
-42
15
16
59
117
112
101
62
56
54
15
-15
-19
-39
-65
-7
22
50
53
98
128
181
182
116
98
-6
-81
-144
-196
-224
-179
-152
-150
-161
-89
20
57
79
67
72
50
15
3
-78
-138
-165
-162
-134
-163
-131
-150
-114
-69
-45
-28
-36
-10
-56
-147
-152
-164
-156
-173
-208
-188
-138
-173
-130
-98
-138
-126
-125
-154
-157
-164
-206
-195
-163
-137
-117
-61
-89
-122
-83
-103
-117
-153
-147
-146
-142
-162
-131
-139
-150
-112
-107
-78
-154
-139
-116
-158
-161
-154
-156
-192
-180
-148
-129
-137
-135
-109
-104
-64
-14
33
-11
-48
-58
-62
-95
-109
-126
-164
-170
-184
-161
-148
-148
-97
-98
-76
-91
-50
15
34
39
13
18
-6
18
34
35
27
38
57
71
6
-19
-52
-50
-94
-115
-115
-125
-93
-95
-57
-14
23
64
139
143
166
153
142
104
85
71
51
74
95
74
94
68
112
100
98
124
37
50
-37
-53
-63
-166
-161
-163
-147
-147
-98
19
49
83
150
209
188
196
228
178
148
68
35
24
-30
-59
-99
-85
-102
-133
-93
-97
-40
-51
-65
-72
-69
-7
22
29
54
85
106
124
82
70
69
-14
-53
-59
-68
-72
-118
-84
-99
-56
-10
-4
52
62
74
92
43
60
19
-3
0
-18
1
-13
-4
7
23
-4
11
3
-40
-33
-87
-102
-100
-115
-71
-66
-59
-25
-14
24
81
99
90
109
50
18
80
60
29
21
-17
0
14
63
84
59
38
38
80
82
74
37
16
73
85
148
155
152
165
138
139
147
148
191
162
160
199
153
173
206
201
165
134
150
148
145
156
124
151
176
149
183
168
182
159
157
169
164
155
152
160
110
132
155
171
215
185
192
202
228
226
198
167
110
62
29
9
-37
-61
-24
-17
64
137
215
243
256
275
263
254
188
180
85
2
-61
-68
-63
-58
-27
41
84
116
177
181
164
109
126
99
76
57
38
38
22
14
49
38
71
75
58
68
44
106
118
73
46
43
-8
4
-5
-27
-14
31
11
31
67
-13
24
41
47
57
9
-16
-11
-25
-37
-28
-35
8
65
108
80
80
102
57
77
92
62
-9
-58
-136
-177
-209
-169
-124
-110
-80
-73
-16
29
28
56
35
-35
-6
-18
-38
-62
-71
-6
-36
-65
-24
-3
0
-14
-11
24
50
29
50
34
27
28
17
33
12
54
85
104
110
113
151
152
197
250
285
245
285
283
230
234
193
161
98
111
122
97
121
131
164
186
174
209
217
223
210
177
96
99
117
59
88
57
22
-12
-28
-41
-71
-24
-45
-18
3
21
22
-3
-33
-70
-98
-96
-87
-95
-175
-174
-164
-141
-147
-95
-91
-98
-137
-112
-101
-121
-141
-150
-173
-202
-158
-220
-167
-186
-192
-177
-127
-70
-82
-57
-74
-78
-56
-52
-67
-43
3
18
-20
27
63
53
18
22
63
45
58
57
67
-10
-36
-6
-18
-39
-74
-58
-65
-77
-86
-101
-105
-142
-164
-138
-159
-173
-162
-195
-168
-157
-170
-118
-101
-117
-134
-143
-178
-218
-240
-331
-331
-352
-384
-399
-370
-353
-361
-331
-282
-241
-265
-249
-252
-271
-271
-277
-270
-292
-297
-275
-277
-217
-192
-149
-77
-42
-18
-16
-12
-33
22
18
-9
-30
-16
-29
1
56
68
128
133
176
169
224
227
217
225
220
250
205
222
208
200
210
183
178
178
178
134
118
121
107
84
93
120
119
147
150
145
169
154
159
122
121
97
-6
7
-64
-69
-62
-125
-151
-129
-143
-198
-216
-271
-283
-352
-335
-347
-349
-327
-351
-364
-300
-275
-294
-260
-257
-190
-234
-270
-308
-348
-314
-346
-403
-397
-324
-285
-215
-162
-92
-46
-26
-47
-80
-97
-55
-74
-73
-30
-4
17
20
105
112
127
132
122
120
57
97
117
104
116
157
184
219
265
266
286
313
323
313
273
215
230
166
186
173
112
114
87
83
100
92
36
64
38
5
-18
-61
-75
-108
-157
-161
-186
-136
-149
-170
-165
-212
-268
-328
-352
-388
-408
-476
-463
-466
-484
-504
-518
-478
-465
-417
-380
-386
-388
-364
-328
-334
-327
-318
-266
-242
-239
-202
-142
-122
-107
-79
-59
-41
-12
61
82
121
171
155
208
278
325
390
444
512
533
497
531
529
542
595
555
561
587
602
592
545
533
485
431
446
421
429
429
431
450
433
468
510
534
473
443
492
453
384
327
242
193
96
59
-17
-53
-43
-125
-208
-253
-298
-343
-361
-401
-420
-461
-497
-496
-518
-518
-566
-569
-594
-588
-623
-659
-627
-707
-711
-770
-797
-792
-806
-811
-748
-651
-582
-568
-544
-451
-438
-410
-385
-388
-393
-391
-377
-328
-289
-235
-177
-78
-26
55
127
158
216
254
276
281
346
385
396
393
400
433
487
546
608
622
694
760
749
771
786
754
691
664
660
673
685
671
676
702
753
813
836
803
763
738
657
568
477
354
262
147
49
4
-58
-132
-214
-236
-295
-360
-401
-487
-540
-592
-625
-679
-723
-756
-760
-747
-775
-753
-752
-732
-796
-837
-854
-913
-930
-980
-1004
-979
-1005
-1001
-944
-888
-793
-740
-684
-621
-580
-530
-505
-475
-478
-477
-430
-400
-364
-298
-244
-132
-23
44
132
200
286
344
371
407
448
532
525
578
644
671
721
831
952
1038
1118
1265
1405
1478
1577
1680
1737
1766
1829
1899
1917
1957
2041
2101
2171
2234
2278
2218
2200
2072
1801
1530
1109
659
191
-406
-991
-1531
-2028
-2437
-2662
-2770
-2744
-2615
-2375
-2012
-1611
-1218
-805
-456
-209
-27
14
-10
-122
-314
-586
-848
-1140
-1387
-1583
-1815
-1971
-2053
-2104
-2169
-2115
-2056
-1960
-1804
-1620
-1446
-1270
-1034
-838
-691
-556
-484
-451
-395
-458
-544
-627
-683
-748
-763
-734
-666
-538
-369
-206
4
205
382
615
760
895
1004
1082
1102
1111
1100
1128
1144
1234
1409
1562
1778
2045
2347
2648
3043
3417
3725
4064
4407
4706
4831
4832
4641
4243
3617
2580
1295
-158
-1685
-3167
-4518
-5496
-6229
-6434
-6138
-5440
-4319
-2962
-1423
67
1525
2719
3636
4186
4341
4160
3646
2980
2222
1432
663
-15
-546
-936
-1209
-1358
-1428
-1563
-1717
-1916
-2190
-2476
-2721
-3008
-3144
-3163
-3140
-2866
-2353
-1654
-934
-259
393
934
1315
1466
1438
1111
591
9
-635
-1197
-1667
-2005
-2184
-2140
-2006
-1648
-1249
-859
-515
-325
-217
-218
-275
-407
-645
-839
-957
-989
-890
-708
-476
-218
-22
206
383
432
441
365
301
207
140
147
233
424
739
1070
1514
2014
2500
2996
3408
3842
4255
4678
5039
5342
5649
5906
5938
5468
4385
2714
842
-1023
-2959
-4958
-6832
-8246
-8978
-8885
-8064
-6660
-4899
-2888
-782
1323
3292
4905
5840
6138
5955
5345
4562
3664
2547
1405
389
-394
-808
-959
-1001
-1141
-1267
-1463
-1727
-1938
-2348
-2873
-3466
-3952
-4221
-4152
-3730
-3058
-2189
-1218
-116
1006
2041
2773
3018
2915
2392
1662
829
-191
-1204
-2134
-2820
-3099
-3030
-2706
-2210
-1630
-1038
-475
-49
262
332
194
-105
-460
-673
-842
-917
-943
-777
-509
-155
217
488
669
711
660
610
519
321
174
70
128
310
667
1116
1658
2188
2754
3377
3930
4466
4882
5279
5727
6231
6871
7496
7672
7085
5547
3523
1492
-588
-2892
-5474
-7909
-9714
-10446
-10136
-9070
-7460
-5508
-3217
-700
1897
4305
6084
7084
7278
6905
6305
5465
4415
3085
1627
393
-384
-723
-852
-984
-1228
-1531
-1799
-2046
-2352
-2864
-3581
-4262
-4746
-4885
-4593
-4076
-3407
-2435
-1301
-47
1233
2254
2921
3178
2961
2525
1845
858
-244
-1396
-2369
-3038
-3261
-3179
-2884
-2430
-1925
-1204
-548
-41
214
214
51
-286
-565
-839
-1035
-1207
-1270
-1107
-779
-402
-27
276
460
492
487
489
390
165
-138
-320
-289
-103
222
601
1037
1557
2067
2612
3096
3517
3859
4174
4566
5094
5738
6513
7362
8202
8662
8140
6499
4190
1921
-375
-3091
-6159
-9078
-11090
-11828
-11499
-10306
-8489
-6188
-3435
-426
2545
5215
7262
8348
8459
7906
7055
6085
4808
3203
1510
110
-663
-928
-982
-1071
-1203
-1396
-1641
-1861
-2185
-2805
-3667
-4550
-5211
-5357
-5156
-4636
-3832
-2691
-1249
272
1739
3008
3778
3925
3702
3104
2210
991
-391
-1785
-2935
-3678
-3932
-3756
-3346
-2809
-2069
-1231
-415
166
366
310
5
-406
-784
-1133
-1453
-1615
-1664
-1469
-1059
-581
-156
197
386
460
487
403
214
-129
-426
-606
-566
-349
-6
476
965
1488
2076
2690
3203
3599
3885
4159
4585
5075
5747
6575
7473
8255
8529
7896
6256
4077
1854
-602
-3491
-6616
-9379
-11268
-12050
-11736
-10637
-8763
-6337
-3493
-441
2562
5200
7142
8249
8489
7994
7178
6154
4762
3116
1458
142
-670
-1031
-1171
-1327
-1453
-1601
-1853
-2160
-2463
-3086
-3936
-4684
-5270
-5356
-5099
-4616
-3830
-2632
-1140
367
1807
3000
3770
3931
3696
3152
2237
1025
-403
-1740
-2829
-3509
-3735
-3632
-3244
-2694
-1994
-1177
-408
139
308
250
-12
-380
-747
-1052
-1300
-1522
-1546
-1301
-900
-411
24
317
546
621
548
469
256
-44
-386
-589
-572
-390
-41
373
870
1429
1964
2528
3049
3321
3594
3849
4232
4697
5285
6004
6817
7728
8496
8741
7967
6188
3944
1670
-923
-3934
-7127
-9879
-11687
-12402
-12037
-10779
-8779
-6159
-3273
-183
2900
5546
7493
8490
8570
8028
7181
6059
4632
2914
1208
-132
-857
-1202
-1371
-1477
-1528
-1685
-1949
-2205
-2582
-3225
-4129
-4943
-5447
-5515
-5166
-4596
-3718
-2522
-1110
374
1868
3123
3805
3889
3525
2910
2007
756
-673
-2023
-3143
-3828
-4029
-3836
-3393
-2812
-2082
-1254
-512
-3
193
117
-154
-547
-918
-1196
-1393
-1544
-1618
-1339
-863
-328
63
387
526
543
524
366
115
-214
-573
-771
-694
-520
-150
320
831
1429
2023
2569
3087
3499
3826
4118
4501
4995
5654
6364
7117
7933
8600
8807
8167
6677
4457
2024
-648
-3474
-6580
-9369
-11284
-12176
-11929
-10834
-8929
-6434
-3600
-552
2473
5183
7311
8462
8769
8440
7597
6456
5078
3479
1866
484
-426
-873
-1150
-1268
-1372
-1551
-1823
-2118
-2525
-3115
-3940
-4757
-5334
-5572
-5387
-4898
-4002
-2785
-1318
237
1766
3104
3933
4229
3989
3368
2380
1127
-295
-1649
-2864
-3711
-4058
-3988
-3636
-3058
-2326
-1545
-837
-287
-48
-38
-215
-528
-874
-1230
-1403
-1531
-1481
-1236
-814
-363
123
415
595
605
456
286
14
-350
-750
-939
-946
-770
-389
85
661
1270
1902
2576
3125
3671
4081
4478
4964
5503
6110
6799
7515
8151
8529
8498
7857
6350
4098
1558
-1157
-4044
-6892
-9502
-11374
-12232
-12025
-10957
-9103
-6612
-3824
-829
2105
4740
6760
8005
8451
8186
7396
6326
5000
3536
2011
696
-207
-770
-1026
-1197
-1371
-1571
-1888
-2267
-2794
-3441
-4175
-4936
-5470
-5691
-5555
-5023
-4057
-2825
-1354
155
1615
2890
3748
4081
3935
3323
2356
1125
-170
-1457
-2595
-3389
-3787
-3770
-3518
-3022
-2353
-1647
-983
-435
-163
-137
-290
-556
-899
-1183
-1377
-1435
-1315
-1105
-699
-260
143
447
631
650
511
299
-22
-375
-707
-936
-957
-797
-452
37
613
1193
1817
2447
3047
3584
4050
4553
5088
5628
6291
7034
7752
8443
8824
8756
8031
6422
4087
1457
-1343
-4265
-7216
-9853
-11747
-12629
-12429
-11254
-9362
-6878
-3995
-944
2036
4654
6666
7853
8308
8039
7219
6160
4886
3429
1938
693
-206
-677
-957
-1127
-1335
-1593
-1940
-2417
-2962
-3639
-4477
-5296
-5835
-6003
-5882
-5296
-4308
-3073
-1608
-51
1488
2763
3583
3942
3767
3157
2187
952
-373
-1705
-2857
-3685
-4060
-4050
-3721
-3139
-2478
-1738
-1025
-555
-271
-199
-388
-672
-969
-1246
-1429
-1556
-1462
-1201
-873
-471
-106
225
383
357
209
-31
-407
-770
-1061
-1229
-1246
-1087
-684
-166
404
1026
1692
2283
2846
3289
3693
4073
4454
4937
5485
6225
7138
7914
8556
8939
8802
7874
6091
3690
963
-1901
-4955
-8007
-10557
-12208
-12844
-12370
-11003
-8917
-6278
-3316
-136
2842
5395
7245
8259
8492
8029
7159
6030
4639
3084
1606
408
-380
-699
-868
-1059
-1243
-1514
-1826
-2351
-2962
-3709
-4623
-5444
-6077
-6334
-6143
-5425
-4322
-2895
-1358
276
1878
3164
3947
4192
3940
3146
2030
724
-696
-2081
-3260
-3978
-4289
-4232
-3775
-3079
-2305
-1522
-881
-385
-182
-182
-388
-794
-1149
-1469
-1653
-1676
-1567
-1257
-831
-414
20
289
413
331
136
-222
-622
-960
-1285
-1415
-1373
-1124
-626
31
723
1394
2138
2772
3314
3765
4119
4450
4747
5161
5681
6365
7152
7936
8465
8681
8304
7102
5123
2734
95
-2767
-5803
-8746
-11023
-12305
-12563
-11860
-10372
-8210
-5452
-2387
719
3616
5943
7510
8343
8362
7865
7032
5814
4376
2815
1421
379
-243
-519
-715
-980
-1231
-1493
-1863
-2311
-2978
-3797
-4732
-5543
-6033
-6160
-5834
-5074
-3898
-2465
-855
834
2383
3549
4155
4331
3994
3110
1938
617
-760
-2127
-3146
-3776
-3916
-3697
-3196
-2530
-1791
-1072
-481
-55
51
-43
-348
-700
-1077
-1347
-1512
-1506
-1287
-980
-553
-173
182
437
468
371
127
-181
-555
-947
-1135
-1164
-1029
-653
-134
499
1161
1840
2532
3165
3650
4012
4344
4612
4972
5473
6045
6805
7567
8209
8622
8565
7812
6244
4027
1526
-1221
-4151
-7152
-9821
-11637
-12480
-12295
-11252
-9434
-7067
-4224
-1150
1857
4474
6491
7773
8249
8062
7402
6433
5190
3740
2298
1083
273
-215
-491
-659
-882
-1181
-1522
-1992
-2592
-3389
-4306
-5183
-5868
-6103
-5990
-5402
-4483
-3261
-1737
-109
1498
2798
3730
4140
4009
3494
2618
1438
133
-1215
-2392
-3218
-3608
-3590
-3308
-2773
-2153
-1422
-783
-290
7
-16
-221
-547
-892
-1130
-1348
-1463
-1379
-1184
-793
-378
82
348
453
460
311
128
-154
-492
-775
-906
-887
-687
-273
256
810
1346
1965
2514
3070
3532
3851
4136
4492
4986
5485
6164
7049
7910
8685
9093
8921
7947
6216
3983
1416
-1408
-4576
-7675
-10257
-11931
-12541
-12172
-10989
-9040
-6492
-3545
-363
2636
5155
7019
8017
8326
8054
7380
6374
5037
3555
2175
1084
410
68
-141
-390
-640
-958
-1348
-1910
-2651
-3517
-4635
-5593
-6219
-6476
-6301
-5715
-4704
-3350
-1700
57
1783
3183
4056
4435
4335
3748
2755
1487
157
-1257
-2408
-3230
-3621
-3623
-3424
-2879
-2214
-1529
-882
-428
-232
-236
-483
-778
-1086
-1366
-1466
-1548
-1427
-1088
-658
-199
145
468
585
546
424
133
-237
-628
-952
-1094
-1043
-823
-486
89
655
1291
1914
2504
3058
3386
3826
4157
4558
5009
5623
6362
7237
8225
8946
9120
8476
7054
5058
2772
134
-2846
-6063
-8999
-11190
-12270
-12385
-11610
-10116
-8008
-5334
-2302
769
3615
5847
7241
7911
7939
7619
6900
5832
4456
2973
1794
1064
657
432
167
-153
-496
-849
-1362
-1982
-2866
-3996
-5094
-5943
-6387
-6339
-6006
-5255
-4055
-2642
-965
792
2424
3552
4164
4298
4039
3380
2353
1119
-257
-1575
-2603
-3167
-3317
-3249
-2980
-2523
-1905
-1301
-811
-525
-451
-596
-883
-1111
-1294
-1433
-1500
-1396
-1165
-796
-330
160
497
650
673
560
333
-19
-367
-811
-1124
-1228
-1123
-865
-459
36
595
1162
1772
2353
2764
3118
3464
3822
4249
4764
5381
6143
7107
8098
8820
8961
8269
6834
4867
2563
-9
-2930
-6105
-8965
-11024
-12066
-12163
-11434
-9979
-7890
-5337
-2400
613
3325
5484
6819
7422
7478
7241
6617
5602
4318
2986
1918
1159
753
517
260
-33
-438
-843
-1344
-2002
-2851
-3965
-5071
-5894
-6286
-6309
-6030
-5368
-4307
-2977
-1358
364
1965
3143
3764
4039
3929
3375
2488
1328
23
-1155
-2182
-2780
-2972
-2990
-2819
-2449
-1914
-1359
-863
-554
-444
-550
-783
-946
-1070
-1164
-1212
-1197
-972
-645
-258
144
447
602
635
503
340
99
-244
-592
-881
-975
-860
-567
-123
367
867
1424
2012
2575
3019
3373
3752
4103
4559
5174
5909
6757
7694
8541
8917
8598
7568
5890
3822
1437
-1298
-4285
-7279
-9704
-11262
-11864
-11503
-10436
-8744
-6436
-3765
-895
1880
4251
5963
6966
7362
7269
6863
6071
5027
3747
2585
1729
1122
820
554
332
50
-383
-881
-1422
-2163
-3157
-4302
-5265
-5906
-6343
-6326
-5943
-5175
-3998
-2539
-844
780
2187
3216
3800
4023
3791
3153
2215
1016
-236
-1344
-2145
-2635
-2856
-2845
-2604
-2211
-1653
-1131
-723
-515
-564
-700
-860
-1014
-1111
-1162
-1183
-1060
-788
-431
3
385
630
731
675
587
341
-8
-366
-694
-916
-929
-760
-397
-1
504
1051
1640
2272
2815
3280
3681
4159
4581
5146
5827
6561
7368
8170
8747
8787
8031
6599
4643
2419
-97
-2836
-5784
-8428
-10337
-11338
-11428
-10722
-9297
-7384
-4969
-2282
519
3043
5088
6398
7082
7251
7013
6514
5656
4530
3393
2389
1691
1225
945
760
421
66
-423
-959
-1643
-2581
-3604
-4682
-5605
-6295
-6536
-6357
-5769
-4801
-3514
-1943
-229
1327
2651
3608
4054
4040
3634
2902
1887
680
-491
-1462
-2187
-2577
-2686
-2589
-2331
-1964
-1557
-1158
-864
-739
-784
-954
-1152
-1300
-1443
-1431
-1321
-1066
-750
-341
91
429
672
700
646
505
235
-79
-404
-679
-822
-739
-524
-118
387
954
1528
2158
2737
3320
3856
4347
4831
5380
5974
6585
7284
7868
8135
7697
6674
5141
3238
883
-2067
-5401
-8269
-10073
-11065
-11536
-11272
-10114
-8071
-5521
-2662
417
3033
4922
6044
6833
7203
6906
6005
4785
3512
2164
1185
654
440
202
16
9
88
115
-85
-673
-1580
-2677
-3853
-4820
-5503
-6024
-6331
-6112
-5373
-4202
-2712
-1054
450
1712
2647
3292
3605
3405
2740
1751
713
-305
-1208
-1762
-2165
-2420
-2505
-2222
-1692
-1287
-1056
-924
-943
-1068
-1251
-1377
-1522
-1677
-1786
-1657
-1316
-871
-382
51
495
638
755
782
668
325
-205
-625
-896
-1055
-1072
-928
-675
-290
206
805
1463
2029
2470
2772
3110
3420
3749
4165
4638
5109
5598
6272
6931
7380
7244
6559
5325
3644
1725
-484
-2756
-5135
-7357
-8940
-9823
-9912
-9296
-8086
-6405
-4435
-2248
58
2151
3825
4895
5450
5575
5349
4857
4052
3096
2163
1284
673
317
143
15
-192
-366
-638
-979
-1453
-2103
-2913
-3789
-4529
-4988
-5154
-5041
-4651
-4015
-3086
-1949
-657
571
1445
2065
2347
2334
2146
1602
911
100
-695
-1380
-1854
-2006
-2075
-2047
-1918
-1632
-1356
-1114
-935
-864
-960
-1105
-1192
-1297
-1265
-1259
-1191
-999
-742
-439
-137
84
197
169
30
-104
-275
-460
-654
-768
-836
-738
-498
-160
313
701
1164
1645
2120
2569
2861
3177
3492
3847
4247
4727
5255
5735
6133
6411
6423
6039
5319
4088
2480
623
-1321
-3306
-5208
-6745
-7942
-8514
-8412
-7722
-6548
-5019
-3267
-1393
433
2155
3476
4349
4740
4767
4500
3966
3305
2575
1792
1102
509
79
-119
-292
-456
-712
-983
-1399
-1810
-2269
-2848
-3403
-3873
-4139
-4107
-3873
-3470
-2793
-1994
-1179
-281
560
1186
1535
1643
1500
1156
712
137
-412
-949
-1404
-1683
-1763
-1735
-1570
-1381
-1163
-953
-804
-733
-721
-793
-926
-1101
-1196
-1212
-1208
-1104
-1001
-780
-579
-372
-205
-103
-99
-178
-203
-320
-409
-465
-482
-469
-335
-76
284
690
1020
1415
1792
2157
2515
2843
3167
3482
3863
4239
4682
5105
5489
5899
6089
5945
5494
4716
3624
2124
424
-1363
-3116
-4740
-6143
-7053
-7500
-7407
-6779
-5712
-4345
-2770
-1135
474
1905
3054
3812
4206
4270
4021
3605
2987
2316
1662
1038
530
135
-144
-359
-569
-789
-1008
-1299
-1696
-2096
-2558
-2941
-3227
-3396
-3376
-3154
-2777
-2245
-1534
-826
-128
439
913
1125
1188
1104
825
453
-11
-429
-811
-1101
-1262
-1303
-1236
-1075
-862
-670
-542
-411
-453
-523
-627
-791
-903
-1020
-1084
-1107
-1077
-937
-700
-599
-440
-294
-174
-147
-86
-112
-189
-153
-146
-123
3
148
400
663
955
1304
1685
2020
2354
2704
3011
3390
3737
4138
4520
4900
5266
5609
5840
5831
5490
4846
3907
2615
1106
-488
-2184
-3734
-5138
-6236
-6814
-6977
-6639
-5884
-4792
-3439
-1950
-406
978
2173
3062
3620
3820
3790
3516
3056
2497
1863
1279
755
350
6
-283
-506
-747
-990
-1226
-1594
-1997
-2412
-2816
-3071
-3298
-3402
-3276
-2953
-2531
-2011
-1351
-657
-75
434
799
934
926
794
496
148
-230
-627
-857
-1058
-1171
-1136
-1044
-892
-723
-646
-569
-524
-534
-647
-782
-911
-1057
-1167
-1205
-1219
-1144
-1071
-922
-740
-611
-460
-358
-288
-218
-212
-176
-118
-70
23
169
405
663
968
1218
1528
1872
2156
2446
2757
3076
3389
3703
4055
4359
4700
5050
5337
5393
5208
4813
4101
3083
1786
329
-1183
-2704
-4098
-5236
-5999
-6380
-6324
-5860
-5055
-3902
-2657
-1289
66
1225
2183
2871
3255
3384
3262
2921
2537
2003
1474
971
535
162
-161
-388
-644
-876
-1207
-1477
-1833
-2245
-2638
-2954
-3232
-3375
-3363
-3225
-2866
-2435
-1851
-1201
-577
-90
319
606
702
640
456
163
-161
-499
-794
-941
-1046
-1086
-1002
-914
-798
-695
-658
-611
-686
-796
-948
-1160
-1287
-1427
-1487
-1508
-1417
-1261
-1043
-798
-535
-377
-266
-124
-15
-8
5
9
-41
44
154
298
529
749
1003
1324
1597
1923
2230
2519
2796
3083
3390
3729
4096
4376
4728
5022
5192
5195
4911
4386
3561
2410
1053
-371
-1795
-3195
-4433
-5366
-5951
-6079
-5836
-5175
-4227
-3119
-1826
-537
670
1710
2480
2971
3248
3240
3071
2763
2321
1830
1323
914
540
218
-62
-269
-531
-795
-1081
-1410
-1779
-2188
-2550
-2914
-3156
-3265
-3253
-2995
-2621
-2100
-1508
-907
-308
196
536
778
907
833
665
406
135
-181
-448
-627
-739
-802
-821
-745
-748
-736
-677
-776
-856
-994
-1150
-1282
-1352
-1402
-1394
-1336
-1212
-1033
-869
-623
-489
-307
-145
-95
21
95
111
186
237
308
436
615
836
1049
1267
1504
1780
2046
2283
2548
2862
3164
3513
3879
4261
4621
4920
5154
5195
5035
4574
3833
2838
1590
226
-1172
-2589
-3788
-4797
-5444
-5676
-5570
-5050
-4234
-3195
-2013
-817
307
1355
2110
2634
2954
3066
2936
2666
2268
1865
1487
1120
796
515
271
32
-150
-431
-705
-1005
-1370
-1829
-2228
-2599
-2900
-3083
-3109
-2978
-2686
-2239
-1667
-1022
-470
94
512
818
971
984
933
713
457
150
-115
-337
-489
-549
-568
-569
-563
-511
-516
-530
-652
-779
-920
-1046
-1153
-1216
-1205
-1161
-1027
-853
-647
-417
-237
-33
131
233
298
336
380
369
411
454
596
726
848
1034
1219
1495
1759
1978
2209
2454
2671
2934
3201
3490
3632
3640
3549
3547
3557
3502
3331
2980
2440
1805
1140
487
-225
-1061
-1887
-2569
-2974
-3137
-3124
-2970
-2635
-2151
-1519
-767
53
762
1270
1636
1881
2082
2131
2044
1858
1481
1080
751
524
272
4
-198
-450
-614
-756
-916
-1106
-1374
-1677
-1955
-2096
-2158
-2201
-2105
-2004
-1772
-1454
-1023
-581
-269
28
193
334
428
405
389
218
-6
-191
-329
-431
-511
-565
-602
-608
-648
-499
-528
-567
-676
-798
-855
-980
-1006
-1083
-1080
-1047
-944
-828
-691
-521
-317
-149
-27
128
261
367
447
463
492
567
665
792
902
1008
1114
1234
1453
1660
1905
2172
2382
2690
3010
3372
3693
4012
4291
4479
4568
4424
4067
3568
2837
1907
831
-257
-1308
-2275
-3097
-3656
-3958
-3991
-3745
-3273
-2622
-1835
-1011
-184
597
1181
1630
1941
2084
2074
1950
1745
1521
1224
951
730
468
267
103
-90
-319
-536
-810
-1103
-1449
-1817
-2125
-2371
-2535
-2582
-2504
-2298
-1998
-1629
-1206
-749
-292
46
276
453
528
463
349
146
-52
-224
-418
-550
-640
-649
-687
-697
-697
-721
-747
-822
-916
-1057
-1148
-1233
-1301
-1333
-1314
-1211
-1116
-951
-757
-542
-368
-179
18
149
228
282
351
353
411
442
457
500
531
591
700
841
963
1133
1331
1571
1818
2099
2498
2838
3152
3484
3760
3970
4116
4108
3831
3437
2860
2070
1171
223
-760
-1720
-2539
-3222
-3617
-3836
-3798
-3492
-3025
-2385
-1676
-930
-181
471
1009
1433
1701
1811
1824
1767
1586
1359
1120
904
659
395
198
-44
-230
-509
-791
-1056
-1400
-1682
-2016
-2262
-2383
-2498
-2461
-2286
-2021
-1713
-1317
-870
-437
-92
189
372
462
472
413
304
118
-34
-231
-379
-408
-455
-508
-516
-516
-517
-610
-628
-721
-861
-1004
-1140
-1214
-1302
-1307
-1295
-1183
-1037
-859
-560
-293
-87
175
357
506
622
671
674
637
602
548
543
545
505
496
585
659
801
979
1179
1474
1740
2067
2355
2691
2980
3201
3408
3597
3772
3742
3563
3194
2673
2024
1264
424
-499
-1376
-2154
-2747
-3197
-3462
-3440
-3258
-2936
-2430
-1738
-1029
-340
291
838
1207
1476
1613
1631
1618
1424
1210
961
709
410
142
-98
-309
-578
-866
-1152
-1374
-1667
-1906
-2072
-2266
-2305
-2231
-2110
-1895
-1584
-1278
-889
-543
-210
13
164
328
351
311
196
56
-105
-220
-354
-399
-456
-491
-509
-522
-493
-564
-615
-693
-755
-890
-990
-1068
-1136
-1122
-1046
-948
-758
-567
-354
-113
89
296
465
576
621
659
583
551
530
510
474
415
457
444
500
598
690
786
911
1074
1239
1455
1700
2000
2211
2507
2789
3059
3332
3525
3678
3680
3534
3216
2762
2130
1393
586
-210
-1004
-1717
-2268
-2642
-2840
-2824
-2591
-2209
-1690
-1135
-538
39
545
931
1223
1410
1446
1449
1300
1112
897
631
389
127
-90
-331
-511
-759
-963
-1213
-1421
-1569
-1713
-1816
-1879
-1809
-1732
-1611
-1440
-1185
-936
-672
-433
-213
-40
95
108
122
102
-8
-82
-216
-330
-434
-498
-586
-613
-678
-760
-793
-833
-834
-907
-973
-1028
-1079
-1121
-1045
-1012
-886
-713
-571
-354
-135
10
157
302
358
407
440
445
407
419
351
309
315
286
279
297
351
352
509
648
781
948
1170
1472
1759
2124
2436
2725
3012
3206
3376
3533
3518
3316
2975
2529
1899
1215
513
-345
-1063
-1666
-2212
-2526
-2668
-2596
-2429
-2053
-1593
-1121
-596
-127
358
742
982
1183
1280
1270
1141
1006
806
575
317
69
-148
-392
-614
-782
-969
-1168
-1318
-1458
-1566
-1622
-1650
-1640
-1519
-1400
-1237
-1031
-827
-661
-436
-260
-120
-36
-42
-14
-55
-83
-230
-324
-346
-467
-556
-599
-602
-635
-725
-706
-770
-866
-932
-1015
-1104
-1097
-1095
-1074
-941
-789
-671
-477
-265
-58
127
243
327
378
327
279
293
220
184
137
86
40
36
118
147
189
243
363
512
650
844
1079
1333
1629
1962
2241
2590
2906
3084
3277
3417
3416
3317
3042
2605
2021
1351
617
-158
-891
-1606
-2168
-2589
-2780
-2863
-2715
-2456
-2082
-1585
-1054
-462
60
503
780
1004
1097
1102
1053
896
711
484
233
0
-182
-401
-595
-772
-922
-1086
-1263
-1371
-1482
-1584
-1686
-1722
-1700
-1616
-1464
-1317
-1141
-911
-725
-519
-350
-221
-173
-127
-139
-179
-206
-343
-399
-557
-643
-688
-721
-753
-864
-866
-895
-978
-944
-972
-1011
-973
-960
-863
-755
-630
-486
-328
-265
-106
27
70
175
169
178
149
83
143
69
2
12
-26
19
87
132
239
317
439
668
823
1049
1269
1544
1891
2179
2489
2783
3090
3269
3426
3607
3658
3622
3353
2970
2424
1729
968
160
-606
-1390
-2078
-2596
-2912
-3051
-2905
-2648
-2252
-1742
-1196
-569
21
535
890
1163
1321
1308
1213
1109
894
639
393
131
-43
-281
-435
-612
-796
-948
-1117
-1220
-1383
-1525
-1645
-1736
-1743
-1693
-1617
-1446
-1258
-1030
-801
-628
-385
-229
-102
-56
-61
-132
-223
-298
-408
-545
-752
-874
-898
-947
-952
-952
-940
-894
-855
-838
-802
-763
-764
-661
-580
-536
-436
-333
-249
-148
-88
14
71
149
168
140
158
81
54
41
-30
-61
-15
57
130
271
392
550
732
973
1216
1482
1725
1979
2281
2626
2979
3232
3480
3691
3916
4004
3933
3721
3317
2794
2084
1289
425
-491
-1344
-2073
-2578
-2998
-3153
-3112
-2841
-2361
-1797
-1152
-514
146
659
1112
1413
1624
1709
1651
1531
1340
1165
889
619
477
272
44
-86
-278
-473
-644
-818
-1034
-1213
-1465
-1611
-1683
-1730
-1692
-1607
-1413
-1232
-958
-648
-397
-125
64
168
219
198
154
23
-113
-307
-505
-624
-752
-840
-886
-897
-913
-898
-830
-794
-731
-671
-639
-597
-533
-513
-464
-371
-288
-230
-171
-37
13
-7
-13
-36
-62
-95
-118
-132
-158
-145
-75
-30
79
199
325
457
675
871
1048
1320
1558
1871
2144
2424
2761
3068
3343
3648
3869
4075
4172
4087
3817
3361
2742
1979
1063
36
-922
-1807
-2551
-3076
-3406
-3453
-3302
-2983
-2465
-1822
-1081
-381
234
785
1266
1562
1755
1766
1680
1568
1350
1143
937
701
486
269
39
-158
-349
-570
-806
-1048
-1290
-1502
-1676
-1843
-1932
-1926
-1844
-1689
-1456
-1183
-843
-514
-228
50
228
343
341
244
124
-68
-255
-444
-615
-738
-825
-816
-822
-835
-746
-678
-597
-543
-520
-499
-463
-540
-554
-550
-574
-487
-491
-471
-401
-375
-261
-130
-77
-54
28
66
106
154
183
201
231
306
306
414
523
604
735
892
1065
1287
1524
1811
2158
2516
2828
3170
3495
3754
3988
4193
4211
4047
3702
3184
2460
1585
676
-287
-1250
-2119
-2802
-3262
-3549
-3637
-3383
-2952
-2407
-1786
-1085
-382
273
750
1129
1454
1637
1593
1516
1323
1163
931
689
500
271
84
-180
-389
-606
-831
-1090
-1319
-1569
-1761
-1933
-2071
-2096
-2087
-1957
-1765
-1558
-1244
-973
-701
-444
-230
-112
-15
-68
-163
-299
-464
-554
-694
-780
-850
-885
-887
-817
-818
-748
-724
-734
-720
-757
-809
-914
-928
-950
-943
-905
-910
-761
-657
-555
-389
-264
-114
-28
32
87
96
114
89
119
96
113
183
237
305
404
574
742
936
1210
1439
1701
2010
2320
2680
2971
3296
3619
3891
4107
4241
4217
4077
3805
3292
2614
1760
835
-142
-1073
-1938
-2582
-3142
-3455
-3508
-3315
-2847
-2325
-1652
-964
-250
368
920
1391
1602
1725
1768
1654
1497
1303
1064
854
611
391
131
-37
-255
-496
-719
-982
-1219
-1435
-1622
-1759
-1851
-1964
-1977
-1886
-1707
-1505
-1311
-1092
-830
-624
-433
-253
-180
-198
-278
-299
-406
-481
-548
-594
-653
-751
-731
-772
-765
-778
-837
-889
-944
-1015
-1067
-1146
-1172
-1213
-1202
-1154
-1005
-877
-702
-558
-405
-245
-120
13
93
108
69
88
22
-29
-58
-78
25
113
197
336
544
785
980
1272
1578
1886
2186
2519
2846
3202
3492
3751
4067
4295
4349
4250
4079
3697
3091
2334
1412
429
-574
-1578
-2394
-3039
-3535
-3779
-3741
-3456
-2968
-2355
-1591
-768
-32
604
1173
1608
1920
2022
2021
1920
1716
1458
1217
950
646
376
78
-119
-329
-589
-838
-1085
-1325
-1558
-1724
-1860
-1966
-2025
-1960
-1855
-1665
-1470
-1195
-906
-656
-439
-232
-33
101
159
99
70
-45
-59
-168
-277
-374
-486
-536
-600
-668
-709
-750
-869
-903
-987
-1013
-1014
-1025
-957
-912
-811
-692
-544
-375
-179
32
112
227
305
308
298
236
135
102
109
95
81
125
189
309
522
808
1020
1269
1547
1856
2197
2547
2929
3241
3545
3805
4105
4337
4472
4394
4216
3853
3342
2644
1780
834
-218
-1222
-2106
-2877
-3405
-3724
-3836
-3633
-3264
-2653
-1896
-1094
-338
356
1009
1549
1913
2084
2206
2108
1925
1706
1384
1073
746
483
167
-94
-359
-637
-874
-1119
-1370
-1593
-1780
-1921
-1991
-2030
-2025
-1972
-1833
-1594
-1319
-1042
-780
-537
-356
-152
-21
25
79
-7
-101
-214
-348
-422
-525
-618
-701
-753
-811
-863
-878
-943
-1001
-1066
-1091
-1120
-1103
-1087
-1027
-940
-775
-662
-484
-245
-100
51
116
137
154
144
92
112
41
20
23
12
88
202
290
448
667
905
1219
1459
1759
2068
2387
2722
3156
3536
3905
4247
4551
4785
4890
4786
4466
3975
3188
2294
1277
166
-988
-2057
-2969
-3687
-4128
-4291
-4143
-3746
-3175
-2395
-1511
-623
207
936
1525
2025
2249
2286
2262
2075
1798
1435
1069
752
447
101
-156
-407
-687
-952
-1148
-1344
-1601
-1820
-2003
-2117
-2185
-2194
-2083
-1943
-1764
-1556
-1245
-922
-646
-385
-220
-133
-112
-127
-152
-244
-420
-550
-678
-818
-867
-970
-1015
-1068
-1093
-1110
-1120
-1116
-1131
-1160
-1167
-1136
-1129
-1065
-955
-878
-752
-586
-456
-352
-212
-103
-49
-26
-42
-49
-138
-164
-195
-248
-226
-162
-50
39
124
245
426
637
839
1056
1306
1692
2018
2382
2829
3220
3644
4027
4343
4637
4732
4654
4391
3931
3268
2390
1334
224
-844
-1914
-2854
-3570
-4039
-4211
-4183
-3840
-3227
-2478
-1677
-792
50
778
1371
1839
2143
2196
2178
2001
1721
1416
1140
793
492
258
-11
-250
-425
-637
-898
-1150
-1380
-1595
-1846
-1973
-2104
-2144
-2089
-1947
-1754
-1489
-1160
-879
-583
-297
-108
15
49
53
-37
-173
-319
-465
-614
-769
-864
-950
-995
-1001
-987
-974
-974
-965
-971
-933
-937
-973
-965
-983
-919
-863
-790
-681
-601
-460
-347
-262
-175
-148
-80
-71
-69
-89
-147
-144
-183
-184
-157
-141
-14
106
233
438
619
884
1178
1500
1850
2192
2625
3012
3472
3866
4150
4436
4561
4538
4294
3945
3384
2536
1543
451
-607
-1647
-2575
-3334
-3834
-4105
-4092
-3830
-3308
-2600
-1867
-1049
-243
420
1058
1554
1862
2012
1961
1861
1709
1444
1204
947
632
357
114
-103
-285
-488
-787
-1059
-1328
-1557
-1732
-1919
-2068
-2117
-2072
-1957
-1727
-1498
-1197
-880
-599
-294
-111
61
146
142
41
-59
-217
-412
-558
-687
-779
-872
-861
-824
-774
-740
-694
-699
-669
-674
-724
-749
-813
-795
-824
-809
-727
-636
-520
-346
-221
-68
18
139
197
149
134
89
9
-25
-38
-62
18
73
151
258
424
616
835
1117
1374
1658
1980
2286
2644
3039
3355
3719
4078
4389
4579
4700
4652
4423
3925
3231
2398
1366
301
-809
-1844
-2773
-3466
-3962
-4138
-4069
-3724
-3133
-2393
-1539
-721
110
794
1411
1884
2136
2220
2181
2019
1779
1499
1198
879
567
277
7
-250
-502
-728
-988
-1245
-1508
-1699
-1906
-2034
-2132
-2107
-2034
-1849
-1618
-1322
-1049
-814
-563
-316
-157
-103
-40
-51
-125
-224
-328
-418
-500
-537
-594
-663
-649
-638
-695
-748
-759
-850
-908
-975
-1027
-1055
-1045
-1044
-984
-830
-690
-516
-365
-213
-82
53
127
140
118
53
38
18
-14
-8
-22
-8
51
167
334
490
653
797
1012
1253
1553
1816
2103
2418
2781
3173
3508
3922
4270
4545
4661
4702
4536
4202
3693
2951
2015
933
-148
-1213
-2127
-2878
-3490
-3830
-3942
-3732
-3272
-2655
-1896
-1105
-306
393
1047
1627
1970
2151
2245
2169
2023
1789
1465
1165
852
532
245
-17
-222
-492
-766
-1015
-1265
-1483
-1714
-1870
-1934
-2035
-2023
-1915
-1743
-1516
-1208
-937
-704
-496
-347
-208
-117
-131
-246
-361
-459
-530
-583
-628
-701
-699
-779
-776
-767
-749
-786
-850
-892
-1030
-1021
-1066
-1088
-1098
-1108
-1086
-1000
-912
-764
-611
-479
-346
-235
-136
-86
-84
-111
-117
-178
-188
-199
-202
-181
-174
-78
68
224
376
592
859
1120
1408
1713
2088
2488
2896
3269
3656
3982
4314
4507
4558
4413
4102
3610
2931
2051
1031
-12
-1123
-2123
-2982
-3636
-4061
-4173
-4068
-3692
-3093
-2360
-1486
-670
130
833
1429
1873
2087
2193
2151
1979
1725
1424
1115
813
492
168
-95
-342
-571
-781
-1028
-1273
-1481
-1723
-1941
-2053
-2103
-2076
-2010
-1869
-1605
-1320
-963
-675
-365
-161
13
82
86
-7
-102
-278
-459
-614
-780
-796
-864
-881
-870
-839
-826
-761
-730
-767
-840
-884
-951
-985
-1012
-1005
-992
-900
-835
-707
-554
-396
-242
-166
-73
-73
-18
-40
-90
-99
-162
-183
-210
-143
-43
-16
48
146
315
478
688
910
1155
1448
1775
2145
2548
2968
3380
3805
4139
4463
4664
4679
4527
4173
3625
2833
1894
781
-327
-1455
-2444
-3210
-3814
-4135
-4182
-3993
-3547
-2874
-2187
-1370
-550
151
847
1372
1728
1938
2016
1925
1754
1564
1285
1005
745
487
233
14
-212
-447
-724
-1015
-1271
-1573
-1843
-2024
-2169
-2198
-2209
-2057
-1825
-1541
-1180
-803
-474
-195
43
135
133
77
-56
-238
-453
-612
-765
-852
-868
-908
-827
-765
-664
-613
-561
-557
-582
-573
-660
-733
-837
-904
-923
-917
-865
-777
-689
-555
-410
-242
-145
-51
26
59
108
88
59
2
-19
24
61
118
208
351
508
654
863
1130
1406
1726
2110
2431
2806
3240
3641
4043
4460
4774
4943
4986
4813
4498
3957
3190
2196
1122
30
-1082
-2062
-2875
-3526
-3953
-4068
-3909
-3474
-2871
-2162
-1336
-523
254
923
1493
1943
2194
2262
2259
2089
1897
1662
1406
1142
839
533
228
0
-325
-610
-948
-1279
-1591
-1897
-2133
-2289
-2366
-2313
-2197
-1961
-1615
-1278
-894
-509
-180
51
234
302
246
102
-83
-286
-518
-713
-890
-980
-1017
-963
-878
-780
-764
-703
-627
-645
-662
-726
-790
-908
-956
-989
-985
-875
-759
-625
-525
-376
-230
-93
-4
36
1
-21
-35
-82
-97
-103
-73
-77
68
219
393
559
722
951
1170
1467
1722
2049
2368
2724
3126
3598
4065
4463
4835
5062
5140
5044
4794
4249
3436
2473
1339
172
-1014
-2094
-3019
-3717
-4136
-4272
-4110
-3683
-3060
-2294
-1426
-553
275
1017
1643
2115
2347
2479
2489
2382
2209
1961
1706
1386
1094
823
588
294
-36
-361
-660
-1033
-1419
-1747
-1988
-2218
-2390
-2406
-2356
-2122
-1800
-1444
-1054
-585
-192
112
357
495
466
331
102
-113
-364
-660
-891
-1056
-1116
-1137
-1013
-881
-774
-699
-698
-662
-677
-676
-807
-907
-1015
-1130
-1128
-1122
-1036
-881
-721
-546
-389
-219
-105
-88
-68
-117
-200
-265
-282
-329
-337
-313
-173
-71
136
352
575
857
1117
1480
1779
2142
2458
2839
3154
3498
3934
4326
4686
4976
5042
4917
4618
4017
3165
2097
944
-299
-1570
-2735
-3696
-4414
-4863
-4935
-4689
-4137
-3385
-2474
-1455
-463
448
1269
1879
2325
2558
2589
2538
2314
2048
1740
1358
1004
679
441
185
-52
-315
-617
-893
-1234
-1615
-1962
-2273
-2555
-2697
-2756
-2651
-2445
-2136
-1746
-1350
-910
-442
-73
202
384
376
307
168
-5
-224
-450
-657
-830
-878
-958
-880
-894
-865
-804
-795
-731
-795
-881
-981
-1047
-1082
-1125
-1078
-980
-888
-711
-564
-377
-184
-33
27
50
15
-6
-69
-132
-205
-276
-279
-245
-88
4
234
509
747
1023
1338
1667
1998
2338
2699
3069
3499
3919
4263
4627
4876
5011
4996
4820
4386
3522
2510
1344
113
-1106
-2287
-3330
-4234
-4815
-5046
-4937
-4470
-3781
-2993
-2106
-1090
-63
830
1602
2114
2389
2533
2532
2438
2227
1886
1545
1235
846
558
338
86
-223
-495
-850
-1196
-1528
-1944
-2287
-2630
-2873
-2981
-2962
-2735
-2429
-2111
-1673
-1204
-696
-223
114
354
384
316
155
-9
-211
-501
-741
-950
-1069
-1103
-1101
-1016
-993
-968
-925
-896
-876
-933
-1025
-1122
-1226
-1345
-1303
-1227
-1152
-1049
-912
-654
-464
-261
-84
-32
73
74
85
41
-29
-66
-158
-115
-47
100
269
516
741
1011
1331
1694
2077
2470
2850
3249
3639
4042
4496
4816
5084
5154
5096
4808
4276
3398
2267
1060
-264
-1530
-2745
-3723
-4496
-5004
-5171
-4921
-4375
-3608
-2682
-1664
-634
280
1163
1884
2416
2670
2746
2662
2520
2234
1921
1584
1227
906
639
386
149
-142
-524
-852
-1225
-1592
-2044
-2417
-2730
-3011
-3071
-2968
-2762
-2426
-2035
-1585
-1056
-548
-84
259
465
516
414
307
109
-158
-449
-722
-928
-1060
-1097
-1039
-1005
-985
-952
-898
-884
-902
-940
-1068
-1201
-1291
-1325
-1331
-1302
-1195
-1043
-824
-591
-397
-193
-24
119
141
131
96
93
22
-79
-90
-90
22
153
407
629
924
1269
1618
2018
2404
2829
3264
3674
4086
4502
4945
5343
5515
5507
5248
4718
3895
2753
1491
52
-1373
-2703
-3843
-4717
-5314
-5539
-5348
-4826
-3991
-2987
-1880
-735
334
1339
2143
2774
3065
3093
3035
2827
2521
2150
1769
1394
1075
771
531
333
35
-299
-664
-1071
-1496
-1939
-2361
-2747
-2977
-3149
-3126
-2871
-2495
-2033
-1549
-958
-430
109
454
699
785
682
554
353
119
-230
-499
-701
-846
-892
-887
-878
-852
-848
-824
-823
-877
-935
-1077
-1162
-1242
-1309
-1269
-1186
-1100
-907
-676
-491
-242
10
183
300
307
312
272
190
89
54
6
28
168
262
460
720
1014
1303
1662
1986
2347
2725
3072
3517
3891
4293
4722
5074
5322
5318
5169
4738
3935
2825
1516
139
-1335
-2650
-3814
-4738
-5368
-5635
-5446
-4924
-4076
-3127
-2053
-913
159
1138
1938
2506
2853
2924
2820
2625
2352
2035
1654
1320
970
649
426
221
-42
-383
-754
-1084
-1515
-2014
-2437
-2821
-3113
-3236
-3228
-3018
-2653
-2242
-1728
-1130
-564
-73
309
586
658
624
446
236
28
-320
-559
-779
-938
-998
-1010
-953
-922
-909
-919
-932
-948
-1030
-1176
-1294
-1417
-1455
-1418
-1360
-1173
-1025
-824
-620
-349
-141
36
136
186
154
129
115
15
-16
-69
-18
80
211
400
642
879
1188
1480
1805
2135
2520
2953
3366
3825
4278
4730
5091
5353
5417
5232
4814
4082
2959
1657
255
-1244
-2600
-3797
-4712
-5366
-5617
-5508
-5028
-4218
-3307
-2214
-1054
53
1030
1780
2388
2716
2815
2760
2605
2324
2000
1665
1333
976
681
405
189
-29
-400
-772
-1213
-1649
-2090
-2518
-2876
-3154
-3369
-3385
-3178
-2795
-2354
-1864
-1244
-632
-73
253
548
673
663
534
271
60
-252
-584
-808
-1003
-1160
-1184
-1179
-1171
-1187
-1204
-1160
-1203
-1248
-1322
-1411
-1478
-1512
-1479
-1398
-1238
-1074
-912
-680
-434
-268
-114
-18
13
-18
-61
-92
-108
-139
-144
-80
44
175
403
632
858
1111
1377
1723
2039
2358
2673
3038
3434
3861
4307
4682
4997
5130
5040
4680
4018
3150
1968
582
-782
-2141
-3290
-4248
-4932
-5275
-5264
-4877
-4129
-3206
-2229
-1124
-54
828
1651
2249
2633
2769
2698
2557
2326
2036
1681
1295
988
733
436
239
30
-282
-611
-977
-1368
-1815
-2235
-2577
-2816
-3021
-3024
-2829
-2535
-2137
-1657
-1144
-592
-88
286
485
583
591
421
233
23
-234
-482
-694
-859
-921
-966
-936
-924
-958
-950
-959
-1025
-1142
-1215
-1298
-1378
-1423
-1402
-1253
-1130
-996
-781
-571
-379
-163
-57
29
71
60
31
-48
-45
-73
-75
10
143
274
462
688
963
1211
1427
1709
2060
2402
2686
3104
3542
3972
4401
4777
5108
5200
5032
4666
3975
2937
1713
407
-956
-2248
-3408
-4340
-4925
-5217
-5121
-4656
-3946
-3063
-2054
-953
115
993
1725
2315
2620
2738
2635
2467
2230
1901
1595
1258
977
719
487
256
-32
-297
-632
-975
-1381
-1805
-2226
-2564
-2784
-2972
-2931
-2697
-2362
-1921
-1423
-917
-369
107
414
656
693
634
477
265
49
-249
-515
-691
-744
-823
-890
-879
-829
-819
-848
-874
-893
-984
-1098
-1190
-1210
-1208
-1252
-1104
-974
-827
-607
-415
-160
50
157
234
218
252
231
167
175
135
145
219
348
534
727
939
1174
1399
1674
1978
2293
2603
2889
3243
3648
3998
4428
4772
5044
5133
4974
4628
3940
2920
1692
381
-895
-2169
-3334
-4166
-4755
-5019
-4904
-4436
-3641
-2741
-1734
-657
348
1236
1921
2459
2693
2722
2563
2318
2058
1705
1330
969
670
400
170
-7
-216
-553
-885
-1224
-1591
-1952
-2335
-2692
-2902
-2944
-2834
-2595
-2237
-1782
-1309
-870
-338
54
310
460
448
354
174
-21
-232
-465
-706
-871
-992
-1025
-1036
-971
-907
-918
-948
-946
-1029
-1139
-1253
-1372
-1448
-1438
-1400
-1279
-1112
-929
-762
-568
-328
-177
-26
8
26
17
42
-1
-7
65
103
234
375
591
864
1095
1295
1571
1810
2065
2373
2624
2898
3200
3554
3917
4314
4663
4865
4920
4671
4211
3469
2424
1231
-34
-1332
-2555
-3602
-4364
-4860
-4932
-4637
-4028
-3188
-2201
-1114
-35
923
1690
2267
2642
2789
2679
2439
2112
1741
1291
863
544
241
11
-157
-330
-540
-796
-1053
-1385
-1639
-1984
-2339
-2607
-2769
-2769
-2666
-2468
-2117
-1697
-1232
-678
-263
103
323
429
503
349
203
-44
-377
-604
-852
-1005
-1062
-1151
-1173
-1159
-1141
-1063
-1071
-1109
-1194
-1342
-1469
-1573
-1598
-1554
-1485
-1405
-1230
-1048
-845
-542
-345
-241
-160
-89
-41
-51
-32
-16
-67
12
136
262
444
647
897
1146
1470
1720
1958
2240
2517
2828
3054
3308
3591
3901
4236
4441
4510
4372
4018
3355
2406
1295
21
-1256
-2425
-3431
-4245
-4762
-4838
-4594
-4096
-3238
-2280
-1210
-153
846
1685
2235
2613
2719
2635
2390
2060
1655
1214
802
439
125
-102
-302
-446
-598
-794
-1033
-1343
-1591
-1918
-2213
-2420
-2605
-2632
-2504
-2262
-1881
-1517
-1140
-730
-380
-62
56
168
155
39
-110
-323
-486
-690
-829
-926
-959
-915
-897
-849
-824
-911
-948
-1031
-1108
-1222
-1414
-1455
-1478
-1482
-1392
-1317
-1209
-1045
-880
-693
-522
-331
-247
-152
-95
0
87
136
314
421
527
701
944
1173
1340
1551
1772
1982
2184
2405
2600
2848
3093
3367
3703
3983
4315
4613
4732
4628
4277
3594
2710
1550
295
-970
-2206
-3300
-4149
-4586
-4625
-4344
-3790
-2930
-1917
-843
199
1173
1953
2470
2725
2760
2613
2274
1836
1340
897
500
103
-158
-347
-471
-582
-676
-767
-967
-1187
-1431
-1717
-2017
-2252
-2415
-2444
-2408
-2259
-1961
-1624
-1241
-876
-512
-184
69
169
202
133
-25
-234
-474
-619
-787
-943
-1017
-1021
-1007
-992
-919
-945
-940
-997
-1097
-1135
-1211
-1266
-1267
-1259
-1184
-1114
-996
-858
-745
-617
-510
-347
-197
-98
-68
-23
68
133
250
399
582
799
988
1200
1413
1644
1865
2028
2167
2354
2496
2645
2796
2963
3203
3428
3696
3983
4229
4407
4472
4240
3722
2946
1911
755
-432
-1644
-2707
-3607
-4446
-5076
-5274
-4841
-3903
-2793
-1512
-132
1204
2442
3486
4210
4464
4247
3613
2880
2054
1079
100
-773
-1444
-1978
-2208
-2156
-1944
-1758
-1598
-1411
-1085
-937
-886
-901
-1100
-1266
-1409
-1364
-1290
-1242
-1151
-1025
-740
-495
-404
-240
-224
-345
-494
-661
-774
-956
-1099
-1167
-1150
-1021
-879
-717
-627
-584
-617
-652
-688
-861
-1095
-1322
-1496
-1615
-1666
-1675
-1527
-1381
-1140
-866
-531
-283
-146
-44
21
99
47
76
35
8
30
122
324
482
668
849
1109
1297
1482
1689
1830
1901
1960
2018
2063
2133
2077
2001
2041
2110
2138
2313
2524
2670
2803
2754
2642
2353
1861
1306
650
-23
-730
-1337
-1798
-2047
-1995
-1856
-1527
-987
-414
243
796
1311
1648
1798
1799
1609
1293
826
370
-84
-504
-778
-966
-1056
-1050
-1083
-1002
-890
-901
-1032
-1259
-1465
-1703
-1958
-2074
-2135
-2107
-1997
-1743
-1336
-950
-598
-347
-246
-118
-129
-333
-524
-791
-1025
-1244
-1379
-1393
-1412
-1361
-1186
-957
-746
-546
-470
-465
-527
-604
-680
-804
-860
-940
-955
-867
-767
-605
-424
-243
-112
-51
18
77
119
164
187
285
384
518
748
946
1106
1250
1398
1489
1534
1529
1473
1478
1443
1355
1335
1355
1408
1490
1660
1847
2059
2259
2482
2683
2899
3098
3084
2869
2461
1921
1252
510
-204
-915
-1504
-1872
-2024
-1889
-1577
-1182
-705
-117
455
887
1205
1333
1252
991
694
285
-142
-503
-897
-1204
-1359
-1440
-1534
-1604
-1744
-1925
-2147
-2204
-2222
-2234
-2183
-2025
-1743
-1360
-943
-639
-352
-219
-133
-182
-374
-669
-1030
-1333
-1623
-1799
-1851
-1816
-1630
-1414
-1170
-797
-444
-193
-20
25
8
-96
-261
-425
-606
-786
-849
-896
-871
-725
-639
-515
-358
-209
-49
85
187
282
318
441
540
625
708
766
791
821
868
853
815
721
669
632
608
639
693
787
887
1023
1169
1342
1472
1554
1524
1492
1472
1416
1337
1305
1304
1296
1368
1516
1683
1834
1953
1966
1917
1708
1333
936
526
89
-320
-596
-724
-799
-749
-557
-277
-17
202
449
618
634
572
408
239
-63
-413
-726
-937
-1129
-1277
-1306
-1265
-1166
-1076
-928
-808
-703
-708
-685
-631
-686
-665
-629
-661
-603
-557
-569
-551
-511
-576
-660
-723
-781
-851
-975
-983
-976
-934
-772
-589
-416
-253
-102
62
190
219
193
136
82
-33
-143
-215
-271
-288
-238
-152
-27
125
256
369
474
544
604
623
630
661
596
621
640
666
691
681
702
725
729
720
746
763
819
856
869
891
864
869
835
817
803
826
788
826
889
875
955
1073
1141
1246
1329
1360
1410
1368
1382
1263
1177
1085
938
793
664
545
475
408
352
264
248
179
120
149
116
121
128
180
182
221
293
273
242
240
213
103
41
-32
-148
-301
-412
-510
-602
-658
-677
-622
-555
-481
-389
-247
-173
-102
-100
-74
-78
-168
-231
-329
-421
-577
-692
-737
-793
-838
-790
-677
-525
-450
-309
-171
-86
12
73
156
138
158
175
153
173
168
130
148
121
114
116
136
161
212
274
318
380
366
400
378
420
373
281
266
245
222
188
192
144
151
130
161
227
273
352
458
493
538
600
678
714
724
714
769
795
825
825
848
862
800
725
644
564
496
366
289
272
217
183
178
241
250
264
309
371
309
314
274
272
282
224
190
191
200
216
182
170
172
139
54
42
8
-97
-166
-198
-174
-194
-162
-40
-7
60
173
230
219
85
19
-113
-290
-419
-583
-691
-682
-626
-591
-422
-239
-83
44
153
244
225
155
33
-69
-158
-283
-375
-383
-376
-281
-204
-102
19
99
156
183
166
102
49
-85
-167
-219
-263
-275
-278
-280
-204
-157
-129
-51
9
33
116
131
165
214
291
341
367
347
391
427
363
361
292
236
235
225
197
219
250
320
363
412
426
459
463
394
356
314
231
120
133
126
182
184
198
252
257
292
280
282
257
224
176
142
137
131
167
176
157
130
130
125
135
116
119
100
127
170
136
145
145
127
55
20
19
11
-34
-95
-177
-220
-265
-292
-268
-254
-188
-158
-59
6
89
154
177
177
97
117
70
39
11
-59
-91
-104
-98
-54
-9
-32
-54
-56
-59
-99
-175
-240
-309
-357
-476
-551
-546
-570
-601
-573
-506
-448
-395
-326
-266
-168
-95
-20
17
15
66
71
83
59
41
12
-42
-46
-67
-82
-120
-69
-36
-15
47
114
104
106
188
192
172
132
197
239
223
266
294
341
355
389
357
315
309
282
252
253
267
208
166
84
121
133
142
111
111
113
100
94
112
120
84
35
50
80
94
148
164
190
214
202
215
165
56
-9
-83
-131
-137
-127
-107
-40
44
126
266
341
356
391
354
291
234
190
125
30
-31
-57
-137
-152
-137
-124
-90
-72
-54
-21
-6
-87
-73
-154
-190
-195
-184
-191
-223
-228
-234
-221
-157
-120
-40
-4
-19
-14
-14
-4
-18
-78
-97
-81
-60
-50
-64
-22
25
35
13
19
11
-15
-55
-75
-133
-119
-81
-51
-15
18
83
148
161
149
154
177
197
159
200
176
157
185
180
176
179
214
253
294
293
323
309
301
329
322
316
341
304
273
310
260
236
237
226
225
212
223
181
219
179
206
232
218
244
274
244
172
200
195
142
162
176
170
205
196
198
203
291
273
331
319
338
401
373
364
321
330
267
245
130
99
55
45
-2
-26
-28
-13
53
89
146
210
296
336
375
332
259
221
137
66
-1
-84
-61
-48
-55
-38
-20
24
69
82
135
107
82
59
-9
-49
-69
-161
-160
-154
-131
-84
-72
-24
-33
-66
-50
-29
-55
-59
-15
-22
-27
-16
-18
-45
-45
-2
-46
-77
-72
-69
-49
-67
-60
-54
-11
74
122
143
227
294
250
286
242
177
142
83
19
-50
-51
-71
-48
-32
-57
5
96
67
102
153
166
167
114
122
63
43
-23
-8
6
-27
19
62
104
135
252
269
255
229
153
128
52
-36
-96
-128
-167
-181
-169
-149
-86
-23
85
178
202
248
285
282
265
234
215
205
198
199
164
99
121
129
127
138
143
173
141
151
100
51
9
-34
-53
-111
-104
-89
-85
-107
-75
-41
8
21
1
65
18
72
58
13
-8
-29
-82
-149
-134
-177
-168
-176
-211
-230
-236
-202
-180
-156
-146
-93
-66
-64
-24
-9
0
-9
-1
-23
-33
-54
-118
-140
-175
-203
-233
-215
-203
-228
-222
-151
-129
-109
-93
-67
-87
-90
-137
-118
-106
-100
-62
-90
-40
-58
-88
-19
50
24
9
30
2
-50
-95
-118
-154
-213
-208
-276
-276
-249
-284
-286
-219
-162
-122
-104
-55
-49
-16
68
33
-6
-18
-53
-68
-121
-109
-80
-47
-31
11
30
87
124
129
112
72
39
-18
-22
-89
-79
-132
-140
-143
-160
-143
-125
-95
-60
-63
-69
-67
-39
-5
-14
8
48
48
66
93
82
64
30
14
-17
-84
-180
-224
-221
-200
-143
-83
-43
20
102
189
206
188
198
181
176
129
40
-2
-79
-128
-113
-141
-139
-134
-106
-102
-60
-38
-47
-37
-24
-7
-9
-17
-22
6
-61
-50
-59
-65
-79
-76
-58
-70
-78
-22
41
70
122
50
16
-4
-23
-86
-212
-206
-260
-296
-238
-241
-181
-108
-85
-48
7
34
16
39
49
24
-23
-61
-78
-84
-92
-62
-68
-87
-79
-92
-38
-68
-98
-131
-115
-100
-106
-103
-115
-151
-168
-231
-276
-279
-270
-197
-195
-188
-102
-42
31
130
201
183
175
141
188
144
115
57
40
33
-38
-63
-115
-137
-145
-103
-166
-85
-46
-28
37
57
108
149
188
200
241
167
113
81
51
42
17
-20
-38
-52
-2
17
34
78
110
172
206
267
278
240
212
182
185
115
56
41
1
-35
-45
-40
3
52
106
150
206
282
300
310
296
279
240
170
112
92
66
23
26
17
21
27
62
101
139
197
237
236
217
231
222
166
158
135
105
48
-14
-24
1
-30
-67
-78
-54
-57
-50
-52
-73
-85
-81
-48
-52
-39
-89
-110
-40
47
67
95
87
118
160
125
135
80
20
15
-36
-30
-81
-90
-81
-123
-123
-124
-149
-84
-62
-70
-46
-10
-26
-47
-9
-15
14
24
3
30
67
28
101
91
31
63
31
60
43
65
74
40
47
-1
5
-4
13
-18
-20
19
-13
7
-58
-121
-102
-147
-180
-127
-132
-128
-54
-36
-18
11
45
51
33
52
26
44
43
76
39
16
-61
-94
-93
-89
-80
-144
-85
-60
-20
21
89
71
133
153
147
160
150
178
126
111
55
45
28
-12
3
6
48
17
6
34
50
60
80
60
77
114
137
177
156
175
172
166
196
204
162
102
100
93
47
21
-20
-58
-68
-91
-130
-138
-150
-188
-210
-214
-178
-152
-123
-74
-89
-81
-28
-56
-19
26
7
23
3
-35
-51
-65
-149
-177
-165
-177
-210
-232
-187
-167
-150
-154
-167
-188
-196
-235
-244
-248
-181
-234
-269
-204
-226
-165
-134
-89
-18
0
55
26
36
71
75
51
18
14
-45
-126
-162
-194
-238
-186
-229
-228
-247
-233
-204
-193
-189
-227
-180
-198
-190
-168
-152
-133
-90
-72
-64
-107
-112
-126
-204
-214
-249
-252
-276
-310
-289
-270
-284
-240
-187
-141
-85
-34
-41
-7
20
0
41
42
19
14
-11
-36
-81
-121
-135
-159
-149
-169
-168
-155
-194
-201
-195
-166
-119
-102
-28
-40
-46
-32
-3
32
19
46
25
72
85
153
131
90
123
91
73
68
27
-28
-85
-122
-116
-163
-174
-176
-184
-203
-195
-192
-193
-202
-171
-134
-88
-76
-40
42
61
61
104
141
101
58
10
2
-33
-77
-104
-129
-213
-239
-228
-197
-180
-215
-199
-180
-164
-232
-208
-217
-246
-208
-241
-204
-175
-169
-101
-145
-124
-112
-148
-167
-184
-182
-208
-235
-266
-297
-321
-302
-298
-248
-210
-201
-141
-98
-60
-5
18
-14
-1
-12
-3
-4
-26
-9
-61
-105
-116
-118
-141
-157
-165
-202
-223
-191
-199
-125
-99
-131
-68
-113
-31
-14
-9
68
62
116
134
135
73
88
92
83
64
40
27
2
18
8
-40
-56
-81
-117
-143
-205
-188
-203
-246
-275
-287
-215
-198
-159
-125
-38
41
122
163
215
280
278
267
228
198
144
100
39
23
-22
-24
-61
-42
-55
-77
0
-3
5
32
43
12
37
64
84
30
44
67
64
101
97
118
118
112
117
128
123
116
102
61
77
64
56
72
66
16
45
109
104
127
145
162
161
154
150
160
104
109
36
-11
6
-14
-49
-108
-145
-133
-129
-137
-116
-127
-111
-120
-73
-65
-86
-77
-36
7
-13
-15
31
49
35
36
49
32
-31
-43
-58
-29
-57
-66
-24
-5
-39
-45
-22
-44
-36
-57
-56
-80
-118
-120
-91
-85
-86
-102
-70
-22
22
40
27
29
121
107
80
84
-17
-5
-29
-104
-139
-160
-185
-215
-238
-179
-138
-169
-112
-110
-35
-48
-83
-27
-36
-62
-86
-93
-79
-87
-69
-33
-28
1
10
19
49
46
17
37
40
56
-4
23
-13
-23
4
-8
24
46
50
77
114
159
152
148
130
114
115
111
83
90
78
59
68
7
6
-9
-21
-46
-58
-93
-54
-54
-12
-6
47
127
74
165
173
159
195
163
143
101
124
33
-1
-11
-7
-67
-98
-39
-103
-79
-76
-50
-85
-104
-23
-60
-81
-72
-84
-120
-137
-139
-146
-101
-116
-76
-103
-75
-43
-18
-6
-3
26
-41
6
9
-72
-102
-106
-145
-184
-208
-201
-220
-266
-262
-259
-247
-204
-193
-178
-182
-202
-201
-188
-221
-226
-212
-285
-251
-267
-312
-319
-299
-269
-251
-226
-217
-190
-196
-174
-222
-236
-195
-215
-184
-189
-181
-126
-128
-109
-120
-125
-68
-66
-86
-141
-177
-181
-166
-193
-209
-238
-260
-226
-255
-203
-204
-180
-195
-169
-165
-105
-76
-53
-11
-1
-22
13
17
-38
-39
-66
-102
-124
-121
-173
-121
-116
-97
-148
-108
-85
-85
-67
-90
-74
-86
-94
-94
-108
-128
-128
-101
-102
-120
-54
-59
-43
-5
-4
24
36
36
69
59
26
13
27
0
12
-16
-48
-72
-57
-52
-99
-100
-97
-58
-53
-30
-15
-14
-3
23
45
3
-16
35
15
16
-10
-5
-6
-12
-27
-56
-96
-86
-76
-113
-115
-89
-75
-82
-86
-75
-84
-73
-45
-50
-32
-100
-31
-29
-139
-137
-168
-201
-217
-219
-181
-180
-196
-218
-200
-191
-149
-175
-171
-175
-160
-123
-121
-91
-120
-150
-121
-101
-141
-104
-137
-153
-135
-147
-187
-184
-185
-177
-191
-183
-148
-202
-217
-151
-172
-195
-209
-168
-141
-110
-62
-52
-27
-58
-82
-98
-78
-122
-126
-100
-97
-90
-92
-93
-89
-76
-60
-100
-93
-78
-87
-90
-64
-23
-62
-79
-107
-106
-112
-135
-112
-128
-112
-106
-93
-80
-67
-42
2
-12
-40
-22
-47
-1
-17
23
-11
3
-41
-66
-57
-112
-102
-127
-107
-102
-97
-110
-87
-69
-40
-1
-33
-14
0
45
54
3
18
6
-14
-63
-111
-110
-63
-82
-69
-64
-60
-43
-8
31
36
73
64
58
11
1
-15
-41
-77
-130
-129
-140
-173
-153
-177
-186
-163
-193
-161
-112
-79
-79
-90
-71
-68
-110
-107
-78
-80
-83
-93
-60
-53
-84
-48
-94
-114
-51
-24
-50
-40
-78
-102
-98
-131
-134
-148
-147
-212
-211
-188
-217
-158
-159
-178
-106
-140
-125
-97
-104
-53
-105
-92
-122
-102
-97
-128
-141
-192
-158
-174
-192
-128
-95
-95
-47
42
24
-4
52
47
9
-5
-15
4
-24
-64
-82
-82
-62
-111
-59
-61
-22
-29
-35
1
-63
-38
-65
-98
-47
-68
-88
-119
-102
-114
-133
-102
-69
-70
11
23
22
27
30
34
-16
-33
-74
-69
-55
-113
-139
-171
-164
-179
-163
-101
-106
-98
-59
-39
-1
31
37
113
106
112
102
70
87
71
72
74
65
67
74
35
25
23
27
-4
-50
-21
-60
-99
-78
-89
-90
-59
-98
-70
-66
-77
-57
-66
-14
6
35
57
71
43
-6
15
-4
-2
-38
-47
-19
-67
-37
-5
-32
-18
-69
-86
-72
-77
-43
-32
-44
-21
-18
-47
-69
-78
-58
-89
-99
-96
-99
-95
-106
-126
-117
-138
-145
-162
-165
-172
-215
-240
-270
-249
-268
-244
-236
-260
-232
-217
-175
-137
-132
-63
-112
-131
-92
-143
-187
-220
-220
-262
-280
-334
-360
-361
-323
-341
-317
-305
-266
-234
-276
-241
-225
-190
-157
-167
-197
-115
-106
-158
-161
-128
-138
-170
-108
-121
-126
-102
-156
-139
-145
-148
-149
-154
-186
-194
-174
-158
-177
-195
-197
-248
-199
-184
-165
-150
-131
-158
-153
-105
-141
-130
-165
-144
-153
-146
-160
-135
-185
-168
-73
-114
-97
-113
-94
-66
-49
-34
-33
-31
-12
12
49
-19
-54
-31
-42
-54
-78
-85
-71
-44
-47
-47
-50
-96
-91
-68
-66
-81
-84
-93
-123
-142
-163
-171
-181
-144
-143
-113
-76
-72
-64
-31
-65
-52
-58
-87
-74
-118
-115
-161
-192
-179
-189
-249
-306
-283
-266
-254
-269
-279
-228
-194
-181
-132
-103
-62
-70
-59
-28
-67
-118
-141
-137
-147
-194
-175
-219
-188
-210
-195
-209
-206
-199
-178
-143
-236
-218
-197
-186
-225
-268
-245
-239
-267
-248
-283
-241
-208
-226
-228
-228
-217
-225
-229
-218
-233
-243
-195
-199
-154
-165
-177
-134
-142
-143
-98
-103
-119
-85
-121
-105
-112
-148
-102
-90
-87
-109
-45
-44
-40
-37
-57
-30
-56
-36
-47
-24
-37
-24
-32
-50
-81
-103
-93
-88
-71
-77
-60
-52
-66
0
19
29
28
51
72
69
88
70
47
27
2
-40
-48
-77
-83
-149
-124
-114
-127
-80
-58
-10
-2
14
27
74
104
79
73
109
64
26
52
29
24
-6
-27
-26
-24
-47
-41
-37
5
18
3
-14
-44
-17
-45
30
23
-33
-70
-71
-63
-60
-17
-44
-61
-51
-27
-56
-71
-50
-49
-67
-26
-65
-45
-28
-44
-37
-41
4
23
3
45
66
28
23
8
-25
-33
-57
-30
-36
-34
-18
-34
-14
3
34
23
33
33
41
25
4
-34
-48
-65
-86
-90
-81
-117
-131
-107
-103
-123
-73
-64
-67
-43
-30
-43
-30
-28
-84
-63
-91
-106
-83
-77
-100
-110
-119
-115
-153
-142
-135
-123
-115
-142
-99
-66
-94
-64
-55
-54
0
-22
31
50
64
63
20
32
34
49
19
-20
-7
17
-26
-1
10
-14
-9
-21
-12
12
70
56
39
51
26
28
46
49
16
27
38
7
-13
40
60
-12
-12
-27
-60
-60
-60
-45
55
61
50
100
74
121
147
122
153
159
177
122
86
100
116
84
69
65
60
66
75
96
109
126
103
86
57
43
31
10
-9
-49
-40
-44
-78
-52
-37
-20
-57
-43
-11
-50
-33
-3
-7
-21
-37
-54
-33
-24
-65
-72
-90
-68
-86
-102
-85
-135
-83
-119
-158
-55
-93
-134
-132
-140
-113
-94
-140
-171
-135
-90
-153
-163
-136
-109
-104
-108
-115
-118
-136
-119
-85
-147
-111
-134
-114
-106
-136
-136
-159
-146
-81
-88
-150
-131
-128
-94
-101
-73
-95
-152
-153
-132
-159
-150
-168
-189
-198
-194
-159
-162
-166
-160
-174
-141
-82
-112
-72
-64
-101
-24
-19
-20
-19
-14
-42
-78
-46
-78
-112
-102
-66
-107
-18
-42
-35
-14
-14
-18
-42
-27
-47
-67
-86
-115
-131
-126
-131
-77
-65
-124
-103
-86
-73
-43
-57
-22
-25
-32
-32
-7
-52
-65
-48
-52
-46
-3
-45
-57
-15
-39
-78
-61
-45
-138
-96
-125
-141
-175
-185
-164
-153
-133
-144
-115
-111
-55
-43
-55
-78
-83
-85
-99
-94
-163
-144
-138
-169
-209
-213
-184
-187
-213
-215
-250
-233
-249
-232
-212
-235
-208
-235
-220
-251
-203
-252
-294
-254
-250
-220
-252
-209
-198
-188
-191
-148
-156
-150
-141
-135
-132
-168
-162
-180
-213
-192
-195
-223
-183
-177
-193
-217
-203
-167
-152
-122
-115
-107
-147
-142
-121
-107
-115
-132
-171
-172
-186
-151
-159
-218
-226
-201
-145
-154
-132
-137
-110
-73
-78
-53
-12
-40
-25
-34
-22
-62
-65
-29
-44
-52
-60
-73
-96
-101
-108
-60
-67
-65
-51
-71
-73
-72
-82
-96
-82
-52
-11
-19
-16
-3
12
25
64
45
47
57
74
91
30
71
10
-9
-24
-46
-24
-74
-65
-66
11
-71
-58
-23
-28
-16
-5
-12
-50
-67
-93
-62
-52
-56
-54
-35
-38
3
22
-2
39
24
-2
35
23
12
15
-33
20
-1
-40
-5
-8
-15
-37
-51
-27
-19
-67
-29
-35
-31
17
14
3
7
0
-45
-55
-28
-78
-90
-82
-110
-81
-113
-116
-129
-135
-75
-90
-72
-86
-114
-120
-115
-128
-98
-109
-118
-83
-107
-92
-59
-80
-46
-74
-41
-37
-85
-62
-113
-98
-113
-122
-143
-126
-113
-119
-65
-85
-69
26
83
77
65
83
85
67
34
-6
13
-16
-19
-24
-46
-33
0
15
-12
-7
-61
-19
17
-9
-23
-29
10
-45
-24
-10
8
-20
-7
22
46
68
-3
64
90
89
76
84
98
91
116
110
129
118
140
87
86
91
117
90
78
88
89
109
115
93
83
94
96
105
82
98
102
99
110
110
98
75
39
36
35
5
16
21
53
20
86
71
53
67
65
114
114
117
104
120
129
137
141
103
110
111
116
91
48
63
20
40
-33
-29
-32
-75
-84
-38
-30
-43
-26
-1
8
-22
-9
5
-6
-17
14
2
-33
-31
-12
-47
-13
-5
-8
-3
8
33
-5
-44
-27
-100
-105
-105
-123
-141
-143
-103
-141
-129
-129
-129
-114
-104
-86
-96
-104
-109
-156
-120
-139
-157
-106
-114
-67
5
-42
-36
-24
-41
-55
-18
-67
-94
-45
-87
-97
-62
-30
-33
20
63
57
36
36
18
23
-39
-49
-75
-67
-45
-69
-82
-131
-90
-84
-54
-13
-34
-39
-30
-17
-2
-16
6
-3
11
98
63
59
77
56
48
32
19
39
29
33
39
51
48
39
56
12
60
39
34
58
66
39
26
54
17
57
70
79
83
96
107
103
121
90
111
131
142
109
73
102
51
39
74
60
27
19
34
31
3
12
24
-2
2
17
-11
-26
-21
-28
-19
-48
-77
-28
-19
11
3
-7
-19
-12
-32
-49
-26
-87
-82
-105
-110
-71
-122
-118
-82
-58
-38
-65
-47
-45
-29
-76
-55
-96
-134
-158
-205
-192
-197
-178
-192
-189
-161
-155
-149
-117
-144
-120
-98
-125
-135
-119
-137
-88
-62
-48
-96
-85
-64
-50
-12
-43
-40
-60
-75
-69
-74
-114
-132
-122
-130
-129
-153
-126
-120
-90
-91
-113
-76
-48
-34
-43
-28
-42
-59
-67
-63
-70
-69
-40
-26
-25
-11
-20
-21
10
-1
4
9
-19
-5
5
13
-2
-18
-22
-38
-48
-45
-59
-61
-24
-29
-59
-23
-30
-4
2
0
50
48
51
36
18
72
78
61
77
32
23
1
-37
-29
20
-3
-48
-20
15
58
32
40
30
51
39
44
76
64
67
81
62
69
77
43
38
15
28
65
38
17
25
5
-45
-33
-24
25
18
-5
16
9
40
39
25
19
23
32
19
28
21
-12
-30
-50
-63
-57
-39
-36
-51
-82
-52
-79
-45
-46
-57
-23
0
-15
-33
-49
-71
-43
-20
-21
-21
-35
2
-4
-18
-29
-57
-55
-63
-45
-30
-25
-13
-13
1
-15
-3
-4
-60
3
17
-39
-77
-71
-36
-16
-15
9
28
23
24
22
-6
64
217
93
-173
-100
197
237
165
-52
-31
29
9
71
101
125
90
64
80
65
66
136
85
23
69
66
97
94
74
143
171
178
151
105
89
82
63
32
29
31
27
-6
24
67
115
96
76
103
136
163
179
144
129
126
109
129
98
114
122
104
56
63
86
52
73
82
111
136
96
98
88
60
46
51
88
61
60
63
68
97
95
59
72
148
102
91
71
90
71
57
121
108
65
73
79
46
51
54
25
-3
-24
2
-11
-38
-29
-46
-31
-4
10
10
-23
-14
0
7
10
28
65
61
80
30
-12
25
14
-42
-27
-47
-62
-65
-64
-74
-59
-49
-32
-24
-21
-24
-25
10
-5
25
-25
4
-1
-33
15
1
-41
-40
-41
-46
-62
-53
-57
-56
-94
-71
-75
-55
-20
-19
44
-2
-29
16
23
16
43
-22
-30
-9
-19
-31
-24
-53
-43
-24
-45
-16
-27
-5
23
34
47
65
84
74
84
98
100
71
75
73
67
78
71
35
40
68
49
64
99
112
68
88
112
108
59
57
59
23
22
1
-3
50
22
59
50
16
53
48
72
65
97
84
89
85
98
56
67
53
10
33
39
16
28
17
-13
11
-34
18
-7
-40
-18
-33
-7
-51
-72
-42
-31
-28
-8
12
2
9
8
10
-17
-28
-23
-7
-62
-40
-24
-60
-51
-47
-44
-78
-30
-20
-32
-47
-72
-32
-33
-45
-11
-8
-25
-9
-39
-46
-14
-29
-76
-62
-99
-103
-79
-90
-113
-110
-99
-96
-84
-71
-64
-60
-50
-46
-12
-19
-30
-46
-59
-85
-65
-76
-52
-28
-13
-19
-14
-35
-55
-9
-36
-20
-44
-17
-41
-61
-49
-56
-48
-82
-52
-71
-59
-70
-64
12
4
-11
55
99
70
32
80
72
78
112
100
111
68
65
50
38
75
94
86
79
39
41
50
92
130
97
117
101
124
153
125
138
130
151
118
138
153
150
148
176
153
191
170
147
152
87
102
117
92
71
110
125
147
111
134
152
130
151
141
136
152
96
95
101
109
96
92
75
98
88
70
75
41
89
118
96
101
98
108
95
76
87
111
100
97
125
102
87
104
102
82
75
36
72
70
53
74
88
80
116
107
93
108
72
59
23
48
33
50
19
6
18
15
6
55
93
45
75
94
75
61
28
30
44
51
8
-24
11
-3
-15
-14
-40
-18
-27
5
24
36
15
-9
18
51
71
84
94
112
118
135
99
63
88
106
105
99
129
117
107
129
123
83
126
113
153
120
130
161
153
132
120
171
138
174
178
188
180
153
166
139
150
109
111
136
117
113
139
152
138
140
189
209
154
155
158
174
161
148
145
102
71
99
116
166
123
110
155
160
214
167
177
199
125
159
135
126
143
151
125
139
108
89
138
82
78
143
169
144
172
218
235
230
180
198
175
156
182
178
159
126
129
138
115
67
81
98
76
105
78
98
84
80
124
83
88
112
147
115
133
148
137
128
103
116
99
121
100
75
61
74
110
131
106
83
62
37
23
69
94
62
93
81
76
70
117
102
65
78
99
101
96
105
100
76
59
73
91
95
56
90
101
70
59
73
89
97
72
87
59
61
81
21
67
66
83
120
131
109
114
128
121
175
170
132
143
102
120
119
117
125
76
76
101
91
81
82
72
73
71
102
101
89
138
144
169
158
185
151
129
156
124
138
125
122
130
148
139
127
123
120
126
111
96
87
135
125
140
132
149
166
165
162
156
163
138
133
152
167
149
158
136
173
138
93
118
103
105
90
57
57
63
66
63
59
84
62
44
74
73
111
79
48
19
26
37
6
49
24
-7
13
-14
6
4
50
44
13
14
19
7
1
22
-2
-41
-30
-54
-61
-33
-47
-6
-23
6
-1
-1
10
20
13
16
18
22
6
-30
-37
-51
-49
-46
-91
-64
-100
-91
-31
-49
5
13
-35
-13
3
17
-28
22
16
9
4
-6
22
-15
1
-9
-21
-21
-22
29
31
27
36
16
27
20
48
64
67
61
24
9
40
11
36
21
26
39
22
54
48
58
79
54
40
85
59
86
64
77
46
27
34
53
100
91
112
89
125
104
74
73
94
64
86
84
66
90
32
50
75
69
42
75
75
91
86
81
98
56
63
84
42
14
87
44
56
73
53
48
66
76
69
63
83
132
32
64
64
81
123
27
37
30
10
5
-13
12
