SAMPLES:	15156
BITSPERSAMPLE:	16
CHANNELS:	1
SAMPLERATE:	16000
NORMALIZED:	FALSE
-185
-202
-264
-279
-287
-300
-237
-214
-194
-204
-183
-205
-214
-247
-225
-205
-196
-204
-209
-187
-171
-184
-203
-189
-201
-223
-217
-172
-210
-241
-217
-206
-199
-238
-188
-189
-235
-241
-263
-238
-241
-240
-307
-264
-243
-261
-237
-240
-239
-246
-215
-214
-209
-222
-217
-200
-254
-234
-218
-236
-252
-251
-244
-276
-224
-242
-225
-209
-199
-212
-216
-194
-183
-173
-162
-168
-180
-175
-145
-109
-126
-100
-94
-92
-62
-46
-82
-107
-94
-130
-113
-133
-136
-122
-95
-96
-62
-100
-79
-80
-98
-62
-89
-83
-70
-81
-81
-73
-84
-77
-78
-74
-101
-86
-61
-35
-34
-10
-22
-14
-15
-33
-31
-58
-76
-73
-38
-66
-39
-34
-18
-16
-34
-4
-12
38
-2
-19
10
14
-11
-1
-3
-14
-3
21
-4
-17
-28
-6
6
-12
-15
-40
-30
-63
-49
-31
-14
-41
-51
-41
-35
-14
-31
-55
-74
-68
-61
-48
-50
-85
-81
-70
-83
-112
-80
-73
-82
-103
-131
-135
-137
-129
-127
-112
-108
-134
-118
-121
-116
-78
-40
-67
-76
-64
-113
-122
-86
-79
-74
-91
-96
-102
-82
-109
-111
-118
-86
-108
-80
-72
-125
-67
-96
-77
-104
-97
-64
-97
-69
-72
-87
-96
-83
-46
-43
-62
-66
-59
-112
-84
-65
-62
-73
-54
-15
-27
-32
-43
-19
-57
-39
-43
-28
-22
-18
0
-42
23
25
18
15
11
33
43
60
38
34
54
53
70
49
25
14
31
22
19
68
69
75
49
101
113
76
119
102
74
102
122
140
138
93
62
78
87
75
109
74
81
82
63
103
64
70
80
59
71
93
57
54
65
44
60
26
32
47
71
40
60
28
21
-11
2
32
28
41
23
39
19
2
11
-8
0
-5
-45
-56
-31
-18
-69
-21
-39
-62
-51
-51
-32
-46
-22
-56
-74
-84
-77
-86
-92
-114
-144
-114
-88
-122
-146
-120
-130
-110
-115
-96
-148
-138
-141
-148
-129
-169
-175
-147
-168
-198
-193
-170
-179
-171
-127
-138
-114
-115
-93
-108
-155
-163
-183
-188
-155
-150
-184
-188
-165
-197
-198
-160
-175
-160
-173
-195
-201
-160
-145
-143
-159
-187
-169
-170
-197
-168
-176
-179
-176
-207
-168
-184
-168
-193
-175
-173
-185
-182
-185
-158
-194
-200
-156
-179
-200
-130
-148
-148
-151
-194
-191
-188
-171
-148
-129
-138
-176
-180
-152
-143
-155
-178
-179
-156
-175
-171
-144
-160
-141
-153
-181
-143
-112
-143
-149
-134
-153
-148
-159
-171
-161
-118
-122
-155
-140
-104
-127
-144
-126
-176
-208
-174
-157
-129
-146
-166
-170
-197
-183
-186
-181
-205
-193
-195
-240
-220
-241
-241
-236
-230
-201
-207
-225
-205
-231
-237
-249
-268
-238
-230
-263
-233
-253
-247
-198
-232
-220
-243
-254
-243
-215
-216
-244
-233
-254
-248
-254
-278
-252
-261
-252
-284
-274
-256
-252
-244
-266
-268
-321
-307
-301
-302
-343
-332
-320
-317
-308
-307
-293
-330
-282
-255
-295
-291
-255
-259
-253
-288
-238
-241
-267
-174
-244
-283
-244
-224
-217
-227
-238
-225
-193
-193
-161
-179
-150
-129
-116
-143
-154
-88
-107
-116
-134
-130
-137
-119
-136
-131
-102
-90
-80
-81
-113
-96
-78
-99
-133
-113
-108
-90
-107
-74
-92
-87
-70
-87
-99
-81
-50
-60
-15
-24
-12
-32
-53
-33
-35
-16
16
41
8
17
18
38
66
49
25
24
27
0
28
-32
7
-14
-1
37
14
4
8
7
8
23
25
-2
19
46
16
17
6
17
19
-13
0
-14
-4
-4
-25
-41
-18
-15
-11
-27
-33
-32
-46
-68
-24
-12
8
11
-40
-2
-36
-25
3
-5
-21
-6
-13
-17
-37
-22
-53
-78
-73
-65
-30
-65
-61
-39
-68
-89
-61
-26
-37
-63
-78
-43
-25
-30
-11
-23
-15
-6
-47
-33
-30
7
14
-1
-20
2
-10
-18
-37
-48
-53
-40
-35
-31
-24
-47
-20
-30
-9
-12
-8
15
41
26
42
40
70
70
52
61
31
46
24
51
34
32
61
57
43
42
74
110
131
152
124
90
127
134
114
102
111
144
180
142
132
107
94
111
103
115
121
112
126
119
117
95
130
139
115
122
153
158
124
151
161
189
216
215
160
204
177
137
191
174
177
158
143
164
195
168
166
157
135
147
140
159
126
157
130
112
107
120
150
140
165
114
111
143
156
157
131
135
118
96
83
93
79
63
54
46
21
28
23
16
25
-10
47
35
3
-4
43
7
9
29
7
20
37
6
-25
9
-17
-3
-3
-33
-32
-22
-46
-61
-29
-44
-47
-39
-30
0
5
-15
-10
-32
1
10
8
-9
1
32
20
50
32
39
-15
18
11
-27
15
1
-34
2
-22
-31
-51
-53
-15
-68
-43
-58
-36
-15
-25
12
9
8
20
31
25
-25
2
-7
4
-8
33
34
35
39
14
49
13
23
1
-7
14
49
55
22
25
78
53
70
67
71
84
84
92
68
90
76
55
85
114
71
92
87
77
48
41
27
58
61
63
60
69
43
34
32
39
96
65
33
40
61
63
61
68
44
54
89
52
60
49
27
14
2
29
41
19
16
15
21
18
-16
-18
-3
23
23
23
0
-14
14
8
49
40
36
28
14
7
-2
18
-10
-16
-30
-30
-27
-33
-18
-35
-21
-26
-70
-21
-63
-38
-53
-54
-19
-64
-34
-50
-88
-32
-24
-56
-56
-54
-24
-51
-63
-76
-42
-61
-71
-86
-83
-68
-98
-45
-57
-59
-57
-76
-42
-22
-18
-34
-53
-31
-3
-10
27
22
-1
21
16
26
61
9
22
46
-2
-1
8
6
45
40
33
49
26
55
65
26
17
49
47
39
48
52
45
74
84
94
115
65
75
94
125
144
120
117
97
129
104
130
159
177
194
197
202
168
163
184
220
226
219
209
200
237
225
250
227
214
207
208
191
213
231
213
241
227
218
262
253
202
220
214
230
284
221
215
247
242
249
263
233
256
254
254
274
242
236
218
197
205
213
231
239
258
256
245
216
246
216
223
248
218
221
241
201
226
202
184
235
215
215
201
232
239
245
197
229
195
195
192
152
190
210
183
196
242
204
220
198
197
223
174
256
240
215
229
254
268
249
248
281
274
278
274
249
260
241
268
302
283
257
276
281
272
271
268
287
269
255
309
268
310
276
261
330
309
309
271
288
293
265
279
299
285
247
260
283
265
284
288
347
332
302
304
287
286
327
312
286
357
339
358
331
344
317
331
338
354
366
396
369
334
363
369
348
336
386
378
405
423
407
405
404
393
363
373
424
390
398
403
372
399
355
358
424
400
348
342
338
338
348
343
346
346
348
362
348
343
298
292
319
313
312
289
289
277
304
348
339
362
335
306
328
318
271
246
233
247
236
235
229
231
242
240
258
248
220
183
243
253
260
288
270
266
264
299
299
265
236
283
236
228
255
227
239
218
214
210
199
211
232
189
202
228
198
227
209
232
242
213
184
183
160
171
211
148
169
202
168
219
208
191
209
184
169
175
181
180
179
160
132
132
160
164
136
156
176
217
201
233
252
231
255
226
225
223
227
184
215
252
208
205
248
241
185
201
193
242
215
169
198
197
204
164
183
167
164
185
194
187
221
209
215
196
205
241
258
227
244
246
243
271
232
259
227
269
254
240
247
255
241
223
215
223
213
223
198
214
242
228
245
208
228
235
237
206
157
194
226
176
170
194
169
132
158
181
146
123
114
107
144
141
108
118
117
129
163
109
170
153
94
121
109
97
131
82
67
90
97
117
120
68
47
96
51
27
60
43
11
44
60
69
88
80
86
116
92
85
95
87
97
95
83
69
63
69
56
93
67
63
84
58
55
58
55
82
66
41
57
94
139
101
102
100
87
85
63
63
99
78
90
59
72
90
58
77
85
107
24
54
92
73
90
88
102
108
84
84
103
83
138
108
116
108
82
109
123
135
123
141
125
123
115
146
141
85
90
88
137
163
149
148
169
161
180
137
158
156
111
189
142
151
163
158
145
184
155
143
166
178
179
170
153
140
161
197
177
136
180
157
157
192
139
141
155
148
155
137
170
161
140
148
162
152
180
167
132
174
136
102
119
142
87
100
131
118
99
67
68
68
69
56
29
53
49
56
29
7
29
5
22
77
41
28
57
32
47
18
68
53
50
-1
9
55
9
20
-6
-13
-9
16
-28
22
-13
-20
53
53
82
58
79
43
40
-2
33
43
25
48
44
43
9
31
24
31
31
60
44
24
72
56
56
61
47
56
47
48
47
19
73
28
24
-1
1
22
33
23
38
21
24
61
51
45
58
107
56
88
101
115
93
109
103
92
119
127
148
124
138
138
142
128
155
112
164
167
132
158
131
150
106
99
108
76
107
84
93
79
90
108
71
42
85
106
136
141
139
148
138
131
130
130
140
147
133
163
130
193
209
186
148
178
165
193
165
122
144
135
123
132
175
194
189
173
137
187
140
114
126
64
87
66
81
89
40
38
43
37
60
53
26
51
27
18
51
82
47
54
54
47
44
2
-3
11
0
10
17
-9
36
31
23
30
25
8
12
26
53
5
20
7
-4
27
31
15
-4
9
17
-8
-54
-24
-1
12
29
59
36
39
48
2
51
27
46
73
14
40
26
42
11
17
19
19
56
8
15
4
-3
12
58
35
37
62
72
53
54
21
-4
28
28
21
-3
0
-6
34
47
54
65
55
40
82
41
39
55
55
91
61
53
52
73
58
57
52
52
44
67
63
10
45
30
28
56
68
79
68
61
21
28
69
78
52
49
74
75
55
41
59
54
71
26
-17
-6
-15
46
-34
-30
-2
-10
-14
-12
-57
-41
-49
-108
-102
-118
-98
-107
-110
-137
-121
-119
-123
-115
-122
-88
-91
-102
-129
-125
-124
-124
-124
-141
-130
-133
-140
-152
-128
-123
-184
-203
-150
-163
-165
-181
-162
-168
-161
-148
-189
-205
-199
-178
-144
-130
-221
-176
-157
-182
-160
-181
-162
-192
-235
-211
-214
-206
-215
-222
-191
-186
-212
-222
-222
-221
-191
-215
-193
-167
-175
-155
-166
-148
-193
-182
-182
-158
-145
-154
-134
-102
-165
-156
-139
-155
-119
-141
-123
-133
-165
-193
-145
-136
-120
-144
-127
-132
-119
-96
-156
-123
-129
-130
-117
-100
-88
-61
-70
-83
-78
-47
-60
-54
-74
-75
-74
-119
-100
-92
-67
-75
-70
-66
-21
-23
-61
-61
-48
-44
-68
-41
-39
-69
-77
-58
-2
-5
-29
-9
-47
-14
-44
-38
-19
-81
-64
-67
-73
-90
-59
-46
-57
-75
-84
-73
-95
-82
-74
-79
-110
-91
-64
-60
-93
-87
-32
-53
-42
-64
-72
-53
-79
-90
-109
-46
-71
-65
-37
-51
-28
-86
-119
-96
-124
-133
-154
-119
-122
-116
-98
-98
-88
-94
-97
-84
-47
-90
-76
-92
-106
-69
-79
-107
-118
-106
-94
-136
-112
-138
-131
-127
-161
-100
-105
-87
-61
-78
-111
-119
-68
-75
-129
-77
-100
-92
-76
-88
-63
-87
-67
-52
-53
-36
-22
-15
-12
5
8
40
19
40
24
14
15
-3
-15
35
33
20
17
16
42
46
60
68
79
88
87
84
119
93
110
114
74
53
75
112
136
116
122
139
156
134
132
144
121
97
105
114
140
147
135
130
129
133
108
112
131
111
110
123
137
150
139
109
126
150
166
180
173
125
121
171
178
191
181
157
204
190
147
175
123
128
146
141
179
184
171
140
133
121
122
167
137
104
120
140
181
162
145
108
90
95
97
90
113
88
98
156
108
112
82
64
116
69
75
100
100
84
66
66
63
80
54
100
66
63
90
47
57
34
68
61
68
31
0
44
53
40
12
-3
-39
-7
-13
17
4
1
43
35
70
50
52
58
97
78
105
90
84
115
89
102
113
86
123
116
85
91
58
67
74
66
97
102
111
110
110
117
111
117
95
156
137
123
85
49
89
99
68
107
113
85
75
86
71
94
109
90
91
117
81
63
94
52
75
69
137
132
101
80
57
59
51
89
70
98
106
103
111
128
138
130
99
105
127
152
135
133
131
106
143
129
137
140
154
156
121
107
153
143
120
91
72
107
99
94
99
108
98
127
105
51
100
92
104
69
47
29
36
43
59
69
48
55
33
56
36
34
46
25
8
12
0
-11
-31
-15
-9
-19
-12
-35
-68
-80
-72
-106
-74
-49
-76
-67
-122
-93
-70
-66
-69
-119
-102
-121
-135
-92
-89
-98
-49
-59
-85
-76
-87
-81
-87
-80
-77
-76
-107
-118
-114
-67
-77
-88
-76
-73
-58
-62
-28
-49
-32
-19
-30
-62
-59
-22
-60
-38
-30
-56
-53
-49
-74
-48
-46
-30
-18
-20
-34
-53
-22
-53
-17
-25
-37
-25
-68
10
1
7
25
-5
26
44
24
-19
-11
-22
-4
31
36
37
10
5
26
11
17
18
34
23
33
31
-6
0
-14
-9
-6
-25
26
25
21
46
50
47
94
69
73
84
61
45
45
59
80
70
29
26
19
37
36
50
59
51
73
78
73
36
44
39
53
72
38
35
46
33
32
70
14
5
1
15
22
9
29
-1
-18
-5
-4
-20
-44
0
-16
-3
-37
-31
-51
-75
-56
-41
-59
-58
-42
-64
-71
-68
-61
-56
-85
-33
-17
-41
20
23
32
1
9
3
-17
-26
15
4
-17
-15
-85
-59
-37
-44
-36
-57
-50
1
-4
-40
4
-21
-2
2
-33
-7
1
8
6
-19
10
32
30
38
53
23
-3
-3
-21
12
-18
-28
-30
-32
12
5
23
37
33
67
61
56
78
71
72
90
112
124
107
124
105
44
48
-2
12
35
20
40
35
105
114
100
134
136
153
156
137
125
107
135
119
98
95
118
116
127
113
157
146
148
163
127
126
152
148
129
138
128
136
108
117
118
107
118
101
86
64
69
91
70
72
88
80
80
56
87
101
79
83
78
91
79
97
101
84
98
106
92
55
60
56
96
59
41
24
-5
13
-9
-43
-19
-5
-53
-76
-100
-69
-86
-65
-72
-93
-76
-92
-82
-53
-69
-52
-45
-71
-89
-107
-63
-46
-49
-89
-49
-53
-55
-59
-60
-45
-90
-91
-73
-39
-2
-5
-38
-38
28
22
3
-32
-1
-31
-24
-13
-76
-73
-51
-75
-73
-29
-38
-12
-4
-20
13
26
8
1
-24
-24
-2
33
28
-17
-19
-4
-6
-21
16
20
-8
-10
-2
-18
-6
42
30
23
43
90
57
73
81
44
53
39
30
64
38
20
61
55
79
63
48
52
34
50
23
54
28
59
84
60
80
77
113
100
62
42
68
49
35
38
21
16
7
17
9
1
33
57
74
54
78
71
64
22
-33
-3
-37
-23
-15
-54
-53
-29
-63
-58
-31
-41
-50
-69
-98
-69
-101
-124
-125
-128
-103
-107
-81
-108
-117
-131
-140
-157
-196
-190
-182
-172
-202
-195
-135
-155
-155
-167
-156
-158
-205
-212
-223
-236
-245
-249
-229
-206
-224
-200
-204
-208
-209
-207
-210
-237
-262
-260
-275
-265
-287
-270
-255
-254
-189
-204
-230
-211
-227
-256
-236
-276
-300
-272
-271
-277
-266
-261
-274
-276
-259
-258
-292
-255
-306
-321
-274
-259
-251
-275
-262
-255
-236
-228
-249
-258
-255
-287
-250
-251
-273
-283
-258
-231
-221
-186
-213
-232
-209
-194
-201
-214
-192
-212
-273
-248
-210
-249
-186
-219
-211
-191
-167
-170
-175
-184
-155
-130
-187
-168
-192
-170
-179
-182
-173
-162
-151
-160
-149
-166
-113
-177
-180
-162
-153
-165
-136
-163
-156
-140
-199
-155
-192
-195
-186
-185
-132
-143
-167
-149
-169
-163
-159
-172
-164
-168
-158
-205
-236
-222
-224
-208
-223
-215
-254
-279
-222
-224
-205
-263
-275
-258
-254
-250
-250
-267
-275
-246
-260
-271
-287
-303
-311
-297
-292
-324
-297
-309
-318
-316
-346
-325
-346
-294
-318
-341
-331
-327
-332
-334
-287
-298
-330
-347
-325
-337
-312
-307
-345
-305
-341
-331
-313
-363
-342
-323
-313
-250
-303
-324
-306
-315
-305
-332
-250
-304
-295
-280
-318
-307
-308
-305
-282
-284
-301
-302
-327
-265
-260
-263
-273
-259
-321
-236
-222
-261
-176
-258
-272
-237
-227
-252
-252
-218
-211
-206
-219
-234
-188
-175
-233
-220
-166
-202
-188
-190
-166
-221
-209
-191
-192
-160
-187
-185
-207
-176
-182
-195
-196
-183
-166
-168
-140
-129
-175
-144
-119
-114
-125
-110
-172
-178
-163
-157
-116
-138
-91
-116
-121
-118
-98
-96
-98
-86
-109
-60
-48
-27
-50
-87
-107
-83
-71
-81
-86
-67
-48
-87
-78
-91
-98
-98
-59
-61
-70
-40
-41
-49
-47
13
-21
-61
-74
-67
-85
-108
-94
-103
-133
-118
-103
-154
-140
-122
-161
-144
-126
-139
-108
-123
-158
-113
-105
-99
-60
-107
-127
-138
-141
-153
-116
-135
-113
-92
-106
-128
-142
-118
-141
-143
-120
-122
-126
-115
-115
-141
-91
-77
-97
-108
-84
-78
-109
-79
-74
-124
-95
-89
-95
-114
-125
-93
-95
-70
-106
-104
-96
-87
-70
-107
-58
-81
-114
-123
-75
-115
-117
-97
-77
-83
-112
-63
-63
-70
-96
-97
-69
-36
-50
-43
-105
-83
-83
-86
-81
-95
-63
-56
-30
-54
-54
-86
-44
-51
-44
-5
-18
-23
-39
-31
-44
-60
-42
-39
-42
-14
-39
1
-14
5
10
23
45
27
-12
-11
-11
-30
11
-19
-29
-22
-30
-16
7
-8
-29
-14
-30
-81
-42
-70
-78
-60
-69
-35
-37
-77
-83
-66
-51
-74
-103
-87
-97
-94
-89
-111
-73
-65
-88
-115
-121
-139
-136
-122
-118
-121
-106
-124
-166
-148
-160
-166
-177
-144
-189
-221
-192
-136
-180
-169
-128
-134
-148
-185
-164
-152
-139
-173
-192
-186
-144
-209
-194
-197
-251
-200
-203
-213
-178
-207
-228
-187
-207
-209
-193
-185
-191
-143
-149
-210
-165
-184
-228
-194
-165
-209
-204
-189
-204
-176
-191
-192
-219
-191
-166
-192
-215
-184
-165
-219
-224
-212
-191
-216
-219
-188
-188
-189
-159
-178
-166
-151
-167
-156
-167
-172
-162
-191
-219
-169
-147
-160
-127
-112
-131
-122
-144
-128
-149
-140
-141
-146
-121
-132
-96
-104
-120
-143
-128
-124
-124
-153
-102
-124
-185
-153
-172
-137
-118
-141
-115
-120
-106
-127
-146
-161
-151
-144
-118
-101
-140
-151
-156
-121
-149
-165
-131
-132
-116
-157
-165
-172
-177
-144
-178
-181
-149
-158
-170
-162
-166
-199
-194
-165
-219
-240
-166
-216
-208
-203
-260
-239
-206
-201
-224
-231
-204
-192
-209
-207
-223
-190
-219
-176
-179
-183
-162
-201
-183
-186
-204
-256
-224
-226
-243
-237
-238
-279
-226
-222
-214
-231
-215
-191
-203
-182
-195
-231
-233
-226
-213
-201
-175
-190
-205
-196
-166
-195
-171
-149
-203
-155
-177
-173
-173
-180
-177
-205
-145
-130
-173
-134
-140
-121
-132
-103
-103
-115
-90
-83
-81
-125
-102
-92
-75
-53
-49
-76
-105
-79
-88
-100
-91
-108
-100
-62
-68
-61
-67
-83
-70
-42
-18
-5
5
4
8
10
34
22
6
34
28
32
11
22
67
31
66
67
70
84
93
71
48
55
29
25
38
23
37
58
35
46
53
72
89
65
58
36
67
86
81
76
79
103
92
68
54
66
30
33
64
45
46
19
29
51
8
26
32
10
23
-10
23
24
39
38
14
8
37
42
19
12
13
26
-19
-13
45
29
-40
-24
-19
-25
-27
-14
28
-1
-14
-15
-26
-38
-13
7
-18
0
-21
-11
-46
-24
-1
-7
27
29
22
6
11
46
5
-8
2
-42
1
-24
-23
-12
20
6
6
-7
34
33
17
16
9
23
27
20
9
29
7
7
-6
30
7
7
36
50
60
94
55
63
107
80
63
67
110
118
107
81
82
113
95
129
146
95
70
53
103
138
100
141
147
151
87
83
85
46
74
56
58
84
76
99
121
58
88
69
61
100
97
84
85
126
131
148
94
101
100
79
84
85
111
85
126
50
79
94
72
91
108
123
97
131
126
125
111
120
118
95
124
104
100
112
96
77
66
103
63
62
6
-4
16
-9
-32
-41
-40
-26
33
43
29
36
25
-7
28
16
14
37
18
-21
13
16
18
7
-15
23
21
1
-59
-92
-38
-49
-50
-23
-47
-65
-81
-80
-28
-56
-91
-67
-62
-35
-42
-79
-64
-72
-48
-45
-53
-58
-80
-85
-58
-68
-72
-80
-51
-53
-70
-36
-69
-39
-73
-104
-66
-71
-50
-57
-52
-33
-69
-51
-33
-46
-58
-74
-46
-72
-101
-56
-108
-107
-82
-83
-70
-85
-86
-89
-65
-82
-65
-89
-111
-53
-44
-46
-84
-83
-142
-143
-84
-126
-105
-129
-129
-118
-120
-97
-98
-109
-108
-135
-122
-127
-150
-90
-64
-46
-7
40
-10
-13
-47
-29
-54
-39
-19
-58
-37
-11
-12
-13
-13
-14
14
-13
5
41
40
-14
-31
-47
-21
4
-3
16
15
11
50
44
15
33
36
10
-21
-28
-12
-16
-51
-34
-39
-8
-7
-17
-19
-40
-40
-103
-101
-134
-175
-160
-136
-127
-155
-132
-123
-111
-80
-77
-55
-75
-121
-147
-170
-151
-218
-243
-188
-225
-196
-188
-199
-223
-210
-218
-200
-178
-204
-166
-210
-203
-221
-174
-166
-176
-202
-179
-196
-180
-144
-154
-123
-134
-89
-63
-103
-101
-57
-67
-54
-54
-42
-14
-8
2
-49
-13
-27
-2
38
23
43
66
100
73
83
57
47
34
11
21
27
42
44
49
72
74
46
52
21
8
47
19
12
-36
-34
-32
-71
-84
-59
-93
-119
-80
-77
-89
-76
-87
-112
-107
-116
-92
-100
-99
-120
-93
-111
-116
-109
-151
-122
-111
-86
-88
-102
-116
-89
-78
-88
-86
-56
-52
-7
0
56
47
75
86
72
141
161
167
216
184
181
213
228
265
273
247
267
288
269
310
275
313
336
312
318
346
351
377
354
314
369
398
366
355
328
329
299
319
305
276
262
260
229
167
141
130
130
69
80
31
19
30
-10
20
-20
0
-27
-27
-34
-61
-74
-40
-95
-134
-107
-162
-164
-167
-148
-147
-144
-178
-208
-191
-219
-206
-175
-173
-159
-155
-110
-104
-65
-62
-74
-24
-22
-22
-13
13
102
131
117
145
225
226
261
321
340
348
396
458
475
505
508
572
580
626
635
681
716
754
770
807
827
819
831
794
775
755
779
774
755
731
684
650
660
630
578
575
483
448
452
384
331
280
226
176
146
71
20
-8
-20
-90
-81
-123
-128
-120
-138
-137
-126
-133
-155
-130
-192
-216
-275
-280
-322
-372
-417
-440
-478
-515
-553
-509
-542
-538
-501
-440
-392
-388
-317
-300
-191
-157
-144
-103
-35
-10
62
165
210
268
341
398
441
474
516
561
584
657
718
705
761
866
926
1032
1127
1212
1318
1404
1492
1582
1652
1689
1681
1709
1695
1672
1636
1595
1485
1364
1248
1083
931
744
536
296
58
-128
-335
-472
-584
-719
-707
-655
-588
-542
-511
-451
-369
-337
-348
-365
-362
-409
-452
-460
-532
-529
-622
-777
-837
-903
-998
-1072
-1138
-1210
-1323
-1410
-1435
-1446
-1442
-1412
-1361
-1283
-1204
-1116
-1011
-923
-849
-747
-602
-484
-428
-348
-251
-166
-73
19
144
193
263
357
437
483
512
564
661
786
908
1051
1183
1326
1513
1754
1910
2092
2319
2407
2617
2816
3032
3234
3400
3539
3693
3790
3771
3707
3459
3080
2637
2097
1392
536
-269
-1123
-1936
-2652
-3199
-3667
-3940
-3970
-3817
-3452
-2948
-2308
-1624
-1024
-397
257
702
1047
1180
1196
1091
864
506
107
-378
-891
-1399
-1875
-2295
-2660
-3030
-3314
-3442
-3459
-3347
-3184
-2901
-2514
-2095
-1566
-1088
-597
-190
57
277
390
405
313
97
-151
-352
-502
-614
-689
-705
-650
-553
-339
-149
79
312
555
783
1001
1334
1577
1853
2138
2437
2725
3058
3364
3623
3891
4182
4505
4799
5024
5269
5493
5618
5589
5374
4832
3971
2902
1354
-606
-2855
-4912
-6433
-7494
-8234
-8546
-8135
-6871
-5014
-2980
-987
808
2373
3651
4583
5044
5057
4611
3861
3195
2638
2140
1566
1023
528
90
-316
-804
-1427
-2340
-3371
-4279
-5072
-5636
-5876
-5812
-5442
-4652
-3472
-2080
-694
520
1475
2137
2483
2525
2248
1586
728
-98
-785
-1330
-1672
-1890
-2018
-1979
-1840
-1659
-1555
-1578
-1762
-1873
-1978
-2007
-1829
-1561
-1202
-708
-70
603
1231
1671
1855
1858
1688
1377
1003
592
96
-267
-360
-293
13
391
800
1231
1727
2218
2618
2912
3100
3307
3554
3959
4495
5016
5421
5748
6030
6124
5916
5331
4393
3027
1204
-1023
-3440
-5595
-7155
-8253
-8977
-9163
-8586
-7097
-5196
-3134
-1076
668
2134
3270
4042
4445
4284
3623
2896
2330
1847
1319
661
55
-488
-1011
-1525
-2042
-2734
-3632
-4491
-5038
-5274
-5283
-5031
-4568
-3788
-2695
-1351
-166
849
1564
1937
2033
1960
1665
1003
195
-613
-1136
-1474
-1695
-1771
-1829
-1825
-1714
-1496
-1329
-1288
-1324
-1336
-1268
-1039
-685
-369
-85
311
878
1421
1935
2189
2347
2387
2317
2402
2320
2206
2096
2175
2380
2749
3301
3826
4303
4858
5573
6270
6873
7119
7202
6921
6389
5512
4161
2324
-4
-2370
-4518
-6367
-7768
-8634
-8920
-8554
-7398
-5665
-3624
-1566
301
1968
3354
4421
5033
5167
4924
4462
3944
3547
3152
2753
2259
1738
1245
695
61
-818
-1877
-3017
-4035
-4876
-5563
-6079
-6254
-6006
-5352
-4281
-3015
-1706
-452
641
1505
2087
2363
2230
1775
1151
438
-206
-779
-1296
-1724
-2018
-2197
-2189
-2150
-2214
-2264
-2397
-2448
-2410
-2358
-2197
-1972
-1637
-1168
-573
-38
483
846
1089
1164
1133
961
652
273
-80
-306
-375
-320
-158
107
442
899
1309
1805
2163
2445
2735
3093
3558
4104
4833
5693
6708
7805
8875
9898
10730
11055
10443
8448
5167
1304
-2365
-5790
-9356
-12787
-15112
-15765
-14654
-12329
-9408
-6256
-2921
421
3509
5953
7393
7746
7238
6451
5765
5218
4596
3882
3293
3183
3375
3525
3330
2348
745
-1070
-3004
-4990
-6993
-8851
-10238
-10756
-10247
-8865
-6991
-4865
-2562
-197
2002
3702
4678
4840
4280
3372
2348
1369
274
-783
-1637
-2189
-2315
-2186
-2087
-2276
-2636
-2967
-3221
-3458
-3775
-4087
-4205
-3909
-3143
-2030
-885
192
1111
1831
2357
2588
2468
1857
983
91
-551
-1098
-1476
-1622
-1584
-1281
-743
-19
568
899
1208
1482
1784
2138
2439
2835
3383
4157
5264
6510
7897
9227
10547
11866
13098
13879
13178
10567
6397
1956
-1971
-5883
-10418
-14955
-17971
-18674
-17200
-14515
-11434
-8103
-4279
-149
3703
6714
8447
8852
8285
7572
7195
6839
6153
5248
4591
4457
4769
5124
4778
3227
951
-1323
-3522
-5934
-8570
-11115
-13039
-13601
-12549
-10424
-7932
-5466
-2807
235
3153
5208
6071
5875
4961
3774
2691
1672
384
-1138
-2272
-2660
-2415
-2048
-2090
-2507
-3135
-3556
-3722
-4036
-4640
-5211
-5410
-5020
-3911
-2429
-1133
-110
863
1922
2737
2997
2686
1818
620
-434
-1027
-1345
-1821
-2196
-2093
-1549
-715
79
508
517
497
638
961
1076
1066
1188
1665
2619
4040
5657
7120
8461
9853
11460
13212
14841
15955
15611
13064
8766
4188
134
-4112
-9333
-15002
-19225
-20671
-19442
-16997
-14295
-11186
-7103
-2182
2547
6334
8710
9570
9442
9206
9142
8868
8057
6874
5963
5644
6003
6399
5947
4161
1618
-789
-3056
-5676
-8844
-12017
-14487
-15410
-14521
-12327
-9570
-6609
-3371
264
4084
7169
8659
8558
7450
6076
4641
2932
941
-1187
-3014
-3935
-3754
-3149
-2931
-3200
-3590
-3694
-3511
-3562
-4114
-4998
-5537
-5317
-4257
-2815
-1426
-298
779
2057
3303
3856
3497
2420
968
-368
-1412
-2077
-2745
-3376
-3600
-2935
-1704
-509
219
548
629
804
1104
1113
880
461
435
1071
2164
3582
4923
6167
7600
9228
10948
12571
13856
14867
15505
15122
12803
8459
3470
-1010
-5324
-10325
-15571
-19524
-20914
-19815
-17386
-14385
-10841
-6499
-1577
3005
6715
9267
10451
10602
10320
9936
9377
8502
7490
6532
5849
5722
5730
5080
3370
916
-1551
-4005
-6679
-9567
-12404
-14562
-15257
-14340
-12159
-9275
-5961
-2282
1554
5275
8277
9933
10106
9131
7516
5593
3349
1057
-1224
-3289
-4643
-4967
-4600
-4270
-4247
-4247
-4050
-3743
-3574
-3713
-4152
-4485
-4255
-3390
-2177
-913
371
1509
2555
3502
3974
3799
2815
1397
-42
-1339
-2284
-3063
-3668
-3884
-3477
-2395
-1220
-288
331
767
1129
1395
1533
1414
1114
1068
1443
2191
3228
4396
5670
7000
8413
10073
11638
12957
14071
15054
15678
14642
11333
6411
1663
-2540
-7058
-12371
-17425
-20492
-20850
-18950
-16128
-12873
-8917
-4201
782
5234
8594
10597
11253
10974
10443
9868
9052
8005
6777
5655
4967
5018
5006
3976
1853
-624
-2942
-5236
-7898
-10799
-13408
-15049
-15075
-13475
-10824
-7703
-4151
-228
3978
7796
10437
11548
11370
10222
8411
6105
3559
652
-2407
-4910
-6206
-6474
-6536
-6587
-6548
-6233
-5476
-4545
-3969
-3898
-3950
-3580
-2751
-1531
-298
795
1689
2654
3693
4290
4156
3354
2046
330
-1219
-2377
-3373
-4454
-5240
-5123
-4187
-2990
-1783
-819
-102
550
1223
1704
1655
1270
919
861
1134
1755
2527
3272
4134
5317
6729
8116
9305
10219
11023
11954
13113
14259
14473
12483
8136
3228
-596
-3923
-8302
-13823
-18502
-20470
-19452
-16684
-13675
-10644
-6821
-1918
3107
7375
10293
11558
11345
10613
10193
9759
8661
6905
5112
3826
3485
3862
3754
2168
-310
-2398
-3953
-5734
-8149
-10812
-13108
-14177
-13405
-11162
-8380
-5499
-2315
1387
5512
9140
11306
11619
10577
9052
7304
5064
2111
-1298
-4642
-6915
-7589
-7384
-7183
-7196
-6970
-6124
-4805
-3475
-2907
-3060
-3200
-2799
-1786
-542
393
945
1444
2397
3501
4055
3668
2515
952
-660
-1924
-2923
-4122
-5446
-6167
-5722
-4487
-3129
-1975
-1157
-394
547
1571
2101
1858
1184
740
730
1092
1631
2108
2516
3295
4611
6124
7444
8333
8940
9555
10563
11837
12954
13262
11809
8420
4264
857
-2093
-5978
-11210
-16135
-18618
-18232
-16210
-13979
-11718
-8602
-4165
815
5258
8415
9878
10136
9972
9971
9799
8692
6894
4987
3743
3363
3587
3414
2085
-28
-1729
-2935
-4271
-6338
-8973
-11331
-12649
-12322
-10697
-8596
-6438
-3882
-517
3499
7266
9814
10706
10451
9744
8804
7273
5075
2215
-945
-4186
-6640
-7773
-8135
-8996
-10003
-9726
-8270
-6618
-5193
-3634
-2532
-1737
-362
1578
2923
3183
3268
3456
3480
3434
3218
2084
243
-1259
-2151
-3172
-4188
-4807
-5514
-6094
-5500
-3921
-2901
-2501
-1706
-372
694
1441
2241
2575
2141
1885
2377
2799
2633
2419
2585
2848
3409
4366
5319
5891
6500
7625
8999
10421
11617
12298
11843
9842
6679
3196
-154
-3830
-8337
-13070
-16314
-17184
-16190
-14458
-12361
-9491
-5499
-851
3371
6585
8507
9330
9342
9119
8822
7775
6100
4493
3531
3073
2953
2991
2518
1195
-202
-1194
-2501
-4510
-6968
-9273
-10924
-11545
-10870
-9385
-7624
-5405
-2322
1390
4894
7698
9250
9661
9440
8718
7297
4969
2347
-233
-2510
-4041
-4650
-4717
-4837
-5055
-5443
-5673
-5572
-5399
-5832
-6531
-6499
-5757
-4637
-2906
-829
935
2382
4031
5638
6099
5438
4309
2462
186
-1658
-3138
-4780
-6227
-6532
-5966
-5037
-3692
-2070
-1047
-388
586
1583
1741
1171
955
899
693
942
1798
2390
2699
3599
4900
5771
6295
6906
7351
7451
7903
8932
9761
10186
10320
9824
8258
5935
3336
299
-3321
-7192
-10876
-13720
-15008
-14782
-13708
-12055
-9468
-5818
-1646
2301
5552
7813
9285
10063
10208
9768
8674
7116
5386
4010
3111
2389
1632
845
-93
-1115
-2070
-3086
-4481
-6371
-8046
-9165
-9576
-9332
-8453
-6976
-4987
-2386
868
3965
6260
7705
8333
8213
7357
5763
3500
735
-1859
-3923
-5392
-6233
-6538
-6397
-5966
-5071
-3825
-2753
-2186
-1931
-1796
-1701
-1562
-1356
-1152
-982
-574
252
1122
1768
2047
1941
1559
1037
257
-826
-1984
-3093
-3936
-4225
-4051
-3603
-2971
-2210
-1249
-161
798
1394
1584
1494
1274
1110
1002
911
790
852
1318
2118
3085
4010
4892
5798
6676
7582
8493
9300
9817
10203
10308
9756
8086
5575
2842
66
-2860
-6002
-9110
-11531
-12793
-12872
-11923
-10343
-8249
-5666
-2664
476
3284
5464
6840
7614
7969
7980
7628
6859
5787
4644
3678
2947
2372
1572
507
-663
-1783
-2908
-4144
-5443
-6741
-7792
-8301
-7992
-7081
-5809
-4227
-2272
79
2416
4501
6029
6851
7065
6716
5919
4600
2853
976
-790
-2269
-3581
-5226
-6889
-7772
-7852
-7768
-7611
-6991
-6004
-5046
-3579
-1536
111
1094
2001
3026
3686
3808
3644
2901
1671
530
-363
-1481
-2732
-3584
-4223
-4692
-4610
-3901
-3459
-3312
-2660
-1585
-775
-181
575
1097
1161
1517
2304
2777
2746
2946
3542
4035
4561
5346
6104
6596
7367
8624
9805
10655
11161
10856
9408
7391
4883
1703
-2037
-5789
-9352
-12557
-14527
-14961
-14353
-12933
-10619
-7524
-3928
-155
3240
5835
7510
8539
9058
8910
8271
7248
5912
4630
3856
3244
2558
1866
1130
183
-922
-2126
-3514
-5304
-7151
-8573
-9449
-9709
-9290
-8132
-6392
-4124
-1351
1479
3852
5562
6577
6856
6430
5452
3842
1730
-402
-2198
-3560
-4567
-5091
-5242
-5116
-4623
-3876
-3137
-2673
-2485
-2360
-2304
-2136
-1892
-1567
-1164
-658
89
958
1725
2106
2126
1862
1433
762
-182
-1304
-2414
-3270
-3733
-3734
-3445
-2987
-2342
-1497
-561
266
925
1230
1206
1101
1052
985
922
925
1126
1566
2322
3343
4355
5268
6188
7162
8111
8970
9608
10043
10163
9772
8651
6648
4071
1295
-1534
-4438
-7433
-9997
-11709
-12401
-12053
-10950
-9254
-7078
-4476
-1624
1071
3442
5290
6465
7083
7341
7302
6837
6092
5115
4129
3260
2540
1788
822
-241
-1331
-2408
-3529
-4658
-5808
-6849
-7503
-7649
-7279
-6536
-5389
-3910
-2217
-357
1260
2532
3451
3891
3860
3367
2528
1484
280
-1043
-2079
-2905
-3519
-3870
-3936
-3836
-3652
-3259
-2880
-2621
-2438
-2212
-1933
-1638
-1363
-1054
-690
-277
171
570
791
849
865
629
261
-170
-635
-1229
-1768
-2048
-2165
-2148
-2028
-1738
-1327
-873
-362
177
577
880
1189
1558
1975
2475
3005
3556
4200
4956
5767
6623
7550
8449
9153
9831
10447
10537
9594
7727
5430
2732
-254
-3443
-6724
-9710
-11878
-12894
-12793
-11850
-10151
-7853
-5158
-2119
960
3631
5524
6786
7541
7782
7643
7157
6316
5206
4112
3443
2856
2168
1364
492
-419
-1493
-2573
-3794
-5145
-6520
-7554
-8007
-7924
-7297
-6196
-4705
-2877
-792
1193
2750
3963
4611
4670
4295
3497
2332
848
-622
-1874
-2883
-3532
-3883
-3991
-3894
-3623
-3202
-2772
-2536
-2371
-2284
-2233
-1986
-1699
-1395
-1034
-546
91
719
1249
1556
1627
1485
1100
617
-72
-813
-1538
-2119
-2459
-2569
-2392
-2048
-1709
-1260
-662
-114
368
686
908
1166
1464
1868
2373
2939
3624
4420
5376
6447
7545
8435
9200
9879
10451
10597
10051
8698
6490
3768
891
-2074
-5094
-8052
-10568
-12244
-12764
-12181
-10816
-8970
-6647
-3937
-1021
1795
4135
5832
6738
7212
7412
7260
6737
5895
4898
3922
3199
2583
1934
1042
-56
-1120
-2129
-3188
-4351
-5598
-6659
-7311
-7403
-6886
-6044
-4850
-3293
-1564
296
1945
3144
3890
4163
3926
3323
2465
1316
-11
-1209
-2150
-2813
-3247
-3402
-3358
-3236
-2953
-2597
-2314
-2179
-2069
-2037
-1921
-1729
-1429
-1062
-722
-279
270
726
1053
1292
1261
970
560
181
-291
-886
-1401
-1714
-1858
-1860
-1647
-1345
-1073
-741
-390
1
278
461
704
883
1125
1604
2204
2743
3479
4426
5330
6319
7307
8259
9017
9580
10025
10122
9586
8181
5939
3262
527
-2318
-5192
-8063
-10520
-12107
-12461
-11859
-10624
-8800
-6619
-3952
-1137
1576
3851
5387
6334
6838
7039
6929
6452
5616
4630
3724
3031
2373
1607
662
-379
-1410
-2433
-3423
-4465
-5597
-6633
-7172
-7177
-6671
-5891
-4816
-3465
-1951
-361
1072
2242
2933
3092
2945
2565
1926
1043
17
-953
-1778
-2335
-2693
-2831
-2945
-2979
-2851
-2613
-2404
-2283
-2239
-2219
-2111
-1865
-1518
-1289
-914
-435
55
416
723
933
870
616
368
89
-361
-794
-1198
-1461
-1564
-1521
-1271
-1020
-774
-485
-57
316
528
709
887
1123
1425
1852
2400
3007
3728
4621
5654
6712
7765
8694
9479
10065
10322
9984
8754
6823
4346
1551
-1379
-4387
-7236
-9770
-11562
-12274
-11993
-10929
-9338
-7195
-4643
-1905
766
3125
4868
6008
6663
6959
6911
6493
5795
4875
4007
3292
2659
1993
1155
233
-773
-1756
-2741
-3837
-4974
-6056
-6805
-7047
-6828
-6319
-5450
-4215
-2744
-1107
494
1743
2551
2984
3169
3016
2439
1637
642
-432
-1329
-1948
-2343
-2725
-2955
-2980
-2928
-2690
-2478
-2330
-2371
-2391
-2174
-1952
-1737
-1495
-1155
-884
-478
22
376
551
536
435
239
-93
-402
-745
-1190
-1459
-1524
-1395
-1244
-1002
-755
-476
-107
176
419
521
557
664
839
1147
1603
2090
2658
3359
4345
5412
6341
7170
7868
8449
8822
8973
8712
7740
6016
3831
1604
-649
-3062
-5549
-7766
-9356
-10138
-10108
-9387
-8243
-6679
-4794
-2557
-221
1825
3440
4518
5225
5756
6036
5913
5402
4714
3973
3277
2695
2096
1279
267
-694
-1553
-2397
-3294
-4203
-5079
-5766
-5958
-5693
-5104
-4411
-3476
-2199
-890
273
1312
1967
2189
2120
1993
1593
902
167
-560
-1250
-1726
-1933
-2107
-2239
-2279
-2189
-2104
-2000
-1880
-1861
-1980
-1917
-1687
-1452
-1256
-1032
-650
-332
-45
315
506
434
231
3
-219
-557
-833
-1051
-1277
-1299
-1133
-799
-605
-388
-49
208
468
646
792
820
866
1149
1522
1862
2361
3006
3662
4484
5367
6248
6964
7485
7929
8179
8241
7875
6872
5259
3386
1333
-813
-2975
-5100
-6933
-8312
-8948
-8912
-8287
-7239
-5836
-4149
-2262
-280
1537
2977
4062
4763
5197
5479
5444
5082
4448
3794
3213
2560
1848
982
78
-868
-1736
-2507
-3314
-4102
-4834
-5228
-5326
-5108
-4660
-4017
-3206
-2275
-1301
-261
618
1265
1661
1753
1757
1564
1196
674
41
-558
-1084
-1487
-1758
-2010
-2266
-2388
-2362
-2281
-2211
-2139
-2071
-1913
-1658
-1349
-1016
-742
-472
-206
8
200
312
272
139
-2
-182
-432
-595
-777
-911
-967
-949
-792
-626
-474
-355
-95
165
394
591
826
1077
1391
1833
2369
2921
3424
4039
4744
5466
6235
6948
7378
7754
7993
8135
7858
6838
5257
3289
1179
-1007
-3268
-5482
-7517
-9022
-9660
-9502
-8718
-7504
-5913
-4071
-1932
335
2306
3781
4737
5339
5621
5674
5407
4862
4026
3147
2440
1859
1187
388
-409
-1221
-2000
-2652
-3316
-4083
-4780
-5274
-5362
-5131
-4619
-3914
-2990
-1901
-584
766
1816
2500
2660
2309
1733
1180
418
-751
-1973
-2749
-3203
-3381
-3255
-2952
-2708
-2473
-1944
-1341
-1120
-1133
-1226
-1420
-1534
-1454
-1326
-1320
-1215
-938
-554
-210
136
281
71
-218
-330
-495
-881
-1343
-1605
-1717
-1742
-1383
-882
-610
-397
10
504
813
969
1083
1121
1108
1303
1739
2154
2602
3152
3863
4735
5671
6503
7053
7431
7812
8022
7695
6766
5265
3408
1325
-821
-2877
-4959
-6834
-8300
-8975
-8871
-8264
-7161
-5762
-4094
-2244
-339
1550
2998
3935
4562
4991
5153
5043
4695
4093
3363
2634
2111
1502
725
-92
-999
-1831
-2602
-3317
-3993
-4697
-5191
-5305
-5064
-4568
-3784
-2846
-1811
-676
428
1466
2165
2500
2332
1833
1302
746
-65
-1076
-1872
-2524
-2931
-3031
-2942
-2845
-2818
-2653
-2240
-1902
-1752
-1614
-1596
-1607
-1379
-1089
-888
-735
-504
-254
-64
139
297
121
-281
-501
-632
-923
-1256
-1424
-1555
-1698
-1598
-1203
-941
-858
-652
-226
66
236
515
704
772
967
1406
1843
2194
2672
3284
3829
4499
5284
5823
6136
6470
6705
6807
6587
6012
4899
3231
1544
-65
-1755
-3579
-5254
-6531
-7441
-7632
-7237
-6455
-5472
-4224
-2722
-1004
683
2009
2980
3608
4068
4330
4352
4074
3654
3003
2333
1806
1327
648
-127
-918
-1674
-2252
-2862
-3431
-4017
-4449
-4595
-4430
-3931
-3311
-2597
-1721
-677
474
1561
2337
2790
3008
2997
2779
2347
1536
245
-1431
-2922
-3961
-4870
-5584
-6055
-6047
-5587
-4729
-3376
-2090
-1155
-377
428
1152
1426
1394
1087
485
13
-288
-567
-909
-1267
-1445
-1513
-1512
-1334
-1219
-1462
-1705
-1635
-1414
-1362
-1261
-1040
-852
-548
94
806
1208
1457
1823
2285
2616
2977
3263
3384
3600
4102
4847
5491
5995
6541
6989
7337
7486
7086
5984
4405
2716
811
-1299
-3348
-5218
-6849
-7955
-8263
-8009
-7319
-6196
-4734
-3055
-1219
590
2024
3070
3824
4247
4481
4508
4265
3776
3174
2662
2243
1779
1197
569
-161
-987
-1720
-2377
-3141
-3999
-4646
-4964
-5001
-4694
-4105
-3357
-2469
-1376
-173
764
1372
1690
1719
1505
1083
557
-173
-991
-1647
-2059
-2253
-2360
-2388
-2406
-2283
-2070
-1900
-1781
-1766
-1873
-1913
-1864
-1780
-1560
-1328
-1091
-788
-366
14
297
381
364
213
35
-199
-498
-798
-1100
-1275
-1305
-1175
-1039
-872
-677
-425
-109
217
452
613
810
1055
1415
1880
2356
2854
3478
4231
4979
5815
6591
7267
7836
8181
8413
8264
7577
6304
4181
1380
-1552
-4087
-6056
-7914
-9388
-10002
-9607
-8329
-6301
-3980
-1797
175
2010
3753
5006
5620
5496
4878
4215
3658
3136
2482
1819
1268
913
673
554
301
-400
-1383
-2260
-2952
-3711
-4456
-5090
-5425
-5297
-4593
-3435
-2314
-1357
-402
642
1545
2091
2193
1775
1085
404
-107
-693
-1268
-1854
-2319
-2424
-2268
-1927
-1848
-1928
-1998
-1988
-1879
-1884
-1991
-2151
-2247
-2126
-1720
-1282
-890
-584
-257
171
495
651
573
273
-93
-458
-639
-818
-1093
-1331
-1336
-1110
-809
-554
-394
-198
-99
125
420
648
769
957
1371
1917
2580
3321
3964
4631
5389
6219
6890
7385
7623
7749
7724
7236
6344
5009
3295
1400
-560
-2582
-4356
-5933
-7145
-7854
-7926
-7358
-6421
-5153
-3672
-2055
-379
1197
2500
3514
4179
4558
4689
4647
4355
3867
3234
2586
2001
1349
629
-131
-903
-1709
-2464
-3120
-3670
-4165
-4452
-4485
-4286
-3839
-3197
-2414
-1495
-560
329
1113
1622
1884
1758
1318
803
242
-500
-1386
-2044
-2543
-2939
-3035
-2822
-2648
-2516
-2257
-1868
-1527
-1346
-1259
-1272
-1338
-1349
-1221
-1119
-1074
-961
-821
-652
-472
-239
-152
-305
-429
-471
-611
-804
-899
-951
-1043
-1009
-753
-455
-307
-176
215
548
724
1006
1236
1463
1767
2236
2805
3372
4089
4781
5465
6247
7000
7606
7942
8042
7775
6983
5745
4226
2360
199
-1969
-3991
-5637
-6961
-7775
-7969
-7704
-6928
-5650
-4131
-2515
-874
643
1929
3004
3829
4289
4433
4396
4229
3875
3431
2979
2443
1780
1122
462
-289
-1078
-1911
-2676
-3427
-4102
-4508
-4689
-4729
-4445
-3894
-3060
-2050
-992
52
993
1576
1763
1716
1524
1019
249
-581
-1317
-1997
-2514
-2686
-2705
-2643
-2480
-2123
-1786
-1497
-1323
-1338
-1425
-1489
-1498
-1550
-1637
-1551
-1388
-1233
-955
-529
-234
-123
-112
-52
-71
-289
-503
-684
-914
-1058
-995
-837
-720
-560
-260
114
460
746
1033
1266
1441
1720
2069
2440
2901
3452
4113
4896
5811
6705
7408
8042
8585
8887
8713
7901
6636
4968
2881
602
-1730
-4053
-6119
-7702
-8645
-8971
-8664
-7777
-6457
-4764
-2936
-1007
792
2324
3508
4360
4883
5051
4985
4742
4323
3725
3174
2651
2030
1324
630
-120
-964
-1782
-2601
-3471
-4292
-4862
-5140
-5207
-4968
-4403
-3619
-2634
-1553
-495
407
1012
1394
1575
1498
1178
626
32
-619
-1193
-1628
-1948
-2197
-2325
-2277
-2168
-2112
-1989
-1898
-1936
-1964
-1932
-1887
-1872
-1802
-1636
-1394
-1121
-759
-409
-151
-25
74
202
171
-28
-221
-424
-598
-671
-685
-626
-552
-416
-189
116
366
608
870
1095
1374
1719
2139
2623
3188
3836
4542
5319
6061
6840
7618
8268
8738
8973
8687
7814
6488
4823
2790
485
-1890
-4203
-6257
-7811
-8610
-8830
-8560
-7658
-6252
-4500
-2528
-517
1211
2659
3818
4747
5287
5404
5270
4993
4513
3925
3462
2908
2261
1526
862
158
-651
-1471
-2374
-3267
-4137
-4725
-5049
-5156
-5007
-4522
-3698
-2628
-1507
-398
672
1333
1698
1875
1851
1440
749
81
-612
-1239
-1706
-1956
-2131
-2302
-2259
-1983
-1783
-1715
-1672
-1674
-1810
-1867
-1781
-1869
-1944
-1822
-1575
-1349
-1043
-618
-303
-245
-171
12
-22
-284
-466
-583
-804
-919
-844
-705
-694
-589
-238
99
305
584
863
1017
1250
1687
2140
2574
3170
3927
4733
5645
6615
7473
8165
8812
9299
9254
8593
7420
5927
3915
1542
-904
-3367
-5640
-7597
-8843
-9452
-9414
-8845
-7632
-5937
-3993
-1934
44
1793
3238
4362
5111
5535
5602
5391
4938
4423
3913
3350
2669
1967
1274
538
-243
-1075
-1925
-2887
-3810
-4575
-5160
-5526
-5525
-5256
-4619
-3687
-2605
-1352
-174
780
1444
1879
2061
1978
1493
807
71
-643
-1276
-1725
-1997
-2223
-2349
-2279
-2106
-1958
-1755
-1727
-1738
-1838
-1891
-1836
-1908
-1872
-1746
-1545
-1271
-913
-579
-389
-259
-140
-56
-160
-356
-518
-723
-882
-912
-854
-777
-668
-468
-106
235
552
824
1107
1365
1644
2026
2389
2849
3433
4109
4882
5723
6546
7399
8169
8881
9320
9208
8543
7332
5720
3642
1235
-1364
-3884
-6252
-8141
-9334
-9878
-9715
-8997
-7676
-5887
-3799
-1634
431
2148
3520
4541
5182
5482
5442
5120
4604
4008
3438
2911
2324
1634
972
280
-476
-1273
-2152
-3118
-4085
-4875
-5496
-5803
-5868
-5590
-4938
-3956
-2720
-1344
31
1294
2376
3029
3089
2612
1919
1098
-5
-1299
-2364
-3229
-3893
-4057
-3771
-3356
-3007
-2426
-1756
-1287
-944
-796
-898
-1164
-1366
-1422
-1563
-1715
-1619
-1478
-1342
-1046
-639
-451
-530
-548
-559
-654
-910
-1091
-1202
-1282
-1250
-849
-460
-199
135
638
1051
1337
1688
1861
1984
2145
2536
2968
3484
4154
4922
5777
6705
7729
8508
9142
9469
9279
8439
7023
5273
2998
358
-2279
-4773
-6952
-8624
-9604
-9838
-9439
-8344
-6729
-4749
-2561
-388
1479
3057
4358
5180
5596
5623
5486
5042
4434
3868
3391
2795
2184
1627
1087
395
-437
-1232
-2178
-3167
-4142
-4904
-5509
-5844
-5801
-5381
-4659
-3635
-2328
-1031
193
1337
2161
2587
2580
2321
1727
841
-77
-967
-1775
-2459
-2816
-2953
-3021
-2899
-2620
-2332
-2069
-1881
-1772
-1720
-1750
-1807
-1809
-1797
-1687
-1470
-1177
-920
-646
-356
-179
-156
-185
-330
-607
-856
-1091
-1332
-1434
-1374
-1223
-1007
-666
-281
164
606
954
1321
1606
1866
2167
2518
2964
3505
4142
4901
5727
6608
7461
8290
9091
9657
9650
8951
7761
6122
4070
1575
-1137
-3843
-6310
-8369
-9696
-10229
-10145
-9333
-7958
-6010
-3772
-1435
783
2625
4120
5188
5846
6114
6003
5563
4924
4278
3663
3176
2543
1915
1316
659
-14
-822
-1718
-2713
-3751
-4624
-5247
-5673
-5777
-5615
-5117
-4203
-2932
-1439
-28
1268
2437
3410
4013
4270
4198
3596
2659
1595
303
-1233
-2733
-3969
-4880
-5567
-5785
-5589
-5151
-4467
-3506
-2316
-1418
-560
172
560
711
786
773
445
22
-290
-594
-931
-1102
-1177
-1354
-1533
-1582
-1531
-1542
-1608
-1501
-1371
-1249
-1006
-493
-105
307
809
1357
1893
2276
2798
3218
3511
3907
4426
4944
5402
6003
6768
7454
8162
8830
9068
8675
7804
6581
4893
2715
218
-2403
-4933
-7091
-8682
-9568
-9903
-9537
-8428
-6798
-4734
-2474
-262
1661
3264
4615
5558
5942
5922
5611
5082
4389
3735
3139
2499
1856
1229
617
22
-679
-1495
-2383
-3361
-4329
-5027
-5476
-5750
-5711
-5267
-4459
-3389
-2143
-738
632
1795
2745
3437
3802
3742
3404
2837
2016
669
-1029
-2491
-3547
-4378
-5159
-5610
-5644
-5392
-4713
-3629
-2566
-1855
-1190
-412
202
555
709
561
96
-226
-330
-558
-910
-1184
-1363
-1593
-1689
-1485
-1420
-1710
-1825
-1583
-1387
-1338
-1046
-658
-466
-153
516
1190
1511
1673
2091
2504
2836
3242
3736
4034
4388
5153
6007
6776
7556
8279
8904
9206
9137
8411
7005
5257
3085
632
-2013
-4498
-6727
-8518
-9560
-9855
-9407
-8356
-6833
-4864
-2620
-376
1555
3185
4534
5354
5713
5775
5598
5179
4436
3830
3214
2598
2025
1435
901
155
-645
-1407
-2252
-3291
-4287
-5071
-5655
-5978
-5843
-5321
-4545
-3411
-2018
-588
638
1787
2738
3317
3507
3402
2854
1803
520
-677
-1804
-3014
-3926
-4542
-4909
-4958
-4568
-3934
-3385
-2802
-2158
-1539
-1166
-813
-572
-585
-685
-705
-658
-755
-874
-907
-912
-972
-985
-974
-1109
-1338
-1494
-1555
-1618
-1627
-1539
-1402
-1173
-812
-358
108
433
799
1225
1561
1889
2207
2454
2727
3101
3650
4295
4966
5753
6544
7381
8210
8995
9434
9294
8553
7309
5709
3609
1193
-1425
-3993
-6253
-8019
-9109
-9529
-9239
-8445
-7041
-5150
-3056
-876
1077
2740
4008
4950
5524
5725
5593
5193
4651
4133
3609
3052
2538
1894
1282
622
-150
-958
-1938
-2970
-3995
-4878
-5460
-5774
-5801
-5423
-4683
-3541
-2161
-656
727
1811
2680
3330
3752
3594
2813
1598
334
-930
-2078
-3075
-3917
-4517
-4714
-4397
-3755
-3080
-2509
-2010
-1582
-1092
-756
-666
-796
-981
-1162
-1256
-1209
-1066
-1022
-1056
-945
-756
-544
-556
-719
-943
-1217
-1389
-1491
-1495
-1606
-1602
-1291
-852
-323
130
508
794
1095
1403
1733
1915
2060
2245
2571
3176
3931
4763
5614
6524
7526
8604
9521
9998
9876
9071
7735
6044
3807
1171
-1722
-4458
-6801
-8632
-9730
-10117
-9872
-8909
-7349
-5349
-3067
-811
1160
2786
4117
5042
5560
5712
5549
5153
4610
4120
3684
3236
2685
2067
1482
877
139
-740
-1778
-2957
-4065
-4963
-5615
-5972
-6033
-5709
-4900
-3718
-2281
-755
750
1975
2893
3586
4017
3851
3024
1863
570
-674
-1887
-2881
-3611
-4231
-4473
-4127
-3536
-2943
-2351
-1835
-1415
-1048
-717
-631
-786
-1011
-1086
-1153
-1068
-836
-681
-639
-518
-198
-26
-142
-329
-502
-882
-1207
-1342
-1333
-1434
-1477
-1168
-668
-182
259
733
1090
1323
1646
2021
2186
2323
2519
2812
3294
3998
4800
5593
6393
7383
8333
9162
9806
9883
9340
8251
6822
4938
2496
-189
-2850
-5225
-7237
-8655
-9378
-9468
-8952
-7804
-6105
-4112
-1949
0
1717
3240
4398
5128
5458
5569
5405
4949
4549
4128
3639
3107
2451
1897
1285
527
-319
-1289
-2431
-3572
-4485
-5277
-5841
-6057
-5871
-5330
-4409
-3108
-1676
-204
1102
2078
2667
3004
2989
2426
1478
445
-579
-1612
-2386
-2980
-3281
-3359
-3195
-2723
-2243
-1879
-1623
-1448
-1339
-1354
-1415
-1519
-1701
-1769
-1711
-1448
-1164
-839
-517
-370
-174
41
35
-187
-482
-769
-1107
-1329
-1347
-1324
-1293
-1099
-642
-232
159
514
744
936
1161
1366
1622
1845
2070
2497
3022
3805
4666
5563
6393
7298
8142
8963
9615
9852
9372
8227
6718
4871
2698
181
-2388
-4856
-6936
-8397
-9095
-9166
-8694
-7714
-6206
-4277
-2196
-184
1574
3022
4113
4908
5372
5524
5402
5080
4529
4083
3735
3212
2648
2026
1346
566
-243
-1153
-2171
-3292
-4322
-5059
-5498
-5713
-5585
-5106
-4313
-3213
-2006
-786
401
1357
1986
2276
2285
1953
1335
667
-187
-981
-1599
-2109
-2409
-2536
-2544
-2430
-2290
-2109
-1936
-1827
-1843
-1902
-1955
-1946
-1889
-1765
-1525
-1319
-1083
-765
-456
-212
-82
-39
-98
-340
-499
-709
-1012
-1259
-1356
-1337
-1266
-1105
-853
-607
-379
-64
196
393
602
794
1023
1352
1771
2286
2915
3678
4539
5369
6205
7099
7825
8418
8934
9276
9015
8067
6731
5109
3101
787
-1631
-3955
-6026
-7641
-8564
-8847
-8597
-7869
-6605
-4958
-3027
-1068
712
2214
3410
4338
4893
5186
5224
4985
4528
4074
3686
3244
2669
2040
1411
681
-112
-948
-1875
-2953
-3933
-4663
-5162
-5460
-5457
-5087
-4365
-3346
-2152
-962
193
1286
2194
2854
3123
3162
2732
1706
487
-537
-1432
-2503
-3330
-3835
-4109
-4091
-3614
-2916
-2400
-2032
-1504
-1018
-737
-502
-472
-614
-820
-801
-730
-701
-616
-511
-511
-468
-301
-203
-410
-808
-1011
-1138
-1386
-1518
-1464
-1396
-1311
-966
-372
109
396
752
1113
1435
1739
2022
2277
2448
2813
3396
4089
4861
5647
6481
7313
8180
8990
9489
9357
8658
7451
5895
3882
1571
-962
-3545
-5814
-7641
-8722
-9189
-9046
-8361
-7095
-5470
-3500
-1413
478
2004
3184
4193
4817
5181
5241
4988
4532
4089
3703
3327
2854
2252
1660
999
268
-581
-1476
-2540
-3635
-4529
-5159
-5545
-5698
-5434
-4848
-3950
-2749
-1451
-371
604
1490
2041
2125
1916
1539
864
67
-624
-1189
-1734
-2166
-2291
-2158
-2123
-1994
-1772
-1646
-1627
-1644
-1630
-1727
-1825
-1807
-1746
-1585
-1319
-948
-586
-393
-93
147
219
140
32
-201
-553
-828
-979
-1131
-1278
-1185
-1027
-829
-537
-209
25
194
405
658
817
965
1204
1500
1871
2462
3177
3921
4716
5530
6364
7097
7820
8498
9016
9120
8598
7590
6269
4611
2678
502
-1849
-4054
-5981
-7325
-8019
-8255
-7952
-7230
-5950
-4306
-2500
-707
908
2238
3342
4224
4793
5099
5126
4897
4494
4095
3779
3293
2681
2012
1340
602
-208
-1035
-2033
-3083
-3982
-4635
-5092
-5300
-5224
-4846
-4172
-3285
-2163
-1066
66
1047
1816
2439
2738
2616
2074
1193
291
-549
-1460
-2351
-3031
-3526
-3708
-3480
-3101
-2702
-2337
-1940
-1542
-1228
-927
-821
-897
-954
-891
-873
-820
-684
-621
-577
-525
-377
-254
-390
-595
-757
-990
-1205
-1310
-1339
-1406
-1335
-1055
-634
-321
-12
346
623
873
1144
1460
1669
1869
2148
2601
3209
3914
4689
5469
6245
7027
7811
8497
8915
8803
8097
6957
5558
3698
1532
-836
-3182
-5224
-6868
-7914
-8376
-8256
-7649
-6559
-5008
-3168
-1310
385
1791
2905
3819
4450
4738
4799
4599
4258
3931
3627
3240
2749
2233
1653
1006
287
-507
-1411
-2404
-3392
-4247
-4857
-5245
-5325
-5071
-4496
-3651
-2503
-1279
-179
827
1727
2414
2685
2538
2000
1114
215
-560
-1434
-2250
-2876
-3202
-3232
-2963
-2568
-2169
-1909
-1612
-1317
-1121
-1069
-1118
-1264
-1417
-1373
-1216
-967
-827
-720
-543
-362
-208
-148
-272
-540
-861
-1038
-1223
-1414
-1468
-1512
-1456
-1281
-858
-472
-267
-44
204
423
600
841
981
1030
1241
1592
2089
2710
3370
4078
4799
5677
6578
7407
8085
8541
8541
7962
6956
5597
3802
1605
-727
-3035
-5078
-6790
-7881
-8411
-8388
-7851
-6801
-5270
-3537
-1778
-176
1247
2469
3359
4023
4323
4365
4234
3971
3649
3299
3006
2573
2064
1478
925
228
-555
-1436
-2409
-3322
-4128
-4744
-5091
-5240
-5076
-4508
-3735
-2661
-1549
-498
533
1462
2178
2564
2596
2215
1474
516
-347
-1180
-2106
-2868
-3319
-3506
-3469
-3122
-2666
-2263
-1900
-1552
-1178
-976
-878
-855
-958
-1070
-1012
-824
-742
-679
-545
-449
-376
-304
-262
-441
-738
-930
-1120
-1288
-1452
-1540
-1500
-1420
-1189
-678
-348
-84
205
468
736
971
1211
1331
1505
1689
2040
2556
3127
3793
4408
5188
6041
6910
7621
8153
8416
8150
7257
6022
4509
2507
240
-2044
-4150
-5947
-7271
-7989
-8155
-7800
-6947
-5643
-4031
-2303
-690
812
2042
3028
3796
4202
4264
4232
4019
3680
3333
3042
2642
2082
1632
1140
488
-318
-1115
-1991
-2917
-3767
-4417
-4853
-5112
-5050
-4639
-3938
-2995
-1971
-880
187
1165
1952
2452
2783
2788
2389
1532
386
-657
-1575
-2455
-3231
-3667
-3909
-3938
-3563
-2890
-2326
-1955
-1538
-1024
-718
-552
-413
-458
-620
-684
-615
-541
-482
-475
-493
-516
-452
-388
-500
-796
-1110
-1319
-1459
-1561
-1549
-1410
-1346
-1128
-623
-110
184
485
824
1056
1200
1431
1663
1749
1895
2259
2796
3371
4004
4673
5406
6173
6961
7687
8171
8203
7590
6529
5145
3464
1429
-809
-2930
-4954
-6471
-7370
-7687
-7516
-6949
-5939
-4524
-2815
-1117
449
1688
2679
3446
3907
4191
4181
4020
3586
3162
2861
2543
2146
1608
1118
533
-104
-788
-1508
-2312
-3174
-3791
-4195
-4403
-4403
-4132
-3621
-2906
-1922
-906
78
832
1321
1612
1617
1372
969
297
-473
-1159
-1694
-2071
-2291
-2260
-2170
-2053
-1748
-1414
-1190
-1093
-1070
-1125
-1252
-1367
-1432
-1427
-1419
-1305
-1032
-737
-512
-252
-132
-96
-158
-273
-474
-763
-1042
-1281
-1393
-1412
-1269
-1075
-876
-589
-230
48
319
541
687
738
794
953
1137
1346
1686
2170
2661
3307
4011
4729
5436
6120
6715
7267
7640
7596
7094
6056
4789
3194
1418
-531
-2443
-4156
-5616
-6532
-6897
-6814
-6345
-5477
-4326
-2940
-1458
-31
1135
2076
2829
3372
3700
3817
3709
3440
3089
2784
2488
2139
1596
1056
501
-165
-846
-1495
-2128
-2891
-3484
-3824
-4039
-4013
-3716
-3246
-2604
-1825
-915
7
819
1441
1695
1583
1200
717
169
-609
-1422
-2041
-2486
-2754
-2696
-2384
-2086
-1751
-1297
-895
-620
-472
-439
-626
-907
-1032
-1107
-1224
-1283
-1265
-1112
-949
-649
-337
-317
-353
-419
-522
-639
-860
-1004
-1084
-1208
-1117
-832
-536
-304
-7
325
579
827
1066
1179
1197
1279
1512
1804
2174
2720
3340
4017
4863
5733
6577
7311
7927
8208
8035
7336
6194
4723
2894
858
-1283
-3339
-5177
-6522
-7346
-7669
-7462
-6765
-5729
-4385
-2829
-1267
208
1417
2406
3185
3679
3955
4025
3909
3693
3366
3074
2729
2325
1872
1297
630
-44
-774
-1635
-2489
-3298
-4044
-4485
-4687
-4703
-4406
-3908
-3211
-2361
-1351
-309
588
1309
1864
1982
1647
1141
545
-136
-953
-1626
-2113
-2602
-2727
-2501
-2200
-1949
-1680
-1397
-1131
-971
-886
-925
-1106
-1281
-1350
-1263
-1260
-1128
-1008
-831
-566
-323
-98
-160
-312
-440
-593
-845
-1023
-1062
-1227
-1281
-1034
-648
-358
-108
281
601
821
1025
1276
1383
1474
1715
2048
2486
3069
3743
4469
5244
6100
7002
7758
8399
8634
8237
7350
6067
4435
2406
212
-2060
-4217
-5991
-7245
-7899
-7971
-7600
-6718
-5403
-3781
-2064
-453
1001
2139
3024
3621
4015
4215
4114
3833
3525
3246
2992
2599
2200
1744
1216
572
-198
-946
-1874
-2856
-3719
-4412
-4889
-5141
-5143
-4825
-4213
-3291
-2236
-1053
102
983
1616
1777
1621
1365
897
170
-665
-1375
-1913
-2334
-2427
-2232
-2051
-1926
-1622
-1277
-1104
-1025
-1078
-1273
-1563
-1679
-1762
-1858
-1861
-1691
-1472
-1206
-772
-357
-141
-102
-88
-78
-227
-500
-736
-932
-1133
-1179
-940
-707
-603
-335
53
324
570
870
1034
1096
1265
1591
1954
2342
2925
3570
4230
4989
5870
6703
7375
7922
8254
8097
7452
6384
4903
3101
993
-1106
-3159
-5020
-6430
-7346
-7655
-7505
-6834
-5692
-4341
-2735
-1166
278
1569
2608
3333
3858
4137
4192
4125
3881
3602
3266
2929
2597
2157
1600
1009
224
-609
-1426
-2350
-3232
-3990
-4587
-4881
-4976
-4827
-4305
-3542
-2659
-1706
-754
72
624
995
1239
1217
966
538
121
-350
-697
-946
-1144
-1220
-1310
-1319
-1243
-1283
-1316
-1410
-1585
-1708
-1841
-1914
-1918
-1877
-1752
-1535
-1249
-922
-546
-258
-91
17
145
162
22
-158
-310
-465
-578
-642
-523
-496
-408
-193
-3
251
394
679
925
1155
1421
1767
2162
2659
3266
3935
4654
5399
6220
7022
7783
8330
8566
8206
7357
6153
4565
2586
384
-1888
-4072
-5974
-7317
-8056
-8259
-7947
-7087
-5773
-4163
-2381
-669
936
2205
3224
3941
4447
4607
4521
4333
4011
3650
3324
2978
2539
2038
1472
897
111
-759
-1662
-2610
-3563
-4365
-4941
-5310
-5360
-5085
-4538
-3689
-2610
-1526
-554
318
959
1364
1578
1524
1195
717
224
-243
-657
-1006
-1201
-1337
-1408
-1359
-1334
-1331
-1454
-1594
-1740
-1949
-2073
-2167
-2202
-2166
-1932
-1645
-1254
-874
-473
-92
129
320
412
383
208
-17
-243
-398
-512
-502
-452
-405
-234
-22
262
471
716
967
1137
1389
1744
2108
2500
3089
3721
4367
5150
6017
6847
7576
8303
8727
8561
7829
6643
5123
3218
1015
-1267
-3561
-5726
-7245
-8209
-8563
-8310
-7609
-6413
-4821
-3012
-1166
521
1850
2917
3711
4235
4523
4511
4287
3895
3569
3311
3021
2637
2204
1735
1132
414
-329
-1187
-2299
-3376
-4287
-4955
-5458
-5668
-5577
-5193
-4422
-3472
-2341
-1298
-344
459
1017
1338
1448
1257
876
370
-160
-562
-914
-1121
-1322
-1451
-1540
-1505
-1477
-1555
-1633
-1854
-2062
-2221
-2310
-2358
-2390
-2256
-2015
-1634
-1209
-777
-373
-118
100
272
300
192
58
-117
-288
-423
-456
-393
-330
-148
43
259
496
716
998
1284
1553
1883
2308
2799
3423
4121
4810
5534
6386
7280
8082
8631
8705
8213
7227
5820
4070
1935
-454
-2865
-5091
-6979
-8246
-8889
-8969
-8493
-7451
-5932
-4133
-2162
-292
1302
2632
3658
4341
4729
4840
4625
4280
3887
3546
3255
2918
2478
2051
1543
891
205
-644
-1688
-2768
-3707
-4642
-5347
-5697
-5828
-5616
-5104
-4229
-3061
-1922
-887
56
841
1389
1591
1605
1317
837
340
-154
-578
-1008
-1305
-1456
-1560
-1607
-1530
-1580
-1704
-1836
-2044
-2219
-2336
-2411
-2432
-2402
-2234
-1948
-1529
-1132
-770
-371
-84
133
234
230
129
-138
-305
-408
-511
-560
-578
-502
-385
-156
146
407
619
804
1078
1359
1717
2142
2643
3197
3849
4645
5504
6345
7183
8000
8599
8729
8272
7227
5826
4015
1882
-471
-2997
-5305
-7169
-8444
-9122
-9172
-8651
-7596
-6086
-4246
-2281
-389
1263
2578
3625
4336
4737
4855
4704
4383
4003
3657
3320
2982
2560
2094
1562
969
295
-528
-1556
-2682
-3670
-4544
-5253
-5734
-5892
-5656
-5119
-4219
-3050
-1778
-647
237
998
1522
1784
1737
1410
906
272
-300
-654
-956
-1248
-1477
-1565
-1505
-1473
-1339
-1456
-1654
-1895
-2119
-2258
-2368
-2403
-2387
-2201
-1961
-1460
-1013
-590
-267
5
237
334
294
240
-17
-349
-456
-472
-474
-484
-329
-133
52
294
676
905
1039
1230
1506
1807
2171
2664
3208
3844
4657
5542
6455
7423
8273
8886
8914
8346
7228
5643
3653
1286
-1297
-3892
-6229
-8102
-9283
-9824
-9720
-8949
-7670
-5953
-3942
-1813
141
1816
3102
4074
4689
4979
4950
4690
4283
3792
3430
3076
2726
2340
1887
1389
743
9
-830
-1842
-2914
-4001
-4932
-5598
-6069
-6198
-5930
-5266
-4278
-3041
-1719
-516
426
1162
1746
1958
1886
1565
1032
365
-226
-641
-998
-1360
-1598
-1653
-1634
-1621
-1571
-1647
-1872
-2124
-2275
-2406
-2556
-2579
-2530
-2314
-1929
-1343
-769
-360
39
385
606
667
629
534
206
-172
-383
-501
-599
-635
-518
-367
-167
126
432
694
844
1090
1426
1771
2193
2673
3204
3796
4583
5508
6346
7124
7935
8592
8781
8400
7369
5827
3863
1639
-726
-3210
-5651
-7612
-8960
-9567
-9483
-8791
-7615
-6082
-4141
-2073
-52
1673
3020
3954
4574
4892
4972
4786
4367
3829
3368
3032
2724
2349
1912
1377
798
122
-673
-1541
-2556
-3607
-4549
-5207
-5602
-5702
-5467
-4949
-4130
-2988
-1697
-426
497
1121
1649
1949
1968
1648
1112
402
-288
-773
-1036
-1330
-1656
-1787
-1839
-1741
-1642
-1633
-1758
-1994
-2187
-2271
-2372
-2372
-2320
-2221
-1990
-1587
-1015
-530
-174
79
310
420
475
426
206
-91
-368
-496
-554
-595
-550
-487
-362
-209
111
389
514
658
844
1139
1463
1929
2378
2903
3563
4325
5104
5869
6610
7243
7780
7999
7745
6818
5309
3558
1671
-427
-2662
-4817
-6652
-7960
-8602
-8574
-7992
-7021
-5745
-4121
-2259
-385
1201
2425
3309
3879
4250
4342
4223
3901
3402
2910
2582
2288
1911
1479
942
407
-218
-889
-1544
-2388
-3308
-4050
-4533
-4763
-4756
-4583
-4132
-3408
-2471
-1430
-525
117
562
957
1176
1122
929
564
55
-471
-727
-825
-1006
-1210
-1261
-1349
-1376
-1279
-1361
-1595
-1909
-2126
-2188
-2241
-2266
-2182
-2048
-1847
-1366
-858
-501
-194
-5
168
204
263
285
48
-232
-356
-368
-364
-412
-355
-273
-213
-51
212
345
410
501
672
936
1231
1657
2016
2445
2959
3637
4378
4994
5522
5992
6372
6656
6676
6130
4973
3574
2059
463
-1344
-3095
-4690
-6032
-6864
-7105
-6820
-6262
-5460
-4371
-3048
-1556
-112
1057
1868
2472
2930
3224
3404
3314
2971
2566
2263
1981
1735
1370
910
384
-181
-716
-1299
-1959
-2666
-3379
-3901
-4150
-4177
-4051
-3786
-3353
-2712
-1852
-1004
-332
72
305
436
517
445
200
-225
-634
-904
-1051
-1042
-1109
-1229
-1276
-1261
-1174
-1110
-1250
-1465
-1734
-1968
-2086
-2091
-2067
-2071
-1972
-1714
-1356
-901
-546
-316
-88
57
163
238
271
109
-72
-143
-57
-12
12
27
55
139
337
569
709
824
969
1234
1617
2040
2486
2980
3539
4174
4898
5559
6087
6514
6778
6826
6430
5550
4353
2857
1225
-512
-2336
-3990
-5434
-6431
-6943
-6978
-6561
-5812
-4758
-3527
-2109
-730
479
1505
2291
2878
3238
3403
3431
3288
3001
2655
2369
2089
1734
1341
869
337
-272
-919
-1560
-2335
-3039
-3571
-4017
-4235
-4204
-3974
-3634
-3037
-2256
-1444
-773
-360
24
352
492
469
343
91
-200
-518
-702
-740
-854
-983
-1038
-1068
-1072
-1092
-1161
-1415
-1735
-1944
-2109
-2237
-2244
-2200
-2167
-1917
-1566
-1156
-791
-536
-246
-13
165
254
333
290
119
28
60
63
17
94
141
192
290
488
643
719
860
1074
1320
1572
1975
2436
2963
3490
4222
4916
5588
6154
6684
7051
7001
6568
5664
4417
2879
1261
-587
-2407
-4055
-5456
-6413
-6853
-6816
-6359
-5524
-4488
-3128
-1711
-341
855
1803
2558
3056
3354
3478
3437
3207
2926
2679
2470
2200
1859
1457
1020
494
-55
-681
-1421
-2176
-2876
-3483
-3838
-4045
-4112
-3885
-3533
-2876
-2074
-1220
-478
49
383
658
802
735
508
158
-203
-559
-760
-858
-938
-994
-1060
-1070
-969
-938
-1068
-1273
-1540
-1768
-1960
-2090
-2193
-2233
-2229
-2028
-1636
-1230
-826
-537
-279
-28
165
237
241
112
-9
-126
-117
-100
-89
-7
75
262
456
684
847
967
1100
1279
1533
1857
2214
2564
3084
3671
4391
5117
5781
6377
6911
7176
6951
6219
5073
3592
1917
69
-1855
-3770
-5421
-6585
-7248
-7381
-7053
-6290
-5222
-3905
-2392
-865
475
1572
2376
3006
3362
3486
3504
3280
3012
2681
2447
2252
1953
1645
1227
754
201
-391
-1064
-1876
-2687
-3380
-3906
-4260
-4367
-4258
-3977
-3481
-2709
-1828
-1089
-480
45
526
772
886
866
650
312
5
-133
-243
-481
-641
-685
-778
-846
-856
-994
-1295
-1582
-1821
-2007
-2188
-2269
-2359
-2347
-2147
-1768
-1366
-1032
-640
-209
72
340
530
631
521
387
413
330
214
133
159
184
229
355
572
764
809
977
1183
1405
1702
2043
2423
2845
3391
4053
4712
5308
5865
6334
6654
6640
6096
5186
3954
2475
861
-912
-2623
-4228
-5498
-6282
-6644
-6501
-6014
-5206
-4124
-2874
-1478
-232
802
1651
2224
2636
2864
3004
2929
2722
2462
2241
2111
1899
1633
1260
805
267
-266
-878
-1594
-2316
-2998
-3613
-3985
-4171
-4207
-4016
-3611
-2964
-2295
-1636
-1034
-416
5
229
404
466
398
140
-10
-122
-328
-522
-568
-620
-745
-822
-913
-1021
-1271
-1480
-1670
-1935
-2109
-2160
-2189
-2187
-2043
-1741
-1448
-1149
-787
-451
-224
-44
174
252
225
214
204
179
150
204
252
279
395
556
719
801
926
1079
1221
1422
1716
2028
2361
2808
3331
3876
4425
5041
5563
5964
6284
6350
5968
5204
4154
2882
1387
-247
-1837
-3289
-4563
-5477
-5917
-5968
-5646
-5016
-4103
-2999
-1760
-564
500
1312
1942
2454
2722
2871
2788
2670
2477
2246
2079
1843
1549
1247
860
449
-62
-585
-1191
-1875
-2506
-3059
-3474
-3762
-3842
-3709
-3484
-3124
-2635
-2029
-1391
-833
-361
81
445
580
638
641
583
378
189
-6
-232
-448
-702
-852
-1031
-1225
-1371
-1517
-1700
-1898
-1982
-2016
-2028
-1892
-1804
-1684
-1419
-1127
-830
-586
-353
-60
87
167
330
400
311
286
327
294
234
251
311
372
435
565
729
959
1177
1436
1740
2093
2544
3025
3480
3967
4479
4938
5328
5633
5848
5696
5259
4541
3605
2469
1123
-231
-1600
-2872
-3981
-4651
-5008
-5102
-4941
-4393
-3590
-2662
-1617
-590
341
1081
1711
2180
2560
2676
2679
2615
2436
2307
2147
1948
1583
1286
905
491
93
-387
-947
-1570
-2111
-2587
-2909
-3146
-3260
-3239
-3032
-2745
-2420
-1948
-1455
-1040
-607
-310
35
241
361
526
568
492
386
277
143
-103
-308
-536
-724
-972
-1179
-1334
-1517
-1610
-1724
-1771
-1759
-1643
-1547
-1395
-1228
-1035
-795
-623
-393
-136
-55
21
145
265
309
300
373
454
470
527
612
681
761
885
1119
1318
1540
1850
2172
2558
3002
3455
3963
4417
4845
5200
5509
5744
5687
5313
4582
3666
2610
1368
27
-1365
-2712
-3824
-4613
-5022
-5094
-4954
-4492
-3780
-2882
-1838
-809
113
871
1500
1975
2356
2540
2522
2386
2198
2016
1826
1652
1359
1084
740
363
-5
-439
-968
-1568
-2094
-2532
-2874
-3151
-3269
-3324
-3251
-3055
-2740
-2248
-1736
-1361
-946
-507
-131
151
370
483
458
345
284
229
-7
-268
-511
-717
-885
-1048
-1215
-1413
-1575
-1720
-1779
-1798
-1708
-1693
-1640
-1515
-1333
-1031
-816
-637
-425
-295
-177
31
181
211
197
253
360
409
420
458
489
531
710
904
1130
1280
1486
1785
2128
2518
2922
3393
3825
4258
4687
5067
5356
5470
5385
5094
4520
3693
2680
1544
284
-1030
-2258
-3256
-4004
-4491
-4670
-4558
-4171
-3557
-2764
-1861
-935
-80
661
1259
1749
2095
2275
2345
2275
2163
1985
1759
1559
1344
1018
677
351
-21
-458
-922
-1408
-1888
-2319
-2655
-2888
-3031
-3058
-2932
-2706
-2534
-2198
-1792
-1442
-1147
-847
-610
-356
-229
-137
-25
6
-14
-54
-75
-235
-358
-517
-685
-911
-1121
-1324
-1563
-1732
-1836
-1956
-2020
-1936
-1886
-1769
-1570
-1311
-1101
-877
-616
-399
-231
-140
-13
58
102
140
213
274
259
325
437
564
679
819
957
1171
1396
1597
1925
2247
2635
3062
3515
3946
4326
4725
5017
5209
5267
5028
4502
3744
2847
1794
684
-561
-1735
-2774
-3641
-4158
-4379
-4369
-4130
-3715
-3029
-2182
-1369
-519
308
909
1395
1799
2097
2276
2275
2191
2051
1904
1699
1476
1191
795
434
39
-331
-806
-1307
-1764
-2183
-2499
-2740
-2864
-2881
-2868
-2758
-2557
-2214
-1719
-1395
-1058
-773
-507
-222
5
173
201
135
88
86
65
-115
-301
-484
-630
-824
-971
-1163
-1388
-1568
-1703
-1749
-1783
-1751
-1730
-1658
-1508
-1274
-1066
-883
-646
-459
-306
-151
31
146
79
75
176
246
268
348
448
498
630
870
1095
1283
1492
1756
2029
2328
2667
2963
3262
3569
3868
4147
4461
4630
4702
4660
4394
3880
3144
2254
1289
186
-1041
-2144
-3092
-3797
-4263
-4437
-4339
-4000
-3441
-2686
-1787
-897
-77
641
1267
1763
2032
2187
2147
2035
1860
1609
1351
1145
887
562
225
-52
-376
-759
-1128
-1518
-1895
-2246
-2473
-2679
-2789
-2874
-2767
-2555
-2267
-1930
-1590
-1156
-820
-479
-128
129
253
287
269
208
134
53
-134
-353
-475
-609
-660
-767
-908
-1061
-1211
-1319
-1418
-1480
-1564
-1551
-1510
-1462
-1255
-1086
-877
-613
-423
-190
-2
186
289
353
420
441
497
530
569
625
675
829
1039
1209
1387
1614
1827
2134
2450
2727
3029
3370
3652
3858
4122
4337
4480
4517
4452
4240
3837
3211
2444
1593
616
-424
-1384
-2297
-3027
-3508
-3753
-3739
-3486
-3054
-2459
-1719
-934
-218
444
1032
1469
1762
1894
1967
1908
1735
1558
1336
1120
903
626
393
89
-192
-471
-807
-1131
-1511
-1902
-2155
-2382
-2484
-2589
-2659
-2567
-2410
-2103
-1759
-1423
-1110
-798
-577
-315
-83
-4
-27
-84
-76
-126
-182
-287
-431
-553
-663
-752
-895
-1069
-1226
-1391
-1541
-1620
-1694
-1693
-1674
-1569
-1468
-1298
-1041
-801
-620
-511
-379
-184
-63
20
59
152
231
257
398
485
580
650
800
998
1198
1412
1578
1785
2038
2309
2620
2868
3098
3324
3590
3833
3938
3968
3940
3853
3668
3358
2810
2116
1392
565
-293
-1102
-1839
-2473
-2970
-3193
-3196
-3031
-2687
-2236
-1671
-1017
-350
229
694
1086
1328
1485
1610
1669
1553
1402
1203
980
864
667
449
207
-113
-388
-646
-901
-1184
-1539
-1799
-2024
-2180
-2364
-2466
-2410
-2310
-2189
-1968
-1683
-1421
-1109
-786
-437
-194
-18
83
122
158
62
-20
-153
-362
-593
-743
-937
-1070
-1240
-1400
-1484
-1553
-1601
-1612
-1537
-1506
-1409
-1330
-1244
-1093
-957
-833
-732
-580
-406
-319
-176
-29
107
217
340
448
543
645
740
907
1059
1206
1356
1547
1809
2001
2201
2417
2677
2873
3005
3162
3273
3298
3297
3197
3029
2642
2095
1574
919
218
-540
-1227
-1908
-2441
-2792
-2926
-2889
-2735
-2376
-1906
-1390
-821
-274
203
617
853
1032
1107
1115
1023
853
649
421
246
96
-27
-183
-352
-488
-624
-766
-957
-1248
-1436
-1574
-1761
-1919
-2024
-1994
-2010
-1938
-1765
-1616
-1480
-1275
-1049
-887
-703
-547
-439
-341
-271
-209
-273
-265
-328
-425
-582
-704
-795
-971
-1089
-1196
-1252
-1347
-1350
-1379
-1322
-1346
-1330
-1234
-1186
-1087
-998
-860
-779
-689
-534
-394
-216
-55
47
185
310
357
436
531
628
649
699
757
838
972
1056
1193
1331
1496
1627
1775
1898
1994
2054
2101
2113
2081
2035
1960
1904
1859
1828
1857
1888
1930
1950
1840
1723
1542
1275
984
640
163
-235
-586
-867
-1022
-1079
-1101
-949
-745
-495
-204
33
243
372
467
457
450
344
167
-26
-213
-394
-560
-685
-802
-886
-1029
-1113
-1189
-1329
-1466
-1606
-1748
-1902
-1950
-1959
-1968
-1892
-1801
-1638
-1504
-1309
-1078
-1007
-929
-861
-807
-769
-796
-838
-875
-918
-859
-899
-940
-935
-939
-921
-965
-996
-1009
-1078
-1118
-1145
-1193
-1163
-1097
-1035
-959
-832
-646
-469
-363
-205
-43
113
250
357
467
594
675
749
889
953
1084
1216
1320
1514
1622
1768
1881
1947
1978
2011
2051
2045
2003
1941
1904
1920
1857
1726
1445
1072
709
290
-68
-341
-573
-727
-821
-697
-470
-239
59
287
537
770
843
853
798
624
443
209
-14
-153
-316
-394
-410
-413
-392
-319
-308
-328
-441
-597
-730
-877
-1132
-1400
-1670
-1827
-1852
-1871
-1820
-1736
-1616
-1437
-1222
-986
-894
-824
-752
-751
-745
-812
-842
-831
-860
-881
-888
-761
-652
-677
-694
-623
-671
-717
-792
-926
-1010
-1127
-1155
-1148
-1144
-1084
-1001
-844
-649
-511
-371
-292
-220
-139
-69
-35
-8
10
3
38
102
184
182
229
276
311
370
421
440
407
439
509
571
599
679
777
835
943
998
1068
1151
1202
1238
1229
1234
1260
1230
1210
1214
1230
1307
1311
1335
1355
1364
1358
1300
1280
1206
1074
952
805
680
530
407
340
243
149
127
149
171
157
185
227
181
190
151
42
-81
-185
-292
-405
-521
-572
-672
-704
-744
-687
-658
-644
-614
-662
-638
-658
-686
-739
-740
-744
-677
-607
-592
-566
-510
-449
-417
-400
-394
-389
-433
-517
-553
-620
-668
-649
-648
-647
-585
-541
-519
-427
-389
-368
-350
-307
-279
-243
-189
-120
-66
28
136
202
298
340
389
480
537
568
616
579
589
553
541
549
523
577
584
618
636
638
661
687
722
798
819
837
855
903
947
970
997
978
970
1009
1028
1039
1027
977
1010
953
942
960
931
939
954
927
914
929
835
777
703
638
528
436
349
273
241
208
240
250
314
339
408
449
469
440
390
325
246
143
-10
-164
-317
-412
-469
-489
-454
-473
-456
-374
-302
-222
-182
-85
-39
-62
-61
-62
-88
-177
-272
-356
-422
-443
-508
-565
-612
-620
-606
-582
-536
-481
-416
-364
-318
-248
-170
-119
-86
-62
-23
-52
-21
2
-14
-27
-30
22
67
123
203
269
339
438
516
558
555
576
518
456
428
377
360
286
297
261
266
367
403
489
500
630
703
756
808
783
842
872
845
830
837
826
829
798
798
815
819
867
838
810
772
707
688
662
629
619
612
653
669
649
658
690
703
687
630
590
522
464
406
412
369
318
279
221
303
251
239
148
103
109
68
9
-31
-27
-53
-39
4
34
27
66
107
118
74
48
-18
-123
-220
-348
-443
-492
-555
-587
-611
-631
-567
-542
-517
-439
-407
-379
-325
-269
-260
-225
-190
-142
-122
-107
-62
-52
46
-7
47
82
46
22
20
0
-69
-9
-70
-19
-19
-6
21
38
70
13
-9
8
-11
-33
-27
-60
-17
61
120
224
302
357
446
516
521
523
565
554
520
529
460
435
425
416
423
391
401
388
446
501
511
489
504
507
514
551
524
514
523
504
504
524
563
530
532
495
461
461
418
460
429
415
365
368
374
343
335
350
397
346
301
262
313
277
239
229
200
198
196
212
250
227
259
233
139
147
105
23
-80
-133
-193
-238
-253
-294
-339
-286
-216
-112
16
50
137
178
259
249
220
164
98
17
-106
-185
-246
-289
-332
-303
-255
-197
-130
-73
-17
11
30
46
29
-20
-63
-115
-174
-202
-226
-239
-223
-185
-111
-63
27
143
171
263
271
354
392
375
398
396
382
351
312
251
267
175
111
101
72
65
101
184
248
365
507
600
655
724
709
688
608
511
426
320
286
257
259
256
255
325
363
371
364
398
439
440
456
453
363
347
317
250
253
238
236
234
214
275
299
264
270
268
254
250
304
275
290
334
338
315
264
241
222
130
30
-31
-133
-200
-239
-229
-240
-211
-169
-140
-35
42
89
91
71
57
-7
-88
-216
-288
-369
-439
-510
-527
-471
-474
-409
-337
-280
-225
-172
-80
-64
-84
-94
-91
-67
-80
-96
-106
-109
-115
-159
-181
-193
-195
-168
-164
-203
-130
-138
-78
-112
-159
-124
-185
-168
-175
-199
-192
-250
-231
-203
-207
-172
-106
-74
-49
8
41
82
93
108
68
64
3
-54
-135
-175
-229
-263
-281
-272
-290
-279
-266
-275
-169
-162
-107
-63
-32
34
53
59
58
51
23
-58
-47
-91
-112
-85
-105
-68
-65
-6
27
73
112
114
91
67
53
55
23
36
24
-30
-13
68
100
123
196
217
245
312
322
350
333
275
239
171
164
126
42
-3
-33
-55
-12
27
69
143
198
212
214
271
274
279
343
297
229
247
208
186
158
146
115
144
155
117
82
65
40
31
13
11
11
-36
-10
-56
-46
-64
-97
-100
-101
-72
-51
-57
-50
-1
1
43
85
98
139
112
66
39
47
33
-20
-55
-53
-72
-111
-99
-85
-102
-62
-52
-54
-16
-7
43
9
47
70
28
33
62
60
62
19
-35
-81
-98
-91
-135
-91
-73
-64
-49
-29
-51
-56
-118
-178
-255
-341
-368
-465
-475
-448
-424
-405
-383
-341
-307
-294
-301
-262
-265
-326
-341
-319
-360
-361
-330
-314
-313
-319
-297
-278
-254
-238
-214
-185
-182
-209
-215
-186
-147
-153
-121
-66
-116
-108
-175
-145
-164
-204
-202
-273
-256
-233
-297
-279
-252
-228
-191
-172
-118
-98
-88
-64
-82
-91
-116
-189
-179
-136
-157
-117
-106
-111
-71
-14
11
-5
-4
-53
-74
-103
-198
-252
-266
-329
-366
-385
-346
-321
-345
-297
-301
-286
-209
-165
-129
-142
-173
-206
-201
-217
-246
-275
-251
-271
-229
-199
-142
-124
-111
-79
-45
6
-4
-23
-26
-5
-23
-10
3
52
43
5
-3
-51
-82
-54
-98
-103
-103
-71
3
7
60
43
51
12
-24
-57
-108
-148
-205
-244
-254
-240
-210
-160
-116
-22
-44
-17
-11
-5
1
-66
-78
-98
-111
-110
-99
-38
-68
-89
-118
-169
-198
-274
-328
-306
-341
-396
-411
-358
-248
-192
-51
72
165
193
255
255
248
212
103
-12
-133
-233
-354
-342
-382
-364
-336
-286
-147
-79
8
58
86
71
12
-52
-117
-215
-218
-246
-300
-301
-304
-277
-254
-210
-164
-132
-108
-31
-18
-36
35
50
102
74
59
34
85
84
34
27
-25
-85
-128
-134
-132
-140
-116
-86
-71
23
100
120
174
203
168
150
154
109
71
20
-3
-49
-56
-41
-10
43
73
134
126
118
165
136
144
108
6
-30
-58
-104
-115
-71
-68
-36
59
107
148
165
172
185
153
36
-12
-99
-160
-214
-225
-244
-276
-245
-181
-122
-100
-5
37
45
75
79
54
18
17
0
-22
-61
-118
-128
-138
-171
-197
-200
-231
-271
-293
-281
-252
-272
-300
-281
-287
-376
-413
-415
-436
-443
-452
-414
-320
-314
-269
-216
-223
-174
-184
-190
-184
-190
-204
-173
-184
-187
-163
-247
-262
-281
-343
-341
-362
-379
-422
-386
-351
-287
-286
-310
-219
-202
-202
-153
-187
-217
-259
-280
-292
-320
-348
-333
-314
-360
-343
-337
-344
-317
-362
-339
-292
-312
-361
-353
-302
-345
-295
-272
-252
-235
-196
-173
-164
-112
-125
-151
-120
-200
-289
-267
-333
-330
-327
-310
-344
-301
-256
-205
-157
-99
-70
-38
42
3
51
79
90
127
117
70
17
-5
-11
-62
-89
-122
-164
-149
-231
-228
-242
-216
-196
-208
-124
-120
-91
-46
-43
-44
-26
-20
-40
-30
-96
-161
-234
-233
-191
-200
-182
-195
-182
-143
-99
-10
6
3
52
24
62
75
-3
-68
-99
-189
-273
-347
-375
-363
-350
-308
-244
-205
-133
-22
20
104
131
114
50
57
16
-63
-132
-210
-265
-323
-313
-313
-336
-325
-311
-294
-253
-256
-224
-166
-179
-128
-145
-196
-165
-187
-243
-275
-265
-280
-310
-308
-365
-310
-278
-290
-243
-261
-276
-270
-263
-225
-243
-270
-265
-277
-240
-224
-210
-184
-159
-143
-130
-100
-81
-98
-122
-125
-142
-161
-228
-248
-243
-240
-188
-152
-135
-131
-77
-88
-96
-108
-140
-173
-183
-171
-206
-247
-261
-240
-218
-174
-123
-102
-124
-103
-118
-116
-168
-188
-230
-267
-270
-307
-315
-284
-264
-252
-204
-188
-200
-143
-142
-122
-62
-46
-11
1
10
15
5
-27
-25
-29
-8
-19
-30
-27
-33
-61
-10
-43
-29
17
51
39
-29
-44
-97
-96
-137
-163
-209
-223
-246
-223
-196
-181
-120
-115
-86
-45
2
29
28
24
-15
-50
-83
-109
-154
-159
-195
-215
-220
-160
-160
-106
-99
-86
-39
-74
-8
-11
-46
-70
-71
-112
-59
-78
-58
-62
-82
-80
-115
-94
-100
-127
-165
-149
-153
-157
-127
-143
-158
-185
-172
-190
-136
-100
-108
-54
-55
-7
-6
-8
-30
-57
-31
-41
-39
-37
-87
-92
-99
-141
-149
-149
-91
-156
-136
-118
-122
-82
-73
-55
-65
-41
-7
-5
18
33
40
54
50
49
80
68
49
79
97
80
91
81
82
46
53
71
48
34
10
28
22
5
2
14
35
30
27
112
171
163
194
237
272
294
345
353
367
323
321
303
258
248
194
160
149
140
124
177
259
235
234
240
267
284
262
232
212
164
180
132
96
103
77
72
73
111
152
174
205
241
219
226
267
285
264
245
188
191
177
117
103
119
67
84
87
53
67
67
79
82
37
79
85
23
4
-46
-19
-10
-72
-112
-90
-137
-104
-102
-114
-59
14
76
100
128
145
140
135
119
82
30
13
-53
-86
-116
-109
-69
-73
-49
-13
55
66
69
53
46
6
-30
-72
-146
-195
-257
-272
-280
-271
-196
-155
-111
-41
3
88
148
193
231
216
224
125
151
97
73
40
-28
-34
-35
-34
-21
31
52
99
150
158
145
194
178
148
161
120
127
80
77
46
44
73
110
140
113
178
244
239
244
273
278
263
250
201
187
164
114
117
117
117
102
98
128
139
130
123
146
177
175
185
164
139
142
136
122
115
111
96
57
40
65
78
116
118
109
170
200
196
167
145
136
93
31
9
-6
-73
-71
-61
-80
-78
-68
-44
44
52
88
45
71
68
22
35
-24
-20
-59
-119
-101
-82
-86
-42
7
45
54
114
143
180
160
171
111
55
9
-42
-62
-121
-211
-238
-248
-244
-246
-242
-175
-173
-135
-94
-49
-58
-67
-66
-95
-123
-178
-222
-207
-230
-270
-280
-243
-183
-143
-127
-88
-25
-13
35
61
88
82
32
48
20
9
15
10
22
29
90
66
73
105
67
46
37
-6
-14
-16
-17
-32
-24
-6
11
44
45
38
20
80
93
37
110
133
72
142
149
112
120
93
51
53
40
27
11
4
21
-2
31
34
28
14
37
62
71
78
45
-1
22
15
-32
-8
-14
-10
-5
7
-6
29
121
126
143
212
226
212
187
156
137
80
107
74
37
54
30
-27
-15
-9
5
24
3
30
33
32
30
34
-33
-21
-65
-102
-86
-110
-139
-131
-109
-83
-30
-3
15
51
34
34
78
68
43
20
-18
6
11
8
11
-4
-13
-29
-91
-78
-102
-83
-75
-89
-79
-151
-119
-151
-148
-123
-134
-137
-130
-155
-115
-112
-98
-44
-8
-21
-19
19
-45
-29
-38
-41
-36
-35
22
-9
-40
-109
-112
-109
-136
-122
-193
-161
-142
-146
-120
-137
-127
-126
-145
-126
-144
-161
-138
-121
-59
-98
-104
-32
14
-19
11
-10
48
72
53
39
55
90
40
50
89
87
79
75
73
95
83
85
117
81
86
102
124
126
89
75
78
94
98
57
73
91
75
58
75
83
92
87
73
75
73
71
77
95
57
93
62
100
117
108
119
114
135
162
151
119
84
118
86
18
-1
-26
-12
-18
-35
-10
-13
3
39
89
122
115
140
152
182
154
150
151
103
72
75
59
46
-12
-15
7
15
29
60
56
34
5
20
12
10
-27
-29
-74
-123
-139
-169
-154
-132
-94
-101
-72
-96
-50
19
21
52
64
62
53
57
42
-10
18
-12
-19
-18
-53
-76
-64
-28
-87
-93
-83
-80
-69
-25
5
5
18
19
3
4
-25
-40
-24
-28
-30
-57
-58
-35
-2
-31
-48
-10
12
70
74
38
55
88
95
92
78
153
132
134
170
151
145
111
106
81
64
56
47
23
13
-7
-12
13
49
56
73
87
62
74
92
45
29
68
100
134
117
99
102
142
130
117
119
120
107
98
116
87
100
111
121
138
144
171
174
146
123
115
122
84
52
45
2
-8
16
-5
9
21
26
43
37
66
99
115
137
120
81
105
99
137
132
71
85
64
43
30
3
-37
-41
-50
-67
-58
-77
-34
-66
-111
-129
-95
-90
-96
-47
-128
-127
-137
-149
-156
-174
-191
-225
-251
-254
-241
-248
-182
-144
-159
-171
-142
-93
-91
-97
-93
-99
-71
-163
-175
-178
-227
-211
-240
-245
-342
-368
-335
-324
-326
-290
-281
-281
-220
-187
-164
-176
-164
-96
-158
-136
-139
-150
-168
-157
-172
-194
-188
-190
-187
-179
-146
-125
-89
-74
-20
-37
-50
-16
-5
-45
-69
-75
-104
-120
-174
-177
-229
-228
-219
-217
-174
-176
-140
-90
-57
-49
-16
-6
20
32
35
65
55
43
37
10
18
32
16
-18
16
22
-3
8
19
39
-11
-1
14
1
24
72
28
4
-6
-6
28
-4
18
-23
-3
51
20
23
57
49
41
53
3
5
-7
9
-11
