-----------------------------------214101018_5_1.txt-----------------------
19 19 19 32 28 20 20 20 20 24 24 24 24 24 26 26 26 26 26 26 10 26 26 26 26 5 8 8 9 8 19 26 8 8 8 24 27 19 30 30 30 30 30 30 30 30 30 30 30 30 30 30 30 30 30 30 30 30 30 30 30 30 30 30 30 30 30 30 30 30 30 30 30 30 30 30 30 30 30 30 30 30 30 30 30 
-----------------------------------214101018_5_2.txt-----------------------
19 19 19 19 19 26 29 20 32 20 24 24 24 24 24 26 26 26 26 26 26 26 26 26 26 26 26 30 30 17 19 30 30 29 8 24 32 16 16 27 19 26 9 30 30 30 30 30 30 30 30 30 30 30 30 30 30 30 30 30 30 30 30 30 30 30 30 30 30 30 30 30 30 30 30 30 30 30 30 30 30 30 30 30 30 
-----------------------------------214101018_5_3.txt-----------------------
19 19 19 19 27 24 20 13 20 24 32 24 24 24 24 26 26 26 26 26 26 26 26 26 26 5 26 17 17 19 30 19 11 19 29 32 29 20 13 19 9 9 30 30 30 30 30 30 30 30 30 30 30 30 30 30 30 30 30 30 30 30 30 30 30 30 30 30 30 30 30 30 30 30 30 30 30 30 30 30 30 30 30 30 30 
-----------------------------------214101018_5_4.txt-----------------------
29 29 30 30 30 30 30 30 29 19 29 29 20 20 24 24 24 24 24 24 24 26 26 26 26 26 10 10 26 26 26 26 26 9 9 17 30 30 29 8 24 24 24 27 19 9 3 19 3 19 30 30 30 30 30 30 30 30 30 30 30 30 30 30 30 30 30 30 30 30 30 30 30 30 30 30 30 30 30 30 30 30 30 30 30 
-----------------------------------214101018_5_5.txt-----------------------
3 19 19 29 29 20 13 20 24 24 24 24 24 26 26 26 26 26 26 10 26 26 10 26 26 17 17 26 8 30 19 19 8 8 8 19 30 30 30 30 30 30 30 30 30 30 30 30 30 30 30 30 30 30 30 30 30 30 30 30 30 30 30 30 30 30 30 30 30 30 30 30 30 30 30 30 30 30 30 30 30 30 30 30 30 
-----------------------------------214101018_5_6.txt-----------------------
9 26 20 26 24 24 24 24 32 24 24 24 24 26 26 26 26 26 26 10 10 26 26 5 26 5 30 9 19 19 29 19 29 19 8 19 13 9 3 3 30 30 30 30 30 30 30 30 30 30 30 30 30 30 30 30 30 30 30 30 30 30 30 30 30 30 30 30 30 30 30 30 30 30 30 30 30 30 30 30 30 30 30 30 30 
-----------------------------------214101018_5_7.txt-----------------------
32 19 24 29 29 20 20 24 24 24 24 24 24 24 26 26 26 26 26 10 26 26 26 26 26 17 17 17 19 30 30 19 19 8 32 24 19 9 9 9 30 30 30 30 30 30 30 30 30 30 30 30 30 30 30 30 30 30 30 30 30 30 30 30 30 30 30 30 30 30 30 30 30 30 30 30 30 30 30 30 30 30 30 30 30 
-----------------------------------214101018_5_8.txt-----------------------
19 19 11 19 32 32 32 13 20 20 24 24 24 24 24 24 26 26 26 26 10 26 26 26 26 26 17 17 30 19 19 19 19 19 19 24 24 8 8 9 9 9 3 3 30 30 30 30 30 30 30 30 30 30 30 30 30 30 30 30 30 30 30 30 30 30 30 30 30 30 30 30 30 30 30 30 30 30 30 30 30 30 30 30 30 
-----------------------------------214101018_5_9.txt-----------------------
20 24 32 24 24 24 24 24 26 26 26 26 26 26 26 26 26 26 26 5 26 1 1 8 8 30 8 19 29 30 30 30 30 30 30 30 30 30 30 30 30 30 30 30 30 30 30 30 30 30 30 30 30 30 30 30 30 30 30 30 30 30 30 30 30 30 30 30 30 30 30 30 30 30 30 30 30 30 30 30 30 30 30 30 30 
-----------------------------------214101018_5_10.txt-----------------------
19 27 16 19 19 32 29 13 20 32 24 24 24 24 24 24 26 26 26 26 26 26 26 26 5 26 26 9 9 9 30 19 19 29 29 11 9 9 9 9 9 3 30 30 30 30 30 30 30 30 30 30 30 30 30 30 30 30 30 30 30 30 30 30 30 30 30 30 30 30 30 30 30 30 30 30 30 30 30 30 30 30 30 30 30 
-----------------------------------214101018_5_11.txt-----------------------
19 19 30 32 29 26 20 20 24 24 24 24 24 24 26 26 26 26 26 26 26 26 26 5 17 26 17 17 30 29 30 19 19 29 19 19 13 9 9 30 30 30 30 30 30 30 30 30 30 30 30 30 30 30 30 30 30 30 30 30 30 30 30 30 30 30 30 30 30 30 30 30 30 30 30 30 30 30 30 30 30 30 30 30 30 
-----------------------------------214101018_5_12.txt-----------------------
19 27 27 20 13 20 24 24 24 24 24 24 26 26 26 26 26 26 26 26 17 26 26 17 17 9 17 30 30 19 19 29 24 24 19 9 9 9 30 30 30 30 30 30 30 30 30 30 30 30 30 30 30 30 30 30 30 30 30 30 30 30 30 30 30 30 30 30 30 30 30 30 30 30 30 30 30 30 30 30 30 30 30 30 30 
-----------------------------------214101018_5_13.txt-----------------------
20 24 24 24 24 24 26 26 26 26 26 26 26 26 26 26 5 17 17 30 19 8 8 8 19 29 29 29 19 9 5 9 19 30 30 30 30 30 30 30 30 30 30 30 30 30 30 30 30 30 30 30 30 30 30 30 30 30 30 30 30 30 30 30 30 30 30 30 30 30 30 30 30 30 30 30 30 30 30 30 30 30 30 30 30 
-----------------------------------214101018_5_14.txt-----------------------
19 29 19 24 29 20 20 20 20 32 32 32 24 24 24 24 26 26 26 26 26 26 26 26 26 26 30 9 9 19 30 29 19 8 19 19 19 9 9 30 30 30 30 30 30 30 30 30 30 30 30 30 30 30 30 30 30 30 30 30 30 30 30 30 30 30 30 30 30 30 30 30 30 30 30 30 30 30 30 30 30 30 30 30 30 
-----------------------------------214101018_5_15.txt-----------------------
3 9 26 30 26 26 26 32 24 24 24 24 24 24 26 26 26 26 26 26 26 26 26 26 17 17 17 26 19 30 30 29 19 16 29 30 30 30 30 30 30 30 30 30 30 30 30 30 30 30 30 30 30 30 30 30 30 30 30 30 30 30 30 30 30 30 30 30 30 30 30 30 30 30 30 30 30 30 30 30 30 30 30 30 30 
-----------------------------------214101018_5_16.txt-----------------------
28 30 19 19 29 29 20 32 24 24 24 32 24 24 26 26 26 26 26 26 26 26 26 26 26 26 17 30 30 30 19 19 29 29 8 24 30 30 30 30 30 30 30 30 30 30 30 30 30 30 30 30 30 30 30 30 30 30 30 30 30 30 30 30 30 30 30 30 30 30 30 30 30 30 30 30 30 30 30 30 30 30 30 30 30 
-----------------------------------214101018_5_17.txt-----------------------
9 26 19 19 19 19 29 29 13 20 20 24 24 24 24 24 26 26 26 26 26 26 26 26 26 26 26 26 26 30 19 19 29 19 19 24 29 29 13 30 30 30 30 30 30 30 30 30 30 30 30 30 30 30 30 30 30 30 30 30 30 30 30 30 30 30 30 30 30 30 30 30 30 30 30 30 30 30 30 30 30 30 30 30 30 
-----------------------------------214101018_5_18.txt-----------------------
24 24 24 24 24 24 26 26 26 26 26 26 26 26 26 26 5 17 17 30 26 30 29 8 19 19 8 8 8 9 9 30 30 30 30 30 30 30 30 30 30 30 30 30 30 30 30 30 30 30 30 30 30 30 30 30 30 30 30 30 30 30 30 30 30 30 30 30 30 30 30 30 30 30 30 30 30 30 30 30 30 30 30 30 30 
-----------------------------------214101018_5_19.txt-----------------------
24 24 24 24 24 24 26 26 26 26 26 10 26 26 26 26 26 26 26 26 9 9 29 8 30 8 27 27 9 30 30 30 30 30 30 30 30 30 30 30 30 30 30 30 30 30 30 30 30 30 30 30 30 30 30 30 30 30 30 30 30 30 30 30 30 30 30 30 30 30 30 30 30 30 30 30 30 30 30 30 30 30 30 30 30 
-----------------------------------214101018_5_20.txt-----------------------
19 19 30 30 20 20 24 32 24 24 24 24 26 26 26 26 26 26 26 26 26 26 26 26 26 11 19 19 29 29 8 19 29 30 30 30 30 30 30 30 30 30 30 30 30 30 30 30 30 30 30 30 30 30 30 30 30 30 30 30 30 30 30 30 30 30 30 30 30 30 30 30 30 30 30 30 30 30 30 30 30 30 30 30 30 
