3.187901,-1.367878,0.068940,1.775471,2.911628,2.675815,0.093019,0.872318,1.921965,0.212135,0.270026,-0.006736
-1.024358,-2.585402,0.912040,1.660063,3.706297,2.020821,1.150691,-0.917507,0.379933,0.219754,0.501999,-0.050410
-2.971305,-5.569072,-0.086192,0.886819,3.271748,2.047227,0.830355,-0.901785,0.114707,0.139178,-0.010433,0.152527
3.156278,-2.168205,0.175193,1.009487,3.604929,3.244048,1.497730,0.056046,1.522304,-0.528938,-0.219488,0.130191
2.942207,-2.125485,0.518031,4.038367,5.921740,2.018991,0.004881,-0.023496,1.158911,1.061539,0.196457,-0.006081
0.529684,-1.393945,0.407123,2.461185,3.296557,2.102759,1.305500,0.136675,1.024130,-0.162286,0.039779,-0.056220
3.511212,-2.882234,0.931903,2.772478,3.066845,1.659895,0.462678,0.377750,0.721709,0.394612,-0.047377,-0.019740
-0.838119,-2.636091,1.385315,2.127342,4.133896,2.608612,0.099526,-0.391864,1.059236,0.184051,0.154016,-0.016347
1.435497,-2.174852,0.980987,1.560722,2.708815,1.830818,0.572791,0.926361,0.706842,-0.835891,-0.035822,0.089818
1.545175,-1.922509,1.088412,1.885013,2.582882,4.312843,2.042033,-0.605705,0.636405,0.257299,0.588519,0.039593
-0.342891,-1.743357,1.487919,1.625274,4.419657,2.445724,1.254336,0.016823,0.408026,0.094241,0.298570,0.010701
3.552596,0.329215,0.777483,2.684400,2.848798,2.139399,0.236613,0.364172,1.186791,0.770863,0.349598,-0.005234
1.828589,0.070261,-0.044754,1.418794,2.808484,2.567339,1.543047,0.361194,1.383130,-0.314130,0.330540,-0.062795
3.058050,-1.044970,-0.050949,0.983588,3.649297,2.336972,1.475173,0.595820,0.972405,0.132107,-0.094408,-0.035045
1.686812,-1.546601,1.728549,2.613372,2.458043,3.060038,0.253065,0.693484,0.914447,0.285650,-0.020250,0.038839
2.179438,-1.788808,0.109815,1.679160,2.664686,2.183648,1.685267,-0.447877,1.052285,-0.253201,-0.170097,0.011902
1.644430,-0.371189,0.400979,3.161487,3.015005,2.692519,0.054015,0.313057,0.592798,0.232077,0.561941,-0.008885
2.674333,0.712044,1.358277,2.907617,3.438581,2.722305,1.240364,0.210005,0.192958,0.681911,0.443698,0.062235
1.144491,-1.704570,0.886387,2.253792,2.891019,3.724135,1.601234,-0.699900,1.342609,0.001201,0.170255,0.037213
2.887582,-0.378280,0.454072,0.752594,2.991602,2.556489,1.546566,0.546457,1.065313,-0.179611,0.156695,0.061960
3.425742,0.044140,0.707164,3.170082,2.707603,2.587759,0.891166,-0.132442,0.247529,0.735307,0.253924,-0.002820
1.533464,-0.241661,0.010560,0.961252,2.817295,2.120209,1.493533,0.893147,0.406842,-0.312691,0.378507,-0.015875
3.179027,-0.068653,0.391898,2.865317,3.485073,2.612221,0.645557,0.359951,0.564616,0.684275,0.202447,0.009530
0.831289,-1.002901,1.718115,2.937634,3.265928,2.363976,0.374526,0.647310,0.943266,0.327935,0.362588,-0.061963
3.484383,0.254581,0.174720,1.440964,3.342862,3.102813,1.170888,0.313316,0.544629,0.784000,0.474595,0.033983
1.272660,-0.449551,0.907389,1.030182,3.560116,2.709081,2.441102,0.050668,0.952671,0.243017,0.178069,0.011067
3.126873,-1.838162,-0.261187,1.421790,4.146167,2.054038,1.355596,0.977961,0.835397,0.075097,-0.284421,-0.060753
3.073625,-0.001644,1.195271,1.585186,3.972332,2.504172,0.601653,0.035530,0.885080,0.663245,0.326515,0.015102
3.653687,-1.149889,-0.568633,1.996145,2.184923,3.051639,1.652366,0.539591,1.030361,0.062913,0.126881,0.041581
3.668710,-0.768217,1.138268,2.541744,4.314191,1.188154,-0.229380,0.217821,1.244785,0.410590,0.087608,0.013564
0.890678,-1.979122,1.664371,2.074796,3.073034,2.371004,0.683592,0.879429,1.045698,0.186787,-0.022135,-0.108721
1.708315,-2.934281,1.325005,2.674332,3.730250,2.433278,0.891481,0.038674,0.609302,0.337211,0.211349,0.023832
1.758237,-1.207095,1.259746,1.494498,3.472569,2.110440,0.779013,1.253274,0.807306,0.082597,0.260157,-0.041260
1.944580,-1.938689,1.239803,0.971362,3.202837,2.101880,1.593081,0.906112,0.815035,-0.153579,-0.005011,-0.018991
3.464201,0.229884,0.234326,1.447456,2.841104,3.440775,1.630573,0.483749,0.283281,0.397340,0.338617,0.074409
1.445921,-0.881710,0.204072,1.480774,2.590675,2.992731,2.121142,0.176295,0.778238,0.227003,0.011133,-0.081646
4.375731,1.515700,0.047724,2.157034,3.766922,2.121556,0.467843,0.907535,0.801234,-0.211582,0.454319,0.160021
6.356497,-1.889842,-1.674769,2.314932,6.694029,3.573780,-1.819454,-0.279176,-0.648418,0.035898,0.158485,-0.137896
4.472511,-0.736521,-1.080649,1.969410,2.231297,1.137860,-0.459580,-0.472170,0.504241,0.676476,0.189954,-0.097572
3.253685,2.176733,2.018909,2.619805,2.920760,2.205939,0.980159,0.134311,0.110865,0.227451,0.289843,0.037361
3.682952,0.720066,-0.515980,1.225479,3.210140,2.565882,0.073817,-0.877195,-0.364726,0.143274,0.100923,-0.026907
2.977780,0.195292,0.565619,1.614312,2.795477,2.713612,1.987206,0.124745,0.319850,0.303921,0.565937,0.076392
3.831505,0.262404,0.984204,3.137903,2.531965,2.207940,1.615648,0.303430,0.318153,0.735429,0.110467,-0.039883
2.705445,-1.606569,1.000077,3.137738,2.698004,1.473297,2.016327,0.161170,0.650117,0.333373,0.139098,0.020586
2.609309,0.184043,0.402005,1.846783,2.229386,1.577105,1.928373,-0.522796,0.217623,0.391849,0.283577,0.013611
3.619812,-1.453723,1.565369,3.574252,3.632894,3.339435,2.444478,-0.470364,-0.159304,0.874689,0.445596,0.098107
3.166230,-2.763749,0.764590,1.158983,2.214057,3.197802,2.267417,-1.170817,-0.580378,0.804076,0.329389,0.005700
2.094200,-3.288138,3.241827,2.220025,2.539911,1.438364,0.695802,1.288232,0.982340,0.288325,-0.154716,-0.084499
4.769161,0.753663,1.326998,3.512819,5.550968,4.045903,1.857101,0.402486,-0.038414,0.645707,0.586934,0.177741
3.854239,0.629407,0.397871,3.444768,4.647853,2.613335,0.932377,0.766628,0.315358,0.038592,0.490977,0.196259
3.698027,-1.649136,3.036921,1.736754,2.572997,1.911756,0.952141,0.224763,-0.078820,-0.330493,-0.288516,0.104845
1.633170,-2.740424,1.942571,1.961898,4.127821,1.792282,1.207250,0.558857,1.024443,0.097931,-0.064798,0.031483
2.038562,-4.159616,0.749993,-0.036274,3.020359,1.722283,0.594395,-0.078071,-0.073849,-0.172165,-0.329886,-0.021055
2.932485,-0.787114,-0.326021,1.755730,2.465951,2.194171,0.572329,-0.243626,0.142116,-0.074860,-0.434632,-0.008649
3.380658,-0.015129,0.654839,2.065459,2.303473,1.959626,2.046844,-0.230715,0.291602,0.308960,0.249349,0.022778
2.831005,-0.373949,0.744739,1.186631,2.794757,2.053210,2.126390,-0.085615,0.654864,0.110271,0.312494,0.043038
2.585913,-1.940789,2.556280,2.194984,3.782671,2.592050,1.844244,0.352525,-0.779882,0.881263,0.733511,0.005106
2.827569,-1.194753,0.446649,1.863183,2.956280,2.094828,1.872860,0.501979,-0.203441,0.399741,0.467754,0.029204
3.125242,-0.208508,-0.131319,1.398709,3.392614,3.053047,1.580672,0.858987,-0.063407,0.268938,0.495632,0.078935
2.425789,0.674219,0.698261,0.597533,2.829806,1.912283,1.525633,-0.161743,0.143103,0.193566,0.387864,0.022294
2.694896,-2.818368,2.762577,2.519949,1.713652,2.234586,0.966983,0.931612,1.274491,0.338497,-0.237491,0.010439
2.257431,-3.565101,2.996598,3.054691,3.626754,2.362541,0.644119,0.794752,1.158815,0.594228,0.094938,0.005204
2.626852,-4.721843,1.483626,1.473508,3.157657,0.784472,0.986651,0.569058,0.943112,0.756959,-0.202962,-0.021619
3.206983,0.730896,1.391989,3.193677,2.697923,1.954162,1.859010,0.170907,0.478846,0.584993,0.408437,0.033541
2.584152,0.100007,1.566954,1.589738,3.025593,1.427116,1.587709,-0.221180,0.275006,0.508954,0.459405,0.033959
2.642391,0.293456,0.581428,1.674625,2.876565,2.566408,1.475395,0.418315,0.578134,0.501564,0.413178,0.000901
4.163549,-1.583633,2.023447,3.807140,1.288053,1.658462,0.835200,0.186273,0.950807,0.674136,-0.020025,-0.040974
4.649966,-3.894792,2.858983,1.052655,1.634808,2.457954,0.575094,0.914272,1.129629,0.557622,0.060743,-0.168313
5.412574,-2.880654,1.252761,0.253294,2.047141,2.881287,1.240554,0.837833,0.798313,0.330083,-0.127151,-0.143782
4.858330,1.234932,2.599676,3.156822,4.270829,3.637723,1.386733,0.313419,0.587374,0.667800,0.351383,0.072397
3.256735,-0.254066,1.273172,2.635052,3.459326,2.131832,2.163193,0.040734,0.569115,0.535779,0.187372,0.062832
3.482449,1.601567,2.192768,2.986151,3.376489,3.390487,1.680894,-0.228567,0.082238,0.507109,0.562587,0.111340
2.579054,0.637551,1.272765,1.735039,2.515442,2.466967,1.545104,0.004886,0.008512,0.133925,0.568824,0.060128
2.379518,0.572248,0.829810,1.645650,3.368128,2.303650,1.655860,0.408141,0.048464,0.405192,0.452244,0.048162
2.379518,0.572248,0.829810,1.645650,3.368128,2.303650,1.655860,0.408141,0.048464,0.405192,0.452244,0.048162
3.797120,1.616074,0.646398,1.314559,2.606614,1.807407,1.372754,-0.388268,0.443807,0.129271,0.185314,0.004742
3.639613,-0.479241,1.592112,2.018719,1.856390,2.284869,1.435404,0.267754,0.102247,0.732593,0.199582,-0.029828
-2.273959,-3.251280,1.976100,2.763430,1.939992,2.357067,1.246118,-0.761613,-0.072370,0.386506,0.720555,-0.094846
-1.612722,-4.099229,1.124979,2.322872,3.085866,0.698949,0.773370,-0.609432,0.644087,0.179500,0.398087,0.089710
-0.777470,-4.106160,2.972358,2.828214,3.641487,1.397352,0.545594,-0.068514,0.668765,0.363979,0.133070,0.106768
-1.450025,-4.908752,1.648574,1.827016,3.317639,1.656360,0.609840,-0.911771,0.498697,0.065555,0.237068,0.166779
-1.350848,-2.704410,2.616633,3.047675,3.384554,1.442622,1.107190,-0.034215,0.965363,0.287061,0.340340,-0.079338
-1.355537,-3.553703,0.640672,0.967824,3.415655,0.686953,0.309939,0.338497,0.612997,0.375133,-0.104211,0.081080
-0.891799,-3.523651,2.102547,3.244286,3.468150,0.490894,0.965931,-0.165619,0.612470,0.571949,0.054963,0.055068
-1.545419,-3.549506,1.192423,2.357536,2.924513,0.423945,0.679697,-0.172147,0.408580,0.394016,-0.128911,0.128053
-1.331954,-2.994069,2.039595,2.446587,2.353237,0.567672,1.024977,0.165508,0.968873,0.160353,-0.095785,0.034870
-1.086934,-4.063118,1.604548,2.243102,2.859275,2.152955,0.866163,-1.298862,0.580399,0.711079,0.283177,-0.004781
-0.760838,-2.744070,1.645665,3.261092,3.953087,1.353996,0.705559,-0.174812,0.813053,0.351897,0.304302,-0.000213
-1.146708,-3.120309,1.443809,3.424034,2.940170,1.096951,0.379837,-0.039899,0.724792,-0.094541,0.449680,0.067021
-0.682728,-2.978853,1.766084,3.367625,2.539556,0.866958,1.056274,0.036653,0.907776,-0.242193,0.139045,0.159120
-0.730929,-3.533607,1.896441,2.821525,4.059387,0.363524,0.809305,0.387654,0.591176,-0.262556,0.100260,0.120694
-0.391969,-3.835694,1.719600,3.965830,2.985429,1.357382,0.522768,0.225976,1.084381,-0.434302,0.379867,-0.045438
-0.099098,-4.432744,2.116208,1.330243,2.313548,1.670619,1.635086,-0.078824,0.035633,0.331839,0.416171,0.050616
0.035978,-3.646879,1.571101,2.194971,3.151778,2.862779,0.825453,-0.446280,0.291263,0.152028,0.473835,0.081874
4.351629,1.622994,0.451450,2.543380,4.017005,2.667117,0.942131,0.964692,0.722371,-0.212864,0.098967,0.086857
3.606916,1.395458,0.615883,0.441345,2.380653,2.721789,1.520637,-0.229755,0.810737,0.118367,0.138424,0.034508
3.533335,2.273132,2.447615,2.413375,3.714992,2.851900,1.327356,0.161631,-0.342358,-0.318167,0.432498,0.067552
5.809739,1.623340,-0.806199,1.465013,3.985812,2.351043,1.182098,0.699562,-0.169866,0.253721,0.168018,0.090048
3.407106,2.650445,1.936215,2.260819,2.949791,2.235555,0.307477,-0.286072,0.330249,0.537524,0.224496,0.015609
4.373603,1.874628,0.310061,1.347278,3.113038,2.823019,1.691313,0.680707,-0.258704,0.127114,0.312224,0.129421
3.110446,1.569455,1.246447,2.586687,3.434269,2.135097,0.950914,0.590138,0.424684,0.077457,0.115333,0.046443
5.105157,-2.367616,0.641203,2.397654,2.710042,3.442073,0.441850,-0.001650,1.497386,-0.056612,-0.298101,0.196891
4.366811,-1.459922,1.985551,2.887601,2.038614,3.034674,0.121905,0.170375,1.363111,-0.290033,-0.467509,0.113571
4.145445,-1.573009,2.079400,2.602325,1.276423,3.176388,1.287913,0.030056,0.990967,-0.350335,-0.559392,0.138129
3.189415,-0.902968,1.375997,2.116276,1.502056,2.709477,0.503944,0.134795,1.308383,-0.594710,-0.691986,0.034043
4.981552,-0.671814,-0.147609,2.681545,2.581790,1.952454,0.548404,0.288584,1.460538,-0.153557,-0.150332,0.113095
4.254171,-0.060529,-1.471489,1.833145,3.448629,2.098830,1.317480,1.144607,0.786404,0.539393,0.109322,-0.040193
4.196233,-1.746049,1.467005,2.335645,1.667078,2.742355,0.292952,1.123613,1.450138,0.369218,0.059219,0.018856
3.795882,0.831068,-0.024524,2.069672,2.888123,1.823508,1.114770,0.799009,0.717193,0.696302,0.234413,-0.006282
