-----------------------------------214101018_1_1.txt-----------------------
13 13 13 21 21 21 2 5 13 13 13 13 13 13 13 13 24 13 13 26 26 26 5 5 5 5 26 5 13 5 9 30 30 30 30 30 30 30 30 30 30 30 30 30 30 30 30 30 30 30 30 30 30 30 30 30 30 30 30 30 30 30 30 30 30 30 30 30 30 30 30 30 30 30 30 30 30 30 30 30 30 30 30 30 30 
-----------------------------------214101018_1_2.txt-----------------------
3 3 19 19 9 5 1 13 5 1 13 4 4 13 13 13 13 26 13 13 13 24 20 24 24 26 5 26 10 10 26 26 26 5 5 5 5 5 5 30 30 30 30 30 30 30 30 30 30 30 30 30 30 30 30 30 30 30 30 30 30 30 30 30 30 30 30 30 30 30 30 30 30 30 30 30 30 30 30 30 30 30 30 30 30 
-----------------------------------214101018_1_3.txt-----------------------
5 13 13 13 13 13 13 13 13 13 13 20 13 20 24 24 26 26 5 5 5 26 26 17 26 5 5 5 5 9 9 13 30 30 30 30 30 30 30 30 30 30 30 30 30 30 30 30 30 30 30 30 30 30 30 30 30 30 30 30 30 30 30 30 30 30 30 30 30 30 30 30 30 30 30 30 30 30 30 30 30 30 30 30 30 
-----------------------------------214101018_1_4.txt-----------------------
19 3 19 19 5 5 5 13 13 13 13 13 13 13 13 13 13 20 13 13 13 20 24 24 24 24 24 24 26 5 5 5 1 1 1 5 5 5 9 5 5 9 9 30 30 30 30 30 30 30 30 30 30 30 30 30 30 30 30 30 30 30 30 30 30 30 30 30 30 30 30 30 30 30 30 30 30 30 30 30 30 30 30 30 30 
-----------------------------------214101018_1_5.txt-----------------------
19 19 19 19 19 19 5 5 13 13 13 13 13 13 13 13 13 13 13 13 20 20 20 20 20 20 32 24 24 24 26 26 5 5 5 5 5 5 5 5 5 9 9 26 9 9 9 30 30 30 30 30 30 30 30 30 30 30 30 30 30 30 30 30 30 30 30 30 30 30 30 30 30 30 30 30 30 30 30 30 30 30 30 30 30 
-----------------------------------214101018_1_6.txt-----------------------
19 19 3 19 5 13 13 13 13 13 13 13 13 13 13 13 13 13 13 13 13 13 13 24 24 24 24 26 13 5 5 5 5 5 5 5 5 9 9 9 9 30 30 30 30 30 30 30 30 30 30 30 30 30 30 30 30 30 30 30 30 30 30 30 30 30 30 30 30 30 30 30 30 30 30 30 30 30 30 30 30 30 30 30 30 
-----------------------------------214101018_1_7.txt-----------------------
19 19 19 19 9 5 5 13 13 13 13 13 13 13 13 13 13 13 13 13 13 13 20 20 20 24 24 24 9 13 5 5 5 5 5 5 5 5 21 21 9 9 9 9 30 30 30 30 30 30 30 30 30 30 30 30 30 30 30 30 30 30 30 30 30 30 30 30 30 30 30 30 30 30 30 30 30 30 30 30 30 30 30 30 30 
-----------------------------------214101018_1_8.txt-----------------------
3 19 19 19 9 13 13 13 13 13 4 13 13 13 13 13 13 13 20 20 20 13 20 13 20 24 24 24 5 5 5 5 5 5 5 5 5 13 9 5 19 9 13 3 19 30 30 30 30 30 30 30 30 30 30 30 30 30 30 30 30 30 30 30 30 30 30 30 30 30 30 30 30 30 30 30 30 30 30 30 30 30 30 30 30 
-----------------------------------214101018_1_9.txt-----------------------
3 19 19 3 9 5 13 4 13 13 13 13 13 13 13 13 13 13 13 20 13 20 24 24 13 13 26 26 26 26 26 26 26 26 5 5 9 9 9 9 9 5 5 9 30 30 30 30 30 30 30 30 30 30 30 30 30 30 30 30 30 30 30 30 30 30 30 30 30 30 30 30 30 30 30 30 30 30 30 30 30 30 30 30 30 
-----------------------------------214101018_1_10.txt-----------------------
19 19 19 19 5 5 13 13 13 13 13 13 13 13 13 13 13 13 13 13 13 13 13 13 13 13 13 13 5 26 5 5 17 5 5 5 5 9 9 5 5 5 30 30 30 30 30 30 30 30 30 30 30 30 30 30 30 30 30 30 30 30 30 30 30 30 30 30 30 30 30 30 30 30 30 30 30 30 30 30 30 30 30 30 30 
-----------------------------------214101018_1_11.txt-----------------------
19 19 3 3 9 5 13 13 13 5 13 13 13 13 13 13 13 13 13 13 13 13 20 24 24 26 26 26 26 26 26 5 10 5 5 9 19 9 19 13 32 30 30 30 30 30 30 30 30 30 30 30 30 30 30 30 30 30 30 30 30 30 30 30 30 30 30 30 30 30 30 30 30 30 30 30 30 30 30 30 30 30 30 30 30 
-----------------------------------214101018_1_12.txt-----------------------
3 9 3 3 19 9 5 5 13 1 13 13 4 21 13 13 13 13 13 13 13 13 20 24 24 24 24 26 9 5 5 5 5 5 5 5 5 5 9 9 9 5 5 5 9 9 9 30 30 30 30 30 30 30 30 30 30 30 30 30 30 30 30 30 30 30 30 30 30 30 30 30 30 30 30 30 30 30 30 30 30 30 30 30 30 
-----------------------------------214101018_1_13.txt-----------------------
5 5 5 5 4 13 21 21 13 13 13 13 13 13 13 13 13 24 24 13 13 26 26 5 26 26 5 5 5 5 9 9 9 9 5 5 9 19 9 19 30 30 30 30 30 30 30 30 30 30 30 30 30 30 30 30 30 30 30 30 30 30 30 30 30 30 30 30 30 30 30 30 30 30 30 30 30 30 30 30 30 30 30 30 30 
-----------------------------------214101018_1_14.txt-----------------------
19 3 3 19 3 19 9 9 5 5 1 13 13 13 13 13 13 20 20 24 20 20 20 24 24 24 26 5 5 5 1 5 5 5 5 5 5 9 9 9 30 30 30 30 30 30 30 30 30 30 30 30 30 30 30 30 30 30 30 30 30 30 30 30 30 30 30 30 30 30 30 30 30 30 30 30 30 30 30 30 30 30 30 30 30 
-----------------------------------214101018_1_15.txt-----------------------
19 19 19 19 3 3 9 5 5 1 5 5 5 4 13 13 13 20 20 20 20 20 32 32 20 24 24 24 9 26 5 5 5 5 5 5 5 5 13 11 30 30 30 30 30 30 30 30 30 30 30 30 30 30 30 30 30 30 30 30 30 30 30 30 30 30 30 30 30 30 30 30 30 30 30 30 30 30 30 30 30 30 30 30 30 
-----------------------------------214101018_1_16.txt-----------------------
3 3 9 19 3 9 5 5 5 5 5 13 13 21 13 13 13 13 13 13 13 13 24 24 13 21 26 5 26 26 5 26 5 5 5 13 5 30 30 30 30 30 30 30 30 30 30 30 30 30 30 30 30 30 30 30 30 30 30 30 30 30 30 30 30 30 30 30 30 30 30 30 30 30 30 30 30 30 30 30 30 30 30 30 30 
-----------------------------------214101018_1_17.txt-----------------------
3 3 19 9 9 5 5 5 5 5 5 5 13 13 13 13 13 13 13 20 13 24 24 24 13 26 26 26 5 26 5 1 5 5 5 13 9 9 30 30 30 30 30 30 30 30 30 30 30 30 30 30 30 30 30 30 30 30 30 30 30 30 30 30 30 30 30 30 30 30 30 30 30 30 30 30 30 30 30 30 30 30 30 30 30 
-----------------------------------214101018_1_18.txt-----------------------
5 13 13 13 13 13 13 13 13 13 13 13 13 24 20 20 20 24 26 26 5 5 5 5 5 5 5 5 1 25 9 9 9 30 30 30 30 30 30 30 30 30 30 30 30 30 30 30 30 30 30 30 30 30 30 30 30 30 30 30 30 30 30 30 30 30 30 30 30 30 30 30 30 30 30 30 30 30 30 30 30 30 30 30 30 
-----------------------------------214101018_1_19.txt-----------------------
13 13 13 13 13 12 13 13 20 13 20 20 20 20 20 24 24 26 5 5 5 5 1 5 5 5 5 26 9 3 30 30 30 30 30 30 30 30 30 30 30 30 30 30 30 30 30 30 30 30 30 30 30 30 30 30 30 30 30 30 30 30 30 30 30 30 30 30 30 30 30 30 30 30 30 30 30 30 30 30 30 30 30 30 30 
-----------------------------------214101018_1_20.txt-----------------------
19 19 19 19 19 19 9 9 13 5 4 4 13 12 13 13 20 20 20 24 20 24 24 13 13 26 26 26 26 26 26 26 5 5 5 13 13 9 30 30 30 30 30 30 30 30 30 30 30 30 30 30 30 30 30 30 30 30 30 30 30 30 30 30 30 30 30 30 30 30 30 30 30 30 30 30 30 30 30 30 30 30 30 30 30 
