-----------------------------------214101018_3_1.txt-----------------------
1 2 26 26 26 26 26 26 26 26 26 26 26 26 26 26 26 26 26 26 26 26 26 5 5 5 1 17 5 5 30 30 30 30 30 30 30 30 30 30 30 30 30 30 30 30 30 30 30 30 30 30 30 30 30 30 30 30 30 30 30 30 30 30 30 30 30 30 30 30 30 30 30 30 30 30 30 30 30 30 30 30 30 30 30 
-----------------------------------214101018_3_2.txt-----------------------
30 30 6 6 26 22 26 26 26 26 26 26 26 26 26 26 26 26 26 26 26 26 26 26 26 26 5 5 5 5 1 17 30 30 30 30 30 30 30 30 30 30 30 30 30 30 30 30 30 30 30 30 30 30 30 30 30 30 30 30 30 30 30 30 30 30 30 30 30 30 30 30 30 30 30 30 30 30 30 30 30 30 30 30 30 
-----------------------------------214101018_3_3.txt-----------------------
30 30 6 2 10 26 26 26 26 26 26 26 26 26 26 26 26 26 26 26 26 26 26 26 26 5 26 5 1 1 1 17 9 9 9 9 30 30 30 30 30 30 30 30 30 30 30 30 30 30 30 30 30 30 30 30 30 30 30 30 30 30 30 30 30 30 30 30 30 30 30 30 30 30 30 30 30 30 30 30 30 30 30 30 30 
-----------------------------------214101018_3_4.txt-----------------------
19 19 19 19 3 24 30 17 6 26 2 26 26 26 26 26 26 26 26 5 26 26 26 26 26 26 26 26 26 26 26 26 26 10 5 1 1 17 9 30 30 30 30 30 30 30 30 30 30 30 30 30 30 30 30 30 30 30 30 30 30 30 30 30 30 30 30 30 30 30 30 30 30 30 30 30 30 30 30 30 30 30 30 30 30 
-----------------------------------214101018_3_5.txt-----------------------
30 30 30 6 18 26 26 26 17 26 26 26 26 26 26 26 26 26 26 26 26 26 26 26 26 10 5 5 10 1 30 30 30 30 30 30 30 30 30 30 30 30 30 30 30 30 30 30 30 30 30 30 30 30 30 30 30 30 30 30 30 30 30 30 30 30 30 30 30 30 30 30 30 30 30 30 30 30 30 30 30 30 30 30 30 
-----------------------------------214101018_3_6.txt-----------------------
26 26 26 19 19 17 17 6 6 26 26 26 26 26 26 26 26 26 26 26 26 10 26 26 26 26 10 10 10 10 5 17 5 30 30 30 30 30 30 30 30 30 30 30 30 30 30 30 30 30 30 30 30 30 30 30 30 30 30 30 30 30 30 30 30 30 30 30 30 30 30 30 30 30 30 30 30 30 30 30 30 30 30 30 30 
-----------------------------------214101018_3_7.txt-----------------------
30 17 6 26 26 26 26 26 26 26 26 26 26 26 26 26 26 26 26 26 26 26 26 26 26 5 5 1 1 5 5 9 9 9 9 9 30 30 30 30 30 30 30 30 30 30 30 30 30 30 30 30 30 30 30 30 30 30 30 30 30 30 30 30 30 30 30 30 30 30 30 30 30 30 30 30 30 30 30 30 30 30 30 30 30 
-----------------------------------214101018_3_8.txt-----------------------
26 30 22 22 26 26 26 26 26 26 26 26 26 26 26 26 26 26 26 26 26 26 26 10 10 5 5 26 21 17 17 30 30 30 30 30 30 30 30 30 30 30 30 30 30 30 30 30 30 30 30 30 30 30 30 30 30 30 30 30 30 30 30 30 30 30 30 30 30 30 30 30 30 30 30 30 30 30 30 30 30 30 30 30 30 
-----------------------------------214101018_3_9.txt-----------------------
30 30 6 10 26 2 26 26 26 26 26 26 26 26 26 26 26 26 26 26 26 26 26 26 5 1 1 1 17 17 30 30 30 30 30 30 30 30 30 30 30 30 30 30 30 30 30 30 30 30 30 30 30 30 30 30 30 30 30 30 30 30 30 30 30 30 30 30 30 30 30 30 30 30 30 30 30 30 30 30 30 30 30 30 30 
-----------------------------------214101018_3_10.txt-----------------------
6 2 26 17 26 26 26 26 26 26 26 26 26 26 26 26 26 26 26 26 26 26 26 21 5 5 17 17 17 30 30 30 30 30 30 30 30 30 30 30 30 30 30 30 30 30 30 30 30 30 30 30 30 30 30 30 30 30 30 30 30 30 30 30 30 30 30 30 30 30 30 30 30 30 30 30 30 30 30 30 30 30 30 30 30 
-----------------------------------214101018_3_11.txt-----------------------
30 6 2 2 5 5 26 26 26 26 26 26 26 26 26 26 26 26 26 26 26 26 26 26 26 10 10 26 10 10 5 5 5 5 17 9 30 30 30 30 30 30 30 30 30 30 30 30 30 30 30 30 30 30 30 30 30 30 30 30 30 30 30 30 30 30 30 30 30 30 30 30 30 30 30 30 30 30 30 30 30 30 30 30 30 
-----------------------------------214101018_3_12.txt-----------------------
30 6 2 2 5 5 26 26 26 26 26 26 26 26 26 26 26 26 26 26 26 26 26 26 26 10 10 26 10 10 5 5 5 5 17 9 30 30 30 30 30 30 30 30 30 30 30 30 30 30 30 30 30 30 30 30 30 30 30 30 30 30 30 30 30 30 30 30 30 30 30 30 30 30 30 30 30 30 30 30 30 30 30 30 30 
-----------------------------------214101018_3_13.txt-----------------------
30 30 17 17 2 26 26 26 26 26 26 26 26 26 26 26 26 26 26 26 26 26 26 26 5 26 5 5 30 30 30 30 30 30 30 30 30 30 30 30 30 30 30 30 30 30 30 30 30 30 30 30 30 30 30 30 30 30 30 30 30 30 30 30 30 30 30 30 30 30 30 30 30 30 30 30 30 30 30 30 30 30 30 30 30 
-----------------------------------214101018_3_14.txt-----------------------
26 26 9 3 3 26 30 30 30 26 2 26 26 17 26 26 26 26 26 26 26 26 26 26 26 26 26 26 26 26 26 26 2 5 5 5 5 9 9 30 30 30 30 30 30 30 30 30 30 30 30 30 30 30 30 30 30 30 30 30 30 30 30 30 30 30 30 30 30 30 30 30 30 30 30 30 30 30 30 30 30 30 30 30 30 
-----------------------------------214101018_3_15.txt-----------------------
17 6 10 26 26 26 26 26 26 26 26 26 26 26 26 26 26 26 26 26 26 5 5 5 5 5 5 30 30 30 30 30 30 30 30 30 30 30 30 30 30 30 30 30 30 30 30 30 30 30 30 30 30 30 30 30 30 30 30 30 30 30 30 30 30 30 30 30 30 30 30 30 30 30 30 30 30 30 30 30 30 30 30 30 30 
-----------------------------------214101018_3_16.txt-----------------------
30 30 26 26 26 17 17 17 26 26 26 26 26 26 26 26 26 26 26 10 10 10 2 10 5 5 5 1 30 30 30 30 30 30 30 30 30 30 30 30 30 30 30 30 30 30 30 30 30 30 30 30 30 30 30 30 30 30 30 30 30 30 30 30 30 30 30 30 30 30 30 30 30 30 30 30 30 30 30 30 30 30 30 30 30 
-----------------------------------214101018_3_17.txt-----------------------
30 30 10 14 26 26 26 26 26 26 26 26 26 26 26 26 26 26 26 26 26 26 26 26 10 5 5 1 5 30 30 30 30 30 30 30 30 30 30 30 30 30 30 30 30 30 30 30 30 30 30 30 30 30 30 30 30 30 30 30 30 30 30 30 30 30 30 30 30 30 30 30 30 30 30 30 30 30 30 30 30 30 30 30 30 
-----------------------------------214101018_3_18.txt-----------------------
6 22 26 26 26 26 26 26 26 26 26 26 26 26 26 26 26 26 26 26 10 26 10 17 5 1 17 5 5 9 30 30 30 30 30 30 30 30 30 30 30 30 30 30 30 30 30 30 30 30 30 30 30 30 30 30 30 30 30 30 30 30 30 30 30 30 30 30 30 30 30 30 30 30 30 30 30 30 30 30 30 30 30 30 30 
-----------------------------------214101018_3_19.txt-----------------------
22 2 2 26 26 26 26 26 26 26 26 26 26 26 26 26 26 26 26 26 26 26 5 5 5 5 5 17 30 30 30 30 30 30 30 30 30 30 30 30 30 30 30 30 30 30 30 30 30 30 30 30 30 30 30 30 30 30 30 30 30 30 30 30 30 30 30 30 30 30 30 30 30 30 30 30 30 30 30 30 30 30 30 30 30 
-----------------------------------214101018_3_20.txt-----------------------
22 2 2 26 26 26 26 26 26 26 26 26 26 26 26 26 26 26 26 26 26 26 5 5 5 5 5 17 30 30 30 30 30 30 30 30 30 30 30 30 30 30 30 30 30 30 30 30 30 30 30 30 30 30 30 30 30 30 30 30 30 30 30 30 30 30 30 30 30 30 30 30 30 30 30 30 30 30 30 30 30 30 30 30 30 
