SAMPLES:	15156
BITSPERSAMPLE:	16
CHANNELS:	1
SAMPLERATE:	16000
NORMALIZED:	FALSE
-194
-193
-171
-189
-227
-218
-214
-186
-175
-164
-187
-241
-212
-201
-169
-175
-213
-196
-206
-215
-205
-197
-180
-179
-181
-191
-238
-184
-181
-184
-140
-181
-169
-150
-166
-144
-170
-103
-138
-142
-112
-130
-122
-111
-93
-136
-125
-122
-114
-86
-45
-37
-13
-15
-63
-21
-29
-25
-38
-67
-61
-52
-61
-92
-105
-75
-62
-115
-106
-80
-112
-64
-67
-49
-24
-36
-43
-44
-22
-22
-17
-23
-39
-10
-1
-1
-23
-56
-43
-30
-20
-11
-3
24
14
-6
-8
22
-1
25
23
-24
39
0
5
-19
3
-5
4
21
-3
2
-39
-32
-10
-18
-14
-72
-71
-51
-70
-52
-47
-91
-79
-67
-46
-53
-64
1
-26
-53
-83
-65
-62
-23
-18
-35
-37
-20
-37
-57
-62
-66
-46
-68
-73
-69
-39
-49
-68
-46
-18
-54
-51
-60
-62
-64
-67
-89
-120
-113
-55
-61
-63
-50
-76
-80
-67
-73
-97
-83
-48
-79
-65
-81
-69
-57
-62
-70
-95
-77
-74
-93
-45
-33
-14
24
26
44
35
18
69
61
30
45
42
40
33
90
73
72
33
19
39
6
1
-9
7
11
63
45
46
39
28
63
25
63
62
93
66
79
85
122
88
79
109
104
169
114
138
155
135
170
157
138
123
139
122
118
132
132
138
168
140
138
165
139
153
159
155
166
164
131
136
145
109
164
111
87
104
143
208
159
133
108
100
93
102
124
123
102
105
77
79
115
114
113
87
83
62
49
18
21
58
50
9
1
-36
-21
-12
14
10
-13
-7
-54
-6
-16
-36
3
-30
-20
-42
-38
-11
0
10
-4
18
-20
20
1
-23
1
-27
-8
-5
-4
-22
-10
-10
-30
-43
-60
-54
-25
-4
6
24
26
28
13
15
12
19
17
-7
33
1
-33
-10
-46
-59
-53
-20
1
-5
-69
-89
-57
-28
-32
-63
-38
-66
-32
-32
-15
-31
-22
10
-38
-5
-19
0
12
-15
-20
-13
15
-15
-17
2
14
-14
-14
-6
1
24
-12
3
-24
-8
-15
-27
14
26
25
8
4
20
11
1
-8
-12
-5
0
-18
-27
-8
-36
-70
-24
-43
-43
-21
-36
-42
-6
0
-14
-5
-9
12
-25
-56
-61
-50
-39
-13
-3
-44
-11
-6
1
-4
-61
-16
-39
-57
-59
-78
-84
-91
-51
-33
-55
-55
-93
-104
-54
-44
-60
-79
-89
-82
-102
-141
-107
-114
-114
-117
-134
-137
-119
-124
-145
-132
-148
-169
-196
-186
-224
-218
-179
-137
-152
-151
-158
-165
-144
-187
-193
-178
-204
-194
-231
-232
-200
-219
-208
-201
-200
-238
-199
-178
-212
-222
-215
-184
-201
-186
-190
-172
-188
-162
-116
-173
-143
-106
-123
-137
-113
-69
-138
-146
-158
-179
-125
-113
-122
-134
-137
-151
-127
-142
-137
-121
-108
-108
-132
-112
-67
-78
-81
-87
-61
-71
-66
-97
-58
-40
-39
-15
-60
-28
-23
-76
-62
-41
-62
-58
-77
-70
-9
-7
-36
14
3
8
30
30
44
31
14
17
15
34
45
47
27
2
24
-19
-17
-11
2
20
-4
-13
17
43
20
16
1
17
-12
49
29
3
39
29
65
9
-43
-25
-31
-61
-9
-20
-27
-36
-7
-14
-40
-49
-62
-50
-58
-99
-73
-28
-65
-51
-55
-26
-48
-38
-36
-16
-39
-41
-20
-43
-30
-52
-25
-44
-64
-64
-59
-65
-43
-65
-50
-56
-69
-11
-45
-64
-60
-36
-23
-40
-43
-62
-52
-47
-87
-70
-77
-39
-17
-51
-22
-33
-25
-36
-31
-68
-38
-14
35
43
7
-8
-2
17
9
4
1
3
12
14
26
38
64
43
-25
6
29
29
46
56
38
33
35
65
60
37
79
45
13
2
2
15
48
60
72
44
18
48
17
51
52
58
98
62
74
115
103
123
84
13
89
88
74
62
78
115
75
54
64
117
109
77
93
115
95
100
77
93
93
107
154
141
149
82
122
109
73
123
93
77
104
99
99
90
116
89
77
105
132
81
73
57
55
67
73
66
88
139
114
52
50
44
28
55
32
9
62
80
37
68
43
36
17
-2
32
29
16
-5
17
31
-2
18
25
38
6
-22
3
22
29
-31
-17
-30
-9
24
-27
-21
-33
-1
31
25
14
6
10
-34
-57
-21
-15
-3
-8
-17
-4
-10
11
-17
-15
-38
-13
-38
-40
-5
-7
16
11
32
2
1
-21
-41
-26
-14
-29
-11
42
41
-13
-12
-31
-6
31
12
-1
60
22
-1
28
30
22
22
32
16
33
41
34
22
48
29
-25
-3
-21
-15
36
18
3
59
48
-4
18
38
27
52
65
20
16
38
-32
-32
20
-7
-13
13
27
13
20
59
13
12
8
27
17
30
20
22
25
18
18
35
50
12
43
32
18
25
2
8
7
-3
-2
25
-42
-23
30
11
23
-53
-38
-32
-6
-47
-55
-28
-17
2
-55
-3
-41
-57
-21
-46
-71
-25
-20
-54
-41
-45
-76
-87
-77
-49
-54
-49
-20
-40
-22
-47
-82
-76
-67
-71
-57
-53
-38
-41
-37
-61
-93
-69
-75
-60
-61
-78
-60
-62
-95
-75
-71
-69
-27
-73
-100
-53
-24
-60
-75
-79
-36
-50
-33
14
-35
-36
-69
1
-18
-38
-8
-22
-23
-47
-45
-64
-32
-36
-18
-24
-20
-12
-16
-25
-28
-11
20
16
43
16
33
74
54
72
58
30
-6
8
15
19
34
-6
10
-29
-14
9
15
9
-14
21
-6
26
3
17
76
47
29
65
95
89
84
82
64
24
55
55
51
17
29
31
19
26
17
16
-30
-3
11
68
32
3
27
40
48
34
44
47
18
40
65
65
78
56
50
16
39
34
29
-15
10
3
-17
6
18
21
27
21
9
55
35
47
3
24
26
57
-11
-24
16
20
34
-28
8
18
-19
16
24
-7
46
-21
4
11
-3
32
37
39
9
26
40
51
32
45
13
12
44
53
83
42
46
51
67
50
52
74
55
85
64
49
72
82
75
89
88
90
81
104
112
116
146
88
103
182
132
83
124
121
140
87
127
154
134
155
137
199
183
170
184
206
227
237
186
199
233
216
230
210
249
228
252
258
232
249
229
256
239
246
246
241
239
210
213
226
217
239
211
203
225
225
247
242
212
209
255
238
265
235
209
253
258
270
252
303
267
260
266
223
246
227
259
272
251
268
227
228
213
190
221
245
238
225
215
197
164
184
190
162
158
159
161
204
192
147
161
168
169
155
199
134
166
191
182
214
156
172
200
183
194
197
178
191
203
200
204
213
176
165
129
141
184
145
107
102
107
105
118
125
107
122
82
73
92
84
103
126
106
84
86
108
151
136
104
142
106
118
121
133
143
110
123
149
130
131
142
108
72
104
115
107
136
129
157
109
122
127
110
146
134
136
184
169
163
200
168
178
191
162
130
126
165
179
161
123
163
134
153
177
135
156
174
180
161
187
200
210
190
199
182
216
231
203
218
176
173
191
164
146
181
147
140
172
160
176
166
153
186
169
151
182
171
170
164
209
201
167
180
204
202
177
219
178
195
180
168
148
146
180
164
175
127
146
170
157
160
103
98
123
101
108
97
101
126
148
133
80
141
134
112
132
128
141
117
137
113
100
86
92
93
108
76
33
88
43
97
85
59
20
114
101
46
80
64
48
26
49
30
34
43
45
59
55
69
104
68
31
27
17
15
4
25
53
-25
11
14
18
70
54
60
48
80
51
35
-9
-1
8
-14
13
25
49
6
11
10
57
56
42
61
31
12
5
41
38
11
16
15
20
8
13
2
28
32
0
-5
13
-10
-20
1
-46
-12
-23
-22
29
-6
11
41
66
51
45
53
34
-3
8
2
-22
6
-22
-9
30
27
64
89
98
118
47
5
32
37
25
-10
-5
-18
-15
28
23
-23
26
45
89
94
48
31
34
21
12
27
17
21
-31
-16
-2
12
15
-17
18
-2
0
10
-19
-37
27
7
-59
-31
-44
-35
-36
-15
-56
-50
-5
-41
-37
32
7
-3
-18
-21
-9
-30
-33
-32
-35
-10
-37
-98
-100
-49
-51
-58
-77
-68
-22
-85
-79
-83
-103
-98
-79
-88
-78
-34
-47
1
-21
-35
-6
-13
-31
-63
-92
-83
-82
-90
-111
-103
-102
-94
-82
-75
-49
-62
-68
-63
-59
-100
-68
-36
-62
-27
-8
-19
-8
6
31
16
-24
-15
-13
-24
-16
-20
-24
-18
-3
-2
-16
29
52
56
85
89
91
84
75
76
84
103
87
99
82
43
54
50
55
80
65
47
70
69
68
83
77
69
91
122
124
129
142
166
163
151
159
153
159
146
160
145
160
162
125
116
162
130
103
102
116
130
109
143
129
135
90
102
114
82
129
99
148
95
77
61
69
51
45
86
66
81
37
76
85
70
52
71
65
79
69
35
24
17
-7
34
14
4
17
15
15
12
44
26
38
62
49
24
-1
-5
-29
-7
11
11
55
11
14
17
48
-13
-13
-19
-33
-30
-39
-34
-26
-2
-49
-34
1
-47
20
22
39
41
48
79
66
22
17
21
23
43
30
30
4
16
23
-6
2
23
13
46
73
47
28
29
58
2
35
62
83
73
74
61
51
51
20
13
-29
8
16
11
25
17
6
-20
12
40
47
58
54
61
87
89
62
51
86
23
13
46
53
40
27
58
58
85
64
40
18
54
-32
61
86
53
75
55
64
89
111
96
132
102
112
80
88
105
79
56
92
101
60
29
32
65
43
53
59
73
55
48
55
66
81
83
24
4
6
4
-17
-4
-11
-27
-4
-23
12
-1
4
-25
-35
-29
-46
-48
-50
-18
-35
-60
-74
-83
-87
-75
-70
-49
-91
-107
-101
-100
-96
-86
-45
-72
-99
-119
-84
-110
-125
-119
-116
-116
-137
-127
-136
-172
-198
-185
-188
-217
-163
-170
-131
-128
-136
-107
-118
-125
-127
-133
-182
-166
-173
-173
-159
-156
-151
-133
-125
-133
-123
-122
-96
-124
-114
-113
-156
-141
-136
-112
-109
-95
-78
-85
-97
-107
-125
-140
-143
-144
-165
-163
-163
-138
-124
-126
-141
-101
-117
-98
-65
-92
-113
-110
-96
-95
-87
-89
-142
-139
-116
-125
-107
-125
-126
-99
-74
-73
-59
-102
-95
-86
-102
-82
-74
-70
-62
-75
-114
-111
-106
-96
-103
-107
-105
-97
-110
-88
-49
-99
-106
-137
-125
-73
-56
-93
-70
-37
-49
-48
-76
-79
-72
-81
-109
-122
-158
-135
-165
-119
-110
-128
-150
-152
-139
-159
-127
-130
-132
-117
-129
-150
-136
-153
-102
-105
-165
-170
-151
-178
-182
-162
-167
-165
-168
-154
-186
-134
-164
-199
-156
-175
-187
-181
-270
-179
-220
-264
-230
-251
-214
-226
-197
-213
-229
-225
-188
-228
-230
-215
-213
-170
-147
-155
-183
-185
-176
-149
-152
-207
-204
-163
-201
-188
-181
-127
-113
-153
-171
-176
-140
-146
-143
-142
-157
-173
-117
-149
-124
-135
-119
-113
-146
-111
-106
-114
-82
-35
-85
-99
-83
-81
-55
-46
-28
-44
-42
-73
-40
-64
-76
-49
-54
-48
-54
-48
-43
16
2
56
16
-8
24
14
33
6
9
0
3
40
8
54
73
59
74
33
50
73
102
67
76
96
89
120
76
47
36
39
83
88
115
135
85
86
129
130
129
77
66
98
96
88
87
72
103
80
69
83
92
102
41
99
81
75
55
59
100
35
9
38
27
44
63
39
39
63
4
33
56
37
72
40
64
49
26
21
31
38
-3
9
19
9
8
-33
-7
6
-2
14
9
-2
-13
-7
39
27
-9
26
47
20
5
22
-12
-32
-55
-37
11
-31
-39
-11
-19
-30
-26
-52
-39
-23
2
23
5
30
32
71
72
53
50
53
47
53
33
46
90
94
67
91
79
79
71
66
94
46
70
70
41
45
54
81
74
57
61
80
72
71
94
78
115
151
131
129
77
107
136
113
122
106
83
105
137
125
118
104
114
113
101
83
117
122
116
91
132
130
108
134
99
159
129
137
142
125
137
119
167
140
140
181
141
103
100
146
103
77
101
124
106
145
119
104
112
102
100
102
80
78
126
128
142
90
139
132
72
111
129
90
94
58
54
50
63
57
77
48
60
83
46
28
23
35
49
16
-1
-4
-71
-67
-17
-65
-65
-85
-58
-32
-90
-106
-137
-100
-98
-113
-140
-114
-119
-137
-141
-152
-158
-132
-137
-143
-111
-119
-148
-160
-123
-176
-159
-117
-90
-104
-147
-140
-193
-116
-86
-163
-162
-136
-131
-149
-176
-139
-144
-153
-137
-165
-201
-147
-139
-175
-135
-143
-134
-104
-108
-113
-71
-70
-109
-130
-105
-129
-130
-141
-128
-104
-156
-141
-164
-153
-117
-145
-115
-82
-100
-51
-69
-58
-48
-51
-61
-73
-75
-54
-13
-68
-25
-55
-98
-45
-50
-39
-38
-81
-31
-50
-69
-44
-43
-12
-20
0
-6
-30
10
-26
-57
-41
-25
-23
-31
-75
-96
-96
-103
-66
-25
-36
-34
-41
-57
-51
-28
-20
-37
-31
-27
-48
-53
-39
-76
-83
-90
-101
-75
-76
-84
-139
-136
-89
-90
-101
-74
-99
-145
-93
-91
-77
-97
-99
-72
-66
-104
-96
-124
-97
-110
-148
-120
-167
-136
-191
-161
-175
-167
-225
-225
-213
-199
-173
-211
-192
-222
-260
-221
-206
-216
-190
-193
-211
-240
-232
-240
-187
-211
-271
-225
-197
-226
-185
-213
-242
-172
-182
-172
-186
-178
-160
-201
-202
-175
-183
-186
-200
-177
-153
-151
-146
-114
-122
-157
-148
-128
-98
-99
-98
-118
-93
-56
-108
-69
-79
-79
-90
-80
-34
-62
-56
-32
-7
-45
-10
22
15
26
29
38
61
51
2
39
41
4
14
23
-12
-6
-10
-28
5
25
39
18
6
37
22
63
13
46
27
22
70
26
39
36
57
51
82
56
61
52
47
52
33
34
61
90
88
92
73
40
72
68
32
38
21
36
85
94
72
29
92
43
33
54
35
63
15
33
8
40
41
47
31
4
26
19
17
19
56
68
37
28
37
33
39
78
68
36
35
22
22
21
66
87
55
33
60
63
45
42
51
35
3
28
54
53
37
38
34
41
56
24
30
49
60
65
86
83
69
78
67
69
62
76
78
80
103
74
65
86
102
80
79
92
54
96
96
96
102
114
125
118
134
113
117
126
178
160
140
152
121
169
173
176
125
155
156
185
183
160
162
167
194
207
200
190
211
193
204
168
173
215
217
196
213
207
169
191
168
186
219
214
266
256
223
212
241
240
248
206
219
195
198
204
193
181
181
210
214
246
232
217
244
257
250
239
222
213
202
224
190
164
217
190
191
212
174
202
204
246
241
250
213
192
197
153
152
145
112
111
118
129
123
88
83
129
114
77
97
55
67
92
119
107
91
100
62
64
47
25
4
-31
20
10
-67
-20
11
15
-4
-21
-15
-33
-35
-27
-55
-55
-32
-49
-78
-77
-98
-73
-72
-124
-123
-124
-128
-114
-74
-49
-85
-93
-67
-46
-32
-60
-49
-57
-58
-39
6
-27
-87
-77
-77
-102
-98
-45
-70
-92
-65
-42
-73
-59
-27
-56
-65
-51
-61
-20
-15
-16
-5
24
23
-8
27
27
7
-30
-43
-50
-36
-43
-73
-28
-32
-39
-20
-29
-28
-41
2
8
-1
42
31
67
86
75
51
43
44
20
4
1
28
20
-15
-21
-2
-10
-11
25
11
21
1
-21
-14
-29
2
33
23
-11
32
46
23
28
10
39
13
-13
-34
-37
-21
-41
-24
-14
-19
-17
-39
-44
-37
-50
-50
-63
-78
-63
-75
-80
-79
-75
-70
-57
-92
-74
-132
-140
-153
-177
-175
-194
-163
-167
-168
-152
-148
-151
-169
-176
-136
-173
-137
-136
-152
-173
-190
-191
-207
-198
-209
-199
-246
-234
-202
-209
-194
-194
-190
-203
-218
-225
-176
-194
-207
-182
-169
-181
-173
-200
-222
-213
-230
-211
-186
-216
-192
-193
-205
-194
-261
-255
-263
-231
-279
-268
-247
-265
-275
-261
-211
-224
-206
-205
-202
-183
-160
-179
-179
-127
-152
-161
-148
-135
-124
-121
-108
-103
-54
-34
-27
-5
-11
-33
-18
6
5
28
-13
8
7
-3
-32
15
10
26
74
26
2
-13
30
29
-2
-22
-16
-34
-34
-54
-58
-44
-54
-40
-26
9
14
-23
13
12
-33
-25
-22
10
-3
-41
5
-1
25
8
78
86
90
119
108
143
157
142
155
212
226
237
279
310
284
299
300
286
271
243
273
266
256
198
208
210
172
115
79
46
35
-2
-51
-84
-110
-83
-114
-89
-85
-46
-52
-42
-54
-44
-47
-64
-15
-68
-75
-96
-118
-141
-165
-144
-165
-127
-129
-119
-79
-75
-59
-2
32
40
124
163
185
194
246
281
306
329
338
380
392
365
359
347
331
284
278
233
146
57
-52
-163
-244
-258
-359
-349
-345
-355
-269
-231
-112
-11
97
151
223
220
230
214
109
55
-34
-90
-173
-196
-200
-245
-199
-214
-197
-154
-91
-68
-55
68
133
163
203
282
368
421
485
540
623
660
642
701
665
613
559
510
487
459
438
378
353
303
219
161
72
-33
-131
-190
-244
-240
-158
-130
-34
74
166
269
391
450
458
459
426
336
271
143
57
1
-70
-76
-72
-59
-37
21
67
152
200
185
246
256
216
223
232
241
275
241
264
241
240
278
245
196
137
94
55
-13
-50
-92
-124
-114
-83
-16
-21
63
138
183
221
203
230
235
231
180
124
53
-9
-22
-81
-131
-122
-112
-112
-61
-43
-73
-91
-73
-67
-74
-56
-34
-43
-32
4
14
90
79
110
140
165
113
70
41
-20
-111
-155
-129
-194
-203
-194
-167
-186
-135
-115
-78
-61
-74
-25
5
-21
-16
-42
-36
2
-61
-22
19
-10
-45
-26
11
-18
-74
-46
-47
-51
-75
-71
-110
-118
-70
-96
-80
-38
-4
46
55
0
54
51
61
38
14
23
-35
-49
-52
-101
-125
-108
-105
-104
-141
-102
-143
-109
-133
-134
-129
-166
-147
-141
-111
-128
-109
-92
-75
-18
23
53
71
89
99
80
109
102
68
96
111
75
31
72
70
57
65
41
59
47
93
82
55
70
13
20
26
15
13
48
36
58
40
40
3
-82
-75
-108
-134
-116
-150
-201
-235
-222
-222
-222
-273
-248
-216
-224
-212
-244
-255
-240
-263
-257
-242
-267
-237
-272
-239
-272
-239
-229
-234
-196
-177
-175
-195
-178
-189
-159
-110
-145
-139
-108
-128
-89
-91
-70
-28
-20
-31
-71
-39
-7
-17
-40
-62
-73
-53
-16
-4
-30
3
18
4
-17
-36
-56
-88
-118
-130
-122
-160
-159
-202
-160
-185
-237
-243
-241
-240
-227
-224
-229
-227
-235
-249
-241
-256
-283
-224
-216
-216
-201
-173
-126
-157
-146
-145
-121
-122
-110
-102
-109
-88
-59
8
48
95
112
136
161
191
204
244
203
213
217
176
193
155
136
152
212
213
204
211
232
233
266
209
258
245
216
165
77
39
-46
-52
-131
-169
-229
-200
-230
-218
-232
-237
-206
-193
-147
-137
-92
-118
-132
-110
-115
-140
-100
-82
-116
-134
-164
-172
-182
-169
-148
-130
-118
-104
-117
-100
-70
-6
34
39
111
131
160
178
248
268
251
265
229
258
226
198
194
187
159
170
149
158
205
212
276
287
287
331
348
313
242
195
153
101
29
-92
-179
-237
-280
-353
-406
-405
-380
-398
-367
-311
-300
-258
-191
-125
-144
-162
-135
-158
-142
-145
-137
-191
-166
-143
-148
-169
-171
-143
-147
-154
-178
-152
-113
-89
-17
1
38
117
176
273
322
322
364
404
428
403
391
377
360
320
300
346
326
318
336
355
368
430
490
491
485
532
542
481
459
413
345
277
177
127
36
-79
-145
-205
-266
-277
-280
-291
-252
-218
-151
-115
-103
-76
-50
-15
22
30
34
32
19
-32
-43
-88
-64
-79
-128
-95
-127
-117
-141
-124
-97
-73
-26
20
112
145
202
286
364
421
440
500
489
485
489
498
479
413
361
324
276
335
358
309
343
397
432
476
524
562
552
549
571
533
506
452
362
255
165
62
-56
-208
-273
-406
-498
-516
-565
-581
-533
-543
-484
-389
-354
-251
-240
-148
-103
-89
-66
-118
-152
-193
-240
-299
-309
-325
-380
-376
-390
-396
-412
-417
-376
-371
-321
-245
-206
-154
-60
-2
55
142
193
233
317
352
344
369
380
393
346
330
284
238
274
208
246
268
266
344
405
433
480
534
547
559
578
571
584
565
458
369
234
154
22
-134
-263
-351
-465
-574
-590
-599
-596
-627
-575
-462
-403
-289
-194
-155
-96
-29
-29
-40
-57
-78
-127
-165
-203
-269
-308
-384
-370
-379
-426
-438
-434
-420
-416
-345
-308
-254
-208
-132
-28
54
135
241
305
405
442
443
429
389
419
378
330
324
261
237
218
266
262
273
321
359
417
519
569
592
686
697
688
678
654
645
580
492
386
273
160
20
-142
-340
-552
-700
-807
-927
-922
-950
-894
-836
-736
-625
-534
-384
-277
-177
-157
-116
-115
-123
-208
-306
-409
-511
-515
-596
-656
-703
-743
-711
-756
-718
-683
-656
-609
-518
-448
-389
-291
-170
-117
-79
-2
110
205
230
289
333
325
350
362
337
334
291
302
259
247
235
241
343
354
413
497
525
612
684
769
826
855
894
902
895
871
818
733
639
474
224
33
-162
-389
-603
-763
-894
-1004
-1025
-1001
-936
-814
-688
-510
-415
-278
-185
-94
-30
-46
-69
-114
-178
-231
-326
-433
-523
-582
-550
-670
-745
-743
-776
-801
-778
-724
-683
-597
-527
-446
-271
-160
-22
82
177
294
331
395
398
374
329
280
280
352
354
361
376
411
481
543
565
560
619
656
691
693
707
732
824
917
968
1014
1087
1125
1180
1199
1212
1186
1050
866
629
354
67
-263
-606
-878
-1097
-1301
-1409
-1397
-1358
-1229
-1078
-843
-594
-416
-249
-110
4
77
79
3
-34
-160
-312
-440
-571
-644
-745
-800
-894
-916
-999
-1011
-973
-992
-940
-884
-775
-664
-538
-386
-224
-68
68
229
278
388
455
471
455
447
443
424
390
390
403
432
541
571
680
713
714
776
790
808
838
855
881
898
981
1057
1116
1261
1359
1492
1589
1689
1679
1673
1585
1405
1164
895
570
203
-196
-619
-938
-1282
-1522
-1658
-1667
-1595
-1460
-1205
-963
-670
-380
-150
120
278
365
399
386
281
154
-14
-192
-341
-545
-640
-735
-850
-950
-1019
-1022
-1045
-1007
-955
-882
-790
-638
-479
-281
-83
50
201
316
403
444
491
477
483
422
399
386
353
341
333
391
423
487
527
629
734
833
949
977
1047
1075
1135
1142
1170
1260
1312
1404
1524
1644
1746
1859
2009
2070
2040
2062
1887
1584
1249
761
151
-579
-1259
-1860
-2350
-2646
-2876
-2919
-2631
-2227
-1688
-1026
-459
65
454
756
1019
1094
899
670
392
80
-224
-505
-740
-928
-1101
-1243
-1241
-1267
-1326
-1351
-1427
-1451
-1403
-1391
-1270
-1116
-913
-728
-454
-66
175
430
551
622
652
584
481
321
108
-69
-159
-171
-118
-48
102
287
516
703
897
1044
1134
1181
1203
1244
1205
1192
1222
1222
1293
1466
1593
1813
1990
2181
2400
2602
2821
2942
2963
2897
2713
2210
1360
261
-870
-1782
-2569
-3386
-4034
-4336
-4197
-3604
-2803
-1834
-850
172
975
1741
2375
2713
2678
2329
1957
1494
1140
722
382
37
-219
-390
-432
-452
-630
-927
-1342
-1764
-2250
-2758
-3139
-3377
-3462
-3385
-2952
-2249
-1475
-654
166
933
1480
1837
1878
1679
1263
631
19
-630
-1171
-1550
-1807
-1830
-1646
-1301
-933
-529
-139
123
246
303
283
217
79
-78
-209
-116
-9
192
452
693
969
1150
1322
1387
1399
1277
1202
1079
1013
1021
1043
1249
1538
1937
2447
3058
3680
4256
4640
4586
3756
2204
478
-899
-2208
-3742
-5409
-6624
-6866
-6352
-5334
-4084
-2557
-1011
392
1743
3029
3935
4164
3700
2986
2309
1694
1161
613
25
-427
-471
-151
252
512
502
127
-299
-795
-1354
-1903
-2598
-3365
-3859
-3889
-3564
-2936
-2308
-1670
-945
-187
525
1046
1267
1152
774
341
-58
-403
-806
-1168
-1427
-1460
-1223
-901
-532
-311
-175
-195
-227
-216
-352
-641
-1020
-1267
-1359
-1222
-956
-680
-412
-82
288
623
981
1083
1000
795
638
524
428
348
333
287
400
770
1143
1499
1799
2160
2485
2845
3234
3688
4075
4409
4650
5000
5099
4266
2612
738
-750
-2015
-3503
-5291
-6757
-7382
-7108
-6303
-5072
-3619
-2096
-581
848
2357
3658
4336
4368
3929
3362
2914
2527
2058
1347
679
241
168
326
385
192
-224
-803
-1401
-1939
-2440
-3029
-3760
-4353
-4547
-4244
-3638
-2961
-2264
-1496
-624
276
1070
1625
1755
1496
1116
696
264
-213
-790
-1336
-1705
-1812
-1657
-1344
-1116
-976
-915
-825
-609
-523
-634
-863
-1093
-1177
-1099
-879
-668
-485
-255
68
453
808
1007
1029
890
745
594
491
411
308
229
215
424
812
1214
1608
1997
2402
2881
3422
3948
4480
4957
5461
6115
6829
6773
5333
2941
688
-783
-2181
-4314
-6879
-8824
-9361
-8623
-7392
-5926
-4201
-2377
-535
1427
3434
5017
5730
5584
4823
4138
3758
3485
2850
1778
833
422
672
1047
1046
621
-61
-746
-1471
-2086
-2691
-3601
-4672
-5492
-5506
-4845
-3902
-2956
-2082
-997
186
1309
2232
2771
2740
2120
1427
864
297
-404
-1236
-1874
-2229
-2198
-1816
-1281
-879
-804
-785
-584
-345
-329
-637
-1094
-1412
-1559
-1483
-1255
-958
-708
-522
-124
426
835
945
831
574
313
55
-117
-219
-385
-552
-524
-114
490
1033
1451
1784
2179
2674
3122
3549
3866
4100
4476
5137
6101
7157
7977
7752
5994
3294
1092
-304
-2173
-5140
-8532
-10846
-11338
-10420
-9081
-7532
-5651
-3514
-1027
1749
4426
6336
7054
6813
6125
5477
5153
4627
3515
1974
664
306
719
1153
963
331
-391
-989
-1623
-2243
-3005
-4324
-5736
-6682
-6567
-5673
-4573
-3669
-2616
-1094
652
2284
3447
3988
3783
3041
2161
1455
616
-573
-1850
-2843
-3212
-3003
-2479
-1892
-1405
-1195
-923
-464
0
-19
-539
-1163
-1607
-1663
-1563
-1361
-1166
-979
-653
-54
685
1171
1176
943
612
315
47
-218
-521
-855
-1107
-980
-472
257
948
1387
1774
2223
2783
3251
3662
3795
3852
4091
4675
5561
6501
7498
8608
8929
7568
4749
2048
302
-1649
-4805
-8747
-11887
-13031
-12404
-11150
-9578
-7566
-5090
-2195
1068
4217
6646
7887
8094
7541
6724
6015
5329
4191
2416
699
-173
41
506
513
-67
-721
-1323
-1872
-2446
-3276
-4577
-6209
-7440
-7673
-6904
-5848
-4803
-3724
-2100
-35
1918
3473
4402
4606
4040
3154
2253
1247
-126
-1729
-3059
-3794
-3923
-3564
-2972
-2403
-2052
-1713
-1096
-416
-189
-583
-1188
-1660
-1855
-1821
-1710
-1587
-1365
-1064
-509
255
842
1075
909
630
355
35
-361
-626
-1013
-1393
-1417
-973
-258
469
1079
1587
2157
2830
3525
4010
4268
4367
4601
5189
6081
7135
8273
9181
9218
7775
5242
2619
402
-2031
-5399
-9377
-12531
-13879
-13572
-12295
-10671
-8535
-5914
-2698
899
4272
6838
8337
8830
8525
7861
7131
6283
4964
3119
1392
436
314
543
445
-226
-953
-1560
-2161
-2775
-3744
-5095
-6652
-7850
-8119
-7469
-6358
-5022
-3602
-1801
376
2626
4465
5510
5657
5101
4168
2976
1593
33
-1710
-3304
-4341
-4603
-4278
-3646
-2978
-2450
-1861
-1153
-444
-134
-386
-985
-1523
-1763
-1789
-1788
-1722
-1541
-1163
-546
129
707
977
954
658
226
-118
-481
-897
-1395
-1745
-1877
-1532
-814
-81
494
987
1553
2202
2783
3134
3231
3220
3338
3766
4493
5347
6365
7539
8817
10021
10266
8969
6434
3389
437
-2616
-6199
-10135
-13430
-15167
-15191
-13967
-11774
-8959
-5734
-2180
1456
4918
7779
9635
10226
9644
8527
7401
6262
4912
3117
1350
239
24
229
323
57
-496
-1160
-1927
-2823
-3993
-5331
-6872
-8169
-8819
-8542
-7350
-5586
-3642
-1558
814
3133
5223
6705
7131
6552
5358
3806
2094
286
-1599
-3383
-4626
-5164
-4915
-4189
-3285
-2404
-1662
-933
-306
36
-27
-485
-1102
-1635
-1892
-1873
-1698
-1368
-1015
-410
273
974
1426
1483
1174
644
102
-417
-871
-1392
-1813
-1896
-1523
-880
-44
775
1506
2162
2716
3247
3591
3754
3721
3735
3938
4472
5326
6327
7506
8599
9679
10113
9603
7800
4907
1627
-1703
-5075
-8658
-12045
-14500
-15352
-14663
-12795
-10114
-6848
-3247
450
4016
7105
9356
10441
10389
9532
8191
6763
5296
3664
1941
561
-269
-417
-271
-219
-489
-1102
-1806
-2693
-3714
-4960
-6324
-7651
-8509
-8585
-7805
-6273
-4328
-2115
252
2611
4676
6257
7084
6933
5930
4379
2526
508
-1387
-3124
-4584
-5389
-5517
-4937
-3956
-2907
-2014
-1249
-573
-123
-7
-302
-894
-1463
-1870
-2007
-1884
-1598
-1158
-629
47
711
1221
1460
1316
876
261
-351
-916
-1388
-1788
-1973
-1765
-1254
-512
396
1228
1892
2469
2929
3309
3567
3622
3665
3786
4180
4911
5858
7036
8171
9197
9917
10066
9241
7106
4018
555
-2890
-6212
-9630
-12751
-14735
-15241
-14146
-11920
-8963
-5576
-2008
1614
5031
7836
9760
10558
10316
9292
7829
6349
4834
3298
1690
366
-312
-398
-227
-247
-540
-1133
-1865
-2853
-3985
-5181
-6458
-7607
-8292
-8203
-7265
-5620
-3544
-1346
880
3004
4920
6309
6826
6445
5341
3701
1806
-44
-1799
-3463
-4684
-5374
-5365
-4816
-3949
-2977
-2164
-1464
-891
-549
-466
-624
-1044
-1549
-1796
-1737
-1493
-1119
-665
-169
378
835
1166
1168
874
330
-368
-1018
-1536
-1914
-2166
-2200
-1967
-1343
-535
295
1128
1752
2174
2694
3101
3398
3614
3857
4280
4927
5836
6955
8130
9121
9849
10239
9848
8226
5316
1801
-1664
-4970
-8351
-11688
-14344
-15548
-15083
-13342
-10750
-7604
-4111
-512
3004
6110
8553
9918
10221
9625
8395
7034
5701
4380
2844
1364
351
17
112
94
-228
-818
-1593
-2562
-3684
-4874
-6147
-7416
-8421
-8707
-8051
-6680
-4815
-2604
-259
2089
4148
5753
6725
6902
6181
4683
2915
1092
-760
-2548
-4006
-4933
-5292
-5002
-4270
-3256
-2323
-1588
-976
-476
-252
-369
-714
-1149
-1446
-1657
-1568
-1243
-847
-350
133
663
1122
1260
1128
723
113
-539
-1128
-1584
-1884
-2022
-1964
-1548
-791
-21
851
1532
2156
2723
3147
3549
3838
4113
4424
4966
5708
6598
7602
8540
9240
9630
9583
8596
6422
3324
-129
-3438
-6576
-9711
-12543
-14452
-14943
-13990
-11931
-9158
-5959
-2560
842
4021
6738
8732
9701
9662
8857
7643
6399
5124
3753
2331
1092
329
101
73
-103
-537
-1217
-2152
-3132
-4183
-5309
-6498
-7585
-8292
-8210
-7312
-5847
-3972
-1991
130
2284
4215
5579
6179
6007
5137
3783
2195
543
-1138
-2745
-3990
-4680
-4782
-4328
-3592
-2738
-2088
-1465
-935
-556
-393
-622
-1107
-1494
-1641
-1636
-1436
-1110
-718
-281
274
781
1112
1170
880
347
-232
-780
-1281
-1715
-1972
-1989
-1693
-1046
-242
626
1394
2084
2735
3287
3719
4009
4280
4559
4955
5607
6439
7458
8464
9265
9810
10164
9785
8175
5283
1718
-1782
-4992
-8140
-11353
-13969
-15256
-14903
-13199
-10649
-7583
-4268
-782
2597
5659
8120
9680
10167
9579
8478
7296
6107
4800
3400
1957
872
455
482
428
78
-571
-1420
-2461
-3523
-4633
-5930
-7225
-8267
-8656
-8126
-6850
-5069
-3093
-1002
1190
3317
5120
6137
6346
5755
4550
3056
1466
-216
-1883
-3292
-4299
-4628
-4339
-3707
-2926
-2222
-1662
-1110
-656
-427
-524
-912
-1393
-1745
-1810
-1700
-1457
-1145
-686
-182
304
795
934
820
411
-159
-654
-1097
-1456
-1756
-1906
-1748
-1218
-437
487
1276
1923
2472
2966
3504
3816
3955
4048
4176
4550
5258
6132
7067
7665
7676
7450
7406
7215
5911
3383
309
-2590
-5059
-7138
-9010
-10482
-11333
-11258
-10009
-7729
-4878
-2262
57
2270
4401
6166
7431
7805
7338
6402
5346
4450
3753
2935
2021
1102
543
361
265
145
-267
-1188
-2336
-3234
-3931
-4590
-5398
-6060
-6286
-5847
-4773
-3338
-1822
-453
780
2026
3179
3865
3987
3526
2604
1555
611
-309
-1182
-1982
-2645
-2939
-2723
-2275
-1752
-1423
-1323
-1177
-1023
-858
-888
-1116
-1448
-1681
-1628
-1376
-1066
-805
-606
-355
-96
131
265
225
-140
-599
-886
-1088
-1163
-1170
-1098
-963
-660
-138
512
1067
1451
1751
1979
2250
2540
2840
3063
3330
3754
4376
5188
6106
7064
8000
8720
9118
9132
8452
6755
4222
1263
-1825
-4901
-7890
-10467
-12388
-13219
-12906
-11533
-9254
-6473
-3582
-613
2305
4864
6746
7807
8081
7689
6932
5887
4781
3624
2487
1541
848
492
401
246
-35
-472
-1219
-2104
-3099
-4130
-5250
-6297
-6976
-7145
-6741
-5741
-4385
-2776
-1016
718
2358
3634
4367
4440
4004
3043
1893
632
-661
-1868
-2894
-3533
-3704
-3474
-2968
-2379
-1889
-1393
-1004
-734
-727
-869
-1175
-1573
-1838
-1893
-1761
-1509
-1298
-1028
-583
-158
97
241
132
-185
-529
-805
-996
-1249
-1379
-1310
-1031
-584
5
629
1202
1724
2115
2487
2745
2936
3073
3170
3350
3668
4280
5030
5928
6940
7899
8647
9089
8967
8096
6347
3819
925
-2141
-5265
-8199
-10611
-12213
-12811
-12337
-10777
-8506
-5731
-2762
164
2978
5339
6966
7808
7900
7480
6594
5476
4297
3091
2037
1111
524
238
119
6
-242
-672
-1335
-2164
-3087
-4072
-5104
-6022
-6557
-6667
-6195
-5238
-3902
-2372
-747
848
2288
3461
4101
4151
3657
2764
1537
265
-935
-2111
-3075
-3657
-3796
-3589
-3098
-2475
-1885
-1377
-1044
-798
-706
-763
-1048
-1380
-1600
-1692
-1670
-1499
-1207
-936
-544
-301
-104
1
-114
-360
-726
-1056
-1341
-1478
-1559
-1455
-1173
-770
-182
472
1112
1635
2048
2411
2716
2856
2933
3082
3289
3611
4123
4890
5778
6785
7782
8575
9062
9021
8245
6557
4151
1317
-1678
-4731
-7647
-10123
-11809
-12440
-12033
-10628
-8450
-5766
-2908
-54
2722
5085
6750
7648
7821
7413
6562
5442
4245
3062
1971
1062
486
258
130
67
-66
-376
-798
-1431
-2187
-3097
-4130
-5003
-5607
-5834
-5564
-4883
-3795
-2454
-1038
462
1920
3079
3740
3874
3548
2777
1715
540
-634
-1761
-2703
-3301
-3523
-3324
-2917
-2378
-1794
-1234
-764
-474
-387
-467
-656
-959
-1174
-1309
-1396
-1377
-1279
-1047
-811
-580
-417
-375
-460
-622
-838
-1065
-1184
-1281
-1263
-1102
-807
-362
193
778
1307
1777
2138
2480
2689
2805
2813
2904
3047
3347
3806
4439
5280
6228
7218
7953
8397
8416
7662
5761
3065
275
-2289
-4797
-7340
-9601
-11006
-11323
-10455
-8727
-6385
-3839
-1539
777
3137
5220
6509
6843
6492
5718
4669
3696
2804
1859
884
116
-145
54
406
540
460
126
-409
-1010
-1617
-2359
-3411
-4496
-5167
-5218
-4742
-3996
-3134
-2067
-851
366
1604
2511
2915
2782
2192
1576
850
-22
-967
-1793
-2437
-2757
-2549
-2176
-1721
-1321
-1000
-665
-323
-181
-288
-570
-971
-1318
-1541
-1556
-1494
-1506
-1473
-1331
-1029
-699
-488
-479
-539
-638
-805
-837
-789
-843
-848
-764
-459
3
499
977
1282
1531
1733
1911
2115
2140
2117
2098
2224
2591
3078
3642
4266
5020
5877
6788
7648
8198
8268
7812
6729
5031
2863
469
-2105
-4699
-7091
-8913
-9941
-10089
-9473
-8199
-6313
-4117
-1747
659
2819
4450
5489
5955
5989
5605
4923
4051
3028
2117
1363
843
580
486
407
294
140
-146
-624
-1328
-2077
-3050
-3975
-4703
-5100
-5148
-4852
-4207
-3238
-1987
-777
421
1438
2164
2451
2337
1947
1311
452
-398
-1212
-1889
-2315
-2462
-2326
-2034
-1580
-1157
-790
-493
-364
-481
-778
-1148
-1607
-2020
-2331
-2495
-2478
-2334
-2057
-1689
-1272
-900
-582
-272
-142
-139
-214
-325
-418
-494
-492
-409
-195
39
366
710
1021
1312
1550
1755
1855
1960
2101
2270
2560
2862
3294
3846
4559
5388
6257
7129
7778
8091
7870
7124
5637
3566
1254
-1316
-3880
-6333
-8376
-9692
-10154
-9766
-8718
-6956
-4787
-2510
-116
2160
4022
5300
5982
6137
5806
5170
4364
3418
2512
1633
974
598
472
436
309
167
-132
-550
-1138
-1888
-2757
-3688
-4489
-5019
-5160
-4958
-4364
-3527
-2412
-1200
-65
1084
1915
2370
2420
2130
1633
914
54
-706
-1396
-1917
-2230
-2198
-1998
-1706
-1389
-1149
-931
-859
-940
-1212
-1515
-1952
-2262
-2530
-2601
-2501
-2290
-1933
-1523
-1037
-586
-225
10
159
72
-66
-240
-419
-566
-700
-706
-554
-376
-100
297
667
973
1294
1550
1716
1848
1942
2042
2230
2518
2901
3373
3982
4739
5502
6327
7076
7471
7491
6924
5753
4031
1916
-358
-2823
-5188
-7280
-8739
-9484
-9427
-8579
-7144
-5251
-3139
-932
1213
3157
4629
5421
5721
5580
5033
4355
3527
2626
1802
1082
657
472
413
384
236
39
-341
-877
-1518
-2281
-3131
-3913
-4505
-4824
-4736
-4303
-3591
-2672
-1644
-559
498
1398
1985
2184
2086
1768
1197
628
91
-593
-1133
-1474
-1626
-1554
-1334
-1173
-1079
-977
-983
-1045
-1183
-1499
-1839
-2088
-2331
-2349
-2220
-1946
-1616
-1240
-747
-298
87
339
489
496
373
225
76
-129
-268
-363
-327
-197
48
315
617
938
1181
1466
1698
1844
1969
2078
2246
2499
2829
3308
3827
4497
5245
6053
6861
7415
7662
7378
6589
5144
3222
1092
-1235
-3632
-5917
-7671
-8746
-9089
-8741
-7717
-6136
-4186
-2097
73
2099
3724
4792
5351
5494
5235
4715
3966
3101
2248
1586
1026
717
557
440
349
129
-142
-550
-1141
-1869
-2647
-3467
-4140
-4530
-4652
-4472
-4068
-3288
-2398
-1405
-346
591
1348
1812
2027
1932
1680
1284
708
71
-477
-887
-1194
-1314
-1355
-1342
-1334
-1311
-1315
-1364
-1553
-1756
-1980
-2173
-2279
-2285
-2126
-1822
-1444
-1053
-537
-53
353
606
718
738
689
515
335
113
-133
-250
-257
-127
51
302
583
849
1191
1527
1795
2019
2145
2304
2518
2737
3132
3574
4110
4708
5398
6141
6827
7253
7326
6913
5925
4422
2546
543
-1669
-3848
-5873
-7365
-8208
-8319
-7755
-6624
-5135
-3404
-1424
566
2347
3734
4596
5020
5072
4767
4254
3580
2790
2051
1434
977
739
597
405
282
36
-238
-571
-1071
-1694
-2459
-3174
-3728
-4034
-4138
-4014
-3674
-3154
-2461
-1565
-623
157
782
1189
1394
1423
1301
1042
584
82
-410
-810
-1090
-1272
-1437
-1632
-1706
-1756
-1828
-1858
-1994
-2142
-2242
-2300
-2220
-2065
-1843
-1618
-1253
-857
-459
-45
240
416
448
443
404
258
105
-106
-277
-392
-391
-305
-155
81
318
586
873
1184
1458
1700
1893
2114
2332
2670
3148
3684
4240
4884
5634
6306
6869
7094
6695
5589
3825
1863
26
-1847
-3903
-5866
-7371
-8156
-8081
-7311
-6032
-4519
-3008
-1304
562
2391
3799
4505
4670
4490
4173
3704
3210
2527
1662
929
491
358
408
364
142
-173
-485
-809
-1216
-1733
-2468
-3268
-3866
-4057
-3921
-3661
-3283
-2802
-2147
-1297
-353
462
962
1201
1213
1200
1068
786
406
-178
-661
-1093
-1372
-1378
-1471
-1594
-1743
-1795
-1777
-1756
-1781
-1908
-2066
-2184
-2070
-1839
-1632
-1391
-1160
-846
-464
-100
214
334
339
249
111
70
-50
-225
-440
-599
-633
-522
-345
-163
-28
128
317
580
849
1082
1242
1461
1775
2118
2606
3088
3542
4116
4742
5432
6133
6610
6728
6464
5768
4536
3004
1218
-745
-2769
-4685
-6270
-7354
-7805
-7647
-6942
-5767
-4256
-2562
-750
992
2439
3483
4137
4384
4302
3930
3384
2690
1928
1263
756
403
223
80
-40
-185
-377
-659
-1053
-1533
-2131
-2776
-3352
-3686
-3815
-3779
-3543
-3066
-2479
-1795
-1050
-333
325
685
903
993
837
594
251
-148
-558
-959
-1245
-1442
-1466
-1512
-1585
-1614
-1580
-1594
-1632
-1643
-1765
-1833
-1872
-1769
-1660
-1445
-1206
-933
-660
-339
-61
157
282
288
186
36
-35
-160
-321
-407
-462
-359
-252
-112
151
379
602
784
1060
1311
1523
1793
2020
2322
2649
3060
3630
4230
4813
5461
6068
6535
6663
6380
5690
4480
2949
1162
-790
-2786
-4632
-6213
-7238
-7577
-7348
-6595
-5363
-3859
-2178
-428
1250
2667
3631
4163
4266
4058
3635
3046
2388
1710
1129
700
452
338
280
181
70
-72
-349
-770
-1257
-1912
-2564
-3150
-3548
-3701
-3692
-3467
-3073
-2479
-1811
-1042
-303
261
609
810
875
814
619
264
-166
-623
-974
-1260
-1354
-1410
-1462
-1487
-1464
-1439
-1436
-1416
-1482
-1559
-1650
-1675
-1580
-1508
-1338
-1169
-941
-654
-357
-113
60
119
122
51
-57
-139
-277
-438
-522
-523
-476
-314
-130
33
229
457
698
965
1176
1365
1537
1778
2113
2459
2862
3327
3835
4408
5043
5737
6286
6616
6620
6164
5253
3961
2365
511
-1417
-3367
-5108
-6380
-7139
-7271
-6876
-5980
-4762
-3234
-1535
179
1705
2843
3594
4016
4154
3961
3497
2929
2320
1697
1241
870
699
589
537
418
267
7
-357
-859
-1452
-2127
-2767
-3231
-3552
-3644
-3510
-3119
-2621
-1969
-1331
-621
67
521
723
806
702
479
155
-194
-561
-936
-1168
-1305
-1305
-1277
-1204
-1156
-1092
-1046
-1096
-1202
-1305
-1462
-1656
-1756
-1739
-1661
-1542
-1403
-1179
-921
-655
-430
-233
-112
-113
-172
-234
-279
-386
-514
-584
-585
-511
-339
-207
2
189
462
682
932
1273
1485
1685
1935
2216
2530
2915
3312
3763
4237
4725
5312
5826
6107
6046
5588
4739
3479
1965
277
-1527
-3340
-4955
-6181
-6805
-6886
-6492
-5689
-4501
-3018
-1466
103
1552
2647
3348
3724
3815
3601
3228
2741
2140
1596
1119
783
638
513
408
235
27
-240
-640
-1094
-1643
-2258
-2852
-3234
-3443
-3424
-3152
-2740
-2171
-1488
-872
-311
190
525
603
569
339
74
-320
-712
-961
-1248
-1349
-1347
-1219
-1079
-908
-825
-737
-750
-835
-975
-1245
-1405
-1623
-1750
-1776
-1742
-1599
-1420
-1169
-839
-547
-317
-188
-80
-93
-150
-251
-402
-490
-603
-642
-590
-462
-331
-152
74
309
544
811
1028
1197
1346
1490
1710
1973
2262
2631
3002
3399
3924
4469
5062
5642
6037
6120
5829
5177
4173
2802
1214
-520
-2294
-4021
-5373
-6327
-6742
-6626
-6039
-5049
-3784
-2378
-894
562
1755
2695
3219
3526
3531
3287
2870
2420
1921
1476
1097
804
593
415
216
-31
-313
-696
-1124
-1616
-2134
-2680
-3122
-3361
-3345
-3169
-2810
-2225
-1643
-1106
-644
-191
131
187
104
-104
-355
-647
-942
-1124
-1218
-1289
-1277
-1121
-880
-746
-623
-628
-687
-872
-1090
-1328
-1577
-1771
-1975
-1981
-1912
-1713
-1478
-1182
-902
-600
-376
-282
-211
-212
-342
-497
-626
-690
-721
-754
-665
-573
-394
-157
98
397
552
648
809
963
1093
1214
1328
1492
1767
2114
2569
3052
3560
4034
4594
5245
5816
6157
6199
5868
5139
3992
2608
1060
-652
-2375
-3935
-5226
-6026
-6353
-6207
-5610
-4674
-3425
-2044
-613
740
1943
2723
3233
3499
3506
3267
2953
2479
1966
1522
1078
845
647
387
136
-115
-394
-699
-1083
-1551
-2012
-2418
-2775
-2971
-2932
-2742
-2483
-2064
-1568
-1138
-743
-371
-116
-19
-39
-104
-224
-396
-578
-709
-756
-827
-870
-797
-753
-638
-655
-729
-847
-1057
-1259
-1414
-1596
-1757
-1838
-1831
-1686
-1487
-1228
-938
-703
-553
-400
-272
-272
-317
-389
-503
-623
-643
-668
-654
-555
-459
-317
-157
93
237
365
483
607
751
875
1063
1199
1485
1741
2075
2522
2987
3425
3913
4398
4875
5338
5723
5903
5678
5160
4234
3059
1612
39
-1539
-3021
-4328
-5218
-5688
-5722
-5251
-4500
-3427
-2163
-888
343
1528
2382
2964
3280
3271
3133
2819
2399
1948
1482
1104
858
630
452
296
142
-16
-267
-539
-939
-1336
-1739
-2153
-2399
-2490
-2452
-2262
-1868
-1361
-785
-228
273
509
505
286
32
-190
-625
-1004
-1403
-1653
-1664
-1504
-1171
-824
-536
-378
-234
-82
-92
-276
-637
-1029
-1404
-1678
-1721
-1683
-1714
-1604
-1330
-961
-561
-272
-117
-84
-199
-275
-333
-407
-564
-700
-785
-726
-527
-340
-128
84
251
423
607
736
817
860
911
1045
1312
1650
2022
2479
2964
3484
4075
4670
5269
5703
5984
5995
5677
5059
4123
2871
1409
-138
-1721
-3094
-4332
-5143
-5524
-5481
-5039
-4293
-3244
-2081
-878
232
1337
2151
2645
2876
2880
2732
2486
2166
1757
1455
1135
879
709
577
469
255
28
-270
-625
-1062
-1513
-1887
-2274
-2570
-2651
-2572
-2370
-2011
-1561
-1062
-658
-343
-97
22
-57
-182
-448
-662
-877
-1026
-1106
-1120
-1055
-971
-852
-729
-582
-547
-570
-649
-778
-987
-1139
-1303
-1353
-1408
-1396
-1261
-1049
-845
-649
-471
-358
-281
-283
-311
-333
-400
-511
-603
-640
-610
-591
-478
-387
-243
-102
29
211
353
492
580
744
946
1130
1424
1771
2170
2548
2980
3430
3882
4298
4657
5018
5267
5370
5233
4787
4076
3114
1946
607
-747
-2000
-3174
-4100
-4666
-4895
-4761
-4287
-3574
-2659
-1633
-567
405
1249
1900
2235
2445
2474
2320
2048
1763
1389
1079
833
650
490
323
172
-62
-285
-548
-857
-1252
-1642
-2008
-2299
-2520
-2520
-2374
-2133
-1816
-1479
-1214
-1014
-766
-625
-599
-658
-767
-923
-1025
-1060
-1064
-1080
-1059
-989
-835
-677
-546
-510
-536
-598
-714
-861
-1000
-1109
-1312
-1448
-1486
-1427
-1272
-1166
-1044
-901
-809
-659
-612
-613
-642
-691
-702
-734
-762
-706
-658
-609
-472
-385
-198
-28
147
343
495
680
866
1047
1300
1539
1776
2037
2350
2655
3039
3402
3711
4104
4482
4898
5093
5100
4871
4371
3649
2600
1380
82
-1233
-2514
-3586
-4316
-4681
-4713
-4367
-3744
-2853
-1793
-760
274
1149
1818
2284
2576
2583
2455
2186
1890
1493
1150
912
728
568
436
339
187
50
-199
-499
-846
-1256
-1667
-1986
-2223
-2313
-2276
-2140
-1920
-1583
-1330
-1062
-876
-717
-619
-629
-711
-769
-849
-883
-847
-837
-760
-664
-505
-431
-341
-277
-303
-355
-518
-658
-884
-1084
-1262
-1422
-1479
-1516
-1414
-1254
-1102
-961
-803
-661
-579
-529
-495
-519
-561
-602
-614
-593
-571
-524
-433
-311
-184
-1
160
339
568
737
919
1168
1375
1562
1862
2099
2347
2644
2994
3327
3699
4130
4480
4809
5024
4996
4776
4274
3452
2402
1209
-9
-1334
-2490
-3434
-4070
-4362
-4364
-4028
-3402
-2533
-1595
-637
333
1185
1794
2281
2477
2421
2310
2073
1822
1476
1199
947
808
700
575
475
328
147
-153
-443
-810
-1193
-1598
-1879
-2111
-2181
-2096
-1870
-1556
-1224
-921
-699
-506
-516
-520
-557
-673
-898
-1063
-1088
-1039
-920
-755
-552
-336
-100
84
199
222
89
-167
-422
-731
-987
-1176
-1354
-1467
-1468
-1374
-1212
-1004
-795
-677
-541
-468
-402
-459
-496
-523
-579
-564
-585
-476
-360
-244
-97
45
214
420
573
698
804
945
1107
1321
1538
1769
2059
2381
2723
3102
3443
3872
4255
4603
4983
5164
5115
4807
4264
3539
2545
1291
34
-1286
-2490
-3504
-4164
-4511
-4514
-4213
-3599
-2750
-1781
-739
218
1040
1679
2129
2333
2380
2286
2037
1790
1510
1201
969
801
644
499
370
179
-16
-248
-619
-1006
-1410
-1728
-2039
-2280
-2343
-2297
-2146
-1847
-1516
-1296
-1057
-818
-669
-582
-567
-607
-688
-735
-709
-677
-570
-455
-352
-299
-157
-95
-73
-117
-293
-494
-776
-993
-1187
-1349
-1505
-1532
-1499
-1403
-1226
-959
-804
-625
-482
-422
-354
-353
-365
-434
-522
-552
-562
-469
-402
-358
-189
-53
148
357
527
697
817
996
1169
1344
1501
1705
1977
2268
2598
2966
3295
3608
4013
4390
4746
4977
4997
4705
4258
3593
2628
1511
269
-993
-2212
-3176
-3863
-4225
-4291
-4039
-3530
-2785
-1823
-862
111
929
1542
1994
2263
2383
2322
2163
1893
1590
1291
1018
770
591
393
181
-39
-283
-552
-903
-1255
-1612
-1952
-2275
-2414
-2443
-2361
-2143
-1847
-1465
-1128
-718
-436
-358
-331
-354
-426
-611
-723
-811
-944
-948
-835
-686
-554
-399
-326
-295
-295
-362
-529
-747
-993
-1307
-1573
-1695
-1719
-1729
-1576
-1376
-1207
-979
-700
-490
-396
-388
-372
-414
-469
-524
-610
-614
-604
-570
-470
-278
-152
-66
69
198
316
453
566
701
861
1033
1279
1579
1863
2213
2598
2951
3401
3818
4255
4587
4858
4983
4810
4447
3809
3014
1980
794
-363
-1522
-2571
-3454
-4034
-4268
-4188
-3816
-3221
-2446
-1585
-660
228
1008
1586
2000
2274
2334
2291
2130
1884
1615
1315
967
679
426
183
-84
-370
-637
-947
-1204
-1526
-1750
-1931
-2105
-2194
-2139
-1940
-1678
-1407
-1154
-886
-704
-523
-438
-440
-476
-574
-658
-723
-717
-703
-678
-581
-543
-452
-387
-407
-425
-520
-717
-948
-1121
-1310
-1473
-1527
-1598
-1561
-1446
-1273
-1038
-952
-788
-613
-498
-427
-401
-418
-504
-547
-576
-568
-559
-561
-506
-426
-329
-238
-110
6
143
281
363
507
630
850
1102
1354
1701
2067
2471
2862
3244
3635
3997
4305
4625
4795
4730
4462
3912
3232
2300
1256
103
-1056
-2125
-3098
-3746
-4159
-4217
-4036
-3563
-2860
-1985
-1062
-153
666
1301
1841
2135
2316
2329
2187
1872
1547
1216
898
610
368
179
-20
-257
-452
-648
-906
-1114
-1351
-1611
-1815
-1922
-1934
-1842
-1683
-1454
-1189
-920
-730
-552
-515
-453
-393
-442
-513
-586
-654
-649
-615
-524
-407
-316
-259
-201
-204
-276
-319
-488
-669
-852
-1016
-1156
-1231
-1258
-1266
-1133
-984
-836
-624
-486
-340
-289
-324
-312
-372
-421
-419
-457
-472
-446
-358
-240
-186
-73
40
148
267
370
408
564
672
787
1020
1239
1498
1834
2197
2493
2901
3290
3660
3992
4269
4502
4612
4576
4295
3827
3222
2361
1414
418
-642
-1608
-2407
-3020
-3417
-3540
-3435
-3088
-2544
-1848
-1142
-397
337
921
1349
1624
1871
1894
1798
1655
1372
1178
941
701
521
341
122
-89
-227
-414
-651
-951
-1207
-1442
-1708
-1828
-1899
-1919
-1796
-1633
-1310
-1032
-794
-525
-384
-286
-324
-397
-485
-613
-773
-886
-870
-809
-764
-659
-546
-402
-278
-297
-306
-334
-461
-665
-820
-985
-1144
-1237
-1259
-1238
-1179
-1090
-931
-758
-644
-531
-487
-472
-435
-408
-421
-344
-364
-364
-322
-245
-140
-95
5
76
150
219
343
458
560
678
885
1123
1391
1683
1983
2347
2726
3100
3446
3778
4042
4319
4467
4426
4263
3916
3343
2675
1811
890
-62
-976
-1778
-2488
-2904
-3146
-3101
-2896
-2520
-1921
-1278
-621
62
618
1045
1392
1619
1790
1763
1670
1548
1336
1131
956
779
564
339
133
-112
-368
-611
-867
-1143
-1416
-1598
-1741
-1833
-1790
-1730
-1547
-1311
-1030
-773
-623
-578
-508
-469
-512
-606
-710
-811
-926
-914
-864
-784
-693
-638
-538
-438
-371
-399
-508
-624
-796
-982
-1109
-1191
-1309
-1419
-1380
-1283
-1134
-938
-782
-681
-650
-592
-527
-519
-469
-554
-636
-652
-639
-575
-588
-507
-436
-388
-287
-143
-30
67
208
358
517
720
966
1240
1521
1803
2085
2369
2719
2976
3303
3636
3859
4102
4171
4118
3892
3425
2868
2155
1298
334
-553
-1455
-2229
-2733
-3105
-3247
-3214
-2960
-2469
-1864
-1164
-469
119
633
1011
1357
1565
1641
1555
1433
1314
1129
894
679
539
308
62
-146
-333
-580
-788
-1053
-1338
-1532
-1666
-1725
-1748
-1705
-1597
-1432
-1176
-894
-605
-465
-435
-424
-436
-547
-648
-789
-950
-1011
-985
-845
-730
-579
-442
-340
-242
-220
-263
-360
-534
-803
-972
-1070
-1182
-1241
-1266
-1209
-1091
-934
-802
-663
-605
-586
-556
-599
-626
-673
-761
-743
-731
-680
-571
-448
-290
-178
-37
98
278
381
455
539
655
802
914
1132
1370
1632
1934
2245
2580
2927
3299
3556
3817
4023
4161
4138
3896
3454
2865
2145
1254
360
-545
-1442
-2194
-2745
-3037
-3107
-3037
-2775
-2324
-1708
-1094
-438
191
649
1044
1300
1488
1548
1470
1385
1188
1003
871
681
471
289
108
-96
-274
-472
-717
-908
-1174
-1368
-1528
-1680
-1651
-1618
-1502
-1324
-1076
-838
-587
-465
-420
-437
-474
-559
-714
-811
-934
-1000
-973
-874
-680
-531
-393
-303
-194
-141
-157
-202
-311
-486
-725
-857
-947
-1033
-1120
-1122
-1083
-977
-864
-766
-650
-638
-618
-592
-569
-535
-541
-512
-461
-353
-216
-80
56
209
282
373
420
479
513
551
604
676
833
1002
1241
1567
1924
2193
2554
2929
3320
3610
3870
4133
4287
4298
4126
3787
3223
2588
1827
1008
142
-724
-1523
-2150
-2554
-2711
-2715
-2565
-2278
-1826
-1263
-699
-134
376
701
1021
1279
1383
1444
1393
1262
1147
964
832
719
551
344
168
9
-209
-362
-555
-842
-1071
-1244
-1391
-1490
-1499
-1474
-1357
-1197
-955
-664
-408
-352
-422
-462
-562
-622
-762
-887
-1048
-1138
-1038
-834
-662
-452
-269
-140
-51
16
29
-84
-275
-543
-809
-959
-1019
-1125
-1192
-1230
-1143
-1058
-884
-702
-598
-539
-536
-479
-412
-394
-393
-383
-378
-253
-194
-54
67
137
205
243
365
457
517
540
649
803
989
1322
1631
1993
2339
2702
3126
3601
4019
4321
4553
4692
4656
4416
3966
3350
2535
1585
668
-341
-1225
-2008
-2635
-2991
-3148
-3089
-2821
-2336
-1779
-1182
-536
66
629
1024
1253
1432
1556
1553
1478
1406
1262
1120
1002
911
762
590
382
173
-81
-359
-646
-897
-1180
-1476
-1646
-1778
-1781
-1678
-1572
-1343
-1045
-734
-451
-221
-199
-280
-364
-477
-636
-807
-936
-1068
-1088
-960
-757
-588
-430
-313
-238
-176
-149
-232
-439
-622
-875
-1092
-1188
-1234
-1308
-1344
-1224
-1095
-934
-765
-642
-613
-580
-568
-573
-544
-570
-607
-637
-583
-529
-448
-299
-146
-56
-24
65
229
348
492
610
839
1070
1404
1797
2187
2572
2856
3232
3699
4042
4271
4409
4427
4235
3812
3259
2542
1701
734
-249
-1205
-2041
-2704
-3117
-3347
-3404
-3162
-2738
-2188
-1541
-849
-221
334
795
1157
1406
1569
1581
1529
1426
1291
1148
931
766
620
470
254
12
-210
-484
-753
-1058
-1362
-1574
-1773
-1902
-1915
-1923
-1740
-1522
-1244
-965
-709
-430
-286
-248
-252
-249
-384
-518
-630
-789
-831
-828
-770
-623
-562
-453
-394
-368
-320
-378
-519
-674
-842
-961
-1076
-1156
-1157
-1136
-1075
-947
-821
-683
-569
-518
-467
-462
-478
-466
-583
-688
-700
-755
-644
-578
-449
-365
-250
-97
34
211
333
521
608
810
1080
1356
1681
1990
2290
2650
3009
3379
3705
3943
4087
4179
4142
3802
3344
2688
1866
970
56
-852
-1732
-2467
-3012
-3260
-3361
-3237
-2924
-2472
-1860
-1222
-551
102
577
976
1221
1353
1441
1382
1288
1109
929
738
595
428
280
63
-125
-371
-625
-840
-1108
-1358
-1596
-1765
-1905
-1900
-1829
-1715
-1536
-1303
-1024
-801
-623
-487
-390
-315
-359
-424
-458
-513
-607
-605
-621
-565
-524
-502
-478
-472
-454
-503
-540
-579
-639
-789
-836
-861
-890
-843
-813
-696
-624
-545
-447
-360
-325
-348
-312
-367
-404
-501
-519
-555
-583
-523
-474
-348
-275
-151
-8
149
322
528
681
890
1092
1326
1567
1821
2114
2370
2711
3011
3328
3636
3859
4061
4159
4024
3716
3282
2743
2020
1163
262
-576
-1427
-2117
-2576
-2843
-2891
-2787
-2496
-2014
-1418
-818
-187
375
786
1105
1359
1447
1519
1450
1304
1137
961
815
657
531
298
128
-62
-272
-479
-704
-940
-1173
-1395
-1591
-1649
-1690
-1639
-1536
-1398
-1155
-953
-722
-584
-527
-424
-350
-377
-428
-455
-505
-571
-582
-535
-510
-439
-447
-423
-379
-312
-382
-446
-517
-635
-720
-766
-776
-840
-836
-798
-731
-648
-538
-425
-364
-366
-363
-366
-391
-413
-476
-559
-581
-597
-566
-472
-424
-283
-137
13
204
340
506
667
883
1064
1265
1491
1782
2030
2312
2633
2935
3232
3455
3684
3880
3984
3886
3632
3232
2691
2021
1284
500
-330
-1123
-1796
-2310
-2560
-2613
-2498
-2291
-1902
-1416
-884
-287
226
682
1040
1275
1429
1480
1459
1327
1180
1014
840
718
594
387
187
-11
-184
-331
-529
-804
-1048
-1207
-1423
-1559
-1551
-1497
-1390
-1238
-1016
-747
-476
-259
-188
-191
-219
-292
-327
-429
-559
-636
-694
-679
-558
-491
-442
-393
-356
-341
-335
-354
-456
-595
-693
-740
-804
-832
-837
-786
-777
-673
-577
-485
-459
-457
-480
-519
-539
-572
-601
-654
-657
-666
-592
-510
-378
-240
-113
36
159
334
478
609
724
839
1036
1235
1515
1753
2005
2302
2585
2959
3258
3502
3745
3840
3817
3612
3219
2720
2064
1321
499
-376
-1194
-1900
-2421
-2764
-2822
-2743
-2520
-2125
-1665
-1134
-523
41
494
883
1134
1312
1386
1355
1258
1095
945
756
610
420
245
105
-108
-286
-522
-747
-912
-1140
-1386
-1582
-1685
-1707
-1664
-1541
-1367
-1127
-845
-545
-311
-155
-81
-113
-175
-262
-421
-565
-771
-858
-911
-875
-722
-657
-580
-516
-462
-410
-400
-430
-534
-621
-746
-882
-915
-909
-867
-821
-741
-669
-544
-440
-369
-348
-348
-383
-428
-466
-547
-557
-598
-609
-535
-427
-341
-206
-58
35
197
325
453
583
680
822
1028
1203
1496
1748
2032
2334
2630
2975
3274
3536
3726
3790
3652
3363
2908
2302
1569
820
35
-864
-1583
-2112
-2507
-2732
-2742
-2562
-2290
-1835
-1331
-763
-255
189
571
809
975
1077
1107
1027
904
723
602
489
332
227
11
-165
-302
-482
-684
-922
-1161
-1375
-1536
-1691
-1729
-1705
-1630
-1510
-1315
-1029
-747
-540
-464
-385
-328
-344
-427
-524
-627
-746
-803
-821
-794
-755
-727
-674
-609
-533
-454
-464
-503
-631
-721
-753
-852
-833
-885
-918
-839
-817
-683
-610
-485
-426
-425
-378
-350
-343
-415
-432
-481
-519
-477
-433
-363
-301
-271
-202
-70
80
219
329
451
612
801
1007
1206
1456
1674
1974
2279
2577
2950
3186
3474
3649
3736
3752
3572
3145
2640
1954
1165
360
-539
-1271
-1944
-2444
-2704
-2764
-2631
-2367
-1930
-1415
-858
-242
271
689
994
1149
1264
1283
1192
1068
913
708
475
324
223
69
-86
-239
-427
-604
-773
-960
-1137
-1323
-1439
-1521
-1515
-1398
-1292
-1138
-946
-711
-489
-358
-330
-326
-297
-359
-462
-575
-662
-748
-757
-720
-653
-584
-512
-397
-361
-323
-280
-316
-365
-453
-592
-638
-715
-783
-864
-828
-772
-728
-591
-480
-381
-348
-294
-234
-209
-212
-241
-369
-417
-406
-389
-272
-209
-127
-70
59
215
367
523
644
776
935
1112
1317
1523
1774
2011
2288
2626
2942
3285
3546
3740
3829
3712
3409
2942
2360
1587
769
-122
-881
-1631
-2254
-2560
-2705
-2649
-2458
-2052
-1560
-992
-400
115
581
925
1135
1259
1306
1258
1156
1043
890
704
529
444
303
234
102
-70
-212
-367
-605
-839
-996
-1164
-1324
-1383
-1347
-1285
-1125
-955
-706
-390
-186
-70
2
1
-84
-176
-310
-478
-581
-683
-699
-664
-589
-472
-325
-188
-83
-29
-11
-33
-145
-281
-423
-586
-715
-776
-775
-766
-698
-596
-480
-337
-161
-101
-58
-46
-61
-99
-170
-193
-268
-381
-365
-332
-280
-125
-35
89
211
371
461
596
751
869
1055
1223
1504
1815
2136
2485
2839
3209
3538
3801
3889
3808
3553
3058
2475
1704
839
-72
-961
-1759
-2365
-2780
-3015
-3015
-2860
-2540
-2020
-1430
-902
-349
146
558
822
998
1131
1116
1023
930
756
643
521
378
252
86
-53
-189
-341
-509
-754
-988
-1204
-1395
-1486
-1579
-1554
-1524
-1394
-1241
-1049
-835
-671
-525
-474
-410
-340
-300
-358
-439
-448
-496
-472
-472
-479
-415
-348
-257
-202
-211
-236
-299
-410
-516
-589
-639
-737
-797
-773
-739
-667
-552
-395
-271
-187
-130
-54
-45
-16
-33
-125
-173
-199
-206
-212
-173
-136
-74
30
153
226
383
459
621
719
871
1088
1311
1559
1816
2177
2521
2874
3172
3462
3664
3776
3721
3444
3009
2419
1651
825
-11
-900
-1669
-2334
-2783
-3006
-3003
-2849
-2562
-2092
-1564
-1003
-424
105
506
813
1027
1140
1142
1125
1010
823
681
559
454
337
152
42
-82
-226
-456
-638
-828
-1089
-1295
-1507
-1626
-1680
-1668
-1605
-1489
-1321
-1116
-914
-762
-609
-495
-421
-391
-361
-361
-401
-464
-460
-386
-331
-261
-267
-202
-143
-136
-212
-298
-411
-588
-693
-820
-882
-927
-970
-1012
-928
-791
-692
-516
-364
-195
-94
-30
84
145
86
41
-3
-47
-45
-45
-43
-21
42
136
258
374
468
578
781
999
1200
1449
1693
1931
2233
2501
2804
3054
3276
3377
3387
3287
2902
2381
1750
1048
302
-487
-1273
-1887
-2399
-2728
-2816
-2772
-2565
-2196
-1674
-1175
-663
-151
293
638
893
1066
1143
1155
1067
967
861
740
622
553
456
273
128
0
-201
-354
-537
-805
-1036
-1302
-1499
-1595
-1654
-1634
-1593
-1433
-1218
-954
-718
-532
-353
-294
-188
-133
-180
-209
-245
-231
-225
-155
-90
-40
26
49
57
21
-37
-133
-284
-448
-603
-704
-800
-894
-918
-884
-808
-690
-522
-346
-171
-56
68
151
210
271
234
204
141
106
65
100
142
200
317
427
567
707
861
1006
1189
1392
1609
1828
2090
2287
2575
2811
2999
3098
3119
3033
2672
2252
1660
1055
290
-472
-1164
-1854
-2323
-2668
-2795
-2730
-2522
-2218
-1755
-1250
-695
-213
199
548
795
988
1032
1048
991
923
811
728
625
566
494
378
285
158
-4
-231
-458
-691
-952
-1225
-1429
-1620
-1798
-1852
-1792
-1739
-1604
-1419
-1208
-945
-716
-510
-272
-60
57
197
282
335
331
307
313
312
264
194
118
38
-80
-173
-260
-409
-537
-642
-725
-783
-811
-817
-760
-667
-547
-396
-206
-53
83
243
351
459
547
610
562
506
518
488
462
484
482
557
642
758
953
1108
1325
1578
1818
2069
2361
2590
2801
2975
3078
3100
2964
2680
2257
1720
1110
401
-290
-969
-1568
-2040
-2376
-2554
-2530
-2372
-2084
-1721
-1317
-814
-376
16
361
567
714
804
820
812
774
699
624
555
537
557
472
401
302
181
24
-226
-497
-801
-1068
-1320
-1555
-1739
-1858
-1902
-1903
-1841
-1752
-1579
-1358
-1115
-875
-690
-491
-313
-160
38
153
229
275
317
356
346
276
190
109
-28
-143
-305
-434
-610
-704
-796
-913
-928
-897
-839
-778
-677
-525
-363
-205
-66
94
213
309
408
484
570
601
611
638
602
630
698
733
819
885
1039
1187
1393
1608
1813
2081
2332
2581
2798
2909
2965
2931
2778
2443
1924
1367
729
58
-608
-1269
-1799
-2211
-2460
-2523
-2416
-2167
-1827
-1397
-915
-395
12
380
622
745
872
884
834
761
701
571
456
453
424
405
388
340
273
238
124
-38
-258
-538
-768
-1021
-1292
-1536
-1751
-1869
-1937
-1884
-1769
-1632
-1448
-1223
-998
-738
-474
-218
-8
112
266
327
399
392
340
289
222
121
72
-9
-142
-283
-434
-541
-638
-719
-781
-820
-900
-916
-866
-789
-684
-554
-432
-275
-111
56
199
299
400
488
548
595
643
661
669
677
708
834
891
969
1105
1228
1442
1609
1858
2061
2207
2326
2413
2438
2373
2169
1816
1424
906
336
-240
-785
-1290
-1766
-2063
-2177
-2215
-2084
-1875
-1598
-1223
-852
-462
-35
198
422
563
641
673
662
631
569
463
385
368
324
324
276
234
180
95
-11
-128
-315
-549
-801
-1015
-1205
-1346
-1508
-1628
-1619
-1591
-1467
-1361
-1225
-1024
-838
-632
-415
-211
-25
75
154
266
328
331
316
286
214
154
83
32
-39
-172
-305
-371
-479
-550
-598
-620
-681
-695
-609
-563
-472
-343
-223
-74
40
200
302
398
459
520
605
666
745
807
883
896
1000
1125
1255
1358
1500
1671
1832
1981
2166
2325
2395
2470
2465
2300
2059
1721
1243
738
185
-372
-915
-1389
-1766
-2066
-2161
-2180
-2097
-1823
-1534
-1189
-800
-435
-46
205
383
530
562
527
504
444
355
286
180
142
144
90
87
71
11
-52
-138
-291
-481
-678
-884
-1071
-1265
-1442
-1553
-1597
-1618
-1568
-1467
-1307
-1127
-949
-775
-614
-455
-253
-179
-163
-63
-71
-42
-52
-31
-33
-79
-98
-89
-110
-159
-198
-262
-397
-471
-560
-614
-647
-673
-682
-665
-567
-522
-442
-279
-142
-12
146
228
371
506
603
651
722
760
759
841
909
1009
1114
1221
1362
1530
1711
1870
2061
2198
2317
2417
2454
2470
2336
2100
1817
1411
1025
578
91
-400
-851
-1181
-1453
-1586
-1668
-1599
-1488
-1305
-1040
-711
-418
-163
99
307
420
481
572
555
528
487
430
399
374
315
269
223
180
92
43
-9
-184
-305
-498
-695
-859
-1026
-1207
-1322
-1391
-1386
-1350
-1276
-1141
-985
-794
-612
-457
-295
-162
-49
-12
-7
30
4
2
-37
-75
-79
-121
-195
-269
-327
-369
-411
-518
-579
-654
-731
-753
-792
-809
-775
-705
-616
-482
-360
-241
-100
31
138
247
345
475
503
601
640
641
772
807
903
961
1065
1226
1354
1510
1650
1807
1940
2045
2098
2123
2192
2157
2024
1815
1544
1214
814
485
116
-269
-630
-956
-1092
-1222
-1260
-1226
-1127
-979
-799
-529
-375
-145
25
117
188
319
383
366
319
282
247
190
165
143
107
70
29
6
-42
-129
-198
-322
-491
-643
-767
-909
-1026
-1159
-1202
-1221
-1173
-1111
-1052
-912
-774
-614
-467
-353
-249
-111
-40
8
68
83
97
71
55
43
-10
-75
-143
-242
-338
-429
-467
-549
-633
-674
-733
-740
-701
-698
-613
-553
-450
-349
-237
-110
21
124
209
333
420
547
610
665
706
786
863
951
946
1037
1170
1249
1347
1417
1522
1621
1705
1778
1820
1815
1804
1751
1668
1545
1336
1060
779
453
168
-116
-383
-589
-740
-862
-895
-835
-774
-664
-560
-453
-298
-172
-96
-39
25
-13
22
29
9
-37
-32
-45
-81
-49
-66
-98
-138
-156
-156
-271
-390
-474
-577
-731
-834
-942
-1088
-1126
-1199
-1204
-1189
-1161
-1133
-1031
-889
-828
-691
-574
-498
-432
-397
-288
-232
-168
-129
-87
-90
-123
-156
-183
-247
-309
-401
-520
-607
-687
-762
-839
-861
-877
-878
-818
-784
-683
-574
-462
-347
-224
-107
15
113
218
285
382
490
538
657
753
826
958
1018
1060
1129
1152
1230
1284
1372
1378
1424
1442
1430
1471
1497
1511
1510
1560
1549
1479
1361
1234
1106
934
662
415
170
-52
-241
-383
-443
-501
-522
-485
-400
-302
-173
-40
52
76
75
113
104
126
75
14
-62
-72
-51
-72
-65
-90
-72
-111
-130
-150
-207
-296
-377
-486
-605
-688
-821
-946
-1037
-1087
-1180
-1245
-1213
-1230
-1229
-1105
-967
-862
-736
-615
-486
-385
-271
-184
-120
-100
-147
-169
-195
-252
-314
-458
-537
-628
-715
-777
-866
-879
-1012
-991
-954
-973
-905
-825
-764
-682
-574
-460
-336
-242
-124
18
165
242
358
427
562
638
705
788
877
941
949
983
985
991
989
1037
1042
1024
1024
1050
1049
1049
1086
1116
1124
1167
1241
1279
1300
1276
1182
1050
920
796
672
497
303
136
1
-98
-132
-180
-229
-143
-107
-40
43
58
93
125
125
131
142
75
20
-45
-77
-108
-106
-153
-176
-144
-187
-162
-205
-194
-223
-288
-333
-422
-514
-570
-694
-853
-988
-1077
-1074
-1099
-1093
-1046
-930
-833
-728
-533
-396
-304
-218
-182
-175
-172
-176
-303
-442
-537
-634
-687
-702
-791
-866
-891
-870
-836
-830
-797
-775
-747
-698
-652
-587
-537
-522
-438
-330
-178
-38
66
152
214
312
370
418
443
474
445
429
448
473
490
527
527
563
593
629
701
692
682
639
652
683
690
712
732
855
928
1037
1215
1299
1364
1437
1439
1446
1371
1180
1030
825
594
436
207
35
-107
-216
-268
-246
-223
-199
-135
-121
-85
-83
-77
-123
-136
-153
-231
-271
-302
-324
-302
-298
-292
-304
-339
-336
-390
-462
-568
-658
-788
-900
-1025
-1119
-1141
-1129
-1094
-984
-804
-689
-552
-378
-309
-266
-257
-317
-404
-455
-576
-715
-746
-781
-823
-765
-697
-633
-523
-460
-368
-290
-315
-287
-330
-365
-352
-374
-366
-345
-266
-202
-81
29
155
246
329
432
439
451
475
426
426
435
416
380
350
332
346
364
433
456
489
526
489
510
531
579
562
588
629
695
823
904
988
1069
1157
1234
1344
1336
1341
1374
1297
1273
1234
1156
1063
974
851
763
626
492
362
211
69
-45
-172
-265
-310
-423
-469
-479
-462
-475
-439
-431
-450
-391
-406
-414
-436
-453
-499
-514
-491
-508
-510
-535
-529
-542
-537
-565
-604
-655
-725
-814
-859
-884
-963
-971
-1002
-957
-891
-792
-742
-722
-653
-621
-589
-571
-551
-537
-522
-553
-532
-498
-519
-492
-414
-341
-266
-178
-118
-37
65
109
122
148
181
192
153
108
158
154
127
138
164
174
230
207
203
217
148
136
157
184
180
183
218
247
331
420
494
590
643
711
758
795
825
855
817
786
788
718
701
658
655
677
669
680
697
718
688
662
637
564
478
419
364
329
306
223
186
169
126
156
127
86
55
61
40
26
58
-21
-61
-68
-74
-99
-148
-137
-131
-148
-192
-184
-156
-158
-201
-227
-253
-288
-354
-376
-441
-469
-529
-592
-609
-639
-636
-640
-603
-624
-632
-600
-589
-580
-547
-490
-439
-407
-433
-386
-329
-364
-340
-291
-282
-248
-188
-165
-143
-112
-108
-111
-87
-75
-76
-82
-71
-64
-88
-80
-107
-124
-158
-151
-163
-162
-172
-189
-197
-188
-164
-139
-99
-47
-23
34
93
114
201
222
249
290
307
342
357
414
392
361
414
423
426
467
445
459
425
404
425
413
443
434
397
404
398
402
401
365
408
389
377
316
321
338
280
343
307
296
292
303
329
325
327
339
364
321
370
355
349
359
307
207
145
72
-12
-106
-122
-152
-143
-130
-145
-102
-47
13
73
85
90
98
29
-2
-80
-105
-208
-286
-312
-353
-352
-321
-346
-294
-234
-214
-166
-119
-98
-42
-38
-76
-79
-65
-126
-199
-232
-245
-295
-305
-303
-312
-274
-274
-223
-215
-181
-179
-148
-95
-121
-142
-146
-146
-180
-154
-136
-120
-91
17
26
17
84
96
135
117
139
146
176
150
89
107
49
54
76
66
68
38
94
103
82
98
89
110
149
170
162
197
213
234
202
244
248
224
232
207
198
204
203
225
239
204
249
240
205
183
115
97
123
53
-4
1
25
-8
-27
17
90
125
133
166
157
157
173
158
131
99
62
30
-11
-35
-12
-56
-68
-87
-98
-51
-67
-17
29
23
9
76
89
94
47
71
85
51
-13
-89
-128
-136
-130
-160
-165
-141
-80
-69
45
34
47
102
75
45
-38
-45
-114
-138
-184
-211
-214
-203
-167
-151
-58
-7
74
95
143
208
265
205
198
174
117
77
2
-29
-89
-72
-54
-47
-23
43
113
122
204
217
232
291
285
287
298
271
215
216
145
148
137
143
148
142
104
45
52
43
45
39
64
46
77
41
48
90
45
44
-6
32
5
-16
5
-22
-25
6
62
71
128
179
197
202
210
219
206
180
133
102
46
-29
-73
-116
-130
-122
-3
23
32
134
155
161
167
130
111
50
-8
-66
-144
-201
-284
-265
-269
-262
-178
-120
-47
-19
33
87
45
5
-30
-92
-152
-264
-298
-335
-338
-329
-316
-232
-140
-88
-95
-62
-32
-48
-71
-74
-111
-160
-211
-204
-229
-261
-242
-262
-189
-163
-184
-117
-124
-48
-44
-29
25
23
50
92
91
127
146
113
71
77
41
16
8
-40
-44
-115
-113
-120
-102
-92
-21
-5
19
71
76
103
135
120
127
190
213
157
158
167
139
161
196
177
196
194
206
252
226
207
219
205
171
168
131
101
68
42
-17
-40
-33
6
12
23
51
79
82
94
108
84
83
43
58
101
45
78
103
79
122
123
103
72
35
14
-29
-73
-98
-133
-190
-249
-250
-221
-247
-184
-172
-164
-80
-55
-51
-24
-9
-46
-118
-146
-182
-241
-215
-269
-276
-233
-251
-211
-197
-170
-178
-124
-91
-115
-76
-76
-58
-28
-65
-65
-43
-39
-26
-26
-43
-54
-54
-56
-59
-98
-91
-73
-128
-48
-86
-85
-94
-113
-77
-91
-60
-75
-28
-38
20
52
120
146
136
171
179
188
180
172
139
147
128
114
104
117
91
69
89
56
96
76
81
66
52
35
9
32
42
11
4
-22
9
35
15
66
99
85
92
150
191
168
194
222
177
217
214
227
211
135
106
55
10
-29
-80
-140
-195
-210
-214
-199
-165
-138
-70
-21
-14
10
80
60
46
10
12
-21
-57
-32
-41
-49
-88
-101
-79
-29
9
-5
3
25
-15
-19
-33
-35
-34
-83
-107
-54
-32
-30
2
32
3
13
32
-30
-42
-136
-169
-176
-234
-259
-273
-282
-253
-246
-204
-136
-82
-50
5
28
37
84
123
106
84
54
40
17
42
37
0
-2
1
19
89
85
92
112
47
28
33
18
-75
-77
-111
-127
-169
-214
-186
-196
-130
-115
-102
-85
-49
15
60
114
103
167
197
230
228
247
248
217
218
173
137
69
15
-37
-44
-70
-94
-123
-91
-63
-30
-10
-34
-33
15
7
19
44
84
97
95
101
120
139
169
192
227
242
213
247
183
137
121
93
44
39
61
109
56
119
97
126
163
159
199
205
216
135
135
98
56
45
3
-52
-103
-81
-98
-88
-48
-12
43
62
115
155
178
212
214
174
139
115
110
15
-27
-91
-137
-85
-119
-57
-22
11
66
81
80
90
75
44
4
-37
-55
-105
-124
-163
-176
-171
-179
-166
-135
-81
-58
-1
35
47
65
105
87
59
83
73
54
30
71
61
26
80
40
12
22
-2
-7
-40
-55
-94
-127
-132
-127
-110
-112
-66
-47
7
44
43
76
101
138
169
128
129
83
50
56
-11
-19
-99
-96
-53
-94
-115
-110
-33
-37
-3
30
48
76
94
125
115
150
143
121
112
55
63
56
11
6
-58
-64
-10
-32
-37
8
71
90
122
159
169
183
170
146
118
118
67
49
56
85
84
74
77
89
125
72
50
40
36
13
-8
-66
-41
-90
-79
-65
-71
-56
-44
-10
16
36
59
86
74
41
-16
-22
1
-14
-57
-39
-58
-44
-31
-17
15
45
65
51
79
39
-11
0
-79
-110
-153
-187
-211
-239
-196
-159
-125
-91
-36
21
37
55
56
64
18
8
-32
-95
-110
-161
-167
-181
-274
-261
-230
-258
-237
-210
-165
-134
-132
-119
-89
-95
-126
-142
-103
-107
-101
-121
-112
-96
-90
-76
-88
-121
-130
-122
-164
-209
-195
-165
-197
-229
-202
-173
-153
-98
-112
-97
-78
-42
-13
-12
5
19
-13
-19
-34
-83
-54
-72
-66
-66
-75
-86
-97
-64
-55
-48
-37
-10
-19
-7
6
-29
-30
-82
-84
-106
-44
-25
-61
-53
-62
-38
-5
16
9
15
23
44
13
13
-43
-48
-75
-72
-82
-69
-7
-44
-30
-33
12
40
57
85
66
67
78
76
68
85
92
105
103
99
115
105
107
124
127
132
97
49
2
6
-65
-93
-120
-141
-91
-131
-137
-168
-121
-87
-75
-34
-23
-33
5
15
16
34
1
-40
-73
-78
-96
-160
-188
-198
-170
-132
-127
-83
-60
-15
2
31
32
-3
10
-3
-18
-50
-54
-63
-87
-94
-102
-92
-57
-72
-43
-24
-6
-10
-92
-94
-93
-142
-102
-102
-138
-83
-80
-36
-30
16
8
-9
11
-39
9
-28
-30
-59
-77
-93
-100
-113
-119
-52
-43
-60
-2
36
62
48
71
74
48
95
13
8
12
-40
-65
-70
-70
-21
-31
-25
17
-15
21
34
19
36
20
-4
-6
-15
-18
-88
-103
-86
-72
-70
-100
-61
-64
-10
-3
-13
-4
-14
18
-40
-25
-13
1
7
31
50
71
93
87
158
141
111
89
56
67
62
49
10
-7
-4
-28
-50
-48
-48
-36
-18
-24
41
1
39
60
0
34
-12
0
-10
-10
-30
-62
-62
-6
-50
-85
-80
-37
21
44
36
59
49
42
59
58
-3
-25
-42
-78
-62
-140
-178
-193
-186
-152
-136
-154
-123
-130
-108
-103
-127
-108
-77
-93
-108
-42
-78
-81
-60
-30
-17
-10
-46
-35
-53
-77
-43
-107
-85
-105
-140
-42
-88
-79
-47
-6
19
2
-1
-14
-3
1
-15
12
-23
-49
-18
-44
-51
-72
-64
-7
-2
-33
30
-16
32
37
52
108
66
73
73
62
19
12
21
52
34
14
17
22
23
53
40
13
-27
-37
-10
24
50
48
57
46
65
58
69
86
89
67
100
112
101
110
107
102
91
119
121
103
117
103
85
101
116
146
117
113
73
103
95
35
35
7
16
-18
-27
-42
-41
-38
-50
5
12
28
42
47
94
89
114
151
167
127
150
157
102
147
94
75
52
34
80
81
50
28
46
34
18
67
85
44
23
41
-3
12
46
21
25
22
-2
10
20
4
33
14
-6
-14
11
38
23
41
60
61
63
71
86
72
72
47
65
62
67
45
46
50
6
-26
-19
-17
-64
-65
-50
-31
-31
-9
-33
-43
-12
-33
-4
-14
17
15
-40
-18
30
63
-7
-10
44
39
56
77
39
47
59
66
71
29
54
53
10
-33
-38
-65
-73
-77
-91
-77
-52
-46
-33
-64
-63
-12
-18
-71
-59
4
7
63
52
26
64
86
96
73
83
46
104
83
33
48
32
18
40
57
25
26
10
38
20
20
41
70
98
79
60
49
39
60
58
31
18
-29
-28
-6
-3
-10
18
11
15
-14
-35
5
-12
-9
54
33
25
76
47
47
61
92
31
32
47
44
7
3
12
5
-2
38
20
-27
-8
-3
-12
42
97
70
88
87
75
69
122
73
63
97
72
73
115
124
152
120
57
33
9
2
-57
-63
-71
-107
-109
-134
-125
-155
-165
-161
-172
-119
-136
-87
-70
-128
-120
-92
-103
-73
-96
-74
-17
-26
-30
13
24
20
34
-6
-27
-25
-31
-10
-10
2
3
-9
9
-19
-10
-9
-15
-12
-12
-15
-9
-6
-3
22
13
16
-9
-14
-16
0
-25
-21
40
5
0
23
-7
-5
10
15
0
11
15
27
19
-2
6
42
84
94
71
42
68
80
102
92
100
67
75
54
30
79
95
105
84
81
89
79
69
85
49
97
105
80
124
118
153
137
142
170
180
200
175
157
135
116
152
154
110
95
82
57
69
80
103
90
91
65
52
58
52
92
87
117
87
45
68
51
52
67
64
92
103
82
98
68
54
82
96
94
111
116
82
83
74
72
53
45
25
-7
-36
-10
-11
0
-2
13
4
7
13
-14
19
31
33
20
-25
-34
-28
-38
-73
-35
0
-4
19
1
-8
2
-11
-30
-43
10
-38
-47
-50
-53
-27
-28
-4
28
7
58
68
64
123
113
49
30
43
60
32
16
-1
15
-1
-1
0
10
24
33
80
43
37
20
33
50
34
34
37
-9
-18
-15
-19
-19
36
0
17
6
-1
20
21
15
-8
-18
-10
21
22
6
2
22
44
-4
28
49
32
11
-22
8
4
15
12
22
-19
33
6
26
16
57
62
11
63
45
39
44
30
11
9
1
-32
17
-15
-51
-36
-28
-2
-51
-19
-53
-77
-62
-64
-22
6
21
20
-15
-18
-39
-47
-38
-92
-67
-76
-115
-120
-115
-95
-114
-60
-53
-62
-36
-32
-36
-18
12
5
9
-2
-4
0
-39
-91
-84
-85
-70
-59
-90
-100
-93
-77
-62
-28
-28
-39
-50
-34
-24
-9
-40
-46
-15
-3
-63
-78
-43
-67
-34
-31
-42
-32
-5
7
18
48
23
14
20
27
65
6
16
-1
32
19
9
24
25
61
29
108
96
25
60
54
45
33
82
104
91
89
95
77
82
123
95
85
119
128
59
45
94
53
49
46
5
11
36
47
72
103
80
78
98
90
142
175
161
185
161
182
185
120
93
96
133
102
72
65
74
98
99
58
84
200
158
-97
-135
130
230
179
106
62
35
8
-3
87
142
103
42
33
62
106
83
92
45
9
42
-19
-21
-72
-22
41
19
-32
-14
-1
-15
9
-4
22
-3
-20
-60
-45
29
33
-11
-3
45
23
14
12
-7
17
7
-3
-30
-36
-50
-56
-37
-5
-20
-49
-38
-28
-4
-29
-30
-54
-46
6
7
6
-17
-9
50
15
8
-2
13
-4
-23
12
-9
-13
-46
-60
-33
-36
-46
-31
-37
-76
-77
-47
-45
-36
-28
-58
-53
-26
-59
-74
-63
-37
-15
-2
-25
-8
31
12
64
3
-21
37
64
39
21
15
42
18
-4
53
7
20
63
10
38
11
59
66
15
45
34
53
37
72
67
111
55
49
51
73
62
56
82
68
112
71
73
30
74
59
74
143
120
112
132
115
141
156
171
199
152
161
152
137
130
112
134
120
142
141
161
184
167
172
141
143
151
111
97
108
91
142
122
121
165
127
135
142
87
71
61
102
85
57
35
73
64
41
35
45
32
35
-10
-34
18
-8
1
-41
-68
-47
-78
-73
-68
-14
-6
11
12
-36
-13
-6
35
20
10
2
-3
21
12
11
1
12
36
24
-9
20
12
-1
9
-1
-15
-39
4
-30
10
19
18
31
48
28
61
66
48
70
85
91
101
68
79
78
80
47
75
96
72
81
28
75
33
57
59
62
80
74
56
37
36
69
82
130
130
152
137
132
118
135
164
124
123
113
104
105
164
146
134
150
161
121
117
99
117
157
151
158
150
170
139
154
158
145
140
149
133
111
148
119
136
148
154
112
99
59
60
85
67
81
48
1
20
55
52
56
89
85
109
60
75
105
83
85
69
99
105
131
110
96
27
-4
27
46
4
7
-24
-26
-38
-36
-46
-40
-15
-66
-9
-24
-6
5
-37
-18
-24
-60
-56
-42
-56
-30
10
-44
-22
-11
19
-20
3
-36
-84
-47
-55
-52
-81
-94
-42
-84
-80
-47
-59
-51
-70
-31
-3
-19
-38
-29
-17
-23
-36
-1
-58
-60
-49
-34
-35
6
-14
-14
21
-5
-40
-40
-48
-62
-41
-19
-17
18
23
37
51
37
42
49
72
96
73
78
61
32
26
21
39
-13
11
16
-13
-31
-20
-13
-14
36
4
-20
-28
14
30
42
40
80
119
75
135
108
34
69
47
51
25
12
27
22
16
28
42
-21
-38
15
24
-18
-18
13
4
6
20
-8
-3
27
-11
-8
-15
-12
28
-1
17
-18
-21
19
-6
-19
-19
-56
-53
-57
-51
-27
-49
-64
-25
-53
-51
-55
-72
-105
-55
-23
-39
-55
-83
-51
-60
-45
-60
-57
-93
-72
-111
-116
-53
-96
-71
-70
-88
-113
-101
-94
-135
-127
-81
-86
-127
-140
-97
-59
-70
-100
-82
-93
-131
-92
-64
-99
-93
-94
-68
-90
-134
-131
-156
-143
-167
-170
-164
-169
-172
-176
-165
-141
-141
-147
-130
-139
-95
-90
-91
-64
-102
-90
-101
-119
-78
-101
-80
-64
-62
-84
-106
-48
-54
-89
-59
-28
-40
-109
-117
-98
-110
-99
-79
-92
-77
-26
-22
-15
-21
-1
-9
-25
-15
-6
-25
-51
-34
-25
-15
-22
-9
31
19
3
-3
8
-21
-21
-18
-44
23
19
35
42
44
47
57
51
109
62
28
49
23
44
21
45
-6
4
34
-21
19
55
12
20
-47
-51
-22
-8
-15
-14
-29
0
-64
-44
-18
-38
32
-8
14
12
-6
-16
-32
-70
3
-9
-25
7
-43
-53
-20
-20
-20
2
-55
-6
22
4
11
-1
-20
0
-27
-67
-59
-51
-52
-48
-48
-32
-25
-56
-83
-87
-68
-91
-153
-121
-143
-181
-161
-155
-159
-168
-142
-169
-151
-139
-154
-173
-161
-151
-158
-156
-192
-203
-189
-199
-179
-169
-182
-146
-154
-170
-179
-177
-168
-190
-166
-196
-214
-166
-163
-157
-160
-151
-135
-96
-86
-59
-48
-78
-55
-39
-61
-75
-79
-72
-138
-103
-73
-79
-59
-60
-65
-69
-84
-70
-63
-104
-72
-66
-94
-56
-62
-53
-41
3
-14
8
15
-15
4
24
17
-25
25
-41
-18
-16
19
12
2
3
-3
19
-6
-3
-22
14
-13
-7
1
22
25
44
27
29
30
33
33
48
71
41
38
42
66
81
87
69
44
22
37
58
28
-7
40
29
19
20
-11
-28
9
-16
-71
-62
-79
-63
-53
-71
-81
-43
-57
-77
-63
-59
-37
-66
-68
-70
-34
-41
-61
-44
-53
-116
-113
-98
-107
-81
-110
-87
-94
-89
-117
-85
-70
-89
-73
-101
-81
-134
-142
-105
-121
-110
-118
-101
-124
-131
-128
-139
-129
-119
-85
-62
-99
-61
-45
-100
-43
-69
-114
-74
-69
-57
-91
-117
-105
-116
-79
-70
-122
-122
-129
-112
-112
-113
-72
-105
-71
-86
-48
-83
-86
-60
-96
-62
-55
-23
-30
-35
-64
-42
-22
-2
8
34
23
24
38
-9
10
32
36
-6
21
44
23
0
-22
4
-10
0
6
-3
-12
-64
-46
-29
-39
-57
-49
-38
-67
-26
-1
4
-34
6
17
19
18
-24
-6
14
-2
8
1
22
21
8
19
30
59
-20
-15
-33
-26
-72
-63
18
-27
-38
-25
-7
-18
-31
1
-28
-37
6
-29
-32
-6
16
1
-17
-6
5
3
10
11
0
13
-11
-34
-31
-34
-30
-70
-72
-123
-121
-103
-84
-89
-118
-116
-122
-109
-112
-93
-109
-102
-109
