SAMPLES:	16287
BITSPERSAMPLE:	16
CHANNELS:	1
SAMPLERATE:	16000
NORMALIZED:	FALSE
120
154
109
112
93
111
115
92
115
132
140
136
141
179
125
113
157
185
160
134
127
97
119
81
111
102
111
121
114
116
72
101
81
88
72
64
68
39
81
62
48
21
35
52
46
78
24
45
47
22
18
53
46
47
13
10
13
-35
-5
-3
6
-39
-32
-26
-39
-46
-62
-40
-55
-54
-76
-49
-40
-13
-61
-60
-27
-23
-42
-52
-75
-86
-46
-64
-18
12
-40
-58
-74
-44
-30
-72
-3
-21
-43
-19
-13
15
35
-3
30
15
-2
34
33
62
48
33
62
87
83
30
65
117
102
119
125
136
85
110
129
91
85
129
126
113
130
120
104
153
136
137
170
121
152
89
115
130
79
146
94
119
139
151
173
130
169
171
169
151
173
179
194
166
187
198
182
174
178
187
141
180
183
189
166
162
171
176
168
194
178
197
186
206
206
118
158
146
151
171
133
166
164
149
127
168
169
152
158
139
110
125
108
116
96
70
112
70
89
66
31
35
27
24
16
-9
7
-26
18
14
3
49
22
26
19
40
16
-11
16
62
42
28
-17
-25
-26
-17
5
-37
-16
13
23
-27
-39
-14
1
-3
-18
-11
-37
-13
-17
-63
-37
-22
11
-4
-23
-30
-31
0
-5
-6
32
-3
-7
26
56
46
36
51
62
91
75
80
69
83
80
106
89
79
80
58
43
69
110
108
99
65
111
129
121
131
119
134
133
137
115
119
111
110
111
161
185
190
169
188
158
149
206
154
196
215
168
163
158
153
159
149
206
186
200
237
225
209
187
170
235
226
191
187
168
190
189
195
215
224
218
196
197
229
223
271
275
302
274
260
293
240
193
220
242
221
243
205
182
190
180
184
185
206
149
146
146
131
139
128
170
157
141
113
103
93
89
117
115
79
93
95
91
96
74
84
67
97
114
73
111
92
67
46
70
94
110
93
35
34
-2
29
38
5
-13
8
25
26
24
0
-15
-42
-5
4
-1
-20
-12
-39
-28
2
10
41
-9
1
8
75
56
17
55
54
17
31
32
32
28
3
16
28
62
49
46
27
27
51
62
46
65
42
35
63
42
72
120
65
98
109
99
135
144
174
180
145
171
210
196
166
149
122
128
105
135
153
155
174
129
128
120
163
157
144
153
183
196
200
207
214
219
181
246
223
260
245
226
225
225
233
240
231
219
227
220
271
215
180
230
253
231
204
218
227
202
217
239
244
241
256
278
277
228
186
206
194
242
217
208
206
155
139
141
160
169
142
122
125
126
100
85
81
59
56
47
98
92
99
73
48
25
15
52
69
68
28
25
-6
38
55
37
43
19
23
1
-4
26
22
3
20
22
52
26
-1
-40
-55
-48
-23
-14
-1
-27
5
43
-1
14
29
53
30
40
89
104
65
54
58
63
125
81
91
107
80
108
101
103
102
87
119
92
70
106
106
91
123
115
97
53
94
118
135
101
105
89
62
62
73
124
150
138
132
134
135
159
164
189
191
189
191
182
147
107
128
125
118
154
180
142
150
129
163
140
107
128
144
133
156
158
174
158
152
140
103
86
104
94
48
29
91
98
66
118
110
159
137
97
113
132
119
109
81
59
59
55
73
70
97
65
92
70
76
100
72
106
35
28
89
72
99
125
98
28
15
41
15
26
26
19
3
-37
-51
-12
-39
-11
-32
-28
-2
-64
-61
-100
-97
-80
-43
-77
-58
-85
-95
-118
-112
-108
-108
-62
-125
-147
-99
-89
-101
-156
-145
-161
-152
-131
-138
-148
-180
-129
-193
-179
-164
-125
-128
-147
-145
-152
-112
-182
-141
-106
-108
-87
-81
-87
-94
-80
-60
-58
-64
-77
-95
-59
-62
-69
-108
-93
-110
-107
-66
-51
-55
-60
-61
-71
-54
-35
-31
-54
-20
-1
23
16
52
45
35
46
34
12
33
12
29
51
41
46
17
37
55
61
22
-31
19
17
42
34
29
25
35
43
49
-3
21
49
46
6
46
47
43
60
34
64
52
59
37
31
38
60
32
35
44
36
46
85
40
20
46
47
45
32
25
-21
-21
-1
-18
-22
-44
-61
-42
-68
-59
-68
-72
-54
-69
-71
-99
-78
-77
-97
-86
-80
-90
-84
-63
-78
-107
-98
-110
-136
-96
-94
-102
-109
-129
-112
-117
-126
-147
-163
-143
-96
-156
-141
-125
-175
-135
-149
-130
-138
-158
-148
-131
-131
-157
-126
-153
-152
-165
-226
-165
-166
-174
-151
-201
-190
-148
-159
-165
-171
-186
-191
-188
-186
-165
-146
-124
-140
-146
-122
-115
-97
-75
-93
-107
-87
-113
-166
-125
-124
-108
-69
-107
-100
-104
-75
-81
-77
-88
-94
-104
-80
-125
-127
-62
-94
-92
-82
-94
-9
-17
-58
-40
-49
-57
-58
-45
-19
-9
9
24
-17
7
27
35
19
20
16
-5
56
42
29
48
14
-8
7
5
32
49
19
3
38
22
0
5
35
8
-17
-13
-18
-7
-4
6
-64
-54
-58
-53
-35
-35
-40
-50
-79
-107
-51
-83
-106
-92
-90
-46
-77
-64
-84
-125
-122
-123
-106
-159
-137
-134
-124
-118
-140
-118
-144
-159
-184
-156
-184
-210
-185
-246
-230
-201
-200
-201
-206
-217
-239
-231
-202
-227
-249
-202
-203
-206
-218
-191
-193
-150
-130
-179
-185
-192
-171
-221
-178
-178
-180
-147
-144
-205
-171
-147
-144
-154
-177
-143
-187
-167
-168
-169
-171
-160
-154
-167
-156
-131
-140
-140
-137
-121
-92
-109
-108
-103
-104
-100
-101
-106
-126
-125
-103
-106
-59
-75
-90
-63
-54
-58
-75
-60
2
-78
-81
-27
-31
-53
-50
-41
-43
-24
-31
-23
-15
16
-16
-5
-14
-4
7
-24
-33
-33
9
-17
-24
14
-9
10
-16
5
-24
-34
-23
-49
-34
-31
-22
-59
-19
-30
1
-14
-44
-55
-57
-61
-69
-52
-59
-55
-61
-53
-28
-61
-64
-64
-35
-72
-48
-44
-76
-70
-60
-47
-27
-61
-92
-78
-56
-84
-74
-68
-104
-98
-92
-87
-175
-109
-78
-114
-100
-137
-141
-145
-175
-169
-144
-150
-155
-174
-178
-203
-199
-183
-197
-194
-217
-217
-223
-225
-236
-201
-212
-270
-247
-215
-251
-242
-210
-213
-207
-241
-230
-212
-219
-190
-227
-219
-224
-240
-216
-257
-261
-263
-226
-204
-217
-197
-211
-185
-202
-207
-200
-185
-184
-163
-155
-205
-183
-148
-140
-145
-177
-165
-112
-116
-108
-137
-162
-131
-134
-139
-147
-176
-154
-135
-113
-120
-121
-98
-114
-68
-90
-76
-73
-88
-89
-95
-79
-49
-11
-56
-55
-72
-69
-69
-82
-69
-83
-34
-14
-41
-16
-65
-60
-39
-35
-27
-8
-35
-5
-15
-16
-22
-29
2
10
-20
14
0
-13
22
-1
-23
-30
-22
-29
-12
-2
-17
-14
-2
-9
-16
-41
-29
-33
-22
-67
-60
-63
-88
-92
-116
-82
-62
-115
-112
-102
-118
-109
-120
-134
-145
-150
-128
-137
-140
-116
-161
-186
-181
-196
-187
-208
-236
-195
-223
-196
-241
-209
-192
-220
-190
-219
-223
-229
-204
-236
-228
-214
-179
-167
-221
-224
-225
-234
-213
-224
-229
-188
-255
-220
-185
-203
-238
-211
-200
-276
-259
-254
-260
-278
-270
-272
-290
-261
-229
-275
-220
-242
-226
-202
-257
-228
-205
-188
-198
-182
-164
-146
-173
-181
-187
-174
-156
-128
-142
-150
-159
-167
-181
-176
-157
-206
-140
-165
-155
-148
-152
-119
-104
-95
-102
-110
-143
-97
-109
-96
-98
-56
-69
-48
-52
-98
-89
-87
-45
-63
-47
-38
-57
-60
-75
-51
-63
-59
-48
-45
-32
-35
4
-11
-16
-23
-11
-38
-74
-62
-70
-81
-44
-44
-32
-25
-33
-17
-4
-24
-64
-43
-39
-35
6
-7
-5
-4
18
-21
-34
-19
-83
-50
-36
-76
-47
-54
-53
-91
-128
-91
-124
-121
-123
-114
-99
-87
-125
-104
-122
-126
-133
-167
-135
-144
-140
-160
-146
-158
-118
-127
-156
-127
-141
-142
-179
-159
-185
-147
-132
-177
-179
-160
-185
-203
-195
-213
-175
-187
-210
-185
-209
-229
-250
-241
-216
-197
-215
-214
-225
-212
-213
-210
-215
-221
-198
-231
-250
-246
-195
-212
-186
-175
-172
-146
-171
-149
-174
-138
-97
-158
-128
-133
-121
-111
-105
-124
-112
-119
-153
-96
-115
-108
-105
-130
-106
-78
-62
-101
-89
-67
-83
-52
-47
-40
-29
-32
-25
-40
-29
-35
-11
-29
-23
-30
-29
-47
-32
9
-9
-14
-8
-1
-53
-1
23
21
7
8
25
7
-16
8
2
8
-1
2
0
-23
2
17
0
-25
-25
-6
25
30
3
-12
22
19
4
-27
6
-36
-44
-27
-22
54
41
-13
-33
-43
-40
-70
-12
5
-45
-10
-39
-19
-41
-56
-85
-97
-110
-99
-74
-110
-94
-84
-96
-96
-95
-122
-131
-102
-130
-138
-103
-149
-141
-177
-163
-186
-170
-185
-183
-177
-150
-179
-191
-160
-192
-181
-198
-185
-169
-167
-196
-171
-161
-178
-172
-177
-175
-193
-216
-208
-180
-162
-185
-184
-208
-212
-201
-218
-191
-177
-215
-190
-190
-157
-168
-164
-128
-132
-115
-128
-150
-117
-138
-173
-131
-90
-78
-111
-64
-57
-39
-66
-82
-31
-55
-41
-23
-29
-30
-21
-8
-9
-39
-3
-24
-46
-26
-29
34
-2
-27
-26
0
28
20
-13
32
36
32
49
20
37
16
47
44
40
20
49
26
31
-4
3
49
1
36
12
44
59
76
36
43
29
9
33
0
24
4
23
11
-1
19
21
25
27
15
7
7
-48
-3
12
-3
-4
-16
-2
-10
-19
-5
-9
19
-1
-4
24
-13
-14
-12
-23
-13
-19
-35
-33
-45
-81
-89
-97
-121
-130
-116
-119
-130
-115
-97
-118
-114
-88
-99
-95
-105
-91
-111
-95
-98
-84
-68
-80
-80
-84
-71
-123
-82
-109
-93
-136
-145
-112
-124
-89
-94
-86
-88
-96
-95
-89
-75
-49
-71
-63
-72
-60
-89
-67
-75
-48
-12
-21
-46
-59
-22
-60
-45
-13
13
5
-45
15
1
-41
-20
-59
-63
-42
-69
-67
-53
-61
-50
9
10
-60
-55
-13
-31
4
-16
22
-1
10
21
14
38
23
63
63
80
73
47
43
63
16
13
52
35
54
73
69
44
77
87
102
80
45
73
61
49
77
66
48
59
52
77
91
91
120
123
100
144
105
96
105
104
105
142
132
105
105
90
77
85
74
72
43
25
78
67
51
21
-31
-5
35
32
21
57
30
3
14
-18
-5
-7
-28
-39
-41
-28
-31
-77
-81
-61
-77
-82
-82
-63
-101
-68
-49
-107
-125
-109
-94
-108
-67
-53
-41
-74
-50
-44
-65
-51
-39
-48
-43
-40
-82
-94
-95
-121
-103
-68
-67
-71
-68
-70
-76
-85
-98
-75
-76
-102
-77
-51
-36
4
-19
-9
0
22
22
-17
-44
-37
-2
35
-17
4
10
18
-22
-26
45
12
29
26
38
50
5
46
44
44
55
27
55
62
73
68
91
49
43
39
43
24
36
69
80
67
35
49
38
71
57
78
81
59
36
80
109
100
97
56
79
85
82
111
107
85
93
98
75
65
113
103
78
77
61
94
54
59
81
73
87
38
52
46
48
77
89
50
31
38
21
39
31
29
33
27
20
18
5
31
9
3
-39
-17
19
-12
3
0
-8
-10
-5
-19
-45
-15
-16
-42
-26
-18
4
-27
-34
-63
-69
-87
-91
-101
-101
-70
-77
-113
-139
-91
-96
-98
-113
-143
-126
-83
-106
-139
-103
-128
-144
-111
-103
-124
-137
-126
-145
-161
-175
-125
-99
-124
-67
-78
-102
-73
-83
-115
-126
-113
-135
-76
-97
-99
-109
-102
-113
-134
-98
-115
-106
-21
-60
-70
-25
-33
-52
-37
-23
-19
-7
-43
10
15
-51
-43
-66
-43
7
15
-15
-35
-12
12
19
16
10
-2
4
-21
-16
16
-23
-19
36
20
31
44
30
48
43
47
70
60
27
42
41
67
75
39
88
108
93
78
75
121
52
29
82
66
64
75
87
86
89
93
93
90
57
60
42
35
55
78
35
65
69
40
86
42
45
45
25
10
37
51
89
96
36
87
99
53
60
31
20
57
88
72
34
2
27
72
72
18
17
4
0
-2
-26
-21
-45
-54
-67
-37
-65
-77
-68
-96
-68
-81
-83
-113
-77
-84
-74
-113
-95
-75
-119
-100
-83
-106
-125
-112
-108
-119
-108
-66
-94
-88
-111
-95
-68
-68
-37
-81
-65
-80
-116
-68
-98
-75
-71
-101
-71
-59
-59
-36
-22
-61
-62
-5
-3
-15
19
-4
-14
-25
-25
-8
-13
-29
-35
-31
-27
-50
13
45
33
40
5
24
-1
36
51
68
72
52
75
44
35
60
51
55
74
93
69
97
65
82
93
105
96
83
59
66
93
63
77
95
101
70
71
80
78
65
94
97
115
101
43
58
64
34
41
65
36
48
32
45
42
55
64
20
17
85
69
36
28
57
25
91
52
37
35
21
23
16
16
-24
16
-20
4
23
-4
12
57
11
6
14
39
8
-3
8
2
22
9
11
-9
-17
-15
-22
-21
-1
-23
-4
-1
-24
-31
-55
-34
-45
-52
-61
-80
-72
-60
-42
-90
-73
-79
-65
-55
-63
-68
-60
-40
-82
-84
-76
-80
-116
-126
-99
-109
-108
-95
-91
-61
-74
-65
-103
-91
-56
-90
-82
-92
-91
-84
-78
-26
-42
-23
-19
-60
-66
-28
-69
-59
-12
-33
-41
-50
-2
-14
-33
1
-3
-1
31
-4
26
2
-3
-5
9
45
65
63
58
72
64
82
82
114
85
85
74
95
81
87
135
114
123
124
147
159
152
168
143
130
114
117
142
156
189
194
167
126
153
131
146
147
133
130
130
92
52
87
96
106
121
98
116
79
94
97
90
91
62
41
22
56
62
68
33
93
92
100
74
41
52
69
27
23
48
19
13
-19
5
-32
7
-42
-30
0
-22
-16
-26
-31
-72
-40
-42
-76
-53
-12
-6
-11
-36
-22
-12
-41
-27
-51
-95
-71
-93
-70
-112
-87
-66
-76
-64
-92
-45
-45
-62
-63
-70
-53
-40
-47
-76
-93
-57
-93
-107
-115
-90
-70
-72
-70
-88
-89
-78
-82
-43
-59
-98
-109
-88
-109
-69
-61
-82
-68
-95
-59
-29
-16
-11
-7
-1
-24
-37
-43
-14
-23
14
36
14
35
3
43
38
37
30
13
33
26
12
1
11
23
52
-5
-1
34
39
47
74
42
61
51
76
62
68
86
55
71
104
92
56
72
28
55
43
31
15
36
7
25
53
-2
13
32
82
15
8
33
10
15
38
3
20
45
-8
-8
22
11
16
4
12
-1
-6
-15
-56
-54
-50
-25
-28
-21
-9
-64
-46
-49
-70
-21
-22
-35
-51
-46
-50
-68
-56
-80
-81
-61
-58
-47
-78
-94
-41
-61
-75
-67
-83
-114
-139
-121
-94
-143
-147
-115
-127
-85
-114
-123
-128
-105
-129
-116
-70
-110
-103
-86
-71
-119
-110
-76
-95
-94
-90
-99
-45
-57
-68
-62
-82
-73
-92
-60
-88
-66
-54
-57
-62
-66
-80
-69
-84
-71
-58
-73
-26
-48
-38
0
-5
0
6
-5
10
6
20
13
8
-2
-15
-11
14
11
-24
21
-21
21
10
49
38
33
0
-4
9
29
77
69
93
82
77
79
123
93
104
81
97
74
58
72
96
56
34
83
36
41
59
73
83
77
99
89
57
38
74
76
47
75
85
49
13
65
29
27
52
-1
25
31
-12
38
-6
30
41
-11
16
-20
10
-12
-10
-5
14
-2
-49
-6
-17
-42
-45
-57
-81
-74
-60
-61
-60
-47
-67
-96
-48
-57
-76
-74
-58
-56
-79
-70
-83
-83
-104
-79
-79
-97
-101
-137
-117
-125
-120
-109
-85
-86
-90
-98
-100
-90
-103
-90
-90
-92
-100
-103
-97
-97
-71
-91
-59
-79
-99
-78
-71
-61
-112
-67
-28
-30
-19
-71
-61
-76
-65
-36
-37
-25
-61
-26
-21
-20
-17
-6
22
-37
7
19
-7
21
-11
7
18
35
31
40
44
47
67
67
18
53
35
-4
76
49
59
92
117
68
33
27
28
84
75
90
103
55
77
109
121
110
127
135
135
131
135
158
127
169
140
106
111
103
78
117
141
86
119
106
153
145
103
112
75
106
126
100
83
68
88
85
64
61
92
100
109
111
91
35
-3
62
63
34
76
63
17
35
73
20
-7
53
30
25
4
30
7
22
25
-3
15
-3
8
0
33
-9
-55
-55
-16
3
-19
-25
-35
-65
-60
-89
-79
-52
-110
-93
-67
-78
-81
-64
-84
-86
-56
-75
-59
-88
-86
-118
-95
-106
-107
-110
-104
-57
-106
-82
-91
-61
-50
-91
-92
-49
-32
-39
-37
-71
0
-29
-48
-17
-27
-11
18
-34
-52
-45
-35
-36
-52
-9
-20
4
1
-2
5
28
-2
-22
28
21
74
66
45
69
41
39
30
51
43
61
66
75
81
91
69
64
128
78
56
62
83
85
86
105
79
79
95
99
68
72
77
81
97
97
99
79
116
125
136
139
148
147
128
138
150
145
148
179
136
160
153
113
148
99
157
94
95
122
107
126
113
110
102
108
78
87
79
76
58
19
64
66
43
43
43
49
11
4
-12
-27
3
13
15
-10
5
-34
-46
-22
-37
-68
-53
-49
-64
-93
-82
-58
-77
-40
-72
-66
-82
-97
-86
-129
-102
-108
-156
-156
-186
-149
-160
-164
-151
-222
-208
-443
-1663
-3538
-4379
-3280
-1222
9
100
-690
-2198
-3304
-2747
-1009
705
1741
1775
1034
309
335
392
340
901
1763
1955
1469
1251
751
-350
-1005
-537
204
385
310
-162
-947
-1434
-1197
-925
-742
-378
-233
-431
-414
78
215
-158
-263
94
515
921
1295
1171
450
-177
-404
-125
428
653
-73
-1498
-2694
-3236
-3035
-2187
-1210
-704
-843
-1214
-1463
-1475
-991
-130
760
1455
1871
1798
1306
923
922
1168
1517
1822
1861
1420
802
465
360
354
402
413
279
155
205
301
274
115
-15
-137
18
518
1146
1430
1387
1231
1031
960
1378
2029
2458
2573
2366
2090
1672
1429
1582
1761
1807
1555
1227
735
282
-83
-315
-458
-597
-759
-1073
-1448
-1701
-1735
-1747
-1555
-1309
-1154
-1158
-1140
-995
-808
-638
-465
-272
-159
-99
-103
-54
-100
-249
-477
-744
-872
-837
-699
-675
-801
-990
-1237
-1418
-1381
-1153
-871
-706
-691
-768
-798
-743
-608
-386
-138
94
260
376
431
402
415
601
798
1036
1214
1186
1088
939
946
966
1069
1252
1337
1422
1507
1569
1665
1806
2081
2470
2995
3649
4118
4367
4366
4304
3903
2536
320
-1701
-1903
-547
675
500
-950
-2755
-4319
-5116
-4769
-3252
-1511
-571
-740
-1249
-1254
-905
-483
208
1507
2984
3728
3573
2992
2331
1759
1532
1806
2323
2423
1593
207
-1111
-2013
-2725
-3315
-3421
-3075
-2833
-2935
-3216
-3405
-3745
-3938
-3473
-2296
-892
23
241
-28
-376
-511
-214
512
1435
1883
1601
865
182
-291
-598
-642
-395
-198
-402
-852
-1412
-1862
-2082
-1928
-1479
-875
-457
-368
-423
-321
-47
341
836
1439
2045
2416
2622
2770
3017
3169
3291
3600
4196
4980
5478
5705
5716
5493
5234
5096
4301
1958
-1483
-4040
-4029
-2041
-478
-972
-3033
-5294
-6860
-7341
-6326
-3877
-1297
-207
-539
-851
-420
272
714
1610
3374
5133
5831
5177
3975
2823
2033
1656
1839
2298
2091
729
-1226
-2606
-3044
-3195
-3515
-4048
-4521
-4732
-4485
-3838
-3404
-3552
-4019
-3936
-2810
-1075
414
900
468
-207
-451
7
1008
1900
2003
1299
369
-291
-599
-762
-866
-1029
-1165
-1361
-1688
-2109
-2482
-2554
-2287
-1709
-1045
-574
-539
-714
-612
-108
550
1203
1738
2022
2031
2140
2518
2918
3226
3314
3406
3539
4042
4701
5136
5336
5388
5499
5686
5967
5840
4401
1251
-2572
-4761
-3974
-1426
300
-400
-2891
-5596
-7239
-7308
-5821
-3122
-530
540
225
-300
-261
185
767
1975
3940
5826
6436
5487
3786
2422
1743
1704
2123
2462
2136
668
-1228
-2584
-3040
-3108
-3368
-3747
-4060
-4106
-3880
-3406
-2963
-2977
-3511
-3736
-2880
-1173
315
831
426
-370
-813
-577
327
1254
1594
1067
53
-759
-1059
-1088
-1177
-1297
-1339
-1526
-1862
-2190
-2403
-2491
-2346
-1857
-1185
-758
-640
-787
-812
-445
151
741
1172
1439
1436
1434
1666
2141
2649
2911
3007
3114
3478
3985
4503
4996
5345
5637
5916
6410
6827
6778
5682
3008
-1088
-4808
-5471
-2742
482
894
-1800
-5399
-7984
-8807
-7823
-5198
-1829
436
407
-819
-1363
-731
169
1101
2935
5501
7117
6529
4677
2921
2026
1862
2276
2929
3090
2099
-116
-2274
-3270
-3277
-3339
-3751
-4103
-4285
-4333
-4201
-3791
-3561
-3770
-4075
-3533
-1880
-53
848
597
-208
-795
-625
327
1564
2279
1965
801
-366
-933
-918
-800
-830
-891
-1104
-1533
-2147
-2496
-2571
-2370
-1938
-1266
-716
-591
-779
-985
-761
-214
614
1307
1684
1745
1659
1672
2030
2599
3055
3234
3368
3723
4180
4710
5250
5541
5681
5954
6622
7380
7731
7116
5007
1214
-3176
-5819
-4835
-1409
1032
157
-3455
-7220
-9329
-9342
-7462
-4147
-915
430
-217
-1291
-1420
-677
282
1762
4144
6534
7258
6043
4120
2590
1871
1957
2677
3282
2826
1083
-1291
-2924
-3509
-3630
-3910
-4261
-4443
-4630
-4682
-4512
-4185
-4249
-4590
-4330
-3045
-1226
129
367
-219
-914
-1147
-543
645
1760
2014
1150
-75
-894
-1154
-1094
-1031
-972
-1079
-1500
-2137
-2668
-2921
-2857
-2458
-1828
-1182
-861
-963
-1191
-1159
-733
-39
673
1242
1552
1588
1564
1767
2230
2698
3045
3450
3844
4271
4721
5133
5446
5603
5850
6343
7278
8324
8719
7315
2776
-4436
-9972
-8645
-1356
4943
5157
144
-6457
-11251
-12083
-8359
-2285
2217
3046
1065
-1063
-1608
-1512
-1467
-244
3095
6551
7558
6437
4442
1774
-1036
-2209
-709
2226
4200
3847
1597
-1012
-2807
-3927
-4213
-3352
-1785
-720
-598
-947
-1870
-3660
-5521
-5713
-3631
-394
1738
1641
-304
-2868
-4404
-3900
-1285
1698
2868
1707
-461
-2069
-2614
-2148
-1160
-280
-57
-465
-1352
-2216
-2715
-2912
-2671
-2001
-1018
-451
-658
-1126
-1316
-1345
-1213
-731
10
618
821
826
667
478
407
530
917
1596
2421
3153
3465
3494
3356
3301
3762
4697
5816
6249
5009
2741
1455
2908
5907
7036
4450
-546
-4548
-5765
-4438
-1733
585
913
-1105
-3813
-5081
-4534
-3279
-2034
-764
730
1791
1709
724
-289
-582
81
1582
3519
4631
3901
1879
172
-143
462
1143
1328
923
91
-550
-875
-934
-1101
-1715
-2552
-2957
-2438
-1566
-1354
-2071
-3108
-3783
-3756
-2857
-1346
-374
-617
-1464
-2057
-1947
-1165
-246
281
298
-8
-394
-801
-1049
-990
-897
-852
-689
-659
-1106
-1705
-2044
-1920
-1482
-969
-643
-617
-833
-1068
-1048
-726
-193
123
258
339
560
914
1198
1500
1838
2218
2718
3462
4151
4695
4938
4933
4955
5234
5992
6933
7879
8544
8451
7092
4014
-117
-3309
-3686
-1657
400
751
-905
-3954
-6969
-8175
-6921
-4255
-1926
-628
-493
-859
-1184
-1219
-905
27
1772
3504
4573
4755
4100
2659
1249
957
1751
2624
2834
2133
743
-772
-1769
-2157
-2224
-2178
-2159
-2146
-2388
-2748
-3246
-4071
-4662
-4469
-3428
-2283
-1612
-1512
-1944
-2600
-2710
-1978
-762
240
630
469
-180
-685
-905
-905
-789
-680
-664
-994
-1523
-2060
-2469
-2723
-2543
-1983
-1564
-1458
-1579
-1709
-1767
-1497
-978
-378
47
297
436
564
834
1153
1464
1715
2225
2880
3522
4093
4428
4493
4460
4589
5129
6179
7536
8707
9064
8440
6775
3839
133
-2743
-3062
-1342
453
678
-1017
-3906
-6716
-7874
-6773
-4241
-1865
-578
-466
-869
-1118
-1101
-735
212
1876
3452
4354
4525
3989
2844
1642
1343
1965
2779
2941
2271
1055
-258
-1101
-1554
-1693
-1651
-1655
-1703
-1769
-1940
-2356
-3095
-3764
-3679
-2926
-1907
-1168
-1118
-1859
-2811
-3113
-2428
-973
256
634
216
-568
-1148
-1268
-977
-567
-359
-483
-799
-1209
-1714
-2100
-2352
-2309
-1909
-1378
-1073
-1241
-1578
-1828
-1775
-1351
-644
-133
11
-36
19
211
485
782
985
1233
1631
2283
2879
3331
3562
3653
3876
4433
5316
6307
7160
7950
8491
8505
7592
5292
1865
-1401
-2660
-1704
-51
578
-607
-3234
-6102
-7582
-7146
-5335
-3278
-1857
-1361
-1486
-1512
-1391
-1151
-557
781
2422
3754
4487
4267
3207
1973
1500
1957
2716
3101
2727
1638
249
-791
-1290
-1530
-1615
-1697
-1888
-2028
-2042
-2324
-3251
-4142
-4406
-3818
-2694
-1797
-1572
-2122
-2884
-3031
-2320
-1006
189
580
222
-296
-598
-625
-515
-290
-238
-416
-686
-1020
-1484
-2101
-2499
-2511
-2098
-1500
-1160
-1230
-1577
-1766
-1588
-1054
-310
289
550
632
766
999
1191
1342
1593
1951
2401
2944
3404
3625
3721
3923
4387
5210
6145
6995
7697
8144
8229
7665
6199
3752
1060
-779
-1195
-641
-134
-498
-1997
-4117
-5859
-6238
-5344
-3898
-2513
-1685
-1418
-1349
-1197
-937
-533
374
1590
2643
3414
3713
3301
2398
1697
1680
2084
2420
2325
1637
639
-312
-931
-1242
-1401
-1570
-1773
-2001
-2049
-1953
-2119
-2736
-3468
-3580
-2899
-2173
-2065
-2698
-3448
-3676
-3073
-1905
-854
-532
-911
-1399
-1480
-1056
-424
-117
-338
-663
-905
-1256
-1524
-1735
-1987
-2197
-2079
-1605
-1266
-1402
-1814
-2090
-2029
-1441
-631
-84
25
-138
-175
48
496
1036
1205
1182
1246
1638
2282
2822
3151
3175
3175
3554
4345
5284
6209
6980
7667
8228
8448
7591
5182
1898
-790
-1552
-660
640
924
-508
-3048
-5384
-6501
-6062
-4548
-2998
-1929
-1486
-1319
-1321
-1430
-1300
-657
658
2247
3612
4179
3785
2766
1942
1729
2253
2916
3169
2647
1530
428
-432
-913
-1139
-1335
-1507
-1612
-1665
-1709
-2223
-3184
-3841
-3740
-3004
-2205
-1804
-2039
-2993
-3643
-3258
-2199
-957
-134
-1
-462
-856
-849
-695
-537
-356
-308
-520
-773
-1106
-1607
-2271
-2542
-2267
-1767
-1408
-1303
-1593
-2021
-2034
-1492
-759
-149
280
378
303
422
778
1079
1363
1617
1918
2200
2683
3106
3373
3482
3731
4119
4660
5581
6826
7870
8119
7356
5477
2804
340
-729
-447
308
607
-117
-1772
-3671
-5104
-5639
-5119
-3805
-2414
-1482
-1176
-1174
-1423
-1641
-1266
-201
1239
2420
3067
2960
2387
1713
1322
1421
1781
2048
1919
1412
745
13
-730
-1296
-1572
-1525
-1367
-1287
-1291
-1787
-2740
-3639
-3957
-3656
-3009
-2422
-2270
-2428
-2684
-2689
-2468
-1934
-1183
-626
-434
-383
-426
-683
-995
-1126
-995
-818
-731
-896
-1322
-1897
-2257
-2245
-1979
-1634
-1412
-1376
-1448
-1303
-1063
-826
-483
13
528
964
1366
1478
1389
1383
1626
2169
2851
3465
3703
3747
3775
4004
4562
5427
6393
7478
8517
9085
8593
6373
2915
-373
-1927
-1349
99
1035
399
-1841
-4626
-6553
-6760
-5333
-3399
-1889
-996
-817
-1016
-1359
-1397
-961
177
1691
3048
3902
3833
2878
1643
1025
1322
2038
2542
2412
1593
357
-708
-1225
-1440
-1530
-1549
-1581
-1647
-1656
-2025
-2892
-3789
-3981
-3418
-2725
-2330
-2270
-2569
-2850
-2746
-2245
-1444
-862
-563
-586
-682
-645
-702
-870
-972
-985
-980
-1141
-1489
-1950
-2460
-2754
-2611
-2183
-1800
-1625
-1774
-1925
-1843
-1475
-896
-273
310
726
929
1049
1136
1259
1424
1743
2252
2855
3248
3389
3432
3594
4038
4707
5596
6469
7358
8103
8200
7092
4492
1242
-1157
-1770
-949
122
347
-816
-3042
-5345
-6384
-5803
-4273
-2719
-1533
-953
-802
-842
-995
-811
-163
953
2211
3268
3639
3193
2112
1193
1032
1427
1986
2123
1732
774
-291
-1013
-1285
-1334
-1428
-1584
-1729
-1835
-2110
-2616
-3450
-4198
-4396
-3771
-2644
-1713
-1447
-1854
-2572
-2844
-2185
-1063
-104
359
213
-410
-1014
-1197
-1108
-1018
-997
-1031
-1196
-1637
-2135
-2525
-2723
-2650
-2121
-1507
-1200
-1188
-1371
-1478
-1205
-403
517
1082
1273
1159
951
1026
1468
2061
2500
2796
3071
3337
3668
4115
4602
5066
5581
6430
7567
8636
8669
6598
3010
-439
-2147
-1766
-502
452
-4
-1978
-4437
-6199
-6449
-5448
-3896
-2554
-1476
-816
-631
-915
-1269
-1064
-117
1338
2804
3738
3533
2416
1172
638
995
1709
2075
1779
938
-128
-903
-1324
-1502
-1676
-1896
-2056
-1966
-1836
-2121
-2849
-3752
-4435
-4564
-3862
-2728
-1809
-1649
-2165
-2745
-2814
-2140
-1056
-86
268
129
-378
-911
-1192
-1215
-1150
-1202
-1217
-1382
-1766
-2258
-2568
-2678
-2503
-2130
-1683
-1344
-1254
-1189
-1068
-710
-15
646
978
1026
1011
1045
1304
1846
2459
2915
3113
3289
3485
3966
4598
5319
5994
6633
7594
8544
8850
7485
4286
590
-1756
-1843
-597
597
523
-1226
-3935
-6142
-6689
-5665
-3983
-2456
-1368
-891
-652
-699
-918
-834
-108
1213
2623
3757
4046
3233
1815
861
884
1517
2146
2234
1578
461
-526
-1168
-1499
-1573
-1658
-1845
-1837
-1631
-1638
-2316
-3562
-4648
-4883
-4049
-2631
-1405
-1195
-1862
-2795
-3100
-2413
-1108
-44
394
281
-189
-710
-1060
-1173
-1230
-1299
-1291
-1307
-1628
-2081
-2632
-3027
-2888
-2280
-1538
-1183
-1230
-1373
-1431
-1143
-419
396
847
869
794
828
1068
1588
2097
2415
2593
2819
3252
3776
4458
4920
5250
5753
6639
7899
8902
8524
5926
1981
-1216
-2182
-1318
120
703
-252
-2567
-5053
-6433
-6285
-5000
-3473
-2169
-1326
-746
-570
-952
-1267
-876
342
1830
3220
3958
3495
2210
1096
867
1443
2199
2505
2035
1038
-7
-742
-1062
-1204
-1306
-1544
-1772
-1737
-1730
-2098
-3081
-4236
-4839
-4495
-3211
-1874
-1246
-1591
-2420
-2897
-2529
-1360
-115
590
707
299
-322
-691
-780
-844
-950
-942
-931
-1175
-1613
-2162
-2677
-2884
-2408
-1644
-1074
-908
-1072
-1323
-1273
-767
95
766
1001
1000
959
1066
1417
2039
2377
2569
2771
3087
3538
4105
4664
5140
5632
6320
7358
8537
9030
7708
4340
512
-1687
-1646
-352
740
550
-1280
-4006
-6088
-6589
-5642
-4058
-2652
-1719
-1199
-910
-986
-1283
-1206
-355
982
2492
3640
3867
2924
1458
729
973
1774
2418
2425
1724
508
-465
-1053
-1221
-1175
-1367
-1652
-1811
-1819
-2113
-2951
-4049
-4807
-4871
-4097
-2785
-1729
-1638
-2333
-3032
-3120
-2263
-895
205
656
523
-8
-615
-953
-910
-848
-844
-807
-903
-1339
-2011
-2514
-2828
-2684
-2081
-1445
-1100
-1070
-1187
-1243
-1060
-477
258
663
860
1015
1141
1259
1551
1939
2284
2608
3022
3518
3948
4408
4807
5176
5781
6797
8038
8974
8585
6140
2333
-764
-1668
-775
536
1086
107
-2305
-4894
-6252
-5908
-4471
-2884
-1657
-1002
-732
-755
-1139
-1357
-807
452
1888
3177
3840
3340
1978
854
709
1417
2223
2575
2132
1106
41
-708
-1061
-1092
-1049
-1181
-1290
-1306
-1383
-2085
-3387
-4663
-5175
-4552
-3171
-1802
-1316
-1840
-2859
-3407
-2917
-1541
-174
544
492
71
-502
-909
-1048
-979
-969
-957
-877
-1081
-1541
-2192
-2630
-2679
-2174
-1412
-892
-898
-1115
-1325
-1254
-773
-26
525
638
601
606
826
1161
1564
1845
2015
2260
2739
3336
3848
4313
4674
5063
5699
6719
7849
8665
7960
5215
1550
-941
-1258
-358
544
625
-567
-2739
-4811
-5750
-5338
-4195
-2917
-1897
-1152
-764
-862
-1354
-1560
-880
406
1769
2871
3318
2685
1428
681
846
1483
2019
2075
1581
844
95
-399
-682
-897
-1085
-1270
-1338
-1435
-2022
-3127
-4291
-4769
-4429
-3414
-2278
-1711
-1827
-2465
-2945
-2715
-1652
-456
272
458
308
-129
-665
-910
-894
-777
-684
-601
-652
-1057
-1738
-2190
-2299
-2032
-1363
-791
-640
-832
-986
-1026
-877
-336
278
550
592
754
972
1175
1427
1747
1951
2205
2626
3171
3686
3969
4219
4490
5061
5898
6762
7642
7992
6888
4148
1067
-602
-506
278
875
510
-973
-3025
-4635
-4996
-4256
-3105
-2148
-1526
-1194
-898
-873
-1102
-1004
-250
818
1768
2480
2665
2003
973
506
819
1453
1809
1670
1057
337
-167
-476
-676
-800
-927
-1152
-1408
-1940
-2846
-3836
-4355
-4182
-3566
-2710
-2027
-1924
-2234
-2672
-2817
-2312
-1325
-300
134
77
-235
-835
-1353
-1482
-1240
-931
-694
-547
-853
-1503
-2055
-2259
-2054
-1494
-905
-649
-773
-1015
-1107
-1105
-750
-194
245
430
535
698
816
862
1055
1372
1679
2091
2593
2982
3205
3418
3547
3927
4558
5348
6097
6747
7288
6902
4910
2068
21
-394
280
1023
1123
79
-1859
-3663
-4458
-4018
-2988
-1992
-1343
-1026
-822
-846
-981
-984
-512
339
1276
2096
2386
1964
1100
520
613
1190
1687
1793
1400
781
177
-304
-407
-504
-529
-796
-1458
-2224
-2955
-3307
-3407
-3292
-2863
-2340
-2106
-2130
-2130
-2201
-2138
-1723
-1017
-416
-130
-148
-512
-1016
-1246
-1136
-877
-619
-486
-613
-1116
-1559
-1791
-1831
-1597
-1142
-762
-685
-787
-948
-1129
-1086
-763
-235
154
422
530
418
348
468
746
1168
1715
2090
2315
2403
2495
2677
3026
3593
4144
4587
4952
5427
6075
6611
6230
4330
1705
54
-70
405
809
616
-467
-2150
-3495
-3767
-3306
-2660
-2127
-1755
-1413
-1008
-763
-871
-929
-517
242
1066
1693
1948
1566
735
386
691
1191
1477
1386
945
389
-88
-248
-321
-426
-748
-1515
-2363
-2861
-2843
-2803
-2912
-2969
-2909
-2755
-2443
-1976
-1663
-1620
-1652
-1457
-980
-465
-191
-343
-690
-943
-921
-886
-755
-650
-775
-1024
-1197
-1199
-1225
-1224
-1189
-1141
-955
-794
-769
-880
-899
-755
-541
-222
168
421
317
316
414
751
1173
1625
1903
1949
2003
2122
2416
2762
3291
3595
3789
4085
4536
5220
5982
6693
6461
4722
2140
289
-42
499
1087
1115
290
-1367
-2979
-3710
-3504
-2807
-2012
-1403
-1036
-808
-772
-1011
-1101
-677
96
920
1600
1927
1652
891
370
497
1036
1418
1393
1058
433
-27
-266
-342
-460
-831
-1632
-2451
-2825
-2670
-2466
-2668
-2915
-3012
-2825
-2468
-1959
-1631
-1630
-1711
-1678
-1316
-771
-412
-472
-836
-1065
-1075
-1049
-928
-846
-1001
-1228
-1332
-1296
-1292
-1395
-1499
-1495
-1313
-1043
-904
-932
-963
-951
-885
-672
-214
122
179
145
147
360
662
1004
1355
1556
1629
1775
1913
2127
2476
2895
3255
3640
4031
4325
4732
5283
5936
5740
4274
2083
376
26
418
810
651
-101
-1417
-2779
-3394
-3096
-2396
-1830
-1407
-1088
-760
-671
-826
-969
-683
56
751
1365
1690
1455
787
332
519
1068
1455
1392
1070
542
160
-52
-120
-157
-377
-919
-1878
-2642
-2864
-2661
-2498
-2520
-2526
-2570
-2551
-2310
-1884
-1639
-1543
-1334
-1063
-739
-454
-360
-550
-803
-876
-770
-689
-591
-542
-746
-1080
-1280
-1307
-1331
-1311
-1202
-1078
-1004
-899
-913
-1006
-1105
-1131
-945
-575
-122
204
314
241
193
244
504
896
1331
1640
1767
1803
1804
1997
2325
2643
3000
3384
3757
4112
4392
4792
5315
5379
4344
2429
646
24
236
596
645
103
-1058
-2443
-3146
-2930
-2313
-1774
-1396
-1131
-911
-749
-803
-924
-782
-240
472
1126
1610
1588
1045
499
462
819
1141
1154
985
632
284
56
-151
-388
-745
-1441
-2211
-2516
-2299
-2080
-2194
-2586
-2925
-2948
-2745
-2133
-1576
-1322
-1357
-1390
-1166
-721
-381
-298
-441
-511
-563
-546
-458
-504
-709
-1008
-1096
-1091
-1023
-1049
-1111
-1114
-1041
-891
-855
-943
-1028
-929
-859
-645
-315
-50
24
45
236
400
593
756
977
1212
1364
1594
1817
2015
2212
2370
2466
2590
2900
3260
3661
4095
4499
4878
5267
5443
4716
3003
1200
396
632
1056
1045
391
-726
-1957
-2749
-2668
-2113
-1629
-1379
-1289
-1090
-816
-717
-775
-677
-172
522
1091
1510
1532
1113
569
491
945
1411
1525
1210
740
257
-12
-105
-209
-417
-818
-1436
-2163
-2714
-2881
-2847
-2838
-2785
-2594
-2408
-2298
-2063
-1823
-1721
-1537
-1200
-707
-313
-180
-223
-591
-902
-961
-871
-770
-710
-762
-907
-1185
-1385
-1452
-1527
-1488
-1345
-1111
-1042
-998
-1057
-1245
-1380
-1248
-1047
-691
-291
7
132
230
285
321
409
678
1098
1397
1641
1759
1824
1854
1982
2184
2519
2863
3186
3417
3604
3939
4308
4764
5214
5005
3652
1752
533
441
743
858
533
-207
-1330
-2261
-2554
-2384
-1994
-1662
-1443
-1106
-702
-500
-637
-757
-455
181
845
1437
1754
1539
995
703
906
1290
1439
1246
867
522
344
226
55
-258
-682
-1509
-2461
-2910
-2595
-2181
-2289
-2528
-2694
-2703
-2502
-1942
-1341
-1068
-997
-963
-728
-412
-224
-332
-567
-603
-456
-314
-348
-495
-745
-1172
-1435
-1303
-1081
-1036
-1106
-1190
-1287
-1321
-1318
-1278
-1310
-1221
-1036
-780
-447
-132
-27
-52
134
438
731
945
1108
1181
1284
1414
1667
1876
2016
2045
2096
2256
2599
2967
3261
3556
3866
4175
4620
5183
5318
4397
2435
711
130
450
812
739
139
-1006
-2193
-2871
-2784
-2343
-1908
-1634
-1365
-934
-649
-661
-841
-742
-281
435
1101
1578
1607
1081
517
474
818
1217
1266
1036
609
183
-65
-190
-294
-566
-1072
-1994
-2787
-2927
-2605
-2298
-2332
-2470
-2558
-2602
-2387
-1888
-1431
-1232
-1149
-896
-554
-202
-105
-321
-600
-665
-553
-421
-296
-425
-810
-1258
-1440
-1380
-1258
-1169
-1135
-1141
-1132
-1069
-1028
-1051
-1044
-912
-693
-351
47
255
238
196
336
608
879
1207
1354
1372
1340
1440
1675
1952
2176
2309
2461
2635
2987
3257
3505
3829
4147
4596
5141
5741
5615
4226
2158
659
420
814
1022
739
-119
-1321
-2411
-2927
-2714
-2191
-1800
-1512
-1167
-804
-681
-828
-848
-495
140
886
1470
1718
1557
944
558
674
1029
1291
1194
933
584
224
-65
-323
-519
-727
-1325
-2285
-2957
-2922
-2560
-2511
-2635
-2688
-2748
-2654
-2229
-1633
-1264
-1171
-1148
-1046
-690
-276
-183
-454
-623
-651
-700
-755
-746
-753
-1040
-1339
-1371
-1329
-1420
-1465
-1352
-1308
-1163
-920
-916
-1001
-1062
-1034
-917
-627
-107
167
192
236
426
598
817
1081
1264
1297
1378
1608
1858
2081
2174
2179
2187
2436
2846
3282
3683
4106
4366
4592
5123
5651
5593
4374
2423
928
636
1000
1206
828
-64
-1225
-2321
-2813
-2566
-2059
-1781
-1515
-1195
-793
-566
-584
-754
-618
90
879
1542
1828
1607
1090
675
846
1370
1677
1600
1254
800
466
277
122
-112
-402
-919
-1804
-2536
-2705
-2426
-2288
-2319
-2348
-2310
-2306
-2088
-1656
-1348
-1205
-1002
-724
-450
-221
-158
-379
-611
-550
-388
-380
-402
-423
-720
-1113
-1233
-1099
-1004
-996
-953
-986
-1039
-1003
-987
-1020
-948
-780
-648
-536
-289
-93
-90
22
279
604
801
988
1025
1028
1065
1267
1609
1862
2036
2079
2076
2240
2610
2981
3337
3707
4065
4445
4970
5599
5792
5026
3261
1389
441
598
980
867
265
-746
-2023
-3008
-3121
-2723
-2258
-1945
-1638
-1193
-948
-997
-1158
-1096
-618
193
970
1512
1686
1377
827
641
1062
1407
1440
1191
869
541
341
223
73
-196
-502
-766
-1260
-2234
-3279
-3725
-3332
-2559
-1996
-1809
-2099
-2561
-2685
-2251
-1508
-757
-218
-39
-233
-291
-257
-460
-620
-443
-161
-146
-179
-256
-774
-1439
-1583
-1247
-824
-469
-399
-739
-1195
-1230
-1028
-789
-603
-424
-426
-481
-241
2
115
82
273
577
922
1229
1415
1317
1232
1335
1651
2132
2520
2800
2818
2885
3119
3420
3783
4186
4647
5127
5631
5891
5193
3339
1286
173
155
618
788
327
-773
-2098
-3201
-3543
-3072
-2452
-2059
-1805
-1485
-1201
-1135
-1197
-1055
-561
190
895
1457
1627
1342
919
733
1003
1458
1651
1468
1051
599
242
24
-150
-362
-639
-977
-1451
-2325
-3373
-3959
-3702
-2989
-2400
-2174
-2378
-2824
-3025
-2695
-2000
-1191
-471
-182
-231
-281
-311
-514
-694
-601
-265
-98
-164
-311
-832
-1515
-1790
-1578
-1157
-791
-692
-931
-1343
-1531
-1391
-1284
-1153
-986
-914
-896
-754
-490
-409
-392
-238
187
650
1062
1301
1313
1277
1382
1766
2259
2693
2910
2825
2752
2864
3160
3583
4021
4440
4835
5219
5549
5373
4079
2050
327
-140
348
772
522
-384
-1715
-3041
-3674
-3413
-2547
-1918
-1674
-1521
-1316
-1104
-990
-907
-499
218
982
1673
1994
1924
1444
999
1092
1567
1983
1903
1446
878
337
-41
-288
-399
-598
-883
-1079
-1259
-1633
-2570
-3807
-4413
-3934
-2819
-1812
-1399
-1645
-2360
-2776
-2399
-1308
-127
545
603
240
5
-159
-372
-459
-347
-177
-183
-325
-632
-1246
-1954
-2201
-1877
-1361
-982
-979
-1373
-1814
-1924
-1714
-1334
-978
-763
-761
-852
-676
-343
-116
107
396
754
1100
1432
1581
1444
1301
1330
1578
2034
2572
2763
2549
2299
2276
2567
3102
3654
4167
4580
4873
5008
4488
3001
1191
59
88
667
914
369
-915
-2296
-3247
-3434
-2844
-2092
-1788
-1780
-1683
-1459
-1187
-1027
-783
-403
226
966
1461
1600
1399
1016
794
1016
1536
1854
1630
1089
516
102
-89
-133
-191
-391
-660
-885
-1168
-1736
-2648
-3603
-3895
-3323
-2397
-1547
-1307
-1690
-2273
-2474
-1899
-789
263
744
548
139
-73
-197
-216
-186
-153
-199
-336
-508
-842
-1412
-1872
-1928
-1623
-1135
-792
-809
-1160
-1455
-1466
-1153
-747
-376
-238
-327
-407
-293
-79
90
236
431
771
1067
1343
1405
1265
1080
1089
1359
1803
2205
2389
2333
2192
2216
2498
2963
3485
3919
4325
4785
5256
5498
5001
3600
1814
657
572
1042
1162
529
-663
-2012
-2994
-3178
-2748
-2184
-1946
-1903
-1828
-1654
-1383
-1295
-1137
-689
11
788
1309
1493
1291
914
740
1082
1616
1916
1701
1153
591
222
83
-21
-149
-428
-797
-1102
-1271
-1589
-2481
-3689
-4327
-3921
-2758
-1730
-1425
-1834
-2503
-2887
-2405
-1241
-80
536
455
71
-222
-255
-282
-343
-308
-187
-143
-336
-659
-1142
-1754
-1993
-1626
-1029
-618
-699
-1087
-1530
-1678
-1417
-1031
-667
-559
-651
-762
-694
-449
-240
-190
-19
296
650
981
1201
1224
1082
995
1190
1567
2016
2319
2336
2191
2165
2328
2663
3137
3651
4114
4463
4850
5324
5580
5260
4186
2665
1406
1007
1117
1049
495
-467
-1600
-2616
-3080
-3017
-2715
-2441
-2258
-1950
-1580
-1258
-1076
-900
-502
173
956
1547
1878
1824
1502
1294
1449
1835
2099
1983
1561
994
520
179
0
-227
-515
-853
-1170
-1416
-2015
-3068
-4136
-4385
-3641
-2641
-1945
-1787
-2188
-2657
-2596
-1822
-747
177
638
562
296
210
220
24
-143
-101
-63
-190
-396
-765
-1475
-2126
-2173
-1794
-1415
-1259
-1478
-1853
-2104
-1977
-1582
-1236
-1071
-1038
-1136
-1075
-746
-441
-310
-353
-217
55
445
855
1050
1049
812
743
985
1337
1686
1837
1729
1575
1592
1822
2123
2511
2846
3125
3475
3982
4517
5054
5404
5276
4352
2823
1398
661
748
864
493
-343
-1385
-2326
-3065
-3306
-2976
-2543
-2248
-1924
-1494
-1166
-1080
-1098
-781
-79
711
1358
1640
1575
1395
1136
1148
1491
1750
1632
1269
816
430
166
-114
-297
-541
-761
-1132
-1736
-2528
-3283
-3540
-3399
-2905
-2229
-1849
-1867
-2097
-2138
-1840
-1272
-490
95
291
331
238
63
-110
-235
-210
-205
-200
-264
-617
-1200
-1629
-1890
-1914
-1682
-1367
-1266
-1450
-1632
-1632
-1525
-1334
-1074
-946
-922
-874
-668
-418
-256
-123
-91
-37
120
379
658
781
817
795
761
883
1080
1237
1313
1322
1394
1536
1845
2159
2362
2543
2793
3259
3828
4475
5192
5696
5808
5257
3922
2293
1108
855
1076
950
290
-813
-2097
-3135
-3561
-3407
-2989
-2668
-2506
-2294
-2102
-1938
-1807
-1599
-1084
-289
508
1037
1288
1221
1009
941
1264
1637
1788
1625
1196
819
506
258
43
-190
-452
-826
-1077
-1340
-2070
-3361
-4433
-4485
-3602
-2399
-1716
-1752
-2411
-3005
-2889
-1924
-687
230
524
203
-101
-99
-113
-238
-320
-286
-170
-285
-485
-869
-1589
-2220
-2207
-1672
-1150
-925
-1096
-1594
-1971
-1807
-1405
-959
-718
-792
-951
-1020
-746
-540
-517
-484
-344
-12
413
862
1037
901
651
657
960
1447
1853
2047
1960
1873
1937
2138
2515
2825
3123
3309
3711
4221
4612
5038
5463
5738
5509
4580
3015
1529
747
699
678
245
-587
-1671
-2785
-3581
-3677
-3280
-2833
-2446
-2090
-1797
-1580
-1428
-1144
-731
-83
723
1315
1664
1714
1530
1268
1252
1479
1710
1641
1291
891
474
145
-128
-352
-632
-1022
-1484
-2145
-2946
-3574
-3779
-3593
-3259
-2870
-2653
-2597
-2613
-2457
-2095
-1484
-873
-363
11
100
152
51
-90
-193
-163
-168
-287
-445
-776
-1252
-1752
-1954
-1925
-1810
-1706
-1733
-1882
-2027
-2086
-2063
-1868
-1613
-1377
-1195
-1089
-979
-837
-698
-546
-269
32
361
649
808
864
867
952
1117
1304
1440
1528
1518
1503
1485
1531
1669
1912
2074
2244
2445
2715
3150
3592
4222
4918
5483
5683
5213
3963
2421
1318
1094
1386
1362
799
-279
-1516
-2553
-3041
-2917
-2498
-2222
-2048
-1856
-1685
-1468
-1430
-1304
-889
-221
539
1116
1390
1295
1025
818
1041
1452
1742
1684
1380
1053
663
424
232
34
-253
-551
-730
-958
-1539
-2627
-3725
-3975
-3359
-2484
-1853
-1713
-2046
-2554
-2729
-2090
-1091
-203
277
280
24
-169
-297
-504
-591
-541
-460
-557
-748
-962
-1530
-2072
-2155
-1770
-1412
-1254
-1259
-1515
-1759
-1721
-1457
-1204
-1024
-894
-983
-1039
-836
-630
-627
-576
-382
-159
80
337
554
499
366
346
511
741
976
1011
934
888
993
1194
1462
1812
2007
2267
2636
3126
3570
4026
4555
5211
5766
5812
5021
3424
1814
993
1180
1488
1232
278
-1190
-2616
-3394
-3465
-3123
-2707
-2580
-2570
-2500
-2251
-2003
-1848
-1524
-933
-76
682
1129
1245
1024
775
848
1373
1895
2055
1803
1370
890
602
472
337
39
-293
-642
-881
-1128
-1761
-2647
-3446
-3694
-3537
-3072
-2523
-2318
-2476
-2621
-2429
-1881
-1093
-345
94
154
201
264
160
126
175
92
-45
-92
-244
-628
-1081
-1450
-1561
-1520
-1349
-1151
-1249
-1464
-1569
-1542
-1519
-1254
-1005
-965
-988
-914
-768
-721
-597
-428
-244
-153
119
419
558
664
788
867
888
1134
1257
1275
1267
1248
1225
1357
1588
1814
2004
2110
2296
2526
2870
3384
3913
4381
4887
5350
5449
5000
3887
2449
1432
1157
1360
1304
690
-454
-1723
-2676
-3097
-2921
-2575
-2311
-2181
-2022
-1850
-1730
-1556
-1359
-988
-342
354
887
1081
978
753
586
777
1191
1448
1332
1043
643
355
247
127
-21
-317
-603
-820
-991
-1228
-1913
-2807
-3234
-2853
-2055
-1776
-2051
-2686
-3132
-2874
-1862
-735
-106
-134
-497
-798
-659
-140
79
-18
-169
-330
-565
-794
-991
-1377
-1809
-1919
-1591
-1261
-1174
-1350
-1673
-1844
-1621
-1045
-673
-546
-633
-789
-885
-739
-455
-323
-377
-298
-38
169
326
410
308
147
207
455
788
963
964
783
574
620
871
1165
1452
1727
1858
1967
2162
2431
2759
3144
3677
4239
4750
5244
5426
5180
4543
3649
2752
2002
1688
1643
1314
514
-516
-1597
-2461
-2831
-2782
-2499
-2302
-2215
-2266
-2316
-2142
-1931
-1535
-919
-205
427
741
893
941
891
1033
1331
1744
1976
1824
1486
1159
893
761
620
428
116
-334
-679
-1110
-1643
-2325
-2837
-2938
-2645
-2462
-2558
-2840
-3166
-3211
-2807
-1988
-1179
-692
-584
-693
-703
-446
-120
144
316
397
268
-14
-280
-576
-940
-1146
-1091
-915
-872
-1058
-1394
-1677
-1802
-1660
-1406
-1187
-1117
-1223
-1416
-1473
-1326
-1216
-1129
-996
-761
-563
-425
-318
-275
-274
-243
35
397
712
880
828
727
681
740
1025
1280
1443
1507
1602
1699
1898
2164
2322
2575
2851
3175
3465
3789
4126
4393
4446
4121
3488
2776
2105
1477
1121
1011
700
-20
-907
-1633
-2083
-2260
-2126
-1865
-1682
-1743
-1814
-1725
-1486
-1024
-579
-183
148
533
741
797
970
1158
1227
1324
1469
1457
1252
975
674
458
297
99
-49
-256
-524
-736
-1041
-1230
-1599
-2232
-2694
-2553
-1941
-1502
-1470
-1707
-1992
-2137
-1694
-841
-29
372
369
88
-117
13
171
169
99
71
-87
-464
-772
-1024
-1420
-1778
-1737
-1508
-1442
-1542
-1712
-1952
-2017
-1767
-1390
-1176
-987
-887
-1009
-991
-807
-589
-482
-341
-176
-21
72
162
204
144
79
215
465
671
751
631
420
247
363
539
792
1067
1211
1302
1401
1637
1916
2228
2575
2992
3372
3770
4188
4389
4279
3845
3243
2700
2175
1688
1335
1005
525
-257
-1154
-1845
-2231
-2435
-2474
-2334
-2141
-2118
-2205
-2211
-2036
-1641
-1190
-694
-173
193
304
474
646
872
1104
1234
1418
1509
1427
1289
1119
945
746
508
327
88
-152
-452
-746
-1164
-1790
-2267
-2279
-1824
-1543
-1659
-2008
-2314
-2387
-2061
-1359
-755
-390
-375
-439
-468
-271
-53
-19
-61
-34
2
-188
-429
-665
-962
-1294
-1255
-1052
-1048
-1237
-1465
-1655
-1681
-1471
-1171
-1034
-990
-944
-1015
-975
-724
-525
-484
-548
-444
-252
-73
114
236
188
88
161
339
554
715
728
558
487
534
667
890
1037
1108
1220
1278
1458
1652
1914
2160
2405
2726
3019
3332
3523
3738
3802
3604
3158
2702
2245
1758
1263
792
479
52
-574
-1223
-1724
-2126
-2283
-2193
-1963
-1747
-1656
-1665
-1628
-1411
-1069
-668
-237
217
501
608
648
791
974
1070
1192
1235
1209
1065
924
736
486
256
44
-151
-291
-469
-647
-937
-1236
-1379
-1446
-1500
-1798
-2214
-2381
-1996
-1512
-1183
-1173
-1374
-1619
-1628
-1131
-507
-137
-26
-254
-576
-715
-571
-499
-624
-754
-895
-1100
-1265
-1221
-1306
-1589
-1671
-1512
-1305
-1177
-1093
-1163
-1334
-1220
-947
-714
-540
-460
-434
-562
-531
-380
-369
-455
-448
-333
-263
-62
75
77
2
-5
181
370
602
775
741
731
884
1097
1396
1675
1897
2072
2229
2439
2761
3002
3200
3450
3724
3920
3894
3551
2918
2351
1988
1687
1373
1036
668
132
-555
-1105
-1473
-1763
-1886
-1854
-1653
-1476
-1344
-1359
-1338
-1098
-747
-343
128
590
882
912
875
998
1070
1136
1166
1251
1239
1057
852
586
280
66
-63
-155
-221
-384
-590
-830
-1028
-1326
-1687
-1788
-1649
-1361
-1229
-1235
-1324
-1558
-1775
-1689
-1304
-864
-577
-479
-568
-675
-761
-806
-726
-599
-521
-635
-815
-966
-1083
-1338
-1532
-1475
-1349
-1318
-1274
-1271
-1431
-1490
-1416
-1193
-1030
-873
-772
-831
-810
-711
-542
-559
-544
-410
-425
-424
-260
-64
-10
1
141
278
408
567
699
734
760
884
961
1133
1372
1503
1594
1656
1754
1952
2100
2363
2606
2763
2953
3174
3370
3371
3050
2610
2204
1988
1823
1487
1091
687
246
-202
-542
-760
-1003
-1279
-1367
-1309
-1137
-972
-920
-887
-869
-607
-300
24
357
526
556
587
779
915
1002
1030
1049
980
900
866
798
701
522
406
328
195
42
-83
-266
-439
-490
-518
-537
-708
-1125
-1511
-1611
-1337
-1009
-832
-872
-1140
-1501
-1680
-1469
-1038
-617
-424
-487
-677
-803
-856
-874
-852
-712
-573
-623
-743
-801
-1004
-1217
-1147
-961
-808
-711
-713
-794
-925
-917
-749
-652
-499
-391
-494
-568
-564
-504
-510
-542
-466
-443
-387
-283
-209
-148
-112
-39
142
374
589
733
793
812
885
1078
1323
1579
1768
1895
1987
2099
2222
2407
2616
2852
3061
3184
3108
2809
2302
1867
1696
1611
1401
1029
578
63
-350
-620
-839
-1020
-1282
-1486
-1539
-1456
-1338
-1183
-1084
-965
-760
-493
-148
170
385
473
578
720
881
972
990
1013
954
868
781
646
534
290
104
-15
-150
-243
-432
-592
-706
-837
-1054
-1433
-1638
-1528
-1243
-1062
-1240
-1541
-1756
-1655
-1266
-722
-314
-277
-417
-554
-537
-300
-125
-92
-129
-204
-330
-483
-636
-814
-963
-954
-899
-757
-677
-819
-1059
-1174
-1096
-870
-628
-479
-472
-591
-626
-569
-440
-315
-317
-311
-334
-294
-175
-113
-1
101
100
180
281
453
556
588
624
681
774
884
1024
1085
1169
1289
1414
1574
1773
1995
2187
2381
2569
2741
2867
2893
2942
2774
2419
2153
1946
1711
1288
833
330
-74
-370
-639
-825
-1054
-1293
-1549
-1608
-1491
-1314
-1216
-1150
-960
-740
-527
-368
-159
63
221
317
492
672
774
858
832
804
817
762
630
505
317
119
-13
-148
-250
-426
-656
-815
-910
-994
-1123
-1477
-1866
-2122
-2027
-1664
-1340
-1155
-1270
-1380
-1372
-1089
-610
-223
-38
-56
-142
-203
-147
-182
-252
-352
-459
-468
-486
-568
-745
-919
-1029
-977
-855
-735
-693
-791
-914
-920
-781
-547
-410
-426
-436
-422
-420
-319
-215
-230
-291
-288
-148
65
245
283
196
79
138
394
658
882
906
861
847
881
1029
1207
1435
1611
1756
2008
2220
2373
2443
2556
2752
2992
3260
3255
2991
2492
2015
1764
1609
1446
1163
725
284
-133
-437
-671
-845
-1000
-1173
-1231
-1148
-1024
-959
-924
-845
-690
-483
-202
35
215
352
454
603
757
862
906
872
809
774
741
649
555
361
157
-1
-75
-188
-300
-557
-913
-1267
-1441
-1309
-1256
-1318
-1359
-1369
-1532
-1630
-1602
-1403
-1185
-895
-590
-443
-474
-572
-633
-650
-490
-263
-194
-281
-397
-599
-867
-1012
-938
-876
-942
-910
-923
-989
-1101
-1136
-1107
-1062
-888
-733
-665
-664
-616
-630
-665
-571
-373
-340
-366
-372
-334
-376
-341
-215
-123
-12
150
327
464
640
686
659
768
977
1239
1439
1625
1723
1794
1926
2131
2380
2613
2788
2918
3044
3147
3204
3011
2574
2067
1847
1710
1498
1207
809
299
-207
-520
-648
-766
-900
-1056
-1148
-1107
-962
-842
-692
-524
-295
-91
50
382
570
654
703
830
1038
1183
1228
1183
1082
940
800
720
643
476
300
75
-132
-250
-382
-531
-751
-1068
-1315
-1338
-1174
-1036
-1042
-1177
-1235
-1364
-1461
-1368
-1085
-794
-503
-338
-389
-454
-516
-584
-563
-406
-257
-287
-431
-590
-788
-1045
-1152
-1094
-1068
-1072
-1087
-1115
-1203
-1255
-1209
-1112
-1055
-918
-827
-768
-714
-611
-464
-383
-285
-157
-159
-203
-233
-245
-236
-153
5
90
190
185
260
274
345
462
569
647
826
1011
1170
1326
1439
1578
1742
1957
2237
2485
2676
2902
3041
3229
3230
2965
2507
2122
1961
1868
1689
1339
845
251
-204
-484
-596
-663
-766
-928
-1074
-1121
-1050
-921
-756
-540
-329
-139
118
333
423
500
574
763
968
1106
1143
1103
945
835
779
737
664
510
338
169
13
-81
-167
-350
-499
-609
-730
-879
-1162
-1319
-1238
-995
-809
-749
-763
-951
-1117
-1122
-997
-773
-547
-407
-357
-384
-477
-607
-711
-698
-583
-484
-456
-535
-628
-865
-1013
-998
-869
-708
-619
-612
-671
-763
-832
-831
-737
-668
-576
-550
-534
-501
-492
-517
-508
-431
-423
-406
-327
-262
-275
-187
-82
103
240
329
445
567
695
809
892
996
1189
1372
1518
1673
1860
2050
2180
2333
2529
2662
2711
2813
2942
2877
2701
2337
1909
1656
1472
1272
971
543
101
-275
-520
-703
-774
-910
-1085
-1156
-1127
-1008
-920
-798
-693
-501
-326
-141
68
220
313
390
535
676
795
813
726
604
562
521
482
418
309
142
-43
-206
-289
-394
-514
-618
-803
-977
-1205
-1258
-1099
-944
-940
-957
-990
-1083
-1133
-1046
-857
-803
-751
-692
-646
-561
-522
-523
-612
-632
-499
-392
-456
-456
-537
-734
-830
-727
-627
-648
-674
-694
-805
-862
-715
-636
-631
-627
-598
-603
-572
-443
-382
-349
-294
-205
-162
-166
-178
-195
-170
-63
145
279
294
312
374
462
623
851
1036
1038
1032
1101
1217
1455
1696
1902
2058
2220
2404
2514
2638
2714
2761
2905
2985
2812
2430
2049
1728
1546
1265
929
614
105
-270
-542
-695
-786
-906
-1059
-1244
-1267
-1212
-1097
-961
-774
-588
-426
-226
4
179
218
305
465
628
754
809
767
641
498
446
375
245
90
-52
-266
-424
-511
-614
-695
-885
-1083
-1380
-1572
-1429
-1220
-1202
-1273
-1264
-1283
-1409
-1495
-1383
-1176
-916
-653
-437
-369
-461
-556
-636
-572
-376
-227
-304
-402
-530
-658
-856
-899
-805
-806
-881
-879
-893
-964
-998
-982
-942
-888
-748
-736
-744
-732
-655
-588
-525
-317
-159
-146
-166
-148
-132
-146
-31
174
303
383
448
522
547
623
714
838
936
1088
1277
1331
1439
1572
1673
1893
2112
2323
2561
2729
2884
2989
3046
2918
2604
2212
1984
1897
1708
1384
990
564
114
-212
-412
-554
-763
-973
-1126
-1173
-1153
-1054
-944
-906
-769
-608
-412
-197
21
124
203
379
555
715
784
768
729
652
529
476
319
158
1
-213
-402
-567
-629
-816
-989
-1054
-1169
-1208
-1191
-1213
-1198
-1252
-1249
-1061
-945
-1025
-1205
-1334
-1257
-1007
-701
-447
-434
-596
-826
-906
-813
-673
-561
-593
-722
-851
-969
-1011
-1076
-1141
-1103
-1041
-983
-944
-918
-1029
-1155
-1116
-957
-761
-634
-605
-674
-706
-651
-564
-401
-289
-287
-384
-486
-442
-343
-209
-83
-17
71
121
188
329
447
526
640
796
981
1127
1266
1377
1475
1561
1740
1950
2138
2301
2480
2588
2706
2832
2807
2603
2205
1896
1720
1603
1441
1127
773
330
-76
-326
-422
-482
-632
-732
-847
-844
-790
-733
-657
-519
-325
-235
-40
111
289
324
330
473
613
727
727
711
554
425
348
238
202
81
-59
-192
-360
-500
-646
-847
-1003
-1030
-1023
-975
-905
-860
-920
-1031
-1004
-907
-843
-864
-1028
-1081
-897
-637
-437
-405
-509
-715
-853
-780
-580
-449
-508
-648
-798
-949
-960
-947
-976
-1037
-1027
-998
-935
-880
-888
-1005
-1037
-933
-800
-567
-472
-481
-587
-589
-440
-255
-169
-128
-246
-396
-437
-349
-222
-170
-100
-123
-89
-63
59
178
265
400
550
724
849
1000
1130
1185
1363
1629
1889
2140
2274
2356
2455
2621
2751
2850
2764
2513
2151
1837
1632
1489
1252
930
500
-5
-313
-519
-591
-677
-840
-986
-1104
-1111
-1059
-1005
-929
-743
-569
-351
-144
-25
83
198
351
530
720
794
836
731
558
498
415
303
235
109
-55
-208
-335
-426
-630
-828
-978
-1068
-1048
-1035
-1036
-1116
-1139
-1206
-1243
-1225
-1053
-846
-665
-526
-540
-504
-465
-443
-352
-197
-122
-111
-204
-332
-425
-520
-563
-533
-570
-625
-721
-762
-841
-926
-903
-888
-878
-804
-672
-695
-701
-637
-548
-437
-317
-257
-213
-204
-284
-248
-236
-162
-48
24
77
128
162
205
299
421
529
651
759
817
912
1023
1164
1291
1441
1571
1798
1990
2099
2211
2256
2345
2497
2705
2697
2409
2077
1725
1500
1401
1257
920
497
57
-300
-475
-554
-600
-812
-1041
-1207
-1166
-1011
-957
-836
-750
-678
-518
-316
-127
-9
69
135
231
413
537
536
451
336
279
228
191
139
65
-164
-368
-440
-503
-583
-666
-727
-849
-916
-941
-990
-1011
-1071
-1198
-1315
-1293
-1069
-808
-665
-638
-680
-724
-695
-517
-323
-271
-264
-382
-514
-597
-554
-507
-517
-599
-635
-666
-748
-738
-737
-782
-766
-682
-599
-510
-556
-544
-532
-474
-325
-229
-180
-132
-108
-167
-205
-146
-71
-28
-12
50
98
138
275
387
524
604
699
830
958
1074
1154
1232
1364
1552
1771
1976
2125
2209
2272
2376
2496
2676
2867
2958
2775
2368
1974
1739
1605
1396
1124
826
412
-27
-327
-498
-560
-714
-853
-1001
-977
-989
-937
-875
-764
-590
-452
-233
-17
125
166
276
408
578
679
754
737
674
591
470
436
371
254
135
-37
-170
-284
-427
-582
-729
-837
-912
-1053
-1209
-1399
-1461
-1213
-1030
-1020
-1169
-1391
-1583
-1427
-973
-521
-286
-345
-525
-661
-659
-476
-339
-331
-325
-414
-587
-704
-766
-894
-1042
-1094
-927
-828
-818
-895
-1074
-1177
-1101
-916
-689
-579
-497
-562
-618
-508
-332
-183
-219
-253
-234
-191
-25
210
290
219
213
334
463
685
834
853
811
888
1106
1329
1517
1595
1625
1665
1832
2174
2382
2536
2697
2792
2942
2935
2733
2357
2070
1902
1803
1677
1380
937
396
-4
-203
-226
-310
-473
-673
-848
-948
-945
-789
-672
-544
-457
-329
-165
31
167
259
371
484
600
767
900
883
784
703
695
626
551
413
304
164
75
-55
-221
-403
-550
-621
-720
-848
-1112
-1332
-1338
-1173
-1051
-1006
-1117
-1497
-1781
-1619
-1096
-617
-404
-463
-651
-846
-809
-588
-428
-398
-453
-591
-757
-739
-759
-924
-1069
-1001
-907
-901
-892
-899
-1130
-1248
-1142
-950
-762
-710
-745
-892
-923
-719
-531
-470
-450
-447
-479
-458
-281
-63
-13
-28
110
252
440
673
831
795
686
672
916
1176
1386
1579
1635
1704
1849
2023
2196
2375
2593
2827
3010
2917
2532
2094
1748
1606
1599
1392
1019
632
233
-120
-408
-523
-681
-895
-1061
-1046
-921
-815
-781
-745
-658
-504
-282
-47
236
369
373
441
589
768
840
909
908
862
845
739
615
510
358
234
161
70
-13
-189
-434
-617
-716
-799
-920
-1120
-1242
-1257
-1146
-1075
-954
-906
-1131
-1439
-1518
-1183
-763
-418
-282
-376
-569
-722
-725
-581
-415
-310
-405
-617
-719
-756
-926
-1079
-1078
-1086
-1067
-981
-943
-968
-1034
-1068
-976
-850
-700
-602
-607
-594
-577
-453
-375
-292
-284
-375
-357
-231
-31
125
241
323
392
454
641
809
889
974
1069
1220
1448
1652
1796
1856
1951
2148
2400
2577
2805
2935
2773
2351
1992
1773
1541
1300
1070
708
383
68
-337
-597
-887
-1107
-1245
-1294
-1232
-1126
-1173
-1223
-1173
-995
-768
-471
-226
-39
86
135
307
492
640
677
686
713
700
666
618
486
393
152
-1
-53
-155
-327
-585
-786
-955
-970
-995
-1038
-1140
-1280
-1391
-1390
-1312
-1309
-1328
-1263
-1081
-815
-562
-416
-427
-484
-481
-426
-258
-128
-168
-334
-528
-622
-617
-650
-717
-800
-820
-870
-880
-880
-910
-926
-964
-902
-778
-666
-569
-570
-646
-621
-519
-427
-284
-205
-172
-216
-164
-56
92
296
491
610
723
852
891
1008
1145
1289
1507
1741
1882
1985
2069
2178
2370
2618
2872
3088
3163
2991
2561
2061
1788
1592
1380
1165
841
484
81
-315
-713
-1056
-1262
-1408
-1386
-1322
-1213
-1187
-1203
-1211
-1062
-787
-495
-189
68
199
261
414
525
689
745
756
745
704
706
610
467
272
117
-7
-107
-200
-378
-670
-969
-1150
-1175
-1115
-1152
-1258
-1470
-1586
-1589
-1485
-1302
-1280
-1251
-1221
-1048
-794
-548
-434
-399
-432
-449
-301
-214
-204
-326
-528
-663
-682
-699
-707
-772
-893
-1003
-1083
-1092
-1039
-1030
-995
-986
-953
-832
-721
-613
-586
-529
-423
-265
-90
-16
30
9
18
183
459
718
864
973
1024
1110
1290
1509
1696
1885
2099
2370
2653
2829
2973
3038
3160
3276
3168
2780
2353
2009
1719
1443
1059
680
330
-66
-362
-720
-947
-1118
-1306
-1339
-1271
-1138
-1075
-1014
-958
-773
-576
-348
-20
255
422
563
665
771
877
908
969
969
983
931
811
626
484
260
47
-66
-201
-395
-721
-950
-1115
-1204
-1215
-1252
-1338
-1500
-1637
-1691
-1616
-1404
-1198
-934
-840
-743
-615
-523
-501
-349
-222
-170
-142
-232
-282
-447
-544
-581
-648
-704
-773
-867
-927
-1017
-1025
-1067
-1108
-1057
-1017
-1011
-986
-894
-832
-805
-750
-666
-597
-494
-331
-137
-23
88
154
224
386
542
723
982
1209
1430
1610
1771
1952
2132
2394
2591
2820
3100
3272
3274
2947
2363
1910
1618
1376
1071
681
277
-124
-516
-863
-1104
-1444
-1654
-1746
-1665
-1406
-1225
-1167
-1219
-1115
-850
-459
-64
291
431
518
596
730
929
1080
1108
1050
953
853
771
655
462
255
20
-214
-394
-495
-650
-903
-1088
-1201
-1261
-1294
-1310
-1321
-1332
-1297
-1299
-1252
-1026
-767
-548
-385
-233
-151
-98
-29
86
146
156
137
95
-46
-180
-274
-390
-478
-574
-673
-786
-866
-926
-984
-948
-899
-766
-651
-594
-564
-563
-466
-375
-329
-225
-90
37
191
310
488
693
774
865
981
1062
1301
1555
1895
2234
2360
2498
2565
2678
2847
3158
3270
3018
2430
1764
1289
879
545
276
39
-286
-720
-1223
-1671
-1938
-2090
-2035
-1824
-1574
-1372
-1315
-1325
-1263
-1032
-666
-276
136
408
452
471
495
615
652
679
713
728
673
490
312
66
-186
-383
-494
-579
-631
-767
-1022
-1280
-1477
-1612
-1734
-1778
-1684
-1492
-1248
-1020
-910
-851
-811
-693
-426
-57
206
318
324
286
252
232
234
208
131
12
-97
-199
-262
-339
-390
-494
-545
-441
-440
-389
-391
-401
-361
-341
-187
-16
58
58
87
183
364
588
865
1050
1227
1371
1538
1622
1773
2057
2296
2540
2709
2786
2748
2717
2693
2725
2733
2670
2390
1664
613
-277
-624
-413
-174
-254
-691
-1468
-2145
-2445
-2293
-1799
-1301
-1005
-934
-946
-882
-808
-615
-327
25
484
781
917
876
642
408
362
555
767
753
522
159
-216
-442
-574
-635
-727
-864
-1079
-1385
-1583
-1647
-1627
-1685
-1665
-1571
-1461
-1292
-1147
-1041
-936
-789
-546
-278
-53
86
64
-5
-65
-3
82
131
141
31
-205
-368
-506
-574
-578
-552
-530
-565
-586
-691
-699
-666
-546
-331
-110
58
180
317
451
687
980
1330
1566
1868
2102
2356
2682
2955
3252
3520
3745
3921
3715
3072
2270
1690
1426
1175
874
437
-127
-813
-1473
-1958
-2246
-2419
-2442
-2351
-2255
-2048
-1894
-1873
-1722
-1314
-831
-307
251
645
857
907
1008
1204
1465
1567
1620
1528
1292
1063
704
408
164
-46
-252
-535
-808
-1040
-1325
-1631
-1930
-2202
-2341
-2248
-1931
-1662
-1528
-1483
-1510
-1428
-1131
-670
-236
83
235
270
255
307
415
506
563
607
533
409
295
165
50
-90
-87
-60
-21
-31
-131
-203
-219
-112
95
286
447
577
737
907
1147
1488
1761
2055
2348
2676
2946
3111
3249
3292
3299
3275
3209
3049
2517
1437
216
-509
-428
-67
-156
-814
-1723
-2638
-3178
-3144
-2672
-2053
-1761
-1735
-1729
-1549
-1308
-1084
-817
-377
206
700
925
933
790
520
391
540
891
1016
740
288
-182
-541
-686
-747
-910
-1287
-1837
-2266
-2419
-2114
-1791
-1813
-1931
-1994
-1929
-1653
-1308
-937
-714
-706
-651
-380
-51
135
153
52
20
101
205
249
172
20
-154
-324
-288
-208
-209
-283
-320
-300
-195
-37
121
213
360
575
873
1182
1474
1757
1995
2279
2683
3156
3440
3555
3637
3605
3488
3400
3251
2887
2053
853
-80
-394
-177
-178
-695
-1595
-2528
-3106
-3265
-2882
-2335
-1875
-1708
-1657
-1495
-1148
-723
-329
136
704
1295
1575
1600
1522
1342
1218
1180
1357
1478
1246
730
190
-272
-573
-776
-1130
-1535
-1894
-2227
-2468
-2428
-2205
-2032
-2094
-2100
-1872
-1509
-1199
-933
-633
-398
-232
7
319
561
708
690
596
614
710
713
599
410
299
113
-90
-209
-228
-286
-358
-290
-228
-206
-111
41
249
473
830
1285
1654
1980
2289
2569
2816
3099
3315
3388
3320
3135
2825
2162
1168
236
-264
-223
-153
-457
-1291
-2225
-2967
-3407
-3295
-2830
-2394
-2151
-2111
-2052
-1846
-1539
-1070
-631
-101
522
975
1162
1212
1133
998
964
1096
1373
1330
968
492
-11
-428
-837
-1228
-1580
-1800
-1921
-2003
-2001
-2010
-2095
-2250
-2198
-1898
-1391
-895
-616
-483
-408
-291
-35
346
718
946
963
862
764
764
730
597
575
563
462
278
99
9
-80
-111
31
237
352
431
527
682
994
1421
1955
2338
2648
2898
3029
3158
3248
3336
3289
3080
2614
1738
730
102
19
143
-45
-721
-1659
-2537
-3005
-3041
-2760
-2345
-2088
-2071
-2090
-1922
-1553
-1187
-846
-364
195
639
930
1095
1073
955
915
1016
1205
1230
984
494
-129
-652
-1165
-1447
-1547
-1667
-1850
-2055
-2214
-2368
-2417
-2388
-2219
-1890
-1447
-1107
-818
-672
-530
-345
-175
216
654
966
1021
937
930
878
843
908
1017
965
824
697
505
351
266
331
483
587
697
796
931
1149
1423
1727
2050
2362
2545
2616
2594
2559
2464
2249
1838
1195
511
50
-126
-123
-366
-940
-1684
-2337
-2624
-2599
-2364
-2087
-1935
-1930
-1987
-1937
-1651
-1240
-853
-438
-27
264
459
525
567
543
630
743
896
877
543
17
-569
-916
-1069
-1094
-1207
-1402
-1638
-1901
-2061
-2044
-1873
-1723
-1650
-1521
-1300
-1084
-887
-661
-532
-384
-129
207
512
696
800
773
778
852
1034
1108
1145
1117
1013
941
857
896
984
1104
1185
1401
1566
1706
1892
2084
2271
2365
2483
2532
2499
2424
2292
2006
1526
905
396
31
-50
-10
-263
-771
-1353
-1851
-2018
-1925
-1684
-1421
-1317
-1264
-1255
-1168
-943
-713
-439
-104
184
486
545
471
416
301
321
415
465
274
-204
-710
-1041
-1177
-1203
-1284
-1478
-1684
-1895
-1941
-1812
-1704
-1639
-1599
-1545
-1369
-1062
-781
-578
-499
-416
-276
-13
286
546
637
617
607
658
761
851
824
812
803
717
735
794
848
930
1048
1259
1471
1681
1819
1897
1922
1937
1983
1999
1982
1829
1496
1078
612
144
-178
-397
-567
-854
-1205
-1598
-1872
-2066
-2087
-1981
-1883
-1726
-1630
-1484
-1345
-1147
-918
-698
-446
-208
6
154
175
117
121
112
140
96
-73
-381
-773
-961
-939
-823
-807
-925
-1178
-1426
-1489
-1416
-1238
-1171
-1046
-986
-937
-801
-630
-467
-365
-104
142
382
672
874
991
1090
1194
1362
1641
1841
1972
2067
2075
2206
2400
2584
2766
2855
2923
2927
2929
2944
2853
2542
2107
1501
787
94
-361
-494
-561
-820
-1382
-1989
-2460
-2645
-2543
-2247
-1981
-1707
-1623
-1544
-1366
-1051
-672
-354
-52
290
588
709
706
605
584
507
554
525
298
-203
-844
-1213
-1345
-1250
-1205
-1313
-1578
-1902
-2141
-2105
-1899
-1672
-1470
-1413
-1342
-1212
-989
-838
-709
-538
-327
-35
276
535
595
498
463
597
743
979
1120
1104
963
858
885
1018
1130
1215
1350
1421
1536
1601
1661
1626
1457
1435
1455
1489
1451
1229
963
538
239
51
-118
-357
-645
-932
-1183
-1346
-1404
-1482
-1553
-1561
-1591
-1529
-1420
-1258
-1136
-1023
-917
-797
-642
-537
-492
-447
-379
-328
-280
-288
-296
-428
-580
-645
-709
-711
-728
-792
-949
-1050
-1088
-1093
-1030
-974
-927
-828
-710
-559
-405
-223
-74
75
272
503
689
941
1204
1402
1614
1780
1946
2207
2467
2655
2852
2910
3001
3040
2988
2861
2720
2420
1950
1249
382
-326
-659
-668
-667
-913
-1541
-2199
-2641
-2763
-2518
-2009
-1565
-1424
-1356
-1279
-1166
-821
-440
-69
329
647
861
857
752
562
436
405
371
254
-77
-580
-1047
-1286
-1384
-1486
-1603
-1775
-1880
-1947
-1895
-1734
-1626
-1538
-1487
-1308
-1041
-766
-536
-403
-309
-138
84
388
675
860
863
798
862
915
997
1088
1129
1127
1027
1027
1016
986
975
1041
1081
1112
1171
1079
949
912
899
865
821
724
594
375
209
78
-27
-152
-352
-530
-714
-883
-989
-1057
-1044
-1089
-1154
-1196
-1219
-1167
-1172
-1111
-1065
-1061
-1045
-999
-946
-932
-898
-851
-839
-861
-853
-910
-883
-842
-795
-791
-790
-780
-813
-833
-807
-786
-718
-677
-595
-457
-410
-323
-235
-104
62
212
364
522
687
841
949
1109
1294
1521
1735
1975
2206
2324
2391
2444
2456
2428
2387
2265
2068
1695
1317
862
456
62
-369
-715
-1060
-1383
-1717
-1968
-2123
-2224
-2169
-2014
-1886
-1678
-1535
-1373
-1171
-948
-673
-407
-203
-55
12
83
74
63
48
-28
-69
-199
-301
-443
-589
-735
-868
-956
-1048
-1108
-1146
-1131
-1158
-1168
-1082
-958
-852
-716
-584
-402
-216
7
218
406
647
878
1165
1380
1595
1826
1993
2137
2230
2284
2316
2317
2243
2172
2019
1740
1436
1105
742
347
21
-373
-732
-1123
-1472
-1696
-1923
-1990
-2014
-2090
-2055
-1952
-1780
-1566
-1305
-1073
-856
-686
-578
-419
-263
-165
-121
-130
-210
-258
-284
-434
-549
-670
-821
-904
-967
-1087
-1178
-1246
-1307
-1286
-1283
-1195
-1091
-993
-881
-768
-640
-484
-306
-157
97
283
539
734
881
1088
1278
1497
1701
1911
2057
2121
2117
2083
2093
2117
2180
2119
1963
1734
1425
1161
868
542
285
10
-257
-555
-846
-1081
-1274
-1358
-1392
-1393
-1379
-1278
-1246
-1208
-1061
-917
-774
-607
-452
-367
-287
-241
-238
-222
-210
-196
-240
-259
-359
-409
-494
-602
-673
-744
-746
-782
-871
-903
-937
-967
-921
-867
-775
-664
-575
-502
-451
-347
-206
-2
166
337
603
760
959
1108
1282
1466
1627
1797
1910
1991
1980
1974
1933
1851
1788
1603
1370
1097
777
487
191
-87
-386
-697
-951
-1176
-1378
-1513
-1585
-1583
-1566
-1519
-1441
-1334
-1233
-1099
-895
-764
-653
-518
-375
-289
-231
-186
-185
-228
-247
-244
-318
-414
-469
-581
-723
-802
-903
-945
-965
-1026
-1097
-1103
-1066
-964
-937
-853
-733
-653
-538
-385
-163
23
245
459
617
801
986
1144
1338
1504
1639
1735
1809
1840
1811
1764
1763
1772
1686
1552
1335
1096
913
717
533
313
44
-185
-371
-603
-763
-870
-1022
-1089
-1118
-1071
-1041
-1009
-948
-901
-808
-647
-564
-464
-389
-309
-264
-257
-234
-232
-278
-303
-288
-363
-401
-440
-523
-577
-688
-743
-792
-812
-814
-829
-841
-802
-771
-748
-693
-644
-614
-530
-417
-292
-142
46
197
352
513
645
830
959
1168
1338
1520
1674
1687
1693
1704
1719
1767
1781
1688
1522
1301
1064
834
682
454
222
-39
-358
-546
-716
-863
-986
-1086
-1183
-1196
-1181
-1135
-1090
-1008
-895
-799
-670
-522
-424
-370
-273
-239
-219
-175
-179
-203
-257
-344
-386
-452
-539
-590
-677
-786
-838
-933
-971
-1039
-1058
-1074
-1040
-955
-905
-816
-783
-722
-613
-483
-332
-193
-45
101
277
434
591
749
889
1030
1131
1244
1357
1456
1489
1417
1313
1276
1304
1357
1311
1203
1036
869
701
596
515
385
202
52
-144
-248
-328
-454
-545
-641
-628
-640
-562
-500
-494
-581
-618
-512
-439
-365
-341
-300
-359
-411
-364
-370
-405
-410
-482
-563
-607
-650
-700
-749
-792
-786
-775
-813
-779
-840
-896
-884
-839
-772
-690
-604
-550
-532
-516
-414
-282
-131
-36
111
218
338
457
509
637
748
904
1055
1179
1274
1344
1331
1333
1309
1293
1291
1314
1315
1232
1076
940
803
699
574
480
406
245
78
-43
-189
-297
-402
-473
-529
-586
-593
-589
-592
-628
-659
-679
-640
-593
-579
-572
-571
-616
-687
-688
-681
-699
-716
-752
-843
-921
-1010
-1081
-1106
-1136
-1118
-1097
-1099
-1125
-1112
-1079
-1035
-993
-903
-825
-744
-701
-574
-474
-371
-281
-118
64
139
244
253
349
533
663
799
829
839
903
910
999
1054
1014
940
898
935
933
906
826
719
653
665
666
653
594
458
337
258
247
222
249
186
96
77
-6
-18
-23
-40
-82
-139
-158
-185
-231
-338
-465
-590
-644
-714
-709
-747
-873
-934
-1002
-1015
-961
-956
-972
-997
-1015
-997
-978
-899
-907
-882
-766
-739
-669
-586
-543
-582
-541
-468
-363
-236
-171
-89
-53
-18
20
141
244
301
355
417
532
606
699
806
920
1002
1058
1072
1071
1067
1128
1224
1230
1146
1043
987
982
958
929
819
708
592
500
470
376
326
234
179
147
119
70
4
-122
-208
-261
-300
-314
-358
-416
-468
-569
-687
-716
-788
-906
-943
-1017
-1080
-1116
-1218
-1211
-1250
-1256
-1204
-1215
-1175
-1149
-1160
-1166
-1079
-993
-902
-887
-851
-778
-732
-617
-530
-430
-348
-302
-239
-97
-3
48
114
183
189
227
334
412
484
591
645
680
733
770
881
926
989
1016
1067
1143
1210
1238
1179
1119
1054
1067
1034
981
866
727
651
585
535
500
448
288
189
157
82
-1
-141
-177
-259
-299
-350
-417
-499
-544
-576
-617
-602
-640
-645
-673
-712
-704
-742
-784
-804
-844
-909
-943
-909
-858
-885
-898
-868
-857
-783
-736
-724
-709
-670
-617
-553
-464
-412
-354
-368
-318
-258
-111
38
96
178
236
311
418
591
678
735
803
824
848
913
993
1016
1054
1100
1104
1065
1026
1023
1046
1011
979
879
762
728
681
604
505
356
276
283
237
191
126
3
-78
-183
-264
-281
-318
-338
-426
-534
-618
-615
-624
-667
-675
-781
-870
-914
-1008
-968
-956
-1001
-1011
-1057
-1105
-1111
-1108
-1047
-1045
-1056
-1064
-1079
-981
-915
-854
-853
-845
-777
-673
-622
-508
-374
-353
-321
-216
-127
-34
88
196
254
319
411
485
551
624
662
684
770
818
872
919
935
901
883
924
939
945
901
847
825
790
806
827
724
615
542
507
509
494
421
323
295
236
171
139
90
41
-10
-78
-71
-111
-271
-381
-464
-475
-476
-468
-489
-607
-644
-652
-601
-569
-618
-661
-715
-744
-672
-606
-623
-661
-696
-678
-550
-440
-397
-415
-456
-432
-378
-296
-243
-253
-252
-261
-210
-135
-71
-41
-21
-7
42
94
161
244
310
348
400
458
549
578
621
642
638
658
711
725
721
712
666
711
692
641
591
527
485
468
410
304
189
93
-19
1
26
19
37
-24
-122
-176
-127
-81
-67
-134
-179
-256
-198
-174
-179
-221
-330
-399
-474
-483
-440
-420
-472
-548
-618
-655
-718
-716
-629
-636
-656
-689
-711
-684
-656
-621
-536
-493
-514
-496
-424
-310
-226
-176
-135
-93
3
92
135
182
218
213
246
316
379
462
474
470
436
432
424
437
497
505
504
500
500
487
470
453
417
452
463
477
447
383
362
345
359
298
330
310
281
319
336
354
328
334
226
151
76
57
71
54
0
-101
-128
-241
-247
-229
-201
-226
-260
-287
-341
-350
-337
-268
-278
-309
-360
-365
-320
-258
-262
-203
-192
-147
-142
-95
-16
-2
1
3
42
61
109
151
148
120
92
96
146
133
147
157
121
130
141
147
191
201
154
174
188
205
259
262
262
292
272
257
253
309
340
293
306
302
282
244
195
179
137
94
86
74
49
-19
-74
-133
-107
-142
-194
-199
-233
-238
-239
-231
-225
-241
-234
-222
-206
-222
-173
-217
-259
-232
-253
-223
-213
-229
-201
-215
-258
-289
-288
-231
-221
-220
-211
-201
-246
-232
-185
-159
-124
-142
-115
-39
-14
-33
33
36
65
111
149
154
171
200
188
222
236
214
217
204
213
252
247
303
308
265
298
345
394
427
377
340
300
331
333
342
341
284
226
183
196
252
250
216
212
235
219
257
239
175
127
79
125
173
203
147
110
80
118
172
127
95
74
115
119
131
133
99
68
27
72
77
49
19
0
-42
-3
49
46
15
-30
-39
-61
-5
-32
-46
-23
-56
-6
5
-21
-83
-40
-3
26
53
76
97
81
115
77
71
70
91
91
102
132
116
62
28
12
4
58
41
25
0
-28
-77
-54
-54
-16
-49
-72
-97
-127
-159
-150
-159
-143
-108
-161
-139
-129
-132
-117
-136
-134
-130
-115
-118
-80
-31
12
-32
-93
-89
-49
-41
15
56
26
8
-26
33
35
58
59
60
45
35
77
77
89
83
74
31
32
67
52
69
95
71
68
148
135
182
223
176
176
178
166
233
289
252
219
253
239
289
271
251
298
296
246
220
245
234
228
197
191
169
144
131
142
111
98
122
116
126
117
114
122
114
123
160
193
206
232
256
229
223
261
256
243
215
176
213
253
245
203
127
118
182
210
249
185
37
-118
-261
-190
-62
38
181
151
99
50
-112
-172
-173
-152
-15
73
100
162
143
88
-20
-28
-75
-61
76
133
212
168
134
57
8
-14
-36
-34
-11
-67
-14
-5
-10
38
3
8
-30
-54
-69
-83
-47
38
43
64
29
6
11
-36
-1
26
80
72
80
86
69
92
42
57
56
33
14
13
47
3
-22
-44
-52
-67
-46
7
19
-35
-34
-4
28
74
75
47
8
75
95
59
104
92
66
119
152
160
128
132
135
142
196
222
195
191
168
194
237
228
163
141
175
137
146
150
156
130
91
83
104
99
90
79
123
127
150
137
117
84
62
74
52
97
102
91
124
110
150
166
171
200
151
162
118
134
114
73
67
101
133
82
79
96
117
120
131
133
135
158
173
162
155
104
124
120
133
102
145
138
121
89
65
122
106
84
110
139
85
47
48
37
33
58
95
97
37
4
14
25
16
-42
-28
6
10
33
38
47
41
30
49
61
13
-19
17
21
6
11
17
-24
-18
-18
1
-30
-36
-34
-23
11
-13
-56
-73
-21
-35
-8
-33
-62
-40
-16
-2
-10
-18
19
27
51
62
59
53
45
34
33
2
-9
41
35
30
25
37
39
19
79
109
104
47
69
90
85
78
74
97
77
29
64
55
19
10
19
35
55
42
-22
-23
-32
-14
7
18
-21
-20
21
52
40
39
79
111
146
184
178
197
235
215
222
239
209
197
202
218
185
136
135
159
177
162
137
90
78
72
120
94
84
55
69
45
54
89
117
140
159
145
184
200
213
265
279
281
265
263
196
197
173
203
210
120
122
117
64
28
55
52
34
61
21
18
-7
22
30
41
19
14
21
3
-20
-2
14
-1
15
-13
-28
-40
-59
-81
-61
-97
-117
-146
-160
-189
-234
-197
-213
-231
-206
-153
-157
-159
-153
-184
-137
-101
-107
-53
-48
-38
-23
-24
-39
-20
-9
-30
29
7
71
55
8
-44
-55
-55
-95
-48
-31
-25
-57
-66
-59
-56
-27
-47
-76
-44
-25
-9
-13
-35
-33
3
25
73
98
112
120
131
109
98
125
126
111
105
100
117
53
40
85
91
89
35
72
49
45
62
36
70
101
113
98
65
122
159
119
146
175
175
202
229
215
198
181
198
190
217
168
161
190
179
177
176
179
185
238
153
192
171
188
200
174
177
162
198
131
134
147
129
142
117
127
133
102
103
120
115
87
87
97
101
105
124
81
74
94
131
119
127
122
124
126
81
69
-5
8
-6
-45
-23
-45
-97
-107
-102
-120
-157
-184
-177
-194
-196
-195
-229
-208
-209
-187
-139
-120
-119
-72
-79
-116
-65
-33
-9
-16
-23
-39
-47
-38
-28
-66
-85
-113
-131
-141
-145
-122
-132
-173
-181
-125
-150
-157
-175
-143
-169
-166
-106
-126
-121
-120
-97
-99
-57
-27
-46
-22
24
44
58
71
21
-8
52
75
60
66
31
16
57
15
57
37
57
62
21
-11
-47
-12
-24
10
24
28
20
25
46
60
61
80
109
141
145
169
160
153
140
148
201
239
251
225
209
182
181
145
205
200
183
174
166
165
143
106
96
157
99
115
137
173
141
108
128
111
102
97
143
163
136
106
119
126
137
152
172
146
127
140
154
184
153
110
86
94
79
25
76
53
21
-20
-12
-3
-18
-23
-57
-60
-72
-79
-68
-94
-61
-80
-115
-91
-133
-83
-77
-58
-56
-40
-18
-37
-27
-42
-50
-10
-6
-37
-66
-75
-63
-53
-13
-41
-48
-60
-73
-52
-25
-57
-23
-25
-15
-34
-31
-35
-43
-29
-39
-34
-88
-43
-36
-36
-63
-44
-68
-84
-75
-65
-44
-38
-74
-75
-61
-75
-20
-31
-46
-55
-82
-42
-47
-26
-1
-15
170
221
-154
-403
-61
282
318
39
-132
-97
-47
89
135
88
23
18
61
42
47
166
119
69
23
69
192
192
128
123
158
170
141
84
174
217
233
176
158
176
229
216
125
109
142
207
178
184
211
179
133
181
215
229
182
148
189
202
162
153
136
97
196
170
159
176
179
159
150
150
138
95
83
143
188
179
108
81
76
99
102
137
113
127
116
102
70
33
59
11
30
27
5
1
-7
1
-58
-69
-53
-72
-52
-75
-99
-88
-97
-88
-51
-72
-75
-55
-79
-56
-26
-51
-45
-35
-15
5
-9
-32
13
-7
-38
-30
-6
-13
-7
-75
-60
-76
-100
-60
-60
-91
-100
-133
-132
-141
-160
-142
-167
-127
-114
-119
-105
-107
-114
-120
-121
-130
-138
-142
-144
-169
-187
-153
-147
-142
-98
-96
-82
-85
-83
-81
-82
-37
-45
-43
-35
-21
1
-47
20
6
36
54
40
32
29
46
60
61
-1
40
34
62
54
20
41
84
59
66
77
68
131
141
127
147
195
212
169
190
230
252
280
252
234
261
248
248
244
256
262
242
198
196
198
198
227
209
176
177
214
238
219
183
155
164
144
152
117
116
159
175
163
143
143
126
111
96
117
120
84
79
30
-28
-27
-35
-49
-47
-54
-31
-66
-22
27
-16
-17
-43
-25
-57
-22
-15
-85
-78
-62
-101
-83
-92
-84
-97
-117
-136
-131
-150
-158
-150
-172
-177
-176
-165
-151
-133
-149
-108
-102
-74
-49
-69
-70
-77
-102
-112
-53
-45
-33
-61
-103
-71
-96
-121
-143
-170
-167
-163
-146
-174
-167
-180
-202
-189
-180
-200
-214
-199
-172
-168
-143
-123
-130
-97
-115
-93
-92
-109
-91
-99
-96
-86
-80
-102
-142
-77
-91
-86
-62
-110
-74
-60
-74
-56
-57
-4
-31
-26
23
5
41
45
67
91
122
146
172
166
149
184
211
200
215
231
186
158
170
165
159
155
166
126
146
167
112
111
136
128
162
155
146
183
208
198
219
225
259
237
223
279
298
278
211
267
214
196
175
140
143
139
154
95
65
28
20
32
13
-62
-24
-13
-49
-42
-45
-49
-39
-2
-30
-25
21
71
12
13
35
9
26
34
28
39
12
-22
-11
-10
-11
-25
-44
-45
-61
-96
-87
-63
-59
-81
-76
-63
-91
-70
-65
-56
-49
-55
-113
-97
-89
-92
-64
-31
-71
-97
-67
-125
-100
-130
-92
-89
-83
-106
-110
-119
-144
-135
-130
-114
-146
-199
-177
-164
-217
-132
-165
-195
-188
-182
-113
-153
-124
-147
-139
-134
-92
-100
-116
-85
-66
-67
-75
-43
-34
-16
-52
-38
4
-44
-3
-9
4
-13
9
34
-13
-7
-35
-18
2
-13
-55
-3
-10
-25
-4
-5
4
22
46
42
91
95
92
81
137
156
169
158
178
224
199
195
160
175
161
154
178
171
187
199
169
157
124
125
130
176
153
98
125
105
112
108
106
82
76
82
84
88
58
77
85
99
71
66
75
91
67
76
70
58
44
32
37
5
5
42
16
-12
-14
-51
-74
-90
-89
-84
-72
-117
-91
-127
-140
-134
-126
-178
-140
-139
-115
-79
-100
-96
-96
-96
-77
-85
-112
-98
-95
-96
-136
-148
-141
-123
-168
-163
-128
-124
-170
-144
-164
-184
-135
-172
-173
-151
-144
-148
-158
-200
-169
-133
-165
-127
-160
-164
-187
-203
-129
-174
-151
-156
-147
-127
-109
-105
-121
-111
-90
-96
-99
-69
-63
-75
-54
-44
-20
-37
-61
-59
-43
-23
-52
10
-26
-57
-28
-6
12
36
41
8
26
65
92
59
79
125
95
111
127
150
149
150
136
134
117
151
136
98
141
113
137
113
76
92
117
89
86
99
131
106
88
120
115
161
149
129
152
145
124
162
158
154
134
118
157
155
174
178
186
191
177
181
154
171
175
168
144
162
112
82
101
64
68
56
42
75
73
62
56
20
28
15
-13
-5
-23
-46
9
-23
-64
-81
-53
-70
-100
-61
-63
-62
-76
-87
-74
-87
-67
-84
-92
-90
-129
-120
-85
-68
-86
-140
-124
-149
-139
-140
-161
-126
-153
-120
-96
-148
-170
-180
-183
-174
-168
-136
-129
-111
-120
-138
-151
-117
-77
-84
-115
-107
-131
-120
-89
-80
-119
-65
-63
-63
-52
-56
-55
-109
-91
-95
-127
-114
-71
-79
-71
-69
-36
-72
-73
-79
-93
-60
-65
-71
-59
-82
-51
-13
-17
-6
-2
-24
-12
27
88
89
69
58
59
61
51
50
47
80
46
87
72
92
126
55
51
68
96
102
139
113
96
98
108
115
117
137
127
139
145
163
136
176
140
90
139
112
120
101
108
144
103
123
96
102
86
54
56
77
70
63
58
50
18
70
48
43
57
24
55
43
44
82
90
63
68
90
99
67
66
46
42
26
21
5
-8
-47
-71
-75
-89
-75
-77
-56
-81
-67
-63
-105
-118
-114
-146
-123
-130
-141
-112
-145
-137
-126
-88
-100
-117
-84
-94
-49
-52
-108
-148
-140
-151
-144
-155
-130
-153
-137
-130
-116
-128
-143
-102
-143
-128
-128
-89
-99
-66
-46
-41
-65
-51
-29
-88
-40
-33
-53
-35
-1
-61
-63
-43
-33
-10
-23
6
-2
-12
-5
-9
-4
-23
-6
52
23
30
36
7
41
48
40
53
49
53
40
26
3
23
69
22
58
85
78
59
77
73
77
103
113
124
74
106
94
62
74
96
127
98
58
84
136
124
110
131
135
120
143
122
128
104
123
124
110
132
152
134
94
92
100
127
110
127
95
70
64
62
97
56
78
72
34
64
45
16
14
20
13
-24
-26
-18
-8
1
-47
-34
-28
-16
-22
-68
-53
-24
-35
-54
-51
-67
-38
-81
-100
-71
-31
-46
-75
-96
-99
-120
-111
-76
-131
-132
-95
-58
-78
-129
-108
-75
-66
-107
-70
-57
-50
-94
-101
-103
-116
-99
-117
-126
-139
-160
-130
-113
-128
-78
-126
-106
-120
-118
-113
-108
-81
-97
-92
-54
-48
-14
-63
-94
-35
-27
-25
-38
-61
-33
-14
-14
-20
-23
-11
-21
-18
-1
-27
-32
-40
-76
2
43
41
18
-8
15
39
9
5
13
30
18
25
33
20
41
34
24
55
74
2
40
30
33
32
57
44
29
69
32
39
37
54
30
64
34
50
114
49
73
53
54
73
83
97
66
50
67
70
78
94
83
76
44
49
47
56
47
44
47
61
55
41
50
73
117
107
87
81
73
75
66
60
59
60
61
84
53
27
36
7
26
39
27
-29
14
-32
-32
-42
-39
-34
-71
-23
-57
-55
-69
-71
-99
-107
-84
-72
-75
-91
-60
-85
-104
-104
-104
-53
-58
-70
-68
-94
-104
-94
-101
-85
-86
-102
-82
-119
-97
-77
-104
-88
-116
-100
-128
-119
-136
-149
-115
-115
-77
-105
-80
-77
-58
-79
-103
-96
-37
-44
-30
-4
5
1
-11
-11
25
-12
-5
-3
-26
-36
-31
-11
-27
-35
-45
-50
-59
-37
-45
-66
-32
-4
-21
-19
-32
1
5
-30
-27
-27
18
35
6
30
35
65
50
48
81
98
73
75
65
80
107
142
111
83
108
100
153
117
124
118
118
113
78
111
110
64
103
44
19
67
89
84
76
86
75
72
61
68
75
88
79
91
85
74
62
98
56
51
70
111
117
100
51
42
75
29
86
48
21
24
-23
10
-27
-35
-38
-35
-22
-61
-34
-69
-75
-64
-95
-122
-90
-76
-106
-86
-92
-85
-55
-53
-97
-90
-90
-98
-114
-131
-104
-141
-124
-128
-126
-113
-148
-145
-148
-134
-115
-106
-87
-94
-123
-67
-90
-103
-46
-87
-100
-89
-132
-93
-91
-132
-92
-114
-123
-93
-89
-86
-50
-56
-53
-59
-37
-28
-20
-16
-21
-22
-22
4
-15
13
5
27
2
-49
-33
-27
-16
-6
4
16
20
28
-6
-29
-41
-27
9
28
62
70
31
14
37
41
33
12
19
60
-4
-3
16
5
-22
7
17
35
35
-5
35
11
30
-1
7
17
13
38
11
38
54
53
59
35
28
62
47
22
21
-41
-33
-20
-27
1
-17
9
21
-15
-17
5
-20
-5
22
2
38
22
12
28
27
38
30
23
20
29
15
18
25
23
7
-16
-7
-18
17
1
-41
-57
-28
-49
-71
-66
-84
-107
-62
-77
-136
-146
-114
-66
-102
-67
-38
-53
-49
-46
-67
-31
-47
-83
-66
-34
-23
-34
-30
-40
-38
-68
-85
-58
-68
-56
-37
-76
-75
-90
-81
-89
-62
-67
-101
-73
-19
-7
-23
-24
-15
34
21
23
38
26
25
15
17
43
27
20
26
44
51
38
46
62
65
63
69
58
57
57
64
57
81
119
82
63
82
69
37
52
33
2
15
46
47
49
45
37
-12
-18
38
51
84
45
60
60
34
37
48
51
62
104
63
73
129
84
93
93
128
119
106
131
153
125
162
111
80
121
108
110
112
81
47
54
43
43
61
90
21
8
-12
37
33
30
67
66
55
37
71
56
48
55
80
109
88
99
123
141
117
95
116
108
47
87
37
50
71
57
62
30
14
-39
-8
-26
-37
-29
-20
-59
-79
-39
-72
-27
-43
-62
9
-10
25
45
61
61
21
32
33
29
6
17
-22
-28
2
4
-11
-39
3
-32
-36
-54
-32
41
23
29
-5
-28
28
-23
-23
12
9
62
41
79
97
51
45
24
48
22
21
56
35
18
37
30
1
37
33
26
11
6
53
36
37
59
82
80
75
102
110
