SAMPLES:	15878
BITSPERSAMPLE:	16
CHANNELS:	1
SAMPLERATE:	16000
NORMALIZED:	FALSE
-27
-49
-61
-78
-54
-58
-94
-89
-89
-74
-76
-138
-163
-131
-143
-151
-154
-158
-174
-178
-154
-171
-205
-192
-208
-184
-236
-247
-221
-250
-209
-231
-231
-241
-266
-218
-234
-273
-215
-212
-202
-184
-211
-204
-176
-167
-177
-164
-139
-149
-155
-158
-142
-128
-131
-154
-153
-110
-123
-98
-100
-68
-49
-44
-28
-50
-26
-38
20
-14
-31
-24
-38
-7
-49
-5
10
-25
-24
-21
-31
-12
-17
-46
-15
-14
6
46
37
62
32
12
37
25
37
0
33
28
32
23
12
43
56
22
40
56
40
24
26
26
44
54
87
86
73
60
43
74
28
51
71
73
28
13
28
35
32
13
15
22
11
-7
18
32
4
-9
-1
-40
-45
-5
-1
-45
-56
-38
-20
-29
-44
-47
-10
-15
-23
0
-10
-27
-41
-28
-9
-50
-32
-33
-64
-57
-62
-55
-30
-45
-68
-37
-48
-63
-109
-110
-73
-93
-110
-98
-127
-122
-140
-123
-93
-112
-94
-88
-79
-92
-98
-102
-133
-145
-171
-186
-184
-187
-186
-173
-200
-221
-222
-208
-173
-178
-181
-197
-196
-186
-188
-184
-201
-204
-188
-176
-171
-150
-129
-132
-122
-101
-111
-114
-91
-81
-103
-106
-143
-129
-117
-163
-155
-116
-148
-131
-98
-114
-129
-131
-73
-64
-84
-84
-64
-96
-83
-71
-63
-50
-60
-67
-86
-21
-31
-4
-6
-9
9
5
12
17
35
62
31
54
52
61
110
116
83
59
64
101
127
104
118
109
97
133
120
134
133
146
146
147
127
60
86
68
98
83
77
95
45
26
71
88
39
57
50
57
44
12
6
31
52
43
48
12
-8
-5
-43
-76
-30
-48
-70
-81
-83
-87
-73
-66
-93
-74
-124
-130
-133
-109
-134
-171
-139
-198
-185
-138
-177
-190
-174
-206
-217
-219
-246
-271
-268
-265
-270
-248
-257
-226
-246
-230
-236
-230
-208
-220
-236
-224
-201
-200
-213
-231
-199
-190
-193
-231
-214
-237
-194
-200
-211
-145
-211
-172
-185
-200
-174
-169
-144
-153
-144
-139
-129
-104
-77
-101
-72
-81
-75
-75
-73
-78
-83
-38
-78
-89
-70
-64
-40
-62
-83
-65
-79
-73
-40
-59
-23
-29
-12
5
23
-9
-25
-12
-1
-8
-35
-21
-48
2
2
45
41
29
21
-7
18
30
32
23
-8
-11
-5
-2
21
54
33
26
30
40
71
47
81
85
68
60
4
19
23
7
0
32
40
8
-13
15
-13
15
49
69
67
0
59
43
-23
-32
2
34
-23
-39
-10
-18
-37
-67
-69
-66
-76
-78
-67
-41
-44
-40
-43
-52
-57
-64
-76
-79
-83
-82
-108
-131
-126
-105
-126
-140
-128
-135
-168
-146
-163
-147
-157
-165
-164
-171
-173
-207
-196
-191
-220
-235
-186
-201
-208
-219
-244
-243
-239
-238
-267
-246
-224
-245
-212
-231
-209
-200
-238
-233
-245
-229
-248
-224
-271
-256
-227
-239
-230
-216
-191
-246
-199
-213
-210
-178
-214
-202
-195
-215
-186
-184
-203
-197
-190
-189
-158
-126
-146
-167
-135
-114
-92
-114
-161
-122
-97
-89
-48
-80
-66
10
-15
-20
-35
-5
15
41
51
46
48
29
34
28
67
39
34
56
73
61
59
90
96
73
80
134
114
96
92
72
127
123
84
75
56
52
36
82
74
54
41
68
75
16
-1
-36
7
19
26
-5
-37
-44
-18
8
-1
-6
-25
-17
-71
6
14
-50
-46
-63
-56
-45
-47
-22
-60
-48
-36
-75
-103
-116
-73
-83
-70
-95
-94
-113
-122
-110
-84
-143
-143
-136
-134
-151
-148
-125
-145
-156
-158
-180
-170
-187
-159
-177
-154
-128
-153
-137
-176
-186
-157
-147
-140
-144
-158
-193
-188
-195
-216
-172
-213
-221
-198
-171
-155
-162
-178
-183
-176
-201
-143
-154
-126
-162
-169
-183
-173
-154
-150
-127
-156
-152
-128
-114
-141
-82
-98
-76
-88
-42
-23
-63
-52
-50
3
-47
-59
-39
-6
-31
-24
-10
-16
-2
-4
8
27
45
7
17
67
79
88
99
84
80
76
90
98
59
114
104
86
66
100
125
97
105
74
143
87
54
109
91
87
97
72
111
84
127
97
72
92
69
99
96
117
100
86
125
120
123
161
137
162
175
133
144
141
128
159
168
133
103
98
115
108
82
87
38
63
86
71
42
62
96
31
53
54
31
-10
-37
-29
-14
2
-31
-24
-37
-32
-21
-30
-21
-53
-49
-74
-78
-118
-77
-82
-112
-103
-134
-116
-133
-140
-141
-157
-150
-140
-143
-165
-159
-161
-153
-137
-183
-152
-160
-161
-169
-173
-145
-149
-188
-185
-206
-194
-217
-200
-176
-194
-190
-219
-216
-203
-175
-184
-221
-251
-232
-164
-163
-181
-169
-188
-185
-195
-164
-141
-113
-138
-134
-151
-122
-105
-123
-80
-90
-49
-31
-41
-22
-28
-25
-15
-18
-8
21
34
48
97
62
67
38
82
35
25
18
23
53
41
36
34
0
-11
25
19
47
9
27
26
35
27
37
32
37
30
30
57
63
61
37
79
31
33
28
48
44
96
85
59
55
28
82
77
66
12
34
20
13
46
20
29
33
1
-18
-17
-34
-15
-37
-41
-61
-87
-54
-22
-31
-55
-55
-97
-98
-71
-120
-136
-148
-153
-139
-177
-145
-160
-148
-159
-218
-171
-162
-134
-184
-162
-157
-195
-192
-200
-175
-192
-169
-186
-161
-137
-132
-173
-150
-171
-149
-111
-172
-174
-168
-170
-185
-166
-177
-155
-171
-203
-195
-187
-171
-182
-193
-177
-210
-210
-183
-142
-164
-165
-129
-146
-113
-127
-151
-134
-170
-180
-105
-118
-90
-97
-78
-51
-96
-62
-105
-54
3
-25
-4
6
-33
-24
-26
-34
-34
-55
0
33
50
10
33
63
53
28
-7
6
-10
-4
40
36
22
38
59
8
4
27
39
58
58
73
83
89
88
76
71
124
134
98
119
114
139
160
161
179
157
156
152
167
193
164
157
184
118
156
146
132
179
149
157
163
157
125
119
136
150
176
161
174
156
105
87
109
112
111
85
119
96
64
54
38
33
-14
40
63
-14
6
-46
-26
-31
-32
-18
-30
-1
-4
-28
-46
-9
-67
-48
-69
-42
-56
-133
-114
-138
-136
-124
-98
-124
-175
-192
-163
-183
-172
-153
-161
-181
-154
-158
-153
-179
-192
-186
-197
-186
-196
-138
-156
-199
-140
-145
-163
-135
-155
-172
-136
-119
-105
-70
-95
-98
-87
-77
-82
-63
-30
-54
-42
-29
-11
-11
-22
2
10
5
36
24
22
39
21
73
63
72
90
77
51
60
75
84
56
50
53
59
57
62
91
118
115
73
111
138
176
123
115
159
143
161
99
126
164
195
231
154
168
166
165
171
150
129
137
115
156
140
152
220
208
207
194
184
195
181
200
183
211
224
211
175
166
164
127
141
169
175
167
200
158
110
85
100
115
63
53
62
66
56
24
39
33
69
57
39
85
52
21
14
14
8
6
16
-5
-10
10
26
-19
2
37
50
21
18
29
-19
-33
-18
-14
-45
7
-13
-42
-71
-60
-47
-84
-96
-97
-110
-104
-117
-150
-177
-170
-136
-163
-166
-204
-169
-154
-157
-139
-169
-140
-159
-178
-176
-163
-147
-127
-149
-162
-143
-137
-109
-108
-98
-137
-92
-62
-95
-107
-95
-60
-65
-41
-25
-23
-6
-5
34
13
2
14
16
5
-36
4
39
72
48
54
26
25
65
26
36
43
85
59
74
67
61
88
84
101
116
132
114
147
104
90
139
150
140
109
115
155
148
163
155
168
179
176
199
167
160
197
184
195
188
169
159
191
212
176
231
188
155
180
171
204
199
210
197
206
208
191
165
120
168
163
168
149
141
154
105
108
91
100
87
78
68
83
103
89
102
77
27
47
45
39
63
27
42
36
7
-7
28
56
35
30
-3
2
36
6
9
9
-9
-21
-4
-3
-30
7
-14
-47
-39
-22
-20
-25
-69
-66
-61
-78
-77
-86
-104
-62
-66
-88
-80
-92
-62
-64
-64
-55
-59
-65
-100
-89
-52
-42
-42
-3
-10
-41
-41
-40
-13
-12
17
-5
4
28
14
4
12
25
44
68
88
99
76
82
55
72
92
64
91
92
79
90
80
81
70
57
87
95
115
88
107
139
150
186
142
156
154
133
111
167
174
139
168
156
154
144
190
207
188
187
183
194
191
169
192
189
200
219
231
230
190
224
197
211
220
196
199
225
208
223
202
196
214
199
197
203
204
176
199
170
172
158
166
197
175
135
168
140
133
190
170
149
136
120
166
201
108
130
149
92
127
124
83
94
85
58
112
90
99
141
87
40
44
76
69
78
33
42
52
5
-18
20
46
11
24
5
-37
-5
19
29
29
34
26
50
18
6
55
47
40
59
65
8
43
31
21
17
-6
-3
-9
4
-7
11
20
42
34
33
62
70
100
85
77
88
71
74
100
99
154
135
111
126
141
157
136
158
159
227
176
169
190
179
167
197
196
212
176
204
236
207
209
176
202
211
234
250
269
252
248
270
243
257
288
298
316
286
296
299
328
301
285
292
278
285
307
276
293
293
285
321
341
355
331
353
335
346
356
364
370
381
408
363
371
352
350
346
363
340
321
313
309
345
355
364
357
339
329
363
312
336
324
314
296
316
298
298
308
259
281
267
296
289
280
261
286
290
249
231
256
246
264
267
243
276
257
270
273
263
264
231
235
243
238
213
199
197
178
186
178
184
144
145
136
123
157
156
111
166
145
164
169
146
144
147
166
149
142
143
131
137
177
166
150
159
206
209
209
192
183
196
238
246
256
261
211
252
241
221
254
250
272
275
277
257
291
282
315
324
251
311
268
274
283
283
300
280
308
260
211
279
251
285
300
277
304
288
311
289
290
302
287
276
303
290
297
350
290
308
297
296
305
289
301
304
315
285
309
309
288
291
308
313
287
232
222
216
235
259
248
227
224
218
245
235
233
247
239
170
209
193
178
144
107
122
116
88
103
132
90
78
92
143
134
114
96
136
146
87
44
94
91
60
73
77
75
86
94
66
56
60
66
65
88
84
80
124
76
87
53
31
24
-3
4
-6
15
3
-19
-34
-19
-7
-10
-12
-38
-20
-16
-37
-51
-59
-64
-66
-82
-100
-92
-104
-55
-64
-110
-76
-90
-21
-19
-64
-34
-42
-36
-48
-49
-41
-65
-59
-87
-95
-47
-54
-53
-33
-47
-47
-8
-30
-27
0
-31
4
-26
-58
-46
-67
-61
-54
-104
-75
-24
-28
-69
-56
-31
10
12
7
33
-12
-23
-4
-19
-6
-22
-55
-53
-60
-20
-43
-17
-27
-47
-29
-17
-21
-42
-49
-37
-15
-46
5
-17
-35
-64
-80
-47
-31
-102
-85
-13
-47
-40
-37
-29
-34
-22
-36
-11
17
-10
0
3
7
-14
-43
-36
-45
-33
-52
-50
-41
-59
-64
-70
-67
-66
-112
-121
-92
-107
-78
-67
-99
-121
-107
-105
-110
-98
-124
-121
-72
-39
-110
-98
-107
-132
-77
-68
-111
-149
-201
-201
-168
-181
-168
-205
-164
-185
-226
-220
-195
-199
-208
-196
-225
-270
-279
-279
-248
-235
-268
-260
-283
-320
-283
-267
-293
-249
-246
-277
-239
-265
-270
-275
-285
-283
-290
-308
-281
-271
-282
-273
-256
-262
-262
-242
-225
-205
-213
-212
-209
-169
-180
-201
-216
-201
-198
-182
-171
-211
-192
-227
-225
-193
-180
-132
-127
-135
-118
-142
-140
-119
-146
-144
-85
-85
-133
-98
-82
-113
-118
-108
-73
-89
-74
-62
-75
-68
-67
-55
-32
-69
-28
-37
-49
2
-22
-24
-29
-22
-68
-47
-44
-12
11
-19
-31
-8
10
-31
-5
-13
-29
-40
-57
-30
-73
-84
-30
-72
-41
-58
-63
-89
-88
-83
-79
-57
-94
-117
-96
-122
-125
-135
-177
-178
-163
-126
-87
-112
-114
-74
-124
-121
-118
-130
-105
-130
-136
-109
-116
-97
-125
-133
-116
-100
-112
-147
-119
-150
-145
-167
-180
-193
-198
-220
-199
-168
-215
-208
-208
-180
-181
-186
-192
-209
-200
-230
-224
-210
-227
-226
-220
-227
-212
-226
-223
-206
-243
-229
-213
-213
-224
-242
-209
-224
-209
-216
-167
-176
-191
-180
-182
-166
-135
-159
-159
-164
-169
-145
-159
-153
-158
-165
-138
-139
-181
-164
-190
-178
-146
-160
-203
-176
-174
-154
-133
-134
-144
-197
-169
-165
-121
-88
-140
-142
-110
-99
-121
-93
-92
-116
-95
-79
-108
-127
-74
-69
-51
-56
-41
-63
-70
-51
-78
-66
-57
-21
-60
-55
-22
-41
-51
-89
-33
19
2
1
-23
-25
-32
2
9
-15
-55
-70
-31
-24
-9
-18
-43
-64
-54
-105
-69
-70
-96
-106
-114
-93
-109
-116
-133
-120
-73
-101
-115
-130
-114
-67
-96
-125
-92
-107
-121
-102
-141
-170
-172
-147
-133
-162
-210
-170
-173
-185
-173
-210
-175
-190
-207
-164
-167
-157
-199
-218
-188
-221
-276
-270
-267
-263
-258
-248
-249
-236
-225
-272
-270
-250
-293
-242
-233
-255
-250
-233
-247
-264
-281
-259
-243
-248
-208
-252
-236
-245
-209
-210
-217
-192
-198
-177
-175
-189
-216
-179
-165
-176
-168
-172
-182
-208
-187
-163
-146
-124
-143
-146
-139
-153
-95
-105
-105
-99
-127
-131
-157
-151
-144
-122
-136
-148
-106
-96
-119
-106
-95
-129
-102
-80
-58
-35
-43
-52
-9
-24
-44
6
0
28
9
26
7
14
16
-3
24
18
17
13
-18
-15
2
26
-2
-46
-25
-29
-48
-29
24
2
-21
-37
-83
2
-32
-38
-40
-51
-42
-40
-35
-100
-90
-68
-86
-78
-91
-97
-72
-86
-84
-55
-46
-45
-63
-50
-92
-117
-86
-91
-116
-136
-154
-179
-135
-131
-144
-142
-138
-119
-143
-134
-146
-157
-186
-196
-184
-189
-168
-205
-205
-214
-240
-231
-237
-223
-253
-245
-281
-239
-246
-253
-245
-251
-246
-243
-280
-268
-221
-276
-231
-254
-248
-257
-263
-217
-193
-150
-197
-179
-166
-152
-163
-186
-152
-164
-175
-140
-138
-130
-154
-175
-136
-175
-160
-177
-196
-214
-173
-127
-155
-137
-168
-137
-144
-149
-143
-169
-120
-131
-115
-111
-123
-105
-78
-105
-119
-121
-94
-76
-101
-97
-59
-69
-78
-61
-66
-42
-36
-55
-22
-15
-13
-21
7
4
-22
23
44
70
2
-17
53
19
9
-3
23
51
3
27
36
15
-8
30
32
10
17
6
26
27
13
-7
-11
12
2
12
18
8
-2
3
10
1
6
-28
2
-4
-24
-38
12
-53
-64
-12
-70
-32
-27
-63
-63
-65
-81
-76
-62
-65
-84
-26
-28
-46
2
-54
-87
-69
-94
-77
-103
-130
-141
-117
-132
-149
-140
-135
-160
-177
-170
-172
-139
-151
-160
-150
-160
-158
-166
-161
-176
-138
-129
-122
-110
-169
-156
-131
-141
-103
-106
-120
-122
-113
-127
-114
-133
-111
-87
-95
-72
-77
-31
-52
-31
-101
-84
-28
-41
-47
-38
-29
-44
-55
-40
-15
-35
-23
-53
-10
4
-15
16
-7
9
-2
12
19
25
8
28
5
-3
3
9
-13
-50
54
46
6
19
27
40
60
46
24
50
39
8
42
65
47
39
30
43
53
62
91
70
36
38
42
41
22
75
41
43
49
22
44
58
31
11
24
-6
27
11
16
12
39
70
26
67
46
10
49
0
7
37
34
44
27
0
-12
-2
-21
-7
19
-12
-8
-40
-38
-8
-52
-43
-21
-15
-33
-4
-57
-55
-54
-83
-63
-70
-109
-100
-71
-97
-96
-98
-94
-95
-118
-104
-94
-89
-133
-136
-139
-132
-137
-155
-140
-165
-155
-177
-198
-198
-226
-198
-191
-181
-158
-153
-190
-199
-184
-183
-169
-188
-193
-173
-169
-212
-230
-208
-175
-156
-137
-149
-177
-159
-132
-95
-72
-100
-86
-92
-105
-117
-106
-123
-134
-103
-108
-72
-81
-77
-120
-108
-74
-102
-90
-90
-61
-47
-36
-37
-7
19
25
20
-8
-38
-12
31
28
33
12
84
84
-1
27
48
47
43
68
60
67
49
31
32
85
84
85
49
57
78
30
55
48
88
98
44
58
80
69
100
89
100
33
70
102
76
76
88
64
70
81
85
50
20
51
41
46
22
8
-17
-20
-12
-32
1
17
15
-18
-4
3
-14
-13
-29
8
-33
-57
-41
-68
-44
-67
-99
-126
-84
-52
-120
-94
-102
-91
-132
-126
-95
-86
-121
-94
-119
-139
-136
-172
-155
-175
-166
-151
-142
-142
-154
-189
-179
-195
-148
-190
-182
-155
-155
-156
-189
-175
-141
-154
-162
-150
-144
-150
-172
-203
-153
-160
-157
-154
-166
-146
-136
-133
-122
-128
-159
-132
-122
-97
-81
-139
-105
-125
-142
-113
-80
-74
-65
-84
-82
-81
-65
-74
-80
-49
-48
-38
-104
-81
-73
-56
-29
-34
-25
5
21
-5
44
49
-11
1
23
12
11
16
-24
-17
6
35
14
24
12
55
43
45
26
35
51
99
67
42
45
26
46
25
40
27
47
45
56
4
44
66
64
56
50
53
49
90
91
81
76
106
95
57
84
86
60
80
75
72
62
105
102
46
57
23
59
37
37
38
30
64
53
53
8
0
-4
5
1
28
52
-8
-44
-55
-82
-101
-78
-77
-76
-110
-91
-78
-78
-39
-78
-73
-100
-118
-108
-107
-94
-121
-118
-92
-105
-114
-128
-123
-68
-68
-84
-61
-40
-95
-86
-91
-100
-81
-99
-119
-106
-75
-84
-120
-108
-66
-79
-89
-57
-45
-50
-52
-91
-94
-50
-91
-87
-62
-80
-69
-61
-80
-52
-20
-11
3
15
28
-27
1
-36
-25
-24
-30
-6
-7
5
7
51
5
35
20
49
49
84
55
58
63
35
93
125
128
97
108
96
141
133
118
119
89
78
91
114
158
152
160
141
143
118
125
123
132
114
124
129
122
166
104
114
137
153
108
112
116
122
101
95
101
81
97
74
104
85
97
101
91
116
98
74
67
60
70
45
82
47
58
44
21
32
57
37
20
45
-42
7
-28
-23
-17
-40
-22
-33
-59
-37
-27
-57
-48
-77
-91
-81
-64
-73
-83
-81
-114
-69
-84
-93
-99
-67
-100
-80
-77
-92
-41
-60
-54
-32
-37
-70
-88
-53
-91
-78
-62
-88
-88
-78
-61
-59
-47
-70
-92
-112
-117
-87
-93
-75
-111
-76
-103
-83
-67
-71
-49
-109
-109
-80
-102
-100
-88
-123
-129
-102
-122
-104
-78
-69
-62
-84
-72
-63
-50
-54
-38
-41
-64
-61
-79
-99
-65
-41
-26
-37
-9
2
-31
-30
-44
-59
-49
-3
-22
7
5
-23
15
12
13
19
11
42
48
68
66
31
34
32
46
57
88
77
85
106
77
83
78
101
133
111
166
99
100
103
114
81
78
153
94
74
36
84
98
71
85
77
109
83
101
75
86
89
66
69
84
80
26
46
64
66
57
64
72
62
50
23
16
46
-11
-17
-24
-28
2
-9
-28
-35
-26
4
-35
-69
-62
-24
-32
-42
-64
-39
-59
-77
-86
-71
-61
-96
-89
-109
-89
-65
-106
-90
-97
-143
-139
-158
-134
-158
-140
-145
-124
-150
-165
-155
-166
-153
-134
-137
-151
-116
-134
-129
-158
-141
-180
-139
-125
-149
-116
-126
-98
-94
-62
-88
-88
-76
-108
-126
-103
-66
-52
-45
-91
-108
-118
-40
-19
-35
-49
-54
-39
-40
-33
-5
23
24
20
37
56
24
16
13
13
58
58
52
68
74
77
61
96
112
98
123
122
92
107
157
118
111
81
107
106
98
108
118
130
121
138
156
124
121
148
128
118
76
102
141
146
138
128
108
98
125
140
139
119
121
116
94
124
93
112
143
80
112
127
90
76
102
66
22
37
6
26
20
20
19
26
29
-15
-9
7
27
12
29
-33
-28
-47
-43
7
-30
-10
-15
-53
-42
-37
-12
-55
-55
-42
-51
-51
-42
-61
-65
-56
-73
-89
-83
-82
-125
-87
-74
-80
-60
-58
-61
-74
-63
-82
-87
-101
-89
-85
-111
-112
-121
-92
-101
-103
-119
-101
-52
-72
-64
-100
-86
-96
-91
-75
-88
-74
-72
-63
-67
-29
-31
-22
0
-23
-39
-26
-5
-56
-25
10
-10
-3
-16
-19
-5
25
33
62
25
48
43
40
57
34
63
81
103
75
91
89
108
115
92
89
133
147
122
115
97
137
134
145
150
134
152
143
151
133
99
153
122
109
115
123
155
120
138
128
146
139
155
180
153
132
131
157
156
205
182
141
144
176
168
144
123
146
116
92
149
102
94
129
141
75
59
101
62
63
99
119
108
64
58
34
31
8
44
19
40
36
35
18
15
-5
-13
10
-56
-27
-49
-61
-65
-62
-53
-46
-61
-56
-55
-26
-54
-76
-45
-28
-54
-116
-86
-100
-109
-96
-113
-118
-143
-155
-148
-122
-125
-165
-199
-192
-201
-217
-235
-256
-351
-458
-571
-778
-934
-1178
-1382
-1647
-1897
-2129
-2308
-2472
-2527
-2529
-2487
-2380
-2233
-2011
-1766
-1449
-1148
-853
-613
-344
-82
104
296
456
570
602
642
752
817
838
869
855
878
954
993
1037
1094
1057
1082
1086
1041
1036
881
729
462
242
-20
-254
-512
-780
-984
-1109
-1143
-1169
-1049
-944
-736
-488
-188
190
582
992
1321
1610
1901
2148
2355
2526
2611
2639
2583
2524
2471
2416
2345
2172
2096
1968
1878
1796
1707
1550
1397
1288
1038
807
533
208
-171
-592
-1032
-1489
-1909
-2309
-2704
-3079
-3414
-3657
-3858
-3980
-4013
-4034
-3988
-3880
-3697
-3446
-3215
-2940
-2686
-2393
-2098
-1847
-1568
-1326
-1090
-891
-665
-417
-181
79
360
590
849
1139
1430
1784
2039
2267
2506
2707
2899
3056
3110
3201
3294
3262
3224
3241
3201
3232
3239
3302
3357
3559
3805
4169
4441
4519
4477
4367
4342
4142
3777
3211
2540
1757
1020
167
-627
-1333
-2075
-2802
-3405
-3806
-3916
-4014
-4017
-3972
-3835
-3580
-3286
-2899
-2569
-2295
-2125
-1976
-1889
-1777
-1630
-1621
-1599
-1638
-1545
-1307
-1019
-704
-437
-29
389
879
1364
1899
2351
2625
2756
2760
2740
2615
2303
1835
1226
614
-21
-648
-1250
-1826
-2367
-2861
-3240
-3408
-3472
-3443
-3375
-3341
-3277
-3092
-2873
-2683
-2535
-2523
-2533
-2539
-2555
-2537
-2476
-2474
-2458
-2376
-2108
-1739
-1262
-805
-348
231
943
1607
2295
2914
3460
3902
4284
4575
4831
5068
5158
5204
5213
5313
5449
5665
5904
6093
6175
6149
6057
6019
5875
5543
4999
4308
3528
2696
1772
780
-245
-1242
-2258
-3176
-3931
-4462
-4915
-5265
-5487
-5620
-5561
-5372
-5066
-4758
-4499
-4219
-3870
-3574
-3210
-2859
-2562
-2326
-2134
-1962
-1654
-1264
-916
-562
-187
217
610
1068
1537
1887
2128
2257
2409
2480
2460
2278
1927
1494
1010
485
-51
-577
-1138
-1716
-2238
-2741
-3072
-3298
-3458
-3566
-3659
-3654
-3589
-3407
-3226
-3089
-2946
-2760
-2629
-2422
-2174
-1990
-1744
-1493
-1291
-957
-531
-80
360
805
1343
1925
2560
3148
3758
4318
4853
5387
5936
6470
6991
7462
7836
8107
8140
8129
7947
7677
7240
6576
5770
4813
3787
2748
1652
583
-437
-1479
-2378
-3117
-3686
-4114
-4449
-4717
-4914
-4989
-5001
-4907
-4839
-4775
-4686
-4689
-4604
-4506
-4402
-4245
-4116
-3875
-3634
-3288
-2805
-2224
-1608
-986
-310
335
1040
1670
2275
2710
3071
3234
3277
3214
3048
2755
2254
1730
1145
569
-15
-589
-1137
-1637
-2056
-2387
-2603
-2760
-2895
-2996
-3045
-3081
-3024
-3005
-3020
-3026
-3105
-3101
-3103
-3059
-2989
-2884
-2705
-2441
-2096
-1667
-1111
-467
206
909
1598
2327
3090
3780
4411
4937
5443
5917
6374
6769
7138
7464
7783
8112
8295
8346
8231
8010
7767
7260
6656
5856
4912
3857
2782
1630
507
-613
-1729
-2731
-3660
-4394
-4946
-5399
-5792
-6075
-6162
-6167
-6018
-5867
-5705
-5482
-5290
-5065
-4885
-4625
-4350
-4109
-3830
-3473
-3067
-2608
-2032
-1409
-831
-211
426
1065
1671
2296
2752
3084
3246
3357
3372
3216
2937
2488
1916
1363
731
117
-486
-1095
-1649
-2189
-2641
-2929
-3108
-3283
-3434
-3561
-3599
-3583
-3508
-3485
-3439
-3411
-3369
-3293
-3199
-3007
-2788
-2538
-2224
-1839
-1361
-773
-118
517
1197
1862
2597
3225
3878
4543
5111
5605
6075
6556
7028
7445
7859
8290
8614
8968
9127
9213
8962
8671
8242
7608
6688
5640
4501
3280
2034
752
-433
-1647
-2713
-3698
-4557
-5161
-5610
-5922
-6149
-6261
-6233
-6098
-5934
-5750
-5522
-5324
-5143
-5001
-4817
-4584
-4342
-4105
-3867
-3533
-3045
-2519
-1907
-1282
-558
203
866
1607
2284
2898
3368
3613
3778
3789
3642
3345
2953
2376
1668
1026
304
-396
-1067
-1673
-2257
-2741
-3106
-3345
-3500
-3621
-3686
-3724
-3643
-3606
-3566
-3483
-3441
-3433
-3425
-3335
-3262
-3136
-2942
-2680
-2388
-2024
-1477
-876
-210
416
1077
1798
2503
3168
3845
4414
4949
5389
5797
6255
6634
7112
7484
7860
8281
8616
8906
8997
8891
8587
8182
7619
6877
5886
4808
3674
2469
1190
9
-1158
-2287
-3277
-4202
-4922
-5368
-5698
-5935
-6077
-6094
-5983
-5765
-5615
-5387
-5135
-4932
-4760
-4613
-4365
-4114
-3870
-3646
-3349
-2956
-2493
-1898
-1301
-722
44
723
1384
2086
2714
3201
3579
3751
3854
3774
3550
3240
2665
2099
1495
785
69
-591
-1216
-1810
-2311
-2748
-2991
-3151
-3277
-3331
-3382
-3304
-3174
-3049
-2953
-2850
-2763
-2669
-2579
-2486
-2324
-2126
-1922
-1654
-1342
-944
-478
59
618
1188
1813
2415
3024
3547
4131
4653
5163
5616
6133
6681
7173
7662
8052
8426
8790
9001
9012
8743
8378
7909
7260
6478
5449
4321
3125
1924
635
-550
-1645
-2654
-3588
-4461
-5130
-5590
-5869
-6113
-6245
-6231
-6176
-6073
-5995
-5776
-5620
-5504
-5417
-5364
-5128
-4919
-4713
-4462
-4169
-3743
-3195
-2613
-1934
-1202
-498
296
956
1583
2205
2745
3088
3242
3256
3190
2950
2576
2082
1464
863
209
-461
-1079
-1619
-2130
-2575
-2919
-3148
-3256
-3338
-3349
-3362
-3294
-3161
-3102
-3014
-2928
-2821
-2746
-2659
-2556
-2418
-2228
-1996
-1744
-1458
-996
-516
40
599
1183
1795
2434
3065
3654
4275
4877
5431
5948
6479
7010
7501
7897
8254
8625
8908
9094
9091
8891
8542
8156
7569
6792
5826
4790
3652
2469
1265
153
-927
-1966
-2875
-3782
-4506
-4947
-5272
-5525
-5740
-5789
-5755
-5689
-5540
-5422
-5220
-5092
-4942
-4822
-4644
-4390
-4166
-3924
-3620
-3230
-2679
-2156
-1570
-922
-265
403
1013
1633
2217
2662
3025
3159
3202
3159
2957
2680
2181
1630
1100
437
-186
-770
-1275
-1763
-2256
-2603
-2872
-3014
-3134
-3152
-3176
-3115
-3076
-2977
-2901
-2853
-2751
-2695
-2580
-2526
-2390
-2164
-1916
-1725
-1477
-1044
-615
-187
290
838
1358
1905
2402
2993
3557
4141
4665
5135
5710
6221
6747
7220
7609
8009
8328
8562
8610
8539
8235
7855
7375
6678
5857
4859
3784
2711
1596
412
-589
-1628
-2562
-3403
-4174
-4731
-5093
-5375
-5607
-5732
-5745
-5714
-5630
-5523
-5365
-5202
-5137
-5024
-4894
-4665
-4432
-4160
-3894
-3568
-3104
-2623
-2080
-1486
-808
-140
523
1106
1711
2227
2646
2926
3017
3041
2953
2689
2328
1855
1316
768
122
-424
-952
-1480
-1923
-2299
-2630
-2825
-2933
-3021
-3025
-3005
-2967
-2859
-2796
-2684
-2585
-2507
-2435
-2278
-2106
-1982
-1781
-1600
-1356
-1052
-659
-243
215
694
1200
1731
2310
2837
3393
3953
4467
4921
5423
5897
6371
6839
7263
7643
7984
8328
8505
8575
8503
8242
7876
7335
6664
5859
4912
3909
2815
1715
599
-441
-1436
-2407
-3272
-3958
-4504
-4957
-5315
-5539
-5634
-5648
-5616
-5523
-5412
-5309
-5204
-5111
-4998
-4845
-4640
-4440
-4243
-3996
-3644
-3184
-2747
-2244
-1665
-1068
-451
164
708
1269
1725
2109
2328
2410
2470
2368
2141
1762
1335
845
309
-212
-767
-1333
-1802
-2260
-2611
-2829
-3049
-3179
-3237
-3320
-3239
-3160
-3078
-2978
-2816
-2706
-2625
-2442
-2336
-2154
-2000
-1812
-1583
-1324
-1053
-732
-370
2
443
900
1384
1850
2354
2833
3303
3794
4252
4684
5145
5603
6067
6509
6945
7305
7631
7971
8147
8053
7823
7405
6937
6462
5691
4760
3714
2676
1664
664
-358
-1259
-2135
-2887
-3569
-4122
-4350
-4539
-4717
-4860
-4901
-4884
-4731
-4642
-4566
-4474
-4427
-4350
-4319
-4142
-3937
-3808
-3638
-3395
-3041
-2507
-1963
-1398
-854
-273
368
934
1457
1976
2305
2515
2602
2660
2603
2401
2070
1599
1078
556
25
-479
-1012
-1545
-1961
-2347
-2679
-2878
-3000
-3067
-3114
-3145
-3124
-3029
-2922
-2868
-2812
-2710
-2629
-2528
-2434
-2315
-2165
-2051
-1924
-1765
-1472
-1195
-881
-562
-246
180
619
1132
1575
2049
2572
2996
3419
3804
4190
4504
4780
5010
5222
5481
5720
5992
6226
6468
6587
6627
6547
6449
6267
5913
5460
4814
4133
3424
2672
1795
923
53
-746
-1515
-2250
-2800
-3266
-3735
-4080
-4321
-4488
-4497
-4442
-4388
-4246
-4106
-3919
-3755
-3620
-3361
-3171
-2975
-2728
-2500
-2166
-1770
-1433
-1051
-690
-294
147
556
998
1320
1581
1822
1960
2057
2122
2046
1875
1568
1220
904
498
52
-443
-910
-1364
-1747
-2084
-2320
-2560
-2755
-2877
-2977
-2935
-2835
-2752
-2665
-2598
-2468
-2315
-2172
-1980
-1806
-1650
-1507
-1351
-1193
-956
-779
-576
-363
-112
266
592
985
1371
1798
2278
2782
3229
3687
4131
4534
4878
5208
5539
5873
6188
6471
6700
6911
7029
7034
6954
6809
6613
6231
5745
5185
4535
3855
3108
2307
1522
677
-151
-895
-1593
-2189
-2742
-3154
-3497
-3800
-3956
-4086
-4148
-4141
-4116
-4106
-4034
-3923
-3774
-3613
-3444
-3252
-2991
-2732
-2438
-2017
-1634
-1276
-791
-331
169
626
1076
1496
1782
2024
2184
2256
2223
2143
1954
1677
1352
968
564
152
-280
-719
-1140
-1541
-1844
-2162
-2373
-2557
-2704
-2784
-2831
-2842
-2848
-2810
-2743
-2694
-2608
-2511
-2372
-2168
-2018
-1877
-1679
-1465
-1215
-969
-745
-463
-159
109
442
791
1167
1578
1957
2331
2740
3139
3516
3910
4246
4543
4873
5191
5451
5747
6048
6302
6605
6804
6869
6916
6886
6784
6545
6154
5687
5145
4417
3687
2865
2081
1253
365
-366
-1129
-1773
-2280
-2793
-3180
-3463
-3668
-3831
-3875
-3827
-3796
-3738
-3681
-3544
-3414
-3265
-3062
-2940
-2780
-2535
-2295
-2022
-1670
-1335
-952
-512
-87
342
760
1213
1609
1869
2097
2247
2281
2299
2181
1958
1648
1282
878
462
-8
-474
-919
-1367
-1738
-2057
-2295
-2536
-2734
-2853
-2919
-2969
-2966
-2951
-2914
-2847
-2775
-2652
-2507
-2366
-2187
-2031
-1836
-1699
-1503
-1242
-1048
-809
-576
-318
-51
232
560
888
1220
1543
1891
2240
2560
2898
3207
3539
3816
4090
4381
4650
4928
5202
5498
5760
5975
6168
6262
6315
6272
6114
5857
5451
4973
4378
3699
3025
2268
1505
730
-21
-744
-1422
-1980
-2457
-2858
-3246
-3464
-3682
-3766
-3774
-3778
-3718
-3673
-3549
-3428
-3300
-3133
-2964
-2820
-2563
-2357
-2144
-1842
-1483
-1168
-768
-408
-2
413
790
1201
1443
1687
1895
2012
2013
1925
1804
1601
1300
978
619
197
-210
-647
-1060
-1470
-1851
-2124
-2370
-2569
-2756
-2871
-2930
-2977
-2973
-2944
-2884
-2811
-2693
-2539
-2421
-2257
-2084
-1893
-1737
-1500
-1321
-1069
-862
-681
-464
-269
-11
211
495
837
1112
1442
1803
2142
2503
2841
3151
3444
3766
4013
4268
4488
4724
4981
5232
5519
5673
5800
5853
5791
5741
5563
5319
4907
4441
3859
3244
2606
1864
1165
382
-353
-1044
-1725
-2225
-2732
-3159
-3532
-3793
-3988
-4125
-4185
-4194
-4168
-4119
-4019
-3924
-3771
-3622
-3468
-3308
-3131
-2936
-2650
-2338
-2006
-1665
-1325
-983
-613
-263
100
425
658
844
956
1014
1057
959
803
628
296
13
-353
-685
-1054
-1420
-1794
-2147
-2447
-2730
-2935
-3144
-3234
-3334
-3383
-3394
-3369
-3335
-3280
-3199
-3046
-2887
-2742
-2567
-2436
-2245
-2076
-1860
-1701
-1528
-1309
-1148
-953
-724
-466
-243
4
332
660
1010
1348
1669
2039
2360
2613
2960
3262
3526
3744
4044
4256
4515
4759
4945
5111
5150
5193
5111
5053
4870
4588
4228
3760
3230
2651
1976
1341
667
-18
-692
-1363
-1924
-2460
-2928
-3298
-3589
-3888
-4056
-4106
-4113
-4114
-4073
-4002
-3904
-3755
-3611
-3411
-3231
-3074
-2838
-2589
-2337
-2026
-1686
-1417
-1058
-712
-400
-84
213
461
657
787
855
938
898
794
574
372
76
-263
-545
-900
-1302
-1654
-1977
-2277
-2512
-2736
-2930
-3094
-3222
-3341
-3309
-3294
-3226
-3178
-3096
-2956
-2825
-2666
-2438
-2255
-2056
-1889
-1708
-1465
-1307
-1096
-908
-755
-567
-354
-120
148
417
753
981
1302
1660
2031
2375
2716
3014
3277
3607
3809
4056
4310
4511
4710
4901
5048
5091
5125
5037
4948
4707
4380
3999
3518
2994
2370
1768
1132
476
-265
-915
-1499
-1967
-2421
-2809
-3091
-3376
-3505
-3563
-3607
-3588
-3542
-3458
-3375
-3245
-3114
-2990
-2832
-2666
-2448
-2263
-2000
-1693
-1410
-1091
-774
-367
-5
392
700
977
1227
1410
1482
1552
1601
1483
1327
1117
822
479
147
-210
-513
-911
-1207
-1541
-1855
-2064
-2263
-2426
-2531
-2599
-2689
-2654
-2642
-2568
-2448
-2312
-2234
-2074
-1931
-1769
-1601
-1427
-1226
-1027
-869
-739
-587
-426
-257
-6
184
353
593
849
1088
1363
1627
1909
2167
2422
2661
2861
3097
3279
3484
3616
3790
3936
4112
4317
4467
4642
4765
4835
4852
4813
4680
4485
4259
3896
3509
3008
2475
1949
1359
742
174
-402
-968
-1450
-1859
-2250
-2629
-2877
-3073
-3170
-3171
-3188
-3161
-3116
-3002
-2909
-2778
-2594
-2407
-2246
-2111
-1931
-1716
-1480
-1249
-1051
-848
-641
-440
-247
-35
135
237
303
369
415
387
361
241
80
-68
-274
-473
-749
-1039
-1349
-1606
-1848
-2078
-2315
-2518
-2615
-2804
-2890
-2886
-2837
-2791
-2720
-2586
-2418
-2240
-2035
-1817
-1631
-1418
-1269
-1162
-1037
-862
-754
-659
-538
-395
-237
-85
95
321
573
898
1214
1601
1940
2270
2598
2867
3090
3384
3623
3840
4099
4275
4460
4617
4782
4811
4823
4748
4663
4536
4313
4005
3620
3198
2714
2212
1664
1155
577
44
-473
-968
-1370
-1787
-2095
-2396
-2628
-2801
-2961
-2983
-2997
-3001
-2935
-2854
-2779
-2637
-2457
-2290
-2081
-1879
-1669
-1392
-1146
-870
-620
-420
-166
85
300
473
597
708
775
821
834
808
702
532
356
133
-104
-379
-617
-937
-1251
-1497
-1750
-1948
-2159
-2310
-2462
-2582
-2608
-2611
-2565
-2485
-2390
-2266
-2180
-1975
-1754
-1567
-1420
-1262
-1134
-1000
-846
-727
-601
-481
-359
-209
-16
188
418
664
914
1229
1534
1786
2110
2428
2659
2916
3139
3369
3552
3782
4002
4141
4361
4529
4652
4715
4731
4745
4675
4494
4243
3900
3524
3075
2575
2084
1518
988
404
-129
-651
-1110
-1489
-1887
-2184
-2462
-2645
-2764
-2824
-2825
-2830
-2812
-2749
-2672
-2569
-2482
-2352
-2229
-2078
-1889
-1673
-1432
-1246
-999
-752
-537
-299
-63
151
380
558
659
800
864
900
854
724
571
427
177
-88
-341
-608
-877
-1161
-1401
-1644
-1827
-2046
-2178
-2237
-2312
-2285
-2249
-2214
-2152
-2062
-1945
-1805
-1640
-1505
-1366
-1228
-1096
-1020
-946
-869
-758
-683
-581
-441
-314
-126
102
349
631
906
1179
1473
1754
2024
2304
2495
2749
2937
3144
3333
3512
3697
3856
4093
4230
4362
4417
4470
4431
4385
4289
4062
3724
3376
2931
2429
1922
1372
808
231
-287
-824
-1288
-1738
-2115
-2386
-2631
-2807
-2952
-3033
-3079
-3090
-3071
-3050
-2980
-2917
-2848
-2766
-2656
-2509
-2365
-2206
-2047
-1832
-1598
-1394
-1187
-945
-692
-446
-257
-84
22
104
152
175
176
113
-21
-174
-353
-562
-822
-1045
-1253
-1520
-1751
-1945
-2071
-2238
-2347
-2409
-2415
-2385
-2301
-2216
-2174
-2006
-1896
-1780
-1603
-1459
-1318
-1166
-1040
-918
-829
-713
-625
-534
-385
-251
-106
97
329
593
887
1147
1449
1767
2048
2291
2589
2828
3056
3301
3528
3774
3976
4186
4374
4586
4758
4875
4933
4932
4893
4788
4589
4280
3946
3551
3058
2594
2096
1575
1047
467
-75
-554
-1002
-1368
-1703
-2015
-2283
-2433
-2515
-2629
-2667
-2663
-2677
-2644
-2531
-2442
-2325
-2235
-2118
-1980
-1827
-1640
-1435
-1213
-945
-682
-414
-165
37
248
422
534
626
692
712
683
630
482
340
186
-92
-348
-603
-849
-1087
-1336
-1604
-1775
-1956
-2087
-2181
-2290
-2314
-2326
-2303
-2305
-2245
-2148
-2062
-1953
-1807
-1692
-1592
-1458
-1420
-1300
-1208
-1116
-1046
-931
-790
-687
-525
-318
-58
155
462
731
1020
1379
1656
1949
2242
2533
2813
3053
3292
3506
3762
3987
4211
4354
4443
4521
4570
4525
4414
4246
3973
3583
3111
2536
1972
1418
760
182
-450
-1035
-1524
-1942
-2295
-2587
-2780
-3005
-3108
-3094
-3041
-2912
-2844
-2764
-2652
-2484
-2328
-2201
-2018
-1867
-1731
-1542
-1317
-1075
-815
-558
-249
20
307
651
956
1192
1387
1547
1623
1579
1587
1498
1333
1073
727
402
60
-283
-608
-948
-1319
-1607
-1775
-1977
-2119
-2228
-2303
-2312
-2281
-2222
-2147
-1994
-1914
-1834
-1672
-1550
-1392
-1280
-1214
-1104
-999
-941
-875
-749
-653
-513
-372
-202
67
362
586
792
1085
1383
1587
1805
2070
2239
2377
2471
2565
2712
2829
2932
3083
3233
3432
3599
3813
3951
4024
4129
4184
4173
4056
3923
3695
3351
2976
2556
2047
1593
1003
451
-68
-607
-1000
-1433
-1784
-2085
-2300
-2448
-2579
-2605
-2615
-2613
-2614
-2506
-2377
-2275
-2166
-2048
-1917
-1826
-1722
-1571
-1429
-1270
-1070
-937
-734
-511
-351
-212
-64
72
180
297
317
308
277
211
47
-111
-276
-501
-709
-990
-1248
-1470
-1690
-1904
-2073
-2215
-2348
-2387
-2433
-2402
-2400
-2392
-2295
-2171
-2139
-2056
-1868
-1750
-1621
-1542
-1434
-1329
-1242
-1179
-1084
-1023
-960
-808
-652
-421
-190
84
375
681
971
1281
1615
1890
2175
2400
2642
2896
3107
3328
3563
3746
3947
4121
4252
4337
4348
4296
4204
4044
3797
3495
3080
2642
2187
1696
1168
597
107
-405
-869
-1344
-1797
-2123
-2436
-2689
-2873
-2988
-3059
-3098
-3114
-3077
-3043
-3006
-2951
-2819
-2671
-2554
-2327
-2131
-1948
-1751
-1536
-1274
-1058
-812
-555
-374
-131
92
263
381
466
479
472
375
223
61
-114
-349
-594
-852
-1113
-1355
-1647
-1824
-2010
-2231
-2369
-2430
-2556
-2599
-2569
-2542
-2525
-2464
-2356
-2305
-2217
-2119
-1994
-1915
-1831
-1711
-1580
-1495
-1380
-1242
-1110
-1002
-852
-650
-496
-260
-91
142
399
679
998
1205
1445
1699
1948
2202
2477
2710
2966
3234
3471
3694
3873
4062
4198
4228
4203
4135
3985
3717
3443
3035
2608
2145
1627
1128
601
61
-434
-827
-1280
-1635
-1978
-2183
-2380
-2542
-2630
-2697
-2700
-2705
-2706
-2627
-2589
-2470
-2362
-2316
-2160
-1993
-1862
-1649
-1441
-1214
-981
-729
-454
-191
106
305
536
712
875
979
1033
1102
1007
932
766
573
334
84
-213
-481
-747
-987
-1206
-1445
-1569
-1711
-1756
-1851
-1895
-1859
-1876
-1834
-1730
-1663
-1578
-1498
-1392
-1298
-1195
-1098
-1016
-922
-818
-658
-564
-470
-307
-121
84
284
525
781
1006
1308
1565
1879
2164
2424
2660
2924
3172
3341
3567
3765
3992
4183
4412
4491
4573
4650
4643
4556
4412
4208
3863
3531
3089
2618
2132
1603
1077
557
35
-497
-959
-1355
-1728
-2023
-2254
-2448
-2579
-2622
-2678
-2708
-2704
-2671
-2571
-2502
-2384
-2270
-2189
-2089
-1864
-1673
-1512
-1296
-1102
-842
-614
-344
-49
199
416
650
835
937
1052
1062
1078
1064
935
780
582
344
120
-154
-462
-740
-1066
-1298
-1528
-1738
-1870
-2010
-2059
-2129
-2140
-2139
-2066
-1978
-1954
-1839
-1767
-1629
-1537
-1456
-1323
-1253
-1159
-1070
-959
-877
-735
-581
-357
-143
106
360
622
951
1272
1604
1939
2271
2566
2833
3080
3362
3601
3853
4017
4179
4304
4446
4493
4482
4392
4245
4026
3747
3405
3034
2586
2092
1658
1114
600
115
-409
-909
-1317
-1687
-2025
-2323
-2554
-2784
-2915
-3017
-3101
-3136
-3163
-3155
-3116
-3015
-2956
-2836
-2687
-2538
-2388
-2191
-1936
-1690
-1403
-1145
-828
-569
-361
-51
132
325
454
569
599
566
529
412
266
96
-85
-329
-551
-841
-1054
-1271
-1475
-1614
-1782
-1901
-2028
-2068
-2126
-2138
-2135
-2135
-2095
-2064
-1979
-1940
-1942
-1793
-1696
-1628
-1539
-1423
-1232
-1051
-891
-689
-493
-305
-70
185
485
789
1071
1325
1602
1898
2179
2483
2745
3041
3344
3604
3923
4136
4351
4542
4655
4687
4648
4537
4410
4159
3866
3491
3036
2557
2012
1515
956
420
-110
-580
-1045
-1443
-1770
-2041
-2261
-2472
-2597
-2723
-2771
-2784
-2825
-2765
-2764
-2698
-2638
-2585
-2441
-2368
-2198
-2041
-1822
-1668
-1433
-1171
-885
-567
-256
62
321
586
789
955
1071
1152
1186
1129
1013
856
683
452
249
-6
-270
-548
-747
-954
-1133
-1273
-1461
-1542
-1632
-1718
-1722
-1762
-1712
-1723
-1680
-1568
-1576
-1468
-1386
-1329
-1217
-1187
-1085
-955
-827
-670
-516
-337
-135
157
390
707
1049
1346
1658
2024
2395
2707
3015
3278
3558
3829
4115
4365
4543
4697
4791
4864
4906
4812
4658
4407
4107
3699
3285
2837
2294
1749
1222
612
58
-392
-914
-1346
-1743
-2110
-2362
-2601
-2779
-2913
-3030
-3122
-3144
-3130
-3144
-3091
-3096
-3017
-2929
-2838
-2702
-2506
-2297
-2105
-1825
-1598
-1264
-915
-666
-360
-66
193
417
617
754
841
863
847
762
631
448
270
78
-171
-396
-625
-840
-1078
-1271
-1422
-1539
-1656
-1731
-1774
-1841
-1869
-1860
-1870
-1883
-1834
-1736
-1714
-1646
-1573
-1531
-1411
-1300
-1150
-986
-834
-715
-503
-259
-35
238
513
821
1104
1462
1832
2146
2448
2793
3075
3361
3692
3985
4300
4559
4746
4912
5024
4998
4933
4736
4495
4194
3759
3294
2800
2226
1633
1053
464
-61
-610
-1080
-1485
-1908
-2220
-2475
-2707
-2834
-2945
-3054
-3093
-3143
-3199
-3131
-3095
-3065
-2990
-2928
-2806
-2710
-2541
-2320
-2134
-1912
-1606
-1356
-1000
-678
-369
9
258
495
707
902
1058
1151
1144
1069
991
781
600
414
177
-69
-278
-502
-761
-913
-1073
-1232
-1352
-1433
-1502
-1582
-1616
-1615
-1608
-1608
-1565
-1543
-1463
-1430
-1407
-1408
-1347
-1254
-1259
-1166
-1052
-921
-760
-600
-321
-18
241
550
896
1269
1634
2037
2398
2770
3143
3460
3792
4124
4385
4620
4774
4884
4938
4910
4775
4548
4303
3967
3566
3077
2562
2034
1459
906
329
-184
-670
-1113
-1547
-1983
-2300
-2541
-2793
-2984
-3132
-3278
-3331
-3405
-3430
-3420
-3375
-3370
-3305
-3241
-3122
-2944
-2744
-2519
-2276
-1990
-1631
-1290
-1016
-686
-334
-13
231
459
682
846
919
1005
1001
949
841
678
491
280
71
-147
-348
-600
-762
-911
-1080
-1140
-1234
-1312
-1383
-1445
-1495
-1509
-1499
-1540
-1541
-1552
-1532
-1489
-1462
-1427
-1315
-1220
-1178
-1044
-926
-769
-567
-396
-149
153
475
740
1033
1388
1718
2139
2501
2850
3236
3570
3953
4274
4596
4864
5039
5154
5177
5167
5010
4789
4504
4121
3639
3096
2536
1979
1425
812
232
-330
-806
-1230
-1599
-1981
-2267
-2515
-2702
-2879
-2986
-3056
-3137
-3150
-3176
-3181
-3148
-3117
-3040
-2946
-2856
-2707
-2550
-2306
-2050
-1814
-1515
-1137
-786
-457
-100
224
504
780
894
1089
1212
1268
1247
1112
986
821
644
417
223
-9
-302
-478
-640
-876
-988
-1079
-1135
-1225
-1298
-1267
-1270
-1288
-1257
-1204
-1222
-1210
-1198
-1153
-1124
-1045
-943
-898
-809
-712
-569
-450
-236
-8
251
519
796
1163
1519
1880
2229
2596
3008
3370
3747
4110
4450
4732
4981
5219
5304
5341
5311
5186
4959
4645
4262
3796
3248
2692
2108
1508
902
314
-225
-821
-1269
-1653
-2014
-2344
-2566
-2763
-2926
-3024
-3151
-3191
-3251
-3257
-3280
-3298
-3268
-3246
-3189
-3099
-2954
-2813
-2611
-2281
-2040
-1756
-1381
-1046
-673
-312
43
359
603
834
992
1123
1141
1142
1098
959
808
637
421
156
-128
-341
-555
-742
-924
-1056
-1100
-1210
-1301
-1292
-1319
-1350
-1308
-1316
-1266
-1235
-1227
-1177
-1138
-1079
-1055
-1013
-899
-835
-789
-652
-460
-322
-98
180
428
766
1040
1383
1774
2113
2515
2883
3268
3634
3985
4346
4621
4873
5066
5222
5222
5199
5082
4868
4588
4183
3719
3197
2678
2103
1532
922
342
-191
-698
-1153
-1559
-1894
-2180
-2448
-2699
-2827
-2904
-3022
-3105
-3144
-3178
-3216
-3187
-3169
-3093
-3046
-2917
-2869
-2733
-2485
-2220
-1922
-1626
-1289
-952
-540
-196
148
475
705
909
1106
1221
1294
1271
1163
1054
873
645
443
200
-8
-268
-473
-669
-834
-932
-1049
-1125
-1180
-1191
-1208
-1156
-1136
-1123
-1090
-1131
-1089
-1032
-993
-996
-968
-904
-859
-743
-597
-469
-306
-129
124
420
717
1038
1357
1692
2048
2440
2824
3190
3547
3929
4208
4558
4850
5090
5253
5346
5364
5322
5198
4968
4665
4272
3788
3268
2766
2183
1567
1001
407
-174
-701
-1184
-1565
-1903
-2240
-2568
-2753
-2872
-3018
-3117
-3201
-3223
-3241
-3249
-3256
-3228
-3132
-3062
-2968
-2841
-2665
-2480
-2254
-1927
-1633
-1308
-1001
-656
-272
14
327
561
784
905
1047
1107
1044
938
837
670
433
247
28
-206
-421
-629
-797
-955
-1074
-1139
-1267
-1275
-1290
-1267
-1248
-1251
-1163
-1184
-1129
-1095
-1024
-956
-931
-877
-850
-748
-687
-557
-409
-259
-101
152
430
702
1003
1393
1771
2097
2472
2824
3229
3602
3949
4306
4592
4850
5097
5228
5312
5287
5238
5068
4828
4556
4175
3683
3166
2616
2018
1469
866
266
-247
-723
-1189
-1595
-1944
-2260
-2541
-2731
-2906
-3000
-3075
-3204
-3239
-3220
-3201
-3208
-3122
-3088
-3013
-2871
-2750
-2541
-2336
-2077
-1781
-1563
-1213
-895
-551
-212
74
334
507
682
845
925
948
919
758
623
453
284
45
-178
-422
-656
-922
-1108
-1279
-1325
-1434
-1544
-1576
-1606
-1550
-1516
-1497
-1465
-1427
-1356
-1266
-1239
-1177
-1133
-1080
-1039
-951
-840
-710
-562
-359
-174
53
338
641
971
1243
1600
1895
2306
2699
3023
3394
3720
4074
4370
4619
4840
4979
5013
5012
4929
4758
4537
4178
3701
3208
2686
2140
1505
963
351
-248
-774
-1273
-1710
-2136
-2434
-2728
-2965
-3139
-3263
-3342
-3397
-3431
-3497
-3489
-3471
-3461
-3359
-3293
-3213
-3112
-2965
-2746
-2472
-2242
-1886
-1563
-1259
-883
-532
-168
129
437
637
866
999
1056
1055
964
849
684
527
299
107
-171
-429
-705
-916
-1098
-1285
-1402
-1482
-1579
-1605
-1556
-1564
-1514
-1462
-1354
-1270
-1221
-1181
-1071
-976
-911
-860
-775
-640
-509
-347
-179
16
209
491
750
1040
1377
1728
2113
2518
2842
3213
3602
3962
4278
4561
4915
5150
5335
5472
5465
5387
5314
5097
4769
4408
3981
3468
2877
2319
1711
1127
497
-40
-577
-1108
-1524
-1946
-2249
-2533
-2770
-2945
-3089
-3203
-3240
-3348
-3380
-3382
-3384
-3336
-3305
-3225
-3139
-3006
-2887
-2662
-2405
-2127
-1784
-1496
-1167
-786
-409
-90
240
473
684
814
955
1010
938
888
734
522
327
82
-161
-434
-709
-922
-1164
-1326
-1486
-1565
-1681
-1742
-1762
-1732
-1701
-1670
-1620
-1591
-1521
-1422
-1374
-1299
-1183
-1122
-1026
-920
-759
-575
-392
-212
31
261
572
909
1209
1592
1970
2341
2727
3128
3474
3822
4183
4461
4759
5039
5251
5401
5490
5444
5388
5257
4998
4684
4231
3728
3203
2608
2032
1438
849
197
-392
-934
-1398
-1773
-2163
-2462
-2735
-2939
-3075
-3213
-3268
-3313
-3352
-3393
-3378
-3292
-3273
-3163
-3072
-2962
-2805
-2602
-2347
-2094
-1794
-1479
-1186
-833
-463
-73
192
496
752
960
1113
1149
1217
1120
1039
892
698
530
247
-10
-253
-525
-759
-941
-1099
-1304
-1447
-1529
-1618
-1648
-1652
-1608
-1599
-1585
-1530
-1460
-1392
-1320
-1228
-1161
-1051
-943
-829
-658
-504
-287
-78
186
485
783
1153
1501
1852
2192
2574
2984
3330
3700
4069
4387
4726
5006
5298
5509
5606
5638
5599
5426
5200
4898
4462
3959
3433
2852
2250
1639
999
396
-251
-799
-1281
-1677
-2098
-2487
-2758
-2994
-3170
-3290
-3391
-3470
-3546
-3625
-3629
-3591
-3581
-3536
-3464
-3387
-3245
-3038
-2819
-2575
-2294
-2003
-1685
-1273
-868
-506
-148
181
462
693
917
1014
1047
1037
929
773
560
401
168
-74
-345
-662
-902
-1088
-1273
-1437
-1537
-1615
-1668
-1756
-1728
-1681
-1639
-1605
-1563
-1511
-1440
-1377
-1340
-1262
-1165
-1073
-945
-774
-646
-444
-227
-1
322
670
1031
1352
1721
2144
2572
3002
3381
3769
4139
4482
4822
5165
5450
5677
5819
5831
5795
5673
5450
5178
4777
4287
3753
3181
2526
1910
1315
678
51
-491
-985
-1423
-1886
-2205
-2482
-2787
-2968
-3085
-3175
-3298
-3341
-3398
-3455
-3455
-3440
-3429
-3344
-3247
-3152
-3006
-2760
-2494
-2187
-1921
-1563
-1190
-846
-462
-102
223
505
698
905
997
1042
1015
890
767
562
316
30
-192
-452
-730
-956
-1199
-1363
-1535
-1697
-1766
-1844
-1887
-1889
-1898
-1865
-1828
-1804
-1757
-1737
-1691
-1627
-1581
-1478
-1383
-1219
-1079
-944
-731
-484
-218
29
364
728
1087
1427
1805
2242
2665
3096
3483
3851
4287
4649
5006
5311
5542
5736
5786
5801
5686
5472
5202
4843
4368
3851
3269
2679
2043
1430
797
156
-401
-932
-1366
-1793
-2119
-2422
-2685
-2863
-2976
-3052
-3161
-3251
-3315
-3318
-3345
-3337
-3291
-3204
-3129
-3001
-2824
-2632
-2370
-2077
-1720
-1353
-968
-600
-242
141
517
780
1000
1155
1255
1304
1279
1176
1049
862
608
370
81
-218
-504
-743
-949
-1158
-1286
-1406
-1516
-1544
-1577
-1576
-1583
-1518
-1523
-1497
-1460
-1398
-1341
-1320
-1237
-1174
-1060
-1006
-892
-725
-534
-310
-98
150
471
775
1092
1487
1929
2350
2749
3182
3571
3978
4341
4721
5085
5356
5592
5776
5860
5848
5804
5611
5371
5061
4662
4188
3603
3025
2429
1807
1165
534
-97
-633
-1148
-1568
-1922
-2295
-2550
-2812
-2975
-3125
-3250
-3341
-3402
-3433
-3408
-3402
-3372
-3267
-3214
-3054
-2897
-2699
-2475
-2159
-1846
-1539
-1192
-815
-487
-115
268
527
792
958
1093
1134
1134
1090
969
775
527
312
32
-222
-515
-785
-1038
-1254
-1440
-1608
-1711
-1813
-1883
-1931
-1942
-1952
-1922
-1900
-1900
-1833
-1777
-1778
-1685
-1615
-1512
-1373
-1245
-1051
-867
-651
-412
-179
72
365
697
1016
1408
1792
2170
2600
3038
3453
3826
4134
4559
4885
5167
5448
5587
5654
5636
5577
5431
5164
4734
4339
3806
3206
2622
1982
1355
707
140
-468
-986
-1465
-1909
-2194
-2493
-2771
-2983
-3122
-3268
-3318
-3392
-3421
-3436
-3465
-3435
-3418
-3386
-3335
-3197
-3054
-2846
-2607
-2338
-2060
-1698
-1345
-1006
-620
-250
36
359
616
765
885
934
943
866
682
465
208
-22
-307
-644
-915
-1178
-1452
-1694
-1802
-1934
-2057
-2146
-2194
-2200
-2184
-2138
-2081
-2027
-1954
-1876
-1813
-1725
-1653
-1597
-1507
-1391
-1267
-1107
-963
-737
-510
-274
18
337
697
1017
1445
1859
2286
2685
3055
3436
3755
4130
4459
4731
4998
5239
5414
5493
5476
5456
5277
5069
4795
4369
3857
3304
2779
2207
1639
989
377
-167
-669
-1130
-1500
-1902
-2205
-2426
-2626
-2781
-2849
-2903
-2998
-3037
-3030
-2965
-2909
-2892
-2831
-2707
-2581
-2433
-2219
-1944
-1681
-1402
-1076
-751
-380
-2
299
578
808
1007
1166
1249
1288
1248
1174
1030
836
599
297
2
-273
-526
-764
-1029
-1228
-1410
-1544
-1618
-1681
-1753
-1761
-1736
-1702
-1689
-1677
-1639
-1618
-1545
-1460
-1387
-1314
-1220
-1130
-953
-808
-655
-472
-282
-7
233
550
863
1176
1525
1908
2300
2646
3030
3390
3697
4003
4333
4612
4865
5122
5304
5416
5443
5403
5291
5057
4758
4348
3898
3381
2837
2310
1693
1062
503
-109
-623
-1133
-1607
-1923
-2247
-2505
-2763
-2940
-3056
-3147
-3238
-3278
-3278
-3302
-3274
-3232
-3168
-3091
-2962
-2836
-2665
-2433
-2186
-1894
-1586
-1267
-943
-593
-279
97
401
605
783
907
964
997
922
781
657
410
178
-80
-358
-614
-906
-1175
-1392
-1566
-1715
-1866
-1931
-1941
-1973
-1944
-1912
-1848
-1812
-1741
-1629
-1582
-1482
-1368
-1289
-1235
-1151
-1009
-889
-749
-604
-411
-217
48
313
614
944
1279
1671
2062
2434
2808
3174
3521
3827
4097
4403
4663
4892
5103
5248
5302
5297
5270
5130
4937
4653
4291
3899
3363
2831
2298
1712
1134
559
15
-489
-945
-1413
-1756
-2065
-2332
-2537
-2702
-2776
-2881
-2955
-2952
-2945
-2953
-2910
-2866
-2751
-2671
-2557
-2416
-2243
-1997
-1759
-1493
-1210
-896
-592
-291
15
280
534
709
888
987
1040
995
907
768
602
384
133
-139
-426
-718
-956
-1231
-1466
-1618
-1764
-1907
-1997
-2027
-2116
-2130
-2126
-2097
-1988
-1923
-1852
-1763
-1681
-1591
-1513
-1416
-1297
-1175
-1054
-921
-776
-627
-378
-154
86
363
704
1031
1400
1794
2160
2577
2897
3272
3599
3863
4149
4459
4686
4901
5024
5101
5134
5081
4951
4771
4509
4138
3726
3256
2761
2225
1693
1162
618
130
-371
-860
-1276
-1613
-1885
-2164
-2387
-2573
-2732
-2852
-2878
-2904
-2885
-2889
-2852
-2763
-2693
-2585
-2474
-2318
-2106
-1893
-1604
-1371
-1082
-768
-466
-154
108
379
619
823
933
1056
1063
1030
958
810
580
388
147
-103
-382
-711
-944
-1154
-1386
-1581
-1719
-1838
-1928
-1969
-2009
-2033
-2005
-1979
-1911
-1838
-1805
-1720
-1615
-1517
-1407
-1322
-1232
-1093
-993
-844
-704
-498
-296
-60
185
474
774
1120
1481
1770
2152
2473
2837
3164
3451
3717
4009
4288
4490
4685
4851
4968
5014
4949
4864
4708
4461
4165
3757
3307
2789
2267
1716
1131
590
42
-543
-1011
-1452
-1849
-2170
-2474
-2705
-2921
-3061
-3126
-3187
-3236
-3226
-3215
-3171
-3063
-3004
-2904
-2829
-2684
-2512
-2288
-2036
-1796
-1516
-1268
-964
-647
-349
-138
120
287
446
549
607
641
565
459
305
96
-123
-321
-568
-825
-1093
-1311
-1540
-1713
-1851
-2015
-2087
-2158
-2214
-2174
-2167
-2140
-2032
-1981
-1919
-1800
-1695
-1578
-1454
-1349
-1284
-1151
-1012
-869
-742
-606
-433
-239
7
270
592
920
1274
1596
1922
2271
2603
2923
3196
3475
3767
4025
4286
4524
4716
4809
4859
4886
4816
4696
4516
4263
3896
3490
3051
2510
2024
1463
924
321
-205
-709
-1163
-1559
-1875
-2198
-2470
-2635
-2762
-2839
-2914
-2975
-2991
-2989
-2951
-2846
-2797
-2688
-2561
-2448
-2267
-2075
-1891
-1625
-1361
-1072
-795
-495
-194
81
276
507
673
762
794
814
803
704
577
356
146
-63
-317
-565
-801
-1040
-1272
-1477
-1639
-1790
-1907
-2009
-2074
-2055
-2033
-2041
-1988
-1937
-1851
-1834
-1725
-1632
-1597
-1500
-1353
-1223
-1130
-959
-824
-689
-498
-301
-103
148
352
594
886
1195
1510
1862
2213
2543
2813
3115
3416
3669
3947
4208
4407
4545
4657
4713
4692
4603
4399
4122
3774
3407
2921
2441
1923
1342
827
240
-324
-843
-1251
-1665
-2038
-2347
-2606
-2766
-2940
-3063
-3105
-3127
-3169
-3135
-3171
-3102
-3027
-2976
-2865
-2720
-2583
-2450
-2231
-1977
-1729
-1457
-1159
-856
-523
-258
53
307
503
687
756
801
828
766
662
535
311
82
-206
-457
-668
-945
-1158
-1362
-1542
-1639
-1755
-1857
-1907
-1888
-1936
-1867
-1813
-1799
-1651
-1553
-1512
-1395
-1303
-1210
-1084
-939
-841
-728
-642
-512
-328
-228
-34
205
452
715
1024
1371
1672
2020
2346
2645
2958
3225
3472
3748
3988
4245
4444
4593
4743
4804
4863
4842
4773
4602
4371
4068
3737
3300
2844
2355
1843
1322
753
216
-320
-784
-1224
-1636
-2040
-2355
-2620
-2804
-2960
-3123
-3198
-3262
-3315
-3304
-3233
-3171
-3080
-2968
-2889
-2703
-2491
-2308
-2098
-1860
-1657
-1427
-1136
-843
-568
-324
-155
33
214
321
338
364
365
297
149
-32
-204
-396
-614
-857
-1083
-1251
-1419
-1611
-1715
-1836
-1956
-2000
-2035
-2088
-2115
-2099
-2053
-2016
-1914
-1810
-1715
-1588
-1505
-1423
-1270
-1144
-1055
-919
-766
-599
-416
-221
5
238
465
751
1084
1387
1728
2118
2387
2732
3079
3336
3614
3932
4156
4392
4613
4710
4848
4927
4877
4834
4661
4423
4099
3727
3295
2824
2323
1779
1285
692
174
-324
-820
-1274
-1658
-2004
-2306
-2554
-2704
-2855
-2945
-3009
-3035
-3029
-3051
-2993
-2965
-2898
-2758
-2645
-2463
-2268
-2098
-1877
-1612
-1340
-1084
-822
-520
-263
11
222
411
565
626
762
766
711
591
419
288
83
-92
-319
-571
-790
-1048
-1216
-1434
-1567
-1694
-1850
-1926
-1958
-2007
-2010
-2014
-1969
-1898
-1846
-1740
-1698
-1564
-1467
-1385
-1278
-1171
-1064
-970
-853
-730
-568
-403
-212
17
267
548
865
1186
1570
1938
2265
2582
2897
3166
3439
3734
3973
4176
4423
4561
4604
4672
4680
4555
4375
4142
3853
3551
3126
2703
2208
1709
1189
608
70
-430
-861
-1332
-1695
-2043
-2322
-2571
-2790
-2930
-3059
-3139
-3206
-3237
-3265
-3211
-3116
-3075
-2952
-2811
-2673
-2524
-2328
-2068
-1806
-1525
-1300
-1016
-713
-472
-227
8
214
341
454
474
511
504
420
313
135
-16
-193
-375
-627
-829
-1025
-1244
-1383
-1575
-1687
-1791
-1868
-1889
-1905
-1906
-1901
-1823
-1786
-1704
-1636
-1578
-1456
-1379
-1348
-1250
-1138
-1040
-940
-792
-668
-533
-355
-193
76
348
645
978
1311
1639
1980
2315
2629
2928
3222
3472
3708
3946
4177
4370
4553
4659
4743
4727
4662
4594
4384
4136
3818
3427
3029
2625
2054
1511
1021
514
-47
-542
-965
-1426
-1796
-2112
-2387
-2635
-2806
-2944
-3048
-3084
-3139
-3118
-3098
-3051
-2959
-2859
-2736
-2605
-2433
-2220
-1990
-1758
-1524
-1312
-1078
-775
-544
-324
-95
106
226
349
443
468
477
385
305
164
-6
-153
-370
-569
-795
-1007
-1200
-1381
-1552
-1688
-1823
-1926
-1993
-2056
-2037
-2047
-2031
-2011
-1959
-1909
-1832
-1778
-1676
-1555
-1450
-1326
-1215
-1117
-994
-895
-731
-575
-344
-112
115
400
665
968
1290
1623
1957
2326
2656
2957
3246
3559
3836
4139
4337
4511
4646
4707
4799
4729
4609
4419
4191
3838
3428
2991
2516
2033
1492
929
429
-72
-553
-1026
-1395
-1747
-2053
-2296
-2533
-2690
-2839
-2894
-2986
-3002
-3004
-2967
-2946
-2901
-2802
-2740
-2622
-2471
-2283
-2123
-1872
-1590
-1300
-1046
-779
-452
-183
38
272
470
590
696
693
729
675
543
399
239
15
-208
-454
-705
-954
-1163
-1337
-1517
-1656
-1777
-1890
-2002
-2044
-2017
-1982
-2001
-1937
-1901
-1816
-1741
-1673
-1575
-1481
-1363
-1273
-1212
-1091
-962
-879
-684
-541
-360
-110
95
396
727
1046
1420
1767
2087
2428
2712
3037
3305
3580
3811
4043
4195
4372
4513
4553
4605
4613
4556
4360
4120
3857
3525
3115
2664
2190
1670
1127
651
127
-404
-864
-1302
-1718
-2047
-2295
-2548
-2738
-2898
-2966
-3053
-3081
-3023
-3032
-2993
-2898
-2776
-2686
-2557
-2373
-2164
-1977
-1759
-1526
-1236
-953
-643
-330
-76
182
396
617
751
873
965
996
963
878
775
642
458
247
39
-162
-339
-516
-700
-940
-1059
-1180
-1333
-1429
-1509
-1554
-1611
-1617
-1609
-1571
-1542
-1479
-1414
-1324
-1217
-1107
-1010
-933
-828
-643
-522
-382
-217
-74
129
340
570
850
1111
1371
1721
2046
2426
2766
3064
3383
3643
3895
4142
4372
4555
4684
4806
4897
4865
4797
4669
4490
4179
3821
3449
2969
2489
1992
1441
854
350
-153
-675
-1119
-1546
-1919
-2217
-2458
-2717
-2864
-3016
-3089
-3164
-3197
-3145
-3158
-3110
-3069
-2960
-2882
-2741
-2524
-2338
-2129
-1897
-1615
-1354
-1092
-792
-512
-229
24
247
393
555
661
700
683
610
512
375
201
22
-245
-448
-639
-902
-1091
-1258
-1425
-1568
-1709
-1783
-1854
-1894
-1954
-1911
-1891
-1897
-1814
-1752
-1672
-1624
-1505
-1371
-1284
-1256
-1088
-938
-828
-694
-570
-382
-194
10
243
518
847
1117
1417
1738
2046
2427
2772
3003
3307
3635
3882
4154
4354
4522
4649
4740
4788
4746
4679
4526
4274
3999
3643
3191
2718
2253
1747
1245
698
214
-317
-798
-1195
-1578
-1843
-2182
-2392
-2577
-2706
-2765
-2874
-2923
-2963
-2916
-2885
-2845
-2787
-2711
-2538
-2402
-2236
-2032
-1825
-1602
-1305
-1022
-747
-482
-208
52
276
469
659
771
815
853
795
695
575
416
245
28
-186
-417
-653
-893
-1105
-1260
-1390
-1581
-1678
-1753
-1856
-1862
-1866
-1792
-1814
-1745
-1673
-1653
-1551
-1500
-1344
-1272
-1189
-1091
-991
-898
-806
-672
-557
-364
-163
51
286
588
885
1229
1563
1916
2226
2528
2834
3068
3335
3575
3798
3976
4175
4304
4357
4417
4411
4367
4252
4043
3755
3418
3069
2641
2190
1657
1200
690
135
-315
-772
-1214
-1636
-1984
-2312
-2593
-2796
-2995
-3119
-3192
-3252
-3291
-3364
-3282
-3223
-3177
-3102
-2950
-2775
-2605
-2407
-2191
-1902
-1647
-1399
-1117
-837
-518
-279
-41
141
311
465
583
588
562
537
477
345
168
28
-158
-386
-623
-845
-997
-1143
-1310
-1425
-1539
-1659
-1724
-1701
-1709
-1749
-1703
-1703
-1671
-1587
-1510
-1454
-1367
-1319
-1174
-1097
-961
-831
-732
-570
-444
-229
-72
153
441
700
977
1280
1605
1934
2229
2547
2810
3039
3376
3616
3847
4097
4336
4503
4640
4745
4812
4802
4726
4591
4380
4112
3726
3322
2894
2421
1896
1376
866
303
-211
-650
-1076
-1478
-1820
-2110
-2392
-2559
-2662
-2756
-2837
-2905
-2881
-2850
-2818
-2817
-2741
-2691
-2640
-2513
-2309
-2099
-1903
-1686
-1454
-1173
-883
-644
-362
-91
131
278
461
613
652
684
609
572
433
279
157
-117
-335
-579
-808
-1009
-1233
-1441
-1597
-1716
-1790
-1874
-1926
-1944
-1959
-1971
-1897
-1815
-1796
-1697
-1618
-1513
-1452
-1315
-1251
-1155
-1039
-935
-863
-744
-595
-411
-209
-38
239
527
840
1178
1537
1868
2204
2494
2809
3077
3368
3600
3814
4072
4252
4449
4533
4614
4644
4573
4476
4341
4087
3781
3450
3051
2590
2111
1637
1121
618
149
-314
-724
-1166
-1567
-1886
-2161
-2422
-2572
-2737
-2856
-2908
-2985
-2972
-2990
-2939
-2878
-2795
-2655
-2553
-2398
-2180
-1982
-1752
-1558
-1292
-1000
-738
-565
-309
-102
79
204
267
387
394
356
369
239
63
-60
-238
-429
-680
-878
-1053
-1265
-1443
-1590
-1752
-1842
-1883
-1973
-2042
-2073
-2028
-1994
-2004
-1947
-1871
-1802
-1706
-1613
-1550
-1423
-1315
-1246
-1128
-1025
-905
-745
-553
-348
-143
109
391
645
976
1299
1602
1883
2235
2488
2732
3040
3273
3505
3750
3994
4160
4357
4500
4516
4495
4477
4316
4118
3878
3557
3209
2776
2338
1846
1348
791
288
-188
-671
-1111
-1492
-1841
-2135
-2362
-2551
-2696
-2820
-2918
-2964
-2923
-2939
-2920
-2783
-2788
-2670
-2587
-2460
-2278
-2109
-1873
-1706
-1437
-1176
-909
-647
-388
-97
115
304
434
512
585
598
570
479
380
246
72
-119
-357
-604
-775
-985
-1203
-1392
-1515
-1662
-1765
-1865
-1925
-1887
-1929
-1902
-1820
-1751
-1698
-1612
-1517
-1399
-1328
-1235
-1122
-1049
-934
-840
-719
-598
-467
-314
-113
101
377
639
933
1324
1655
1996
2324
2650
2916
3167
3465
3756
3977
4197
4379
4552
4646
4665
4659
4608
4530
4363
4167
3866
3531
3160
2700
2268
1796
1274
763
293
-202
-647
-1069
-1466
-1776
-2085
-2319
-2511
-2655
-2823
-2878
-2915
-2969
-2958
-2880
-2814
-2743
-2619
-2529
-2374
-2164
-1977
-1747
-1515
-1277
-1043
-792
-521
-268
-98
111
296
429
503
539
540
478
398
275
149
-45
-225
-393
-612
-811
-969
-1159
-1286
-1459
-1574
-1652
-1732
-1765
-1815
-1804
-1784
-1796
-1751
-1672
-1635
-1543
-1409
-1379
-1278
-1175
-1118
-953
-869
-737
-572
-398
-224
-6
227
549
843
1148
1487
1761
2135
2457
2740
3059
3313
3584
3838
4080
4296
4470
4636
4748
4799
4802
4762
4626
4437
4200
3897
3486
3079
2620
2115
1560
1017
541
54
-422
-837
-1240
-1584
-1909
-2158
-2380
-2550
-2667
-2780
-2855
-2871
-2880
-2873
-2840
-2804
-2726
-2609
-2453
-2294
-2111
-1899
-1651
-1391
-1148
-898
-649
-417
-162
17
189
386
484
508
519
521
416
290
173
-10
-164
-380
-612
-819
-1016
-1212
-1347
-1527
-1664
-1752
-1835
-1903
-1979
-1948
-1963
-1953
-1924
-1867
-1819
-1722
-1619
-1546
-1408
-1282
-1183
-1087
-957
-863
-735
-578
-380
-207
51
302
545
831
1103
1428
1737
2035
2326
2653
2894
3179
3430
3675
3959
4169
4349
4438
4516
4558
4509
4402
4253
4014
3740
3382
2969
2532
2036
1535
1060
555
69
-391
-832
-1211
-1564
-1872
-2191
-2398
-2558
-2682
-2852
-2913
-2930
-2925
-2915
-2907
-2841
-2796
-2677
-2574
-2407
-2258
-2079
-1838
-1593
-1313
-1095
-801
-489
-303
-38
180
361
532
657
712
742
748
640
559
413
242
94
-86
-342
-574
-734
-935
-1098
-1213
-1344
-1426
-1477
-1527
-1562
-1565
-1579
-1557
-1482
-1413
-1335
-1276
-1187
-1106
-1045
-945
-866
-740
-646
-531
-364
-212
9
231
445
733
1005
1295
1639
1968
2292
2568
2854
3140
3389
3599
3851
4024
4249
4401
4517
4640
4717
4739
4738
4672
4538
4359
4105
3804
3414
3017
2570
2094
1592
1104
650
172
-326
-741
-1125
-1487
-1814
-2048
-2260
-2467
-2580
-2714
-2758
-2747
-2741
-2700
-2651
-2586
-2482
-2331
-2214
-2036
-1844
-1671
-1452
-1242
-994
-787
-590
-343
-152
61
209
344
460
510
564
552
470
378
272
103
-66
-233
-398
-597
-792
-1030
-1174
-1306
-1486
-1594
-1672
-1743
-1809
-1807
-1801
-1779
-1769
-1752
-1652
-1592
-1527
-1419
-1350
-1271
-1174
-1080
-998
-896
-728
-559
-369
-161
61
390
678
961
1289
1582
1907
2177
2485
2727
2951
3200
3378
3608
3787
3946
4088
4190
4250
4314
4288
4228
4111
3888
3671
3414
3123
2740
2323
1849
1357
922
430
-15
-451
-861
-1265
-1631
-1911
-2104
-2333
-2521
-2639
-2726
-2734
-2796
-2741
-2691
-2634
-2540
-2471
-2401
-2222
-2026
-1891
-1683
-1483
-1253
-1033
-830
-633
-388
-162
33
243
348
444
524
566
574
542
457
360
189
45
-81
-276
-455
-681
-837
-973
-1129
-1296
-1396
-1550
-1640
-1678
-1731
-1703
-1684
-1673
-1614
-1543
-1453
-1407
-1299
-1175
-1125
-1025
-954
-866
-751
-618
-513
-364
-126
53
323
631
913
1180
1510
1812
2117
2409
2639
2879
3115
3320
3540
3721
3887
4027
4147
4174
4191
4210
4123
4011
3831
3587
3320
2979
2608
2201
1773
1369
917
456
33
-398
-820
-1169
-1525
-1821
-2085
-2285
-2438
-2603
-2675
-2702
-2754
-2765
-2716
-2709
-2609
-2491
-2408
-2222
-2125
-1929
-1746
-1549
-1358
-1175
-949
-797
-578
-387
-250
-103
16
110
165
165
174
130
91
-28
-122
-271
-455
-588
-734
-899
-1100
-1215
-1340
-1430
-1581
-1664
-1717
-1782
-1793
-1775
-1731
-1717
-1657
-1561
-1478
-1412
-1314
-1195
-1099
-975
-863
-767
-637
-503
-289
-82
116
331
584
827
1141
1471
1761
2104
2404
2707
2926
3203
3438
3630
3810
3973
4119
4244
4306
4313
4304
4269
4181
4019
3793
3524
3225
2854
2480
2039
1608
1159
688
235
-182
-568
-995
-1357
-1694
-1975
-2157
-2348
-2523
-2626
-2701
-2801
-2841
-2801
-2758
-2668
-2629
-2502
-2383
-2212
-2084
-1892
-1677
-1508
-1304
-1081
-801
-607
-366
-204
-30
148
316
419
464
467
425
302
219
134
-27
-198
-413
-580
-785
-967
-1160
-1347
-1518
-1678
-1774
-1848
-1902
-1943
-1942
-1960
-1919
-1880
-1820
-1749
-1674
-1566
-1480
-1382
-1268
-1190
-1107
-982
-845
-658
-462
-255
6
272
544
875
1171
1437
1786
2086
2358
2572
2829
3037
3242
3430
3609
3774
3873
3977
3987
4009
3980
3867
3736
3526
3248
2958
2631
2259
1847
1442
994
557
148
-284
-653
-1050
-1391
-1717
-1930
-2160
-2338
-2456
-2570
-2574
-2580
-2596
-2561
-2509
-2401
-2327
-2190
-2033
-1921
-1708
-1513
-1311
-1100
-876
-696
-489
-313
-131
47
133
255
331
392
420
445
444
312
222
67
-118
-234
-421
-650
-838
-1058
-1212
-1345
-1534
-1642
-1768
-1880
-1899
-1934
-1950
-1945
-1912
-1866
-1809
-1715
-1623
-1543
-1412
-1316
-1228
-1110
-972
-866
-710
-597
-411
-176
7
260
522
781
1102
1420
1702
2029
2271
2504
2758
2952
3194
3391
3592
3752
3849
3936
4036
4022
3943
3894
3724
3479
3204
2942
2575
2214
1812
1393
967
521
107
-285
-703
-1074
-1399
-1685
-1914
-2110
-2307
-2435
-2512
-2590
-2670
-2682
-2641
-2618
-2582
-2533
-2442
-2323
-2209
-2053
-1875
-1652
-1464
-1302
-1070
-892
-715
-485
-278
-93
34
129
211
230
209
185
92
27
-69
-213
-365
-550
-675
-850
-1016
-1177
-1288
-1438
-1554
-1643
-1701
-1726
-1818
-1821
-1791
-1753
-1697
-1606
-1529
-1438
-1300
-1187
-1125
-1013
-866
-723
-570
-444
-275
-81
114
356
595
836
1124
1363
1630
1912
2218
2537
2770
3016
3256
3424
3601
3785
3953
4063
4088
4169
4206
4169
4130
4004
3896
3651
3329
3063
2695
2287
1943
1529
1133
709
311
-79
-472
-782
-1110
-1386
-1612
-1797
-1936
-2097
-2184
-2228
-2264
-2251
-2214
-2205
-2136
-2077
-1961
-1828
-1716
-1554
-1358
-1160
-942
-767
-587
-370
-149
-2
165
306
425
492
535
517
510
425
327
251
132
1
-196
-363
-563
-707
-872
-968
-1075
-1192
-1234
-1341
-1381
-1369
-1384
-1349
-1356
-1291
-1206
-1119
-1086
-1013
-908
-825
-728
-599
-486
-413
-272
-110
61
165
374
587
846
1153
1406
1698
1983
2222
2441
2698
2914
3081
3234
3425
3580
3719
3777
3901
3967
4020
4005
3952
3893
3751
3553
3349
3102
2808
2485
2105
1729
1358
949
547
155
-175
-492
-805
-1125
-1434
-1618
-1799
-1943
-2060
-2191
-2223
-2199
-2216
-2187
-2101
-2043
-1957
-1833
-1709
-1540
-1412
-1198
-1023
-861
-691
-568
-378
-200
-41
69
208
243
327
334
326
311
203
147
3
-112
-274
-435
-576
-711
-832
-1040
-1189
-1261
-1384
-1448
-1508
-1543
-1542
-1566
-1530
-1505
-1474
-1372
-1290
-1208
-1103
-1000
-947
-914
-803
-724
-606
-482
-337
-220
-7
211
385
642
887
1132
1394
1614
1855
2084
2331
2526
2633
2779
2911
2986
3107
3195
3283
3337
3331
3334
3301
3224
3091
2934
2771
2495
2256
1960
1683
1329
945
610
220
-107
-524
-896
-1192
-1479
-1734
-1943
-2108
-2235
-2310
-2393
-2428
-2398
-2350
-2273
-2229
-2134
-2014
-1898
-1759
-1604
-1461
-1318
-1154
-1056
-886
-786
-663
-598
-522
-410
-385
-329
-289
-282
-299
-336
-409
-448
-531
-657
-771
-887
-994
-1120
-1216
-1328
-1469
-1533
-1601
-1671
-1731
-1769
-1729
-1723
-1689
-1642
-1562
-1477
-1402
-1254
-1149
-1024
-893
-808
-690
-549
-457
-310
-152
-10
169
364
560
781
1000
1173
1415
1661
1854
2027
2256
2432
2573
2695
2816
2949
3082
3219
3296
3327
3350
3445
3415
3350
3299
3174
3013
2795
2570
2306
2020
1731
1400
1014
684
341
-8
-320
-629
-870
-1122
-1302
-1491
-1644
-1731
-1786
-1851
-1900
-1866
-1850
-1788
-1765
-1682
-1631
-1537
-1460
-1347
-1203
-1113
-1028
-942
-815
-717
-649
-575
-501
-491
-468
-431
-432
-458
-532
-561
-691
-797
-894
-1081
-1187
-1335
-1516
-1644
-1750
-1854
-1916
-1975
-2072
-2101
-2134
-2126
-2059
-2049
-1976
-1876
-1802
-1696
-1555
-1450
-1389
-1298
-1167
-1073
-966
-802
-679
-532
-364
-200
33
248
486
734
959
1194
1391
1572
1755
1942
2029
2155
2229
2329
2474
2539
2639
2715
2840
2929
3016
3033
3059
3076
3012
2935
2870
2732
2538
2355
2085
1793
1487
1176
832
466
119
-157
-421
-723
-953
-1171
-1324
-1394
-1499
-1537
-1579
-1595
-1574
-1476
-1432
-1414
-1318
-1256
-1151
-1079
-993
-918
-839
-737
-685
-608
-557
-515
-447
-435
-387
-300
-289
-301
-225
-274
-303
-349
-424
-463
-560
-615
-735
-834
-913
-999
-1126
-1181
-1209
-1234
-1288
-1315
-1341
-1337
-1226
-1211
-1107
-943
-832
-758
-665
-501
-397
-283
-168
-42
62
170
280
408
534
639
794
902
1034
1184
1343
1571
1725
1837
1978
2141
2286
2374
2458
2544
2577
2600
2660
2667
2723
2721
2729
2722
2658
2612
2524
2424
2321
2148
1972
1731
1482
1288
1028
780
537
311
52
-183
-416
-610
-812
-1020
-1112
-1270
-1412
-1447
-1504
-1539
-1543
-1530
-1466
-1406
-1325
-1240
-1173
-1167
-1051
-970
-934
-833
-807
-791
-773
-744
-797
-783
-800
-792
-800
-853
-810
-852
-892
-981
-1031
-1084
-1162
-1208
-1291
-1333
-1432
-1463
-1492
-1525
-1523
-1526
-1504
-1521
-1432
-1376
-1332
-1292
-1215
-1082
-1019
-952
-836
-703
-603
-479
-434
-338
-182
-61
78
240
422
608
798
913
1091
1204
1265
1355
1391
1418
1503
1571
1665
1763
1878
1951
2029
2159
2201
2285
2334
2386
2448
2422
2505
2517
2491
2456
2415
2364
2215
2092
1895
1700
1556
1312
1083
897
626
440
234
26
-134
-264
-368
-478
-585
-669
-689
-716
-761
-755
-741
-708
-691
-692
-702
-679
-690
-692
-665
-694
-674
-731
-715
-744
-736
-680
-611
-565
-539
-465
-417
-305
-295
-246
-282
-302
-339
-472
-551
-641
-753
-868
-932
-1026
-1041
-1069
-1073
-1049
-1018
-972
-886
-794
-713
-611
-543
-465
-415
-387
-332
-260
-227
-166
-111
-98
-10
89
162
273
328
438
626
757
885
1025
1155
1273
1364
1434
1540
1590
1630
1625
1631
1626
1569
1550
1565
1533
1556
1598
1621
1644
1676
1765
1812
1790
1767
1731
1692
1593
1461
1314
1125
916
726
518
273
28
-171
-337
-549
-673
-790
-905
-945
-1024
-1025
-1022
-1002
-1006
-1037
-999
-1024
-1073
-1138
-1235
-1312
-1375
-1452
-1525
-1543
-1547
-1606
-1556
-1494
-1436
-1390
-1265
-1163
-1045
-925
-845
-727
-669
-617
-578
-480
-508
-529
-587
-631
-703
-738
-733
-823
-824
-828
-787
-748
-668
-595
-506
-370
-289
-166
-72
71
175
219
300
394
395
400
427
384
381
412
448
516
540
665
783
902
1092
1174
1324
1418
1496
1607
1653
1645
1647
1668
1601
1541
1550
1520
1468
1441
1459
1503
1545
1576
1610
1692
1713
1712
1690
1672
1584
1462
1308
1159
979
768
516
275
89
-196
-407
-623
-759
-949
-1078
-1157
-1261
-1290
-1390
-1430
-1432
-1427
-1463
-1430
-1450
-1461
-1488
-1509
-1480
-1426
-1388
-1374
-1339
-1275
-1218
-1169
-1091
-1000
-905
-779
-664
-532
-403
-335
-207
-197
-179
-146
-146
-206
-241
-272
-288
-309
-323
-295
-303
-305
-289
-248
-202
-134
-69
62
82
175
289
278
378
427
437
494
486
439
495
604
671
771
900
968
1070
1158
1229
1272
1298
1364
1389
1403
1414
1457
1506
1508
1514
1517
1561
1538
1530
1506
1509
1504
1535
1555
1560
1576
1533
1573
1552
1495
1456
1345
1209
1082
973
796
611
406
194
1
-168
-376
-570
-693
-836
-972
-1029
-1104
-1190
-1245
-1322
-1322
-1324
-1391
-1417
-1412
-1459
-1394
-1394
-1376
-1319
-1251
-1197
-1218
-1159
-1107
-1029
-978
-950
-940
-914
-895
-850
-783
-736
-667
-661
-661
-604
-565
-555
-557
-584
-566
-607
-635
-621
-675
-678
-668
-662
-660
-600
-519
-481
-426
-323
-265
-207
-136
-92
-49
37
116
190
251
272
262
292
322
375
371
380
447
446
466
501
608
664
771
859
953
1083
1171
1256
1261
1304
1304
1323
1260
1196
1166
1091
1024
966
882
763
651
557
485
358
315
260
168
93
-10
-107
-184
-287
-398
-582
-702
-805
-955
-1058
-1161
-1203
-1263
-1301
-1300
-1323
-1263
-1191
-1150
-1051
-999
-911
-827
-709
-632
-566
-527
-498
-465
-486
-506
-539
-557
-631
-627
-604
-590
-551
-468
-403
-311
-219
-139
-41
30
65
64
115
78
42
16
-13
-85
-134
-171
-217
-248
-252
-213
-181
-106
27
130
198
318
355
408
452
443
451
413
429
406
364
351
330
333
327
334
335
325
402
415
456
513
542
640
683
742
806
861
897
925
936
910
827
729
652
547
441
375
304
245
175
135
104
107
116
130
88
157
152
78
27
-30
-49
-181
-263
-331
-422
-543
-633
-690
-758
-797
-812
-797
-718
-682
-595
-497
-480
-385
-290
-219
-137
-80
-23
53
91
95
93
58
13
-10
-70
-42
-59
-64
-29
19
73
107
198
262
322
361
447
468
535
561
652
651
628
646
562
534
448
354
341
320
324
356
431
506
599
699
727
738
776
861
903
931
929
903
871
824
764
723
693
644
588
585
598
662
694
707
759
776
840
914
893
960
958
978
984
932
888
775
746
634
551
472
355
263
198
151
123
54
36
48
8
22
35
14
-29
-101
-96
-190
-246
-285
-386
-475
-533
-574
-602
-647
-684
-734
-782
-726
-657
-555
-526
-486
-395
-312
-247
-156
-132
-105
-105
-130
-152
-206
-242
-303
-358
-416
-460
-542
-533
-589
-604
-594
-559
-493
-440
-380
-310
-252
-209
-154
-123
-110
-132
-182
-263
-308
-411
-464
-528
-613
-592
-552
-534
-499
-416
-326
-242
-155
-72
82
131
173
223
245
286
234
251
227
143
89
69
57
24
73
114
192
228
321
389
370
459
520
576
631
632
615
579
532
464
423
328
233
175
74
-1
-22
-22
-55
-71
-49
10
30
75
134
160
145
141
176
178
123
134
114
83
49
21
-24
-71
-90
-97
-58
-28
29
29
76
114
184
216
270
287
248
236
170
124
41
1
-64
-159
-250
-309
-375
-428
-488
-532
-546
-563
-550
-509
-500
-514
-525
-474
-495
-505
-482
-496
-507
-519
-494
-549
-576
-549
-549
-499
-517
-523
-508
-480
-413
-365
-315
-308
-247
-171
-121
-124
-85
-83
-66
-35
-55
-78
-98
-147
-172
-148
-185
-204
-174
-147
-131
-82
-37
-10
44
72
110
124
110
128
128
93
17
-25
-60
-58
-88
-122
-161
-164
-139
-182
-162
-193
-135
-94
-67
-16
-1
27
49
43
50
3
-23
-15
-45
-39
-34
-12
-42
-47
-75
-48
-34
-70
-37
-19
19
31
55
34
47
-2
-28
6
-13
-32
-114
-164
-207
-248
-275
-282
-314
-301
-285
-265
-243
-240
-203
-161
-117
-107
-63
-47
12
-14
-48
-2
-4
-30
-29
-17
-49
-35
-51
-19
9
21
43
84
82
127
192
211
192
168
217
201
192
152
121
125
123
123
82
23
39
32
8
-19
25
62
79
114
103
115
117
138
126
89
52
66
79
17
39
27
52
24
11
15
17
43
67
81
101
151
148
223
201
172
165
180
195
189
173
173
141
122
117
39
-14
-47
-43
-73
-117
-126
-71
-57
-97
-76
-110
-143
-144
-149
-172
-208
-242
-268
-350
-346
-342
-364
-369
-392
-350
-331
-337
-368
-354
-337
-294
-252
-248
-222
-217
-211
-209
-191
-153
-125
-111
-119
-137
-160
-179
-153
-157
-124
-119
-118
-105
-77
-73
-81
-66
-82
-57
-53
-45
-43
-68
-55
-53
-41
-34
10
12
12
10
-24
-2
-40
-50
2
-31
-18
25
32
77
57
92
80
85
64
87
46
74
96
117
115
145
177
168
244
229
243
312
293
342
395
305
295
282
248
239
207
208
160
106
137
83
41
44
29
2
-33
-63
-73
-91
-117
-139
-187
-186
-215
-270
-266
-310
-318
-303
-348
-342
-337
-309
-333
-308
-239
-254
-242
-231
-225
-233
-202
-198
-235
-234
-235
-217
-194
-243
-258
-226
-255
-261
-300
-244
-256
-292
-246
-252
-216
-223
-229
-240
-256
-249
-254
-254
-234
-222
-247
-230
-221
-266
-285
-285
-343
-315
-271
-299
-267
-244
-217
-220
-177
-171
-148
-130
-120
-65
-65
-57
-29
-8
-15
6
17
26
46
48
75
90
123
117
160
271
235
141
78
99
226
262
240
186
75
33
58
148
177
163
119
37
34
1
15
39
45
11
-8
18
-28
-13
-23
-4
-67
-89
-123
-155
-94
-38
-66
-56
14
-59
-43
-9
24
53
74
81
53
66
45
35
73
77
105
27
45
89
86
133
109
98
82
49
34
98
106
98
103
86
89
91
49
59
70
53
56
78
80
73
51
69
115
119
118
129
144
114
96
149
122
88
112
102
130
130
153
154
187
147
144
166
202
204
199
220
204
186
161
196
155
142
129
107
102
74
77
56
60
67
47
41
8
20
13
41
-11
-8
-7
-57
-70
-70
-88
-47
-39
-68
-59
-84
-69
-71
-48
-41
-11
17
5
42
17
69
98
67
96
105
86
77
88
112
67
45
42
88
62
63
72
54
71
67
93
74
116
119
87
78
68
49
42
11
48
45
14
17
33
104
115
69
79
129
125
112
123
105
119
126
114
134
108
111
105
96
94
128
110
114
180
185
184
241
225
201
240
218
237
213
204
208
228
228
229
209
216
244
208
210
189
188
145
129
127
126
109
165
132
86
104
52
35
28
14
-29
-34
-73
-78
-69
-58
-70
-92
-119
-115
-97
-131
-100
-138
-109
-115
-145
-139
-127
-135
-153
-148
-195
-176
-208
-170
-191
-238
-232
-221
-198
-242
-234
-257
-264
-320
-269
-272
-333
-352
-367
-338
-369
-332
-349
-351
-305
-315
-280
-277
-269
-295
-296
-294
-326
-298
-281
-281
-261
-260
-308
-244
-242
-232
-212
-247
-214
-199
-190
-170
-187
-191
-128
-125
-149
-174
-144
-162
-140
-108
-158
-148
-115
-85
-73
-97
-83
-57
-68
-26
-61
-43
-40
-43
-43
-49
-22
-86
-61
-30
-32
-63
-68
-31
-77
-34
-47
-69
-38
-90
-56
-21
-16
-59
-42
-39
-48
-9
21
47
59
66
35
62
66
39
44
34
29
23
42
0
2
36
9
14
14
10
6
-20
-29
-31
-66
-42
-55
-31
-41
-43
-59
-57
-54
-105
-84
-85
-83
-114
-130
-53
-80
-61
-65
-110
-128
-101
-129
-129
-119
-104
-94
-115
-137
-98
-103
-119
-117
-122
-100
-141
-120
-105
-120
-175
-133
-128
-164
-149
-116
-127
-130
-153
-190
-141
-175
-112
-131
-167
-173
-132
-129
-213
-172
-149
-190
-222
-190
-191
-199
-229
-270
-280
-247
-261
-281
-259
-246
-274
-236
-223
-252
-217
-232
-209
-228
-194
-175
-168
-133
-152
-144
-93
-93
-86
-69
-90
-61
-113
-108
-132
-96
-67
-103
-94
-122
-95
-96
-94
-64
-78
-54
-72
-87
-95
-37
-31
-25
-8
-67
-32
-11
-26
-1
-5
6
31
38
72
31
76
91
86
101
125
127
116
140
130
145
135
139
125
122
132
186
174
179
153
177
205
219
223
204
270
206
223
223
193
214
203
172
186
180
164
163
123
168
160
183
169
132
189
175
164
132
159
192
161
159
152
160
173
161
132
150
163
122
128
97
105
96
82
70
67
47
22
36
20
47
41
18
9
-20
-14
-26
-64
-66
-54
-92
-95
-72
-105
-148
-122
-141
-137
-162
-185
-191
-186
-161
-180
-129
-121
-120
-123
-113
-170
-185
-171
-126
-157
-108
-155
-151
-141
-154
-95
-85
-78
-66
-55
-61
-42
-83
-45
-58
-79
-33
-36
-33
-8
-21
-15
-23
-15
5
36
3
24
33
1
26
-8
9
9
53
52
28
11
37
69
90
75
50
72
86
98
80
59
82
116
95
92
63
83
124
81
118
119
106
95
132
135
163
154
162
192
172
199
161
160
200
167
177
179
165
112
138
122
81
102
135
130
113
114
98
129
98
49
68
80
42
21
-4
18
28
25
-12
23
-7
8
6
27
55
44
80
64
60
62
67
65
68
38
-10
11
-6
0
-11
2
33
19
47
26
29
-4
12
33
78
35
-7
19
23
9
-20
-9
-51
-31
-51
-78
-76
-70
-68
-108
-119
-108
-123
-157
-161
-172
-152
-144
-162
-172
-183
-194
-185
-152
-179
-171
-188
-219
-210
-177
-178
-200
-151
-161
-124
-74
-128
-122
-134
-143
-124
-121
-145
-166
-158
-172
-138
-170
-150
-121
-157
-156
-193
-185
-169
-173
-197
-220
-207
-212
-197
-192
-171
-202
-220
-163
-139
-156
-159
-135
-124
-115
-107
-72
-97
-64
-51
-58
-55
-32
1
12
7
-10
11
9
0
2
13
35
39
33
27
58
32
65
56
47
4
29
46
46
86
28
75
39
42
47
50
53
28
79
67
27
39
38
18
31
13
-12
-13
-4
-1
-16
41
34
12
8
-1
-28
-15
-33
-33
-5
-15
9
-1
-3
-5
-37
-32
8
50
0
3
5
-26
-38
-68
-44
-76
-64
-70
-65
-146
-140
-120
-158
-146
-169
-196
-230
-249
-289
-263
-288
-285
-290
-318
-341
-307
-305
-293
-289
-319
-262
-255
-248
-244
-254
-267
-266
-223
-230
-177
-200
-200
-194
-178
-146
-201
-138
-149
-169
-135
-135
-131
-114
-123
-157
-144
-114
-206
-165
-143
-184
-140
-152
-150
-129
-106
-154
-118
-125
-146
-141
-153
-178
-158
-121
-100
-150
-155
-123
-143
-143
-132
-102
-111
-75
-37
-48
-47
-29
-19
-10
-45
-55
-34
-11
-61
-73
-42
-22
1
2
-28
13
16
13
35
-11
-7
12
73
58
27
9
12
25
-7
-8
-26
-37
16
-64
-108
-73
-100
-121
-105
-135
-131
-79
-95
-117
-114
-120
-128
-117
-105
-114
-86
-83
-110
-63
-58
-22
9
2
-37
-34
25
38
72
47
36
39
26
40
51
31
23
4
6
22
-16
-14
-42
-79
-40
-93
-61
-48
-80
-75
-125
-121
-103
-131
-152
-122
-153
-119
-116
-151
-166
-192
-221
-186
-156
-172
-154
-151
-174
-144
-106
-116
-145
-147
-161
-182
-173
-180
-175
-174
-132
-136
-124
-138
-128
-148
-135
-76
-105
-94
-83
-101
-103
-75
-63
-65
-95
-109
-139
-105
-136
-133
-152
-134
-138
-197
-185
-177
-173
-208
-205
-183
-211
-223
-184
-228
-215
-199
-201
-198
-201
-160
-174
-166
-135
-137
-147
-98
-89
-88
-53
-64
-60
-29
-7
-1
15
1
34
60
36
51
41
49
37
3
77
75
60
56
43
44
35
24
21
7
0
25
-3
1
15
16
-18
-3
-27
-3
-3
-14
19
20
38
13
3
-7
-2
21
4
15
16
-14
-10
-26
-22
-21
-11
8
32
-19
-16
-8
15
8
-39
20
-3
-62
-33
-26
-33
-45
-51
-95
-119
-76
-105
-125
-151
-170
-204
-206
-246
-280
-213
-232
-239
-228
-236
-259
-277
-278
-278
-299
-331
-308
-322
-301
-293
-259
-275
-284
-272
-260
-253
-267
-218
-221
-240
-204
-198
-202
-216
-206
-167
-210
-211
-209
-191
-178
-200
-184
-234
-227
-205
-214
-243
-231
-204
-205
-184
-252
-203
-200
-190
-219
-184
-172
-174
-166
-187
-153
-175
-161
-155
-112
-132
-116
-91
-80
-74
-71
-57
-54
-62
-75
-81
-43
-16
-22
-11
-12
3
34
18
-12
17
70
45
50
69
47
43
60
80
44
76
37
50
67
87
104
49
60
12
28
23
12
-4
-12
-36
-40
-39
-75
-46
-55
-86
-82
-60
-83
-113
-113
-98
-64
-49
-53
-2
-46
-95
-57
-49
-30
-19
22
9
-13
17
64
70
34
25
3
5
27
-6
-19
12
35
14
15
24
42
30
-5
19
-7
-49
-49
-81
-51
-70
-60
-77
-104
-92
-131
-109
-132
-149
-100
-91
-123
-152
-141
-126
-135
-189
-173
-189
-166
-158
-201
-157
-145
-96
-78
-91
-105
-120
-100
-108
-146
-131
-120
-144
-137
-100
-49
-33
-47
-69
-67
-68
-64
-46
-69
-32
-91
-137
-99
-118
-96
-132
-117
-140
-85
-92
-139
-134
-165
-124
-129
-146
-146
-130
-107
-119
-88
-66
-66
-75
-89
-47
-57
-73
-21
-54
-37
8
-10
1
14
29
52
36
23
64
83
78
101
81
94
125
134
132
189
176
154
174
133
138
155
152
100
57
49
100
75
44
37
44
35
79
62
36
36
-19
3
-2
-15
28
25
23
-12
12
9
70
81
78
70
72
95
80
118
48
43
90
114
122
104
118
131
121
138
126
170
149
167
142
133
185
123
66
56
21
-25
2
-4
-31
-68
-53
-95
-95
-107
-136
-148
-130
-143
-193
-178
-163
-193
-174
-172
-196
-161
-163
-157
-107
-91
-121
-68
-113
-89
-56
-65
-63
-117
-123
-127
-91
-80
-18
-17
-41
-28
-3
-33
-26
-15
-29
7
5
-31
-8
-15
1
-11
-51
-26
-18
-1
24
-14
-2
-13
-14
-20
-58
-45
-38
-78
-48
-68
-55
-53
-10
-1
-23
16
31
48
14
20
21
79
92
95
105
110
115
113
150
190
195
177
198
218
197
217
213
233
220
198
228
217
198
211
175
185
167
142
189
109
135
150
103
161
182
147
114
104
114
73
49
102
67
30
98
81
66
74
40
56
59
72
90
91
103
91
68
93
85
121
97
73
63
45
59
82
69
111
112
85
83
111
120
86
49
63
66
13
26
-4
-28
-36
-33
-24
-85
-119
-108
-138
-142
-187
-155
-101
-164
-148
-147
-130
-147
-155
-110
-146
-141
-142
-110
-128
-121
-141
-139
-115
-123
-117
-97
-119
-103
-105
-119
-60
-73
-10
7
3
-15
-64
-39
-44
-59
-42
-54
-33
-70
-86
-90
-103
-99
-53
-74
-85
-92
-121
-130
-81
-84
-135
-95
-98
-102
-128
-106
-82
-86
-96
-76
-110
-86
-68
-54
-43
-40
-17
2
21
-4
60
36
63
49
64
74
33
72
88
80
57
58
61
125
125
127
121
92
114
98
101
106
39
66
72
39
20
40
36
48
52
74
43
19
32
-16
-38
-9
-19
-41
-67
-2
13
0
10
-12
-18
-35
-16
9
48
57
44
55
95
130
117
131
122
108
128
129
141
144
161
111
161
141
91
91
72
47
70
45
42
41
25
17
-23
-17
-31
-70
-82
-76
-89
-76
-67
-85
-134
-162
-184
-185
-182
-149
-122
-148
-123
-110
-149
-137
-117
-99
-95
-102
-119
-120
-117
-133
-111
-92
-94
-80
-95
-132
-114
-85
-101
-92
-96
-63
-38
-124
-106
-111
-125
-138
-152
-137
-165
-167
-168
-151
-157
-160
-216
-162
-162
-186
-136
-165
-165
-195
-157
-175
-134
-137
-161
-157
-154
-120
-113
-84
-65
-64
-17
14
41
55
68
117
87
113
109
101
137
126
164
122
103
117
135
171
110
151
135
129
121
88
98
97
84
53
80
90
87
44
71
60
79
109
105
92
96
95
83
80
64
85
96
99
120
121
128
131
170
185
203
209
179
180
175
166
170
184
144
158
155
120
107
88
121
136
75
106
85
89
73
16
-16
-5
-18
-19
-11
-42
-23
-38
-54
-89
-42
-67
-74
-97
-143
-75
-143
-162
-130
-136
-96
-128
-105
-108
-136
-110
-101
-79
-81
-68
-71
-88
-117
-107
-121
-106
-98
-94
-84
-37
-60
-55
-28
-34
-26
-66
-49
-48
-37
-48
-105
-62
-69
-29
-16
-44
8
30
18
27
18
-38
-64
-89
-67
-39
-69
-94
-76
-70
-57
-46
-5
33
54
39
20
-28
-28
-66
-55
-1
25
9
19
64
63
84
61
109
147
118
121
116
115
107
122
138
115
117
96
119
132
108
104
104
108
86
78
66
83
72
25
25
55
79
42
22
72
100
56
62
59
67
33
67
43
20
44
56
63
51
110
129
84
82
100
132
161
120
118
143
195
172
176
170
183
196
167
191
195
181
194
195
146
146
170
149
111
138
103
50
83
66
50
43
24
34
34
12
-35
-5
-70
-90
-68
-109
-113
-96
-44
-71
-97
-73
-66
-14
-5
17
18
-19
-30
-27
-11
-50
-57
-24
-15
-31
-52
-63
-80
-78
-78
-52
-64
-109
-92
-106
-113
-174
-182
-158
-173
-120
-137
-154
-131
-137
-137
-182
-153
-149
-196
-188
-218
-168
-181
-145
-119
